     656.2000000000000455       1.0220447108149529
     656.2002001334222996       0.9881789330393076
     656.2004002668445537       1.0752395093441010
     656.2006004002669215       1.0268981605768204
     656.2008005336891756       0.9730517268180847
     656.2010006671114297       0.9989172251662239
     656.2012008005336838       0.9881409378722310
     656.2014009339560516       1.0042928117327392
     656.2016010673783057       0.9597390145063400
     656.2018012008005599       1.0492222271859646
     656.2020013342228140       0.9289705827832222
     656.2022014676451818       0.9706518612802029
     656.2024016010674359       0.9512603916227818
     656.2026017344896900       0.9688934776932001
     656.2028018679119441       0.9572092108428478
     656.2030020013343119       1.0318375416100025
     656.2032021347565660       1.0103721274062991
     656.2034022681788201       0.9374349862337112
     656.2036024016010742       1.0942381769418716
     656.2038025350234420       0.9952624184079468
     656.2040026684456961       0.9778657052665949
     656.2042028018679503       1.0657578930258751
     656.2044029352902044       1.0101379556581378
     656.2046030687125722       1.1005067452788353
     656.2048032021348263       0.9679006412625313
     656.2050033355570804       0.9650128111243248
     656.2052034689793345       1.1169230490922928
     656.2054036024017023       0.9392957091331482
     656.2056037358239564       0.9471472688019276
     656.2058038692462105       0.9510416090488434
     656.2060040026684646       0.9415894858539104
     656.2062041360907187       1.0458870939910412
     656.2064042695130865       0.9412495978176594
     656.2066044029353407       1.0219183098524809
     656.2068045363575948       0.9347856342792511
     656.2070046697798489       1.0448859296739101
     656.2072048032022167       0.9595368690788746
     656.2074049366244708       1.0817340686917305
     656.2076050700467249       1.0380925461649895
     656.2078052034689790       1.0218881890177727
     656.2080053368913468       1.0034333027433604
     656.2082054703136009       1.0034827978815883
     656.2084056037358550       1.0150791993364692
     656.2086057371581092       0.9619711339473724
     656.2088058705804769       1.0178211145102978
     656.2090060040027311       0.9141842871904373
     656.2092061374249852       1.0769685357809067
     656.2094062708472393       0.9332695156335831
     656.2096064042696071       0.9585277140140533
     656.2098065376918612       0.9646037854254246
     656.2100066711141153       0.9856665413826704
     656.2102068045363694       1.0741836205124855
     656.2104069379587372       1.0017730133840814
     656.2106070713809913       0.9963169347029179
     656.2108072048032454       1.0236440952867270
     656.2110073382254996       0.9899182785302401
     656.2112074716477537       0.9574251063168049
     656.2114076050701215       1.0159107781946659
     656.2116077384923756       1.0369935669004917
     656.2118078719146297       0.9204039126634598
     656.2120080053368838       1.0185653511434793
     656.2122081387592516       0.9491457082331181
     656.2124082721815057       0.9613186717033386
     656.2126084056037598       1.0584886968135834
     656.2128085390260139       1.0022744087036699
     656.2130086724483817       1.1427734941244125
     656.2132088058706358       1.0442069731652737
     656.2134089392928900       0.9497526213526726
     656.2136090727151441       0.9657625369727612
     656.2138092061375119       0.9948714738711715
     656.2140093395597660       1.0496704019606113
     656.2142094729820201       0.9378616213798523
     656.2144096064042742       1.0234277378767729
     656.2146097398266420       0.9661778323352337
     656.2148098732488961       0.9636994227766991
     656.2150100066711502       1.0345720462501049
     656.2152101400934043       1.0103803500533104
     656.2154102735157721       0.9938580263406038
     656.2156104069380262       0.9752530734986067
     656.2158105403602804       1.0514977350831032
     656.2160106737825345       0.9763212837278843
     656.2162108072049023       0.9492139145731926
     656.2164109406271564       1.0245240870863199
     656.2166110740494105       0.9331184476613998
     656.2168112074716646       0.9108236804604530
     656.2170113408939187       0.9713657591491938
     656.2172114743162865       0.9797328654676676
     656.2174116077385406       0.9525826610624790
     656.2176117411607947       0.9782424233853817
     656.2178118745830488       1.0010341672459617
     656.2180120080054166       0.9408012516796589
     656.2182121414276708       0.9393470324575901
     656.2184122748499249       1.0225084722042084
     656.2186124082721790       1.0316574424505234
     656.2188125416945468       1.0210481826215982
     656.2190126751168009       1.0047373785637319
     656.2192128085390550       0.9132847040891647
     656.2194129419613091       0.9494177810847759
     656.2196130753836769       0.9731136821210384
     656.2198132088059310       1.0667231231927872
     656.2200133422281851       0.9077155888080597
     656.2202134756504392       1.0088217621669173
     656.2204136090728070       0.9126212149858475
     656.2206137424950612       0.9445640556514263
     656.2208138759173153       1.0755899474024773
     656.2210140093395694       1.0354260765016079
     656.2212141427619372       0.9696889668703079
     656.2214142761841913       1.0158924292773008
     656.2216144096064454       1.0574516169726849
     656.2218145430286995       0.9325814247131348
     656.2220146764509536       0.9301246404647827
     656.2222148098733214       0.9964876933954656
     656.2224149432955755       1.0455033145844936
     656.2226150767178297       0.9579820185899734
     656.2228152101400838       0.9728059470653534
     656.2230153435624516       0.9886844325810671
     656.2232154769847057       0.9713073186576366
     656.2234156104069598       1.0033261482603848
     656.2236157438292139       1.0191493090242147
     656.2238158772515817       0.9504830911755562
     656.2240160106738358       1.1052661910653114
     656.2242161440960899       1.0833364948630333
     656.2244162775183440       1.0343732684850693
     656.2246164109407118       1.0330227725207806
     656.2248165443629659       0.9661350697278976
     656.2250166777852201       0.9197637513279915
     656.2252168112074742       1.0064125577919185
     656.2254169446298420       0.8686638176441193
     656.2256170780520961       0.9891804959625006
     656.2258172114743502       1.0024739152286202
     656.2260173448966043       0.9442253932356834
     656.2262174783189721       0.9845219803974032
     656.2264176117412262       0.9978614435531199
     656.2266177451634803       0.9941780157387257
     656.2268178785857344       0.9998997713410063
     656.2270180120081022       0.9447514899075031
     656.2272181454303563       0.9661012105643749
     656.2274182788526105       1.0194702409207821
     656.2276184122748646       0.9877615571022034
     656.2278185456971187       0.9944183849729598
     656.2280186791194865       1.0281816758215427
     656.2282188125417406       1.0644693896174431
     656.2284189459639947       1.0332860462367535
     656.2286190793862488       1.0166609995067120
     656.2288192128086166       1.1133615523576736
     656.2290193462308707       0.9796851091086864
     656.2292194796531248       1.0230559539049864
     656.2294196130753789       1.0835479795932770
     656.2296197464977467       1.0145203573629260
     656.2298198799200009       0.9055299684405327
     656.2300200133422550       1.0621186308562756
     656.2302201467645091       0.9463518150150776
     656.2304202801868769       1.0909578725695610
     656.2306204136091310       1.0123638221994042
     656.2308205470313851       0.9798134788870811
     656.2310206804536392       1.0519221685826778
     656.2312208138760070       1.0277388095855713
     656.2314209472982611       0.9621167294681072
     656.2316210807205152       1.0575020126998425
     656.2318212141427693       0.9764796253293753
     656.2320213475651371       0.9487679116427898
     656.2322214809873913       0.8966078981757164
     656.2324216144096454       0.9710211455821991
     656.2326217478318995       0.9626009203493595
     656.2328218812541536       0.9347783252596855
     656.2330220146765214       1.0337793417274952
     656.2332221480987755       0.9817141462117434
     656.2334222815210296       1.0298202838748693
     656.2336224149432837       1.0741880238056183
     656.2338225483656515       1.0152643220499158
     656.2340226817879056       0.9519459642469883
     656.2342228152101598       1.0036883156280965
     656.2344229486324139       1.0025257589295506
     656.2346230820547817       1.0203273724764585
     656.2348232154770358       0.9872086094692349
     656.2350233488992899       0.9600478485226631
     656.2352234823215440       0.9016299843788147
     656.2354236157439118       0.9275163486599922
     656.2356237491661659       1.0760842710733414
     656.2358238825884200       0.9437297917902470
     656.2360240160106741       1.0919125080108643
     656.2362241494330419       1.0747021734714508
     656.2364242828552960       1.0880303457379341
     656.2366244162775502       0.9034878388047218
     656.2368245496998043       1.0472120009362698
     656.2370246831221721       1.0810506343841553
     656.2372248165444262       0.9746239632368088
     656.2374249499666803       0.9458581246435642
     656.2376250833889344       0.9722749013453722
     656.2378252168113022       1.0047287442721426
     656.2380253502335563       1.0615969784557819
     656.2382254836558104       1.0571160688996315
     656.2384256170780645       1.0655041858553886
     656.2386257505003186       1.0181114301085472
     656.2388258839226864       0.9980622304137796
     656.2390260173449406       0.9893287764862180
     656.2392261507671947       1.1162897571921349
     656.2394262841894488       1.0740432515740395
     656.2396264176118166       1.0559104792773724
     656.2398265510340707       0.9880432048812509
     656.2400266844563248       1.0640235170722008
     656.2402268178785789       1.0752355381846428
     656.2404269513009467       1.0106972595676780
     656.2406270847232008       0.9099689275026321
     656.2408272181454549       0.9283557906746864
     656.2410273515677090       0.9914799835532904
     656.2412274849900768       1.1074041053652763
     656.2414276184123310       1.0349842868745327
     656.2416277518345851       0.9975291413720697
     656.2418278852568392       1.0619986951351166
     656.2420280186792070       1.0652792379260063
     656.2422281521014611       1.0529275201261044
     656.2424282855237152       0.9697724822908640
     656.2426284189459693       1.0070179901085794
     656.2428285523683371       0.8686181008815765
     656.2430286857905912       0.9566752724349499
     656.2432288192128453       0.9824895579367876
     656.2434289526350994       1.0649546310305595
     656.2436290860574672       1.0063361749053001
     656.2438292194797214       1.0594868920743465
     656.2440293529019755       0.9583244845271111
     656.2442294863242296       1.0550026074051857
     656.2444296197464837       1.0333267711102962
     656.2446297531688515       0.9990127410273999
     656.2448298865911056       1.0559406690299511
     656.2450300200133597       0.9806327130645514
     656.2452301534356138       0.9702290743589401
     656.2454302868579816       0.9611725881695747
     656.2456304202802357       1.0280945580452681
     656.2458305537024899       0.9838107340037823
     656.2460306871247440       1.0610407888889313
     656.2462308205471118       0.9387392587959766
     656.2464309539693659       1.0436509214341640
     656.2466310873916200       1.0409433469176292
     656.2468312208138741       0.9876492405310273
     656.2470313542362419       1.0021182901691645
     656.2472314876584960       0.9727188143879175
     656.2474316210807501       0.9426559619605541
     656.2476317545030042       1.0137870060279965
     656.2478318879253720       0.9334661141037941
     656.2480320213476261       1.0297604836523533
     656.2482321547698803       1.0673762783408165
     656.2484322881921344       0.9645685590803623
     656.2486324216145022       1.0098164035007358
     656.2488325550367563       0.9115221425890923
     656.2490326884590104       1.0454994365572929
     656.2492328218812645       0.9284914061427116
     656.2494329553035186       1.0146487420424819
     656.2496330887258864       0.9977659780997783
     656.2498332221481405       1.0565224476158619
     656.2500333555703946       1.0040808520279825
     656.2502334889926487       0.9764621891081333
     656.2504336224150165       1.0457211099565029
     656.2506337558372707       0.9962816007900983
     656.2508338892595248       1.0067412988282740
     656.2510340226817789       1.0616050474345684
     656.2512341561041467       0.9637149721384048
     656.2514342895264008       0.9940516394563019
     656.2516344229486549       0.9866071417927742
     656.2518345563709090       0.9990370784653351
     656.2520346897932768       1.0071899131871760
     656.2522348232155309       1.0332921631634235
     656.2524349566377850       1.0720617771148682
     656.2526350900600391       1.0733773857355118
     656.2528352234824069       1.0017264120979235
     656.2530353569046611       0.9710290934890509
     656.2532354903269152       0.9899996528401971
     656.2534356237491693       1.0332698188722134
     656.2536357571715371       1.1072703152894974
     656.2538358905937912       0.9856439391151071
     656.2540360240160453       0.9781375359743834
     656.2542361574382994       0.9755517784506083
     656.2544362908606672       1.0358905382454395
     656.2546364242829213       1.0738513469696045
     656.2548365577051754       1.0406551249325275
     656.2550366911274295       0.9978788299486041
     656.2552368245496837       1.0703781023621559
     656.2554369579720515       1.0172358881682158
     656.2556370913943056       0.9171040207147598
     656.2558372248165597       0.9879758879542351
     656.2560373582388138       0.9878590200096369
     656.2562374916611816       0.9675227180123329
     656.2564376250834357       1.0253553371876478
     656.2566377585056898       0.9009126424789429
     656.2568378919279439       1.0435803756117821
     656.2570380253503117       0.9802627693861723
     656.2572381587725658       0.9889761535450816
     656.2574382921948200       1.0327921509742737
     656.2576384256170741       1.0776871591806412
     656.2578385590394419       0.9260476008057594
     656.2580386924616960       1.0206204336136580
     656.2582388258839501       1.0698441639542580
     656.2584389593062042       0.9907111814245582
     656.2586390927285720       0.9654882587492466
     656.2588392261508261       1.0231421347707510
     656.2590393595730802       1.0484690479934216
     656.2592394929953343       0.9356167092919350
     656.2594396264177021       0.9468732103705406
     656.2596397598399562       0.9928900166414678
     656.2598398932622104       1.0428926013410091
     656.2600400266844645       0.9288006946444511
     656.2602401601067186       1.0746691897511482
     656.2604402935290864       0.9910001466050744
     656.2606404269513405       1.0134565001353621
     656.2608405603735946       1.0114246373996139
     656.2610406937958487       1.0059732873924077
     656.2612408272182165       0.9970997965428978
     656.2614409606404706       0.9747273977845907
     656.2616410940627247       0.9920314382761717
     656.2618412274849788       1.0113984290510416
     656.2620413609073466       0.9690083321183920
     656.2622414943296008       0.9824155308306217
     656.2624416277518549       1.0452177934348583
     656.2626417611741090       1.0512735359370708
     656.2628418945964768       1.0259101670235395
     656.2630420280187309       0.8916997537016869
     656.2632421614409850       1.0493297688663006
     656.2634422948632391       1.0998144447803497
     656.2636424282856069       1.0114997113123536
     656.2638425617078610       0.9751773625612259
     656.2640426951301151       0.9651365019381046
     656.2642428285523692       0.9161197692155838
     656.2644429619747370       0.9744084626436234
     656.2646430953969912       0.9971729107201099
     656.2648432288192453       0.9572259746491909
     656.2650433622414994       1.0545342080295086
     656.2652434956638672       0.9583625085651875
     656.2654436290861213       1.0222402643412352
     656.2656437625083754       1.0506280064582825
     656.2658438959306295       1.1100793033838272
     656.2660440293528836       0.9021072983741760
     656.2662441627752514       1.0005404116818681
     656.2664442961975055       1.0043037668801844
     656.2666444296197596       0.9842872358858585
     656.2668445630420138       0.9585188105702400
     656.2670446964643816       1.0218625459820032
     656.2672448298866357       1.0756285488605499
     656.2674449633088898       1.0371017456054688
     656.2676450967311439       0.9477186687290668
     656.2678452301535117       0.9690255094319582
     656.2680453635757658       1.0421392954885960
     656.2682454969980199       1.0234292596578598
     656.2684456304202740       0.9982555320020765
     656.2686457638426418       1.0423286743462086
     656.2688458972648959       0.9543833434581757
     656.2690460306871501       0.9845357956364751
     656.2692461641094042       1.0646946653723717
     656.2694462975317720       1.0027013882063329
     656.2696464309540261       0.9556249529123306
     656.2698465643762802       1.1100386977195740
     656.2700466977985343       0.9757825843989849
     656.2702468312209021       1.0283185727894306
     656.2704469646431562       1.0201756246387959
     656.2706470980654103       1.0201414022594690
     656.2708472314876644       1.0002525722375140
     656.2710473649099185       0.9557600691914558
     656.2712474983322863       0.9715795367956161
     656.2714476317545405       0.9793601837009192
     656.2716477651767946       1.0588148646056652
     656.2718478985990487       0.8784369304776192
     656.2720480320214165       1.0701251924037933
     656.2722481654436706       0.9642746746540070
     656.2724482988659247       0.9830653015524149
     656.2726484322881788       0.8977943733334541
     656.2728485657105466       0.9156010076403618
     656.2730486991328007       1.0354107022285461
     656.2732488325550548       1.0010317580308765
     656.2734489659773089       1.0601529069244862
     656.2736490993996767       0.9835605137050152
     656.2738492328219309       0.9728726614266634
     656.2740493662441850       0.9912635702639818
     656.2742494996664391       1.0468005128204823
     656.2744496330888069       1.0066301203332841
     656.2746497665110610       0.9426120705902576
     656.2748498999333151       1.0940124019980431
     656.2750500333555692       1.1062763854861259
     656.2752501667779370       0.9923345325514674
     656.2754503002001911       0.9097488075494766
     656.2756504336224452       1.1327967494726181
     656.2758505670446993       0.9902484603226185
     656.2760507004670671       1.0600138418376446
     656.2762508338893213       0.9596643932163715
     656.2764509673115754       1.0435021482408047
     656.2766511007338295       1.0547611676156521
     656.2768512341560836       1.0269421618431807
     656.2770513675784514       0.9718061145395041
     656.2772515010007055       1.0358420573174953
     656.2774516344229596       1.0342855714261532
     656.2776517678452137       1.0589594542980194
     656.2778519012675815       0.9427712745964527
     656.2780520346898356       1.1091627404093742
     656.2782521681120897       0.9921484477818012
     656.2784523015343439       1.0744138956069946
     656.2786524349567117       1.0594595558941364
     656.2788525683789658       0.9555740207433701
     656.2790527018012199       1.0023855592589825
     656.2792528352234740       1.0165558289736509
     656.2794529686458418       0.9670080728828907
     656.2796531020680959       1.0658585950732231
     656.2798532354903500       1.0006819145637564
     656.2800533689126041       0.9886418459936976
     656.2802535023349719       1.0063580418936908
     656.2804536357572260       0.9756229687482119
     656.2806537691794802       1.0383657701313496
     656.2808539026017343       0.9342381581664085
     656.2810540360241021       0.9951526564545929
     656.2812541694463562       1.0515245683491230
     656.2814543028686103       0.9316076114773750
     656.2816544362908644       1.0226216074079275
     656.2818545697131185       0.9971859622746706
     656.2820547031354863       0.9893792830407619
     656.2822548365577404       0.9303928092122078
     656.2824549699799945       1.0305246710777283
     656.2826551034022486       0.9748170673847198
     656.2828552368246164       0.9317490607500076
     656.2830553702468706       0.9328989163041115
     656.2832555036691247       0.9711112678050995
     656.2834556370913788       1.0277572125196457
     656.2836557705137466       0.9546653069555759
     656.2838559039360007       1.0138396164402366
     656.2840560373582548       1.0362689904868603
     656.2842561707805089       0.9158259630203247
     656.2844563042028767       0.9856276866048574
     656.2846564376251308       1.0093015618622303
     656.2848565710473849       0.9991109758266248
     656.2850567044696390       1.0527229122817516
     656.2852568378920068       1.0779004469513893
     656.2854569713142610       1.0357310436666012
     656.2856571047365151       0.9968161634169519
     656.2858572381587692       0.9620742537081242
     656.2860573715811370       0.9368307292461395
     656.2862575050033911       0.9670665040612221
     656.2864576384256452       0.9731485452502966
     656.2866577718478993       0.9872922059148550
     656.2868579052702671       1.0061211311258376
     656.2870580386925212       1.0057934019714594
     656.2872581721147753       0.9691940397024155
     656.2874583055370294       1.0132092833518982
     656.2876584389592836       0.9811471719294786
     656.2878585723816514       1.0427486859261990
     656.2880587058039055       0.9864498982205987
     656.2882588392261596       0.9867898756638169
     656.2884589726484137       1.0414131619036198
     656.2886591060707815       1.0698962137103081
     656.2888592394930356       0.9633425027132034
     656.2890593729152897       0.9667703993618488
     656.2892595063375438       0.8751447871327400
     656.2894596397599116       1.0308197494596243
     656.2896597731821657       0.9710306487977505
     656.2898599066044198       1.0029479700606316
     656.2900600400266740       1.0582961812615395
     656.2902601734490418       1.0055478517897427
     656.2904603068712959       1.0426153987646103
     656.2906604402935500       0.9587722234427929
     656.2908605737158041       1.0260742735117674
     656.2910607071381719       1.0039847837761045
     656.2912608405604260       1.0217994693666697
     656.2914609739826801       1.0196323543787003
     656.2916611074049342       0.9358858615159988
     656.2918612408273020       1.0056179668754339
     656.2920613742495561       0.9675376601517200
     656.2922615076718103       1.0238738786429167
     656.2924616410940644       1.0039596767164767
     656.2926617745164322       1.0071582943201065
     656.2928619079386863       1.0164725165814161
     656.2930620413609404       0.9421790540218353
     656.2932621747831945       0.9611235447227955
     656.2934623082054486       1.0185632295906544
     656.2936624416278164       1.1144265457987785
     656.2938625750500705       1.0617815330624580
     656.2940627084723246       1.0206269305199385
     656.2942628418945787       0.9928733333945274
     656.2944629753169465       1.0401992909610271
     656.2946631087392007       1.0077318027615547
     656.2948632421614548       1.0537486374378204
     656.2950633755837089       1.0221244543790817
     656.2952635090060767       0.9915812006220222
     656.2954636424283308       1.0047192550264299
     656.2956637758505849       0.9540729932487011
     656.2958639092728390       0.9845721228048205
     656.2960640426952068       0.9888610020279884
     656.2962641761174609       0.9389600679278374
     656.2964643095397150       0.9637993983924389
     656.2966644429619691       0.9699130710214376
     656.2968645763843369       0.9336724579334259
     656.2970647098065911       1.0007608085288666
     656.2972648432288452       1.0960290357470512
     656.2974649766510993       0.9422121234238148
     656.2976651100734671       0.9537796750664711
     656.2978652434957212       1.0371280126273632
     656.2980653769179753       0.9948065462522209
     656.2982655103402294       1.0382828302681446
     656.2984656437624835       0.9728169981390238
     656.2986657771848513       0.9877269910648465
     656.2988659106071054       1.0209448672831059
     656.2990660440293595       1.0007709624478593
     656.2992661774516137       1.0492401458323002
     656.2994663108739815       1.0015640211058781
     656.2996664442962356       0.9841802045702934
     656.2998665777184897       0.9960254486650229
     656.3000667111407438       1.0622525811195374
     656.3002668445631116       0.9593751095235348
     656.3004669779853657       1.0953944548964500
     656.3006671114076198       0.9291730001568794
     656.3008672448298739       0.9551754631102085
     656.3010673782522417       0.9301904812455177
     656.3012675116744958       0.9730604644864798
     656.3014676450967499       0.9556942470371723
     656.3016677785190041       0.9596176594495773
     656.3018679119413719       1.0538760535418987
     656.3020680453636260       1.0598224587738514
     656.3022681787858801       0.9796454533934593
     656.3024683122081342       1.0114396419376135
     656.3026684456305020       0.9613010659813881
     656.3028685790527561       1.0080291954800487
     656.3030687124750102       0.9951111394912004
     656.3032688458972643       0.9709569662809372
     656.3034689793196321       0.9731608498841524
     656.3036691127418862       0.9312493577599525
     656.3038692461641403       0.9517844393849373
     656.3040693795863945       0.9669211432337761
     656.3042695130086486       0.9654375948011875
     656.3044696464310164       0.9645681977272034
     656.3046697798532705       0.9813462663441896
     656.3048699132755246       1.0997566729784012
     656.3050700466977787       1.0102882264181972
     656.3052701801201465       0.9504410065710545
     656.3054703135424006       1.0157564040273428
     656.3056704469646547       1.0174877792596817
     656.3058705803869088       0.9923047651536763
     656.3060707138092766       0.9553693234920502
     656.3062708472315308       1.0502259135246277
     656.3064709806537849       1.0494468770921230
     656.3066711140760390       1.0261053889989853
     656.3068712474984068       0.9866162119433283
     656.3070713809206609       0.9800590444356201
     656.3072715143429150       0.9772488120943305
     656.3074716477651691       1.0008635187405157
     656.3076717811875369       1.0056448392570010
     656.3078719146097910       0.9777033701539029
     656.3080720480320451       1.0374040305614454
     656.3082721814542992       0.9811169859021877
     656.3084723148766670       1.0864322707056959
     656.3086724482989212       0.9736001510173025
     656.3088725817211753       1.0097434232011353
     656.3090727151434294       1.0005645914352372
     656.3092728485656835       1.0202786363661103
     656.3094729819880513       1.1403859555721008
     656.3096731154103054       0.9860965413972332
     656.3098732488325595       0.9998450449929216
     656.3100733822548136       1.0352720730005833
     656.3102735156771814       1.0210900343953309
     656.3104736490994355       1.0085998158900105
     656.3106737825216896       0.9991760558329672
     656.3108739159439438       1.1224340945478430
     656.3110740493663116       0.9662761986250131
     656.3112741827885657       1.0092312050975374
     656.3114743162108198       0.9768885578948793
     656.3116744496330739       0.9929065927846819
     656.3118745830554417       0.9172885119891728
     656.3120747164776958       1.0045267501812793
     656.3122748498999499       1.0147406039712399
     656.3124749833222040       1.0086245713688706
     656.3126751167445718       1.0560290180052276
     656.3128752501668259       1.0797879621253375
     656.3130753835890800       1.0788134038261021
     656.3132755170113342       0.9143274575209041
     656.3134756504337020       0.9880917537589534
     656.3136757838559561       1.0439505837344067
     656.3138759172782102       0.9686516634404537
     656.3140760507004643       0.9805873948086880
     656.3142761841228321       1.0650276912861725
     656.3144763175450862       0.8989162666682077
     656.3146764509673403       0.9893706587312315
     656.3148765843895944       0.9162291955317852
     656.3150767178118485       1.0817416752392102
     656.3152768512342163       0.9580689401106651
     656.3154769846564704       1.0517094908342157
     656.3156771180787246       1.0429593945360602
     656.3158772515009787       1.0058298322021577
     656.3160773849233465       0.9080246589241588
     656.3162775183456006       0.9882505290536607
     656.3164776517678547       1.0313504892062701
     656.3166777851901088       0.9579302239229173
     656.3168779186124766       0.9474817363705138
     656.3170780520347307       0.9938265779531439
     656.3172781854569848       1.1042698858181130
     656.3174783188792389       0.9689857443277214
     656.3176784523016067       1.0295664017671533
     656.3178785857238609       1.0051011715765168
     656.3180787191461150       0.9459239009515475
     656.3182788525683691       0.9643392454709624
     656.3184789859907369       0.9787684265720255
     656.3186791194129910       1.0246941216343144
     656.3188792528352451       0.9394645965862499
     656.3190793862574992       1.0409598839583918
     656.3192795196798670       0.9480568129282263
     656.3194796531021211       0.9854777049245195
     656.3196797865243752       1.0282045787596834
     656.3198799199466293       1.0208870448981582
     656.3200800533688835       0.9374217692672480
     656.3202801867912513       1.0351482348346031
     656.3204803202135054       0.9453955420114923
     656.3206804536357595       1.1299744056923187
     656.3208805870580136       1.0227823363599655
     656.3210807204803814       1.0073003673026761
     656.3212808539026355       0.9822580851902741
     656.3214809873248896       0.9889342986277124
     656.3216811207471437       0.9689396537535941
     656.3218812541695115       1.0141267896984036
     656.3220813875917656       1.1153122090982943
     656.3222815210140197       0.9442978715216188
     656.3224816544362739       1.0115783657386115
     656.3226817878586417       1.0023578386776588
     656.3228819212808958       1.0827912807360867
     656.3230820547031499       1.0088682196411882
     656.3232821881254040       0.8913510186137223
     656.3234823215477718       0.9122392814757251
     656.3236824549700259       0.9612852902838194
     656.3238825883922800       0.9855231580889050
     656.3240827218145341       1.0292942896746684
     656.3242828552369019       1.0988577353594642
     656.3244829886591560       1.0039695247708198
     656.3246831220814101       1.0085456681807203
     656.3248832555036643       0.9600531815780579
     656.3250833889260321       0.9636176802608285
     656.3252835223482862       0.9738692697235786
     656.3254836557705403       0.9978716776089340
     656.3256837891927944       1.0228483005974076
     656.3258839226150485       0.9752069339434574
     656.3260840560374163       0.9985436814154116
     656.3262841894596704       0.9512972987777205
     656.3264843228819245       0.9602368931272743
     656.3266844563041786       1.0104788979056352
     656.3268845897265464       0.9724785662595321
     656.3270847231488005       0.9473504511135699
     656.3272848565710547       0.9544026633708026
     656.3274849899933088       1.0420180294537369
     656.3276851234156766       1.1074851670013321
     656.3278852568379307       0.9735685740881389
     656.3280853902601848       1.0970034325502400
     656.3282855236824389       0.9443295553129272
     656.3284856571048067       1.0255133573641122
     656.3286857905270608       0.9377914002377779
     656.3288859239493149       0.9893833811682342
     656.3290860573715690       0.9776580398528427
     656.3292861907939368       0.9826896762605640
     656.3294863242161910       1.0435359995151745
     656.3296864576384451       0.9242781563782743
     656.3298865910606992       0.9626615458936024
     656.3300867244830670       0.9192359133700159
     656.3302868579053211       0.9993259453651160
     656.3304869913275752       0.9785715465050219
     656.3306871247498293       0.9386710087220297
     656.3308872581721971       0.9701492436856882
     656.3310873915944512       0.9248611064650507
     656.3312875250167053       0.9720392412237832
     656.3314876584389594       0.8113770018269110
     656.3316877918612136       0.9999549387514215
     656.3318879252835814       1.0390945318560585
     656.3320880587058355       0.9454283313619636
     656.3322881921280896       0.9677863731436204
     656.3324883255503437       1.0000503028215144
     656.3326884589727115       0.9699424015964174
     656.3328885923949656       1.0017706004665863
     656.3330887258172197       0.9736346163148686
     656.3332888592394738       0.9805188890748073
     656.3334889926618416       0.9677585660911187
     656.3336891260840957       0.9493300768454912
     656.3338892595063498       0.9203340418262550
     656.3340893929286040       0.9561762649094255
     656.3342895263509718       0.9929020438672204
     656.3344896597732259       0.9521215157301621
     656.3346897931954800       0.8961236290827259
     656.3348899266177341       0.8934775450705279
     656.3350900600401019       0.9089242666870326
     656.3352901934623560       0.9120042810064313
     656.3354903268846101       0.8420975164793119
     656.3356904603068642       0.9348724796941523
     656.3358905937292320       0.8175419020289919
     656.3360907271514861       0.8515551179241441
     656.3362908605737402       0.7978091488537729
     656.3364909939959944       0.8904670596266762
     656.3366911274182485       0.8908349958883026
     656.3368912608406163       0.8393477771981207
     656.3370913942628704       0.8033637474312108
     656.3372915276851245       0.8529912538479445
     656.3374916611073786       0.8087860356279591
     656.3376917945297464       0.7749642988856900
     656.3378919279520005       0.9058303957478124
     656.3380920613742546       0.8125305116745578
     656.3382921947965087       0.8929107322894079
     656.3384923282188765       0.9105966739767564
     656.3386924616411306       0.8569741416571139
     656.3388925950633848       0.8414324435219596
     656.3390927284856389       0.7846504274368786
     656.3392928619080067       0.7322634221181823
     656.3394929953302608       0.8734102403627553
     656.3396931287525149       0.8499049966457022
     656.3398932621747690       0.8173897384186570
     656.3400933955971368       0.7587187815130669
     656.3402935290193909       0.7813373924507525
     656.3404936624416450       0.7848882936498953
     656.3406937958638991       0.7280729798299892
     656.3408939292862669       0.8131432480068311
     656.3410940627085211       0.7195053265536617
     656.3412941961307752       0.8219754918224321
     656.3414943295530293       0.7931440493009148
     656.3416944629753971       0.8089365977805174
     656.3418945963976512       0.8069555800168313
     656.3420947298199053       0.7559428845012119
     656.3422948632421594       0.8553458663174733
     656.3424949966644135       0.7576012717108542
     656.3426951300867813       0.8688784149558890
     656.3428952635090354       0.8260164062950058
     656.3430953969312895       0.7678040624486561
     656.3432955303535437       0.9017019288194384
     656.3434956637759115       0.8287822652703609
     656.3436957971981656       0.9211236568617742
     656.3438959306204197       0.8112374183926815
     656.3440960640426738       0.8732233944280812
     656.3442961974650416       0.8413273970187929
     656.3444963308872957       0.8743677419478385
     656.3446964643095498       0.8767373450724736
     656.3448965977318039       0.9455621300929964
     656.3450967311541717       0.9346303685809726
     656.3452968645764258       0.9016015314458681
     656.3454969979986799       0.8421301180048190
     656.3456971314209341       0.8864472449831862
     656.3458972648433019       0.9006574202555508
     656.3460973982655560       0.9527626470580863
     656.3462975316878101       0.9383359110668251
     656.3464976651100642       0.9448525497405188
     656.3466977985324320       1.0265549013213482
     656.3468979319546861       0.9818370264585992
     656.3470980653769402       1.0121892464829672
     656.3472981987991943       0.9305795252836924
     656.3474983322214484       0.8548213053260059
     656.3476984656438162       0.9339746634741138
     656.3478985990660703       0.8949236814052827
     656.3480987324883245       0.9138361181346445
     656.3482988659105786       0.9940696512031657
     656.3484989993329464       0.9353614923225623
     656.3486991327552005       0.8786353678898458
     656.3488992661774546       1.0018655708792237
     656.3490993995997087       0.9336059875464586
     656.3492995330220765       1.0045139739731392
     656.3494996664443306       1.0321367478033072
     656.3496997998665847       0.9991928643715949
     656.3498999332888388       0.9469444083954566
     656.3501000667112066       0.9750073657712686
     656.3503002001334607       1.0081054461813670
     656.3505003335557149       1.0309873920132948
     656.3507004669779690       1.0287624450937667
     656.3509006004003368       1.0121217543605396
     656.3511007338225909       0.9756345973378907
     656.3513008672448450       0.9984928877731339
     656.3515010006670991       0.9646256656561104
     656.3517011340894669       0.9562221556854320
     656.3519012675117210       0.9502369534935090
     656.3521014009339751       0.8808563527418248
     656.3523015343562292       1.0202188723187975
     656.3525016677785970       1.0312976222711741
     656.3527018012008512       0.9829035568123299
     656.3529019346231053       1.0260149489390504
     656.3531020680453594       0.9930503018142089
     656.3533022014676135       0.9566014283850000
     656.3535023348899813       1.0904326696132838
     656.3537024683122354       1.0589998427704224
     656.3539026017344895       0.9724308439630628
     656.3541027351567436       0.9322159118958858
     656.3543028685791114       1.0106639645007811
     656.3545030020013655       0.9739786434273477
     656.3547031354236196       1.0096784551723341
     656.3549032688458738       0.9891811017930981
     656.3551034022682416       1.0133343124779954
     656.3553035356904957       0.8830576027361756
     656.3555036691127498       0.9907682413564586
     656.3557038025350039       0.9733815590265652
     656.3559039359573717       1.1079612859397161
     656.3561040693796258       1.0157267395598764
     656.3563042028018799       0.9845023035611886
     656.3565043362241340       1.0090141327776820
     656.3567044696465018       0.9548398619744357
     656.3569046030687559       0.9380066024613021
     656.3571047364910100       1.0141997357991621
     656.3573048699132642       1.0637420904550696
     656.3575050033356320       0.9943378748636659
     656.3577051367578861       1.0300157992983505
     656.3579052701801402       0.9716532985003430
     656.3581054036023943       0.9845975216222497
     656.3583055370246484       1.0515268254852130
     656.3585056704470162       0.9764916456531333
     656.3587058038692703       0.9476514480147514
     656.3589059372915244       1.0391479960611449
     656.3591060707137785       1.0245824377869894
     656.3593062041361463       1.0688375847155229
     656.3595063375584004       1.0228555525026155
     656.3597064709806546       0.9797314399932981
     656.3599066044029087       0.9785519766258554
     656.3601067378252765       0.9984734461571700
     656.3603068712475306       1.0047659838275027
     656.3605070046697847       1.0483678118233692
     656.3607071380920388       0.9858587450009698
     656.3609072715144066       1.0012712357104270
     656.3611074049366607       0.9756550595128987
     656.3613075383589148       0.9557956751631915
     656.3615076717811689       1.0127728973112866
     656.3617078052035367       0.9578006952451877
     656.3619079386257908       1.0063808504258331
     656.3621080720480450       1.0075641295416626
     656.3623082054702991       0.9866199911172223
     656.3625083388926669       0.9714363896837599
     656.3627084723149210       0.9206850314216928
     656.3629086057371751       0.9665751537261725
     656.3631087391594292       0.9701985124419307
     656.3633088725817970       1.0083817064627283
     656.3635090060040511       1.0260770675799471
     656.3637091394263052       1.0450198842337604
     656.3639092728485593       0.9585439399798868
     656.3641094062708135       1.0237949880885169
     656.3643095396931813       0.9519181707598703
     656.3645096731154354       1.0868056693676267
     656.3647098065376895       0.9882215227451356
     656.3649099399599436       0.9134126890312235
     656.3651100733823114       0.9730365659190351
     656.3653102068045655       1.0104045722145396
     656.3655103402268196       1.0116478004713387
     656.3657104736490737       0.9799074508744496
     656.3659106070714415       0.9736552105732423
     656.3661107404936956       1.0675100384442227
     656.3663108739159497       0.9989253684114883
     656.3665110073382039       1.0662641598888165
     656.3667111407605717       0.9736330154645868
     656.3669112741828258       0.9450021720965445
     656.3671114076050799       0.9285131469041742
     656.3673115410273340       1.0360846929018594
     656.3675116744497018       0.9649232141507268
     656.3677118078719559       0.9492663182200100
     656.3679119412942100       1.0198490172540908
     656.3681120747164641       1.0353364422858231
     656.3683122081388319       0.9815156832295693
     656.3685123415610860       1.0909389629930746
     656.3687124749833401       1.0155424121746721
     656.3689126084055943       0.9773843456045309
     656.3691127418278484       1.0407431833435985
     656.3693128752502162       0.9717948380850717
     656.3695130086724703       1.0173990875477705
     656.3697131420947244       1.0616807118054843
     656.3699132755169785       0.9610975384709897
     656.3701134089393463       0.9810944404451438
     656.3703135423616004       1.0476761721073480
     656.3705136757838545       0.9877913855015477
     656.3707138092061086       0.9345748946070155
     656.3709139426284764       0.9919647322967297
     656.3711140760507305       1.0243906825780629
     656.3713142094729847       0.9607198312878446
     656.3715143428952388       0.9958777977153549
     656.3717144763176066       1.0144080286845489
     656.3719146097398607       0.9794127643108318
     656.3721147431621148       0.9748861342668500
     656.3723148765843689       1.0424060784280278
     656.3725150100067367       0.9151772111654266
     656.3727151434289908       1.0143482061102977
     656.3729152768512449       1.1380189955234521
     656.3731154102734990       1.0894625708460803
     656.3733155436958668       1.0082658249884839
     656.3735156771181209       1.0436398014426229
     656.3737158105403751       0.9087549597024916
     656.3739159439626292       0.9832356814295052
     656.3741160773849970       0.9900764087215066
     656.3743162108072511       0.9704170189797878
     656.3745163442295052       1.0052174609154463
     656.3747164776517593       0.9342631772160530
     656.3749166110740134       1.1177944317460060
     656.3751167444963812       1.0580995194613934
     656.3753168779186353       1.0093275336548686
     656.3755170113408894       0.8788964375853539
     656.3757171447631436       0.9495010077953339
     656.3759172781855113       1.0216695126146078
     656.3761174116077655       1.0523557253181934
     656.3763175450300196       0.9854472177103162
     656.3765176784522737       0.9561489820480347
     656.3767178118746415       1.0688822194933891
     656.3769179452968956       1.0537543185055256
     656.3771180787191497       1.0138525543734431
     656.3773182121414038       1.0583337545394897
     656.3775183455637716       1.0697678402066231
     656.3777184789860257       0.9723686929792166
     656.3779186124082798       0.9567212723195553
     656.3781187458305340       1.0457033999264240
     656.3783188792529018       0.9812411405146122
     656.3785190126751559       0.9839404933154583
     656.3787191460974100       1.0158088933676481
     656.3789192795196641       0.9440260939300060
     656.3791194129420319       1.0057592256926000
     656.3793195463642860       1.1486122906208038
     656.3795196797865401       1.0523101948201656
     656.3797198132087942       0.9776669312268496
     656.3799199466311620       1.0421576052904129
     656.3801200800534161       0.9968944557476789
     656.3803202134756702       1.0222435370087624
     656.3805203468979244       0.9927944829687476
     656.3807204803201785       0.8542888909578323
     656.3809206137425463       0.9929108768701553
     656.3811207471648004       1.0614566914737225
     656.3813208805870545       0.9470106996595860
     656.3815210140093086       1.1259844601154327
     656.3817211474316764       1.0034151400905102
     656.3819212808539305       0.9566366747021675
     656.3821214142761846       0.9738965351134539
     656.3823215476984387       0.9814056251198053
     656.3825216811208065       1.0764441192150116
     656.3827218145430606       0.9601645916700363
     656.3829219479653148       1.0773205086588860
     656.3831220813875689       0.9985390753718093
     656.3833222148099367       1.0735311284661293
     656.3835223482321908       0.9832559023052454
     656.3837224816544449       1.0407409854233265
     656.3839226150766990       1.0132620334625244
     656.3841227484990668       0.9225331023335457
     656.3843228819213209       0.9678974486887455
     656.3845230153435750       1.0101725934073329
     656.3847231487658291       0.9220547229051590
     656.3849232821881969       1.0726378038525581
     656.3851234156104510       0.9732159934937954
     656.3853235490327052       0.9414705075323582
     656.3855236824549593       1.0731239318847656
     656.3857238158772134       1.0568649582564831
     656.3859239492995812       1.0077689732424915
     656.3861240827218353       0.9365987330675125
     656.3863242161440894       1.0104674091562629
     656.3865243495663435       1.0062734554521739
     656.3867244829887113       0.9851200329139829
     656.3869246164109654       0.9701700322329998
     656.3871247498332195       1.0395618788897991
     656.3873248832554737       1.1390413492918015
     656.3875250166778414       1.0850195810198784
     656.3877251501000956       0.9807985648512840
     656.3879252835223497       0.9826363269239664
     656.3881254169446038       1.0192281976342201
     656.3883255503669716       0.9633618481457233
     656.3885256837892257       1.0385075360536575
     656.3887258172114798       1.0081076752394438
     656.3889259506337339       1.0434636287391186
     656.3891260840561017       0.9037061110138893
     656.3893262174783558       1.0264297928661108
     656.3895263509006099       0.9914274914190173
     656.3897264843228641       0.9921267302706838
     656.3899266177452319       0.9836638141423464
     656.3901267511674860       1.1043252274394035
     656.3903268845897401       0.9996172635583207
     656.3905270180119942       1.0727742165327072
     656.3907271514343620       0.9597429707646370
     656.3909272848566161       0.9498085565865040
     656.3911274182788702       1.0500546991825104
     656.3913275517011243       1.0337853841483593
     656.3915276851233784       0.9563371203839779
     656.3917278185457462       1.0171856079250574
     656.3919279519680003       1.0587502792477608
     656.3921280853902545       0.9229986444115639
     656.3923282188125086       1.0402187518775463
     656.3925283522348764       0.9697201568633318
     656.3927284856571305       0.9177898243069649
     656.3929286190793846       0.9017445817589760
     656.3931287525016387       0.9340155050158501
     656.3933288859240065       0.9610342644155025
     656.3935290193462606       0.8669091016054153
     656.3937291527685147       1.0219784416258335
     656.3939292861907688       0.9983281261520460
     656.3941294196131366       1.0445354990661144
     656.3943295530353907       1.0959456413984299
     656.3945296864576449       1.0175814051181078
     656.3947298198798990       0.9214553236961365
     656.3949299533022668       1.0165322031825781
     656.3951300867245209       1.0009554652497172
     656.3953302201467750       1.0759028494358063
     656.3955303535690291       0.9558655023574829
     656.3957304869913969       1.0724540352821350
     656.3959306204136510       0.9995118080987595
     656.3961307538359051       0.9876854727044702
     656.3963308872581592       0.9694187138229609
     656.3965310206804133       0.9960078573785722
     656.3967311541027811       1.0912773162126541
     656.3969312875250353       0.9730401132255793
     656.3971314209472894       1.0178625117987394
     656.3973315543695435       0.9565408118069172
     656.3975316877919113       1.0435113534331322
     656.3977318212141654       0.9823967162519693
     656.3979319546364195       0.9185141697525978
     656.3981320880586736       0.9994114256114699
     656.3983322214810414       1.0092634921893477
     656.3985323549032955       0.9728377424180508
     656.3987324883255496       1.0058742645196617
     656.3989326217478038       1.0681121274828911
     656.3991327551701715       0.9799489472061396
     656.3993328885924257       1.0331125147640705
     656.3995330220146798       0.9746634364128113
     656.3997331554369339       1.0234843268990517
     656.3999332888593017       1.0025628560688347
     656.4001334222815558       0.9356750845909119
     656.4003335557038099       0.9411024786531925
     656.4005336891260640       1.0121602844446898
     656.4007338225484318       0.8697218149900436
     656.4009339559706859       1.0177934654057026
     656.4011340893929400       0.9577686265110970
     656.4013342228151942       0.9963756892830133
     656.4015343562375620       1.0283327531069517
     656.4017344896598161       1.1099408492445946
     656.4019346230820702       0.9675889499485493
     656.4021347565043243       0.9343461319804192
     656.4023348899265784       1.0111575052142143
     656.4025350233489462       0.9678882174193859
     656.4027351567712003       0.9794379137456417
     656.4029352901934544       0.9953628242947161
     656.4031354236157085       0.9913929998874664
     656.4033355570380763       0.9522253721952438
     656.4035356904603304       1.0069690695963800
     656.4037358238825846       1.0000583586188441
     656.4039359573048387       0.9773767590522766
     656.4041360907272065       1.0408665612339973
     656.4043362241494606       0.9748521205037832
     656.4045363575717147       1.0289734136313200
     656.4047364909939688       0.9895439911633730
     656.4049366244163366       0.9410240985453129
     656.4051367578385907       0.9536541774868965
     656.4053368912608448       0.9452236704528332
     656.4055370246830989       1.0554696917533875
     656.4057371581054667       1.0183468982577324
     656.4059372915277208       1.0851327478885651
     656.4061374249499750       0.8613210022449493
     656.4063375583722291       1.0305258482694626
     656.4065376917945969       1.0149563476443291
     656.4067378252168510       0.9724090546369553
     656.4069379586391051       0.9011204615235329
     656.4071380920613592       0.9629289284348488
     656.4073382254836133       0.9449802339076996
     656.4075383589059811       1.0198579933494329
     656.4077384923282352       0.9466877318918705
     656.4079386257504893       1.0461095422506332
     656.4081387591727434       0.9786640498787165
     656.4083388925951112       0.9794765226542950
     656.4085390260173654       1.0032160610426217
     656.4087391594396195       1.0198755096644163
     656.4089392928618736       0.9364396482706070
     656.4091394262842414       0.9486467540264130
     656.4093395597064955       0.9429925978183746
     656.4095396931287496       0.9541698731482029
     656.4097398265510037       1.0713553503155708
     656.4099399599733715       1.1229870691895485
     656.4101400933956256       1.0124720325693488
     656.4103402268178797       1.0297893043607473
     656.4105403602401339       1.0515125058591366
     656.4107404936625016       0.9870188012719154
     656.4109406270847558       1.0098128821700811
     656.4111407605070099       0.9011941626667976
     656.4113408939292640       1.0165077745914459
     656.4115410273516318       1.0774129629135132
     656.4117411607738859       1.0171697847545147
     656.4119412941961400       1.0375537984073162
     656.4121414276183941       0.9714561942964792
     656.4123415610407619       0.8940542414784431
     656.4125416944630160       1.0916466489434242
     656.4127418278852701       0.8819240108132362
     656.4129419613075243       1.1208017840981483
     656.4131420947297784       0.9660645760595798
     656.4133422281521462       1.0909273251891136
     656.4135423615744003       1.0498195476830006
     656.4137424949966544       0.9536664634943008
     656.4139426284189085       1.0316751003265381
     656.4141427618412763       0.9481057040393353
     656.4143428952635304       0.9547477252781391
     656.4145430286857845       0.8642289042472839
     656.4147431621080386       1.0047566508874297
     656.4149432955304064       0.9739258233457804
     656.4151434289526605       0.9653695970773697
     656.4153435623749147       1.0438366048038006
     656.4155436957971688       0.9967428490053862
     656.4157438292195366       0.9552218578755856
     656.4159439626417907       1.0041831145063043
     656.4161440960640448       1.0020287826191634
     656.4163442294862989       0.9697551783174276
     656.4165443629086667       0.9933406999334693
     656.4167444963309208       0.9615337736904621
     656.4169446297531749       1.0300891343504190
     656.4171447631754290       0.9902417296543717
     656.4173448965977968       1.0684424117207527
     656.4175450300200509       1.0378060787916183
     656.4177451634423051       0.9774690996855497
     656.4179452968645592       0.9940233235247433
     656.4181454302869270       1.1089678034186363
     656.4183455637091811       1.0215247441083193
     656.4185456971314352       0.9749167617410421
     656.4187458305536893       1.0062954700551927
     656.4189459639759434       0.9278093129396439
     656.4191460973983112       0.9268576800823212
     656.4193462308205653       1.0654095634818077
     656.4195463642428194       1.0148353939875960
     656.4197464976650735       1.0922695174813271
     656.4199466310874413       1.0271273050457239
     656.4201467645096955       1.0249062217772007
     656.4203468979319496       0.9947261274792254
     656.4205470313542037       0.9984630791004747
     656.4207471647765715       1.0440919026732445
     656.4209472981988256       1.0733783468604088
     656.4211474316210797       0.9813461191952229
     656.4213475650433338       1.0197785850614309
     656.4215476984657016       0.9885771730914712
     656.4217478318879557       0.9892899012193084
     656.4219479653102098       0.9658960215747356
     656.4221480987324640       0.9720443580299616
     656.4223482321548317       0.9390991851687431
     656.4225483655770859       0.9133353307843208
     656.4227484989993400       1.0433518253266811
     656.4229486324215941       0.9990266038803384
     656.4231487658439619       0.9788269121199846
     656.4233488992662160       0.9944053678773344
     656.4235490326884701       1.0420834273099899
     656.4237491661107242       1.0018762325635180
     656.4239492995329783       1.0161262005567551
     656.4241494329553461       1.0422578677535057
     656.4243495663776002       0.9900479512289166
     656.4245496997998544       1.0267413649708033
     656.4247498332221085       0.9697011969983578
     656.4249499666444763       0.9405062608420849
     656.4251501000667304       0.9808934107422829
     656.4253502334889845       1.0444387309253216
     656.4255503669112386       1.0087169427424669
     656.4257505003336064       0.8916482180356979
     656.4259506337558605       1.0081960121169686
     656.4261507671781146       1.0187344122678041
     656.4263509006003687       1.0023427507840097
     656.4265510340227365       0.9898653738200665
     656.4267511674449906       0.9180214777588844
     656.4269513008672448       0.9217089638113976
     656.4271514342894989       0.9420246481895447
     656.4273515677118667       1.0404531620442867
     656.4275517011341208       1.0591486282646656
     656.4277518345563749       0.9627752937376499
     656.4279519679786290       0.9820500034838915
     656.4281521014009968       1.0285987611860037
     656.4283522348232509       0.9516231939196587
     656.4285523682455050       0.9598515257239342
     656.4287525016677591       1.0442632995545864
     656.4289526350901269       0.9700879249721766
     656.4291527685123810       1.0224685017019510
     656.4293529019346352       1.0103252185508609
     656.4295530353568893       1.0374065004289150
     656.4297531687791434       0.9265751689672470
     656.4299533022015112       0.9706771839410067
     656.4301534356237653       1.0701953098177910
     656.4303535690460194       0.9757482577115297
     656.4305537024682735       1.0484882593154907
     656.4307538358906413       1.0380249246954918
     656.4309539693128954       0.9261525645852089
     656.4311541027351495       1.0251944903284311
     656.4313542361574036       1.0462045930325985
     656.4315543695797714       0.9567401036620140
     656.4317545030020256       1.0244442336261272
     656.4319546364242797       1.0424118451774120
     656.4321547698465338       1.1060187444090843
     656.4323549032689016       1.0378760248422623
     656.4325550366911557       1.1051548644900322
     656.4327551701134098       0.9982145620742813
     656.4329553035356639       1.0019022386986762
     656.4331554369580317       1.1060661226511002
     656.4333555703802858       0.9598178677260876
     656.4335557038025399       1.0463185273110867
     656.4337558372247940       1.0229810010641813
     656.4339559706471618       1.0047313426621258
     656.4341561040694160       0.9157039299607277
     656.4343562374916701       0.9544436223804951
     656.4345563709139242       0.9864888573065400
     656.4347565043361783       1.0430440492928028
     656.4349566377585461       1.0188075751066208
     656.4351567711808002       1.0088885268196464
     656.4353569046030543       0.9883924070745707
     656.4355570380253084       0.9977914183400571
     656.4357571714476762       1.0034523343201727
     656.4359573048699303       1.0085286004468799
     656.4361574382921845       1.0024504323955625
     656.4363575717144386       1.0684958621859550
     656.4365577051368064       1.0106603614985943
     656.4367578385590605       0.9574068002402782
     656.4369579719813146       0.9821423515677452
     656.4371581054035687       1.0165416896343231
     656.4373582388259365       1.0456365644931793
     656.4375583722481906       1.0818647146224976
     656.4377585056704447       1.0376573912799358
     656.4379586390926988       1.0359804779291153
     656.4381587725150666       1.0014716967707500
     656.4383589059373207       1.0082604857161641
     656.4385590393595749       0.9264556095004082
     656.4387591727818290       0.9547377489507198
     656.4389593062041968       1.0440478809177876
     656.4391594396264509       1.0169331114739180
     656.4393595730487050       1.0281843673437834
     656.4395597064709591       0.9797345940023661
     656.4397598398933269       1.0012310775928199
     656.4399599733155810       1.0208532679826021
     656.4401601067378351       1.0612077116966248
     656.4403602401600892       0.8908496946096420
     656.4405603735823433       1.0753056332468987
     656.4407605070047111       1.0207023601979017
     656.4409606404269653       1.0451168492436409
     656.4411607738492194       0.9047414138913155
     656.4413609072714735       1.0412464700639248
     656.4415610406938413       0.9324183389544487
     656.4417611741160954       0.9803850334137678
     656.4419613075383495       1.0279570426791906
     656.4421614409606036       1.0078513761982322
     656.4423615743829714       0.9880769038572907
     656.4425617078052255       1.0644996389746666
     656.4427618412274796       1.0215380694717169
     656.4429619746497337       0.9844735665246844
     656.4431621080721015       1.0728385224938393
     656.4433622414943557       1.0556533634662628
     656.4435623749166098       0.9381816983222961
     656.4437625083388639       0.9390805363655090
     656.4439626417612317       1.0417601279914379
     656.4441627751834858       0.9777088854461908
     656.4443629086057399       0.9987028829054907
     656.4445630420279940       1.0932758897542953
     656.4447631754503618       0.9943226841278374
     656.4449633088726159       0.9258863180875778
     656.4451634422948700       0.9798233117908239
     656.4453635757171241       1.0528935603797436
     656.4455637091393783       1.0096271103248000
     656.4457638425617461       0.9149794131517410
     656.4459639759840002       1.0329151228070259
     656.4461641094062543       1.0155764343217015
     656.4463642428285084       0.9497870095074177
     656.4465643762508762       0.9959030882455409
     656.4467645096731303       1.0117683289572597
     656.4469646430953844       0.8635783493518829
     656.4471647765176385       0.9959726026281714
     656.4473649099400063       1.0701992139220238
     656.4475650433622604       1.0584413483738899
     656.4477651767845146       0.9934830106794834
     656.4479653102067687       0.9983560669934377
     656.4481654436291365       1.0061213835142553
     656.4483655770513906       1.0083273323252797
     656.4485657104736447       1.0204791557043791
     656.4487658438958988       1.0282076988369226
     656.4489659773182666       1.0176062993705273
     656.4491661107405207       1.0325217582285404
     656.4493662441627748       0.9949520612135530
     656.4495663775850289       1.0440962538123131
     656.4497665110073967       0.9689057227224112
     656.4499666444296508       1.1304024010896683
     656.4501667778519050       1.0182332787662745
     656.4503669112741591       1.0177058856934309
     656.4505670446965269       0.9616527520120144
     656.4507671781187810       1.0546801052987576
     656.4509673115410351       0.9826632775366306
     656.4511674449632892       0.9473012201488018
     656.4513675783855433       1.0084572657942772
     656.4515677118079111       1.0051289116963744
     656.4517678452301652       1.1316507458686829
     656.4519679786524193       1.0178031157702208
     656.4521681120746734       1.0052724224515259
     656.4523682454970412       1.0568940751254559
     656.4525683789192954       1.0090960627421737
     656.4527685123415495       0.9344930425286293
     656.4529686457638036       0.8998286202549934
     656.4531687791861714       1.0136644262820482
     656.4533689126084255       0.9914991995319724
     656.4535690460306796       1.0964745208621025
     656.4537691794529337       1.0279864221811295
     656.4539693128753015       0.9893641788512468
     656.4541694462975556       0.8691867887973785
     656.4543695797198097       0.9734761565923691
     656.4545697131420638       0.9924357407726347
     656.4547698465644316       1.0669691190123558
     656.4549699799866858       1.0694651529192924
     656.4551701134089399       1.0011418644571677
     656.4553702468311940       1.0208676997572184
     656.4555703802535618       1.0023009141441435
     656.4557705136758159       0.9733859263360500
     656.4559706470980700       1.0130330575630069
     656.4561707805203241       1.0186547171324492
     656.4563709139425782       0.9341244846582413
     656.4565710473649460       1.0347715467214584
     656.4567711807872001       1.0040757227689028
     656.4569713142094542       0.9445605501532555
     656.4571714476317084       0.9753996003419161
     656.4573715810540762       0.9990345544065349
     656.4575717144763303       1.0038125289138407
     656.4577718478985844       1.0091064115986228
     656.4579719813208385       1.0739555656909943
     656.4581721147432063       1.0229994244873524
     656.4583722481654604       0.9577879719436169
     656.4585723815877145       0.9551691748201847
     656.4587725150099686       0.9913738118484616
     656.4589726484323364       0.9469766840338707
     656.4591727818545905       1.0014725496293977
     656.4593729152768447       1.0255168210715055
     656.4595730486990988       1.0884904488921165
     656.4597731821214666       1.0148803982883692
     656.4599733155437207       1.0235729403793812
     656.4601734489659748       1.0155933713540435
     656.4603735823882289       1.0687095522880554
     656.4605737158105967       1.0327249914407730
     656.4607738492328508       0.9997158714977559
     656.4609739826551049       1.0155448792502284
     656.4611741160773590       1.0286173615604639
     656.4613742494997268       0.9189871326088905
     656.4615743829219809       1.0010560865048319
     656.4617745163442351       0.9829401317983866
     656.4619746497664892       0.9840693995356560
     656.4621747831887433       1.0492502413690090
     656.4623749166111111       0.9443822428584099
     656.4625750500333652       0.9547747299075127
     656.4627751834556193       0.9435502290725708
     656.4629753168778734       0.9228410199284554
     656.4631754503002412       1.0005349894636311
     656.4633755837224953       1.0051579787395895
     656.4635757171447494       0.9840840790420771
     656.4637758505670035       0.9406321831047535
     656.4639759839893713       0.9377509281039238
     656.4641761174116255       0.9585764184594154
     656.4643762508338796       0.9764949381351471
     656.4645763842561337       0.9813328571617603
     656.4647765176785015       1.0292913373559713
     656.4649766511007556       1.0096296509727836
     656.4651767845230097       0.9866592437028885
     656.4653769179452638       1.0232765730470419
     656.4655770513676316       0.9641172774136066
     656.4657771847898857       1.0662215650081635
     656.4659773182121398       0.9953408879227936
     656.4661774516343939       0.9768879059702158
     656.4663775850567617       1.0275899749249220
     656.4665777184790159       0.9825301840901375
     656.4667778519012700       0.9566750042140484
     656.4669779853235241       0.9731573816388845
     656.4671781187458919       1.0292535629123449
     656.4673782521681460       1.1488570868968964
     656.4675783855904001       1.0377351380884647
     656.4677785190126542       0.9590553082525730
     656.4679786524349083       0.9307763800024986
     656.4681787858572761       0.9533422179520130
     656.4683789192795302       1.0244723688811064
     656.4685790527017843       1.0338105447590351
     656.4687791861240385       0.9359644725918770
     656.4689793195464063       0.9572955109179020
     656.4691794529686604       1.0172753445804119
     656.4693795863909145       1.0314281657338142
     656.4695797198131686       1.0037246029824018
     656.4697798532355364       1.0318321883678436
     656.4699799866577905       0.9208588749170303
     656.4701801200800446       0.9419095404446125
     656.4703802535022987       1.0351365245878696
     656.4705803869246665       1.0362694077193737
     656.4707805203469206       0.9982915014261380
     656.4709806537691748       0.9277986437082291
     656.4711807871914289       1.0475855134427547
     656.4713809206137967       1.0062323496676981
     656.4715810540360508       0.9446435458958149
     656.4717811874583049       1.0079191168770194
     656.4719813208805590       0.8902719244360924
     656.4721814543029268       1.0114167798310518
     656.4723815877251809       0.9758060462772846
     656.4725817211474350       1.0191662255674601
     656.4727818545696891       0.9959917995147407
     656.4729819879919432       0.9469130076467991
     656.4731821214143110       1.0535384416580200
     656.4733822548365652       0.9883011858910322
     656.4735823882588193       0.9759942591190338
     656.4737825216810734       1.0377943888306618
     656.4739826551034412       0.9596416689455509
     656.4741827885256953       1.0088907880708575
     656.4743829219479494       1.0391557030379772
     656.4745830553702035       1.0488741584122181
     656.4747831887925713       1.0531096346676350
     656.4749833222148254       1.0618559904396534
     656.4751834556370795       1.0389546155929565
     656.4753835890593336       1.0709928274154663
     656.4755837224817014       1.0548831298947334
     656.4757838559039556       1.0300610717386007
     656.4759839893262097       0.9985118614276871
     656.4761841227484638       0.9744165334850550
     656.4763842561708316       1.0516642108559608
     656.4765843895930857       1.0201381426304579
     656.4767845230153398       0.9952247352339327
     656.4769846564375939       0.9678026922047138
     656.4771847898599617       1.0414959192276001
     656.4773849232822158       1.0226607080549002
     656.4775850567044699       0.9531171917915344
     656.4777851901267240       0.9837978240102530
     656.4779853235490918       0.9910122128203511
     656.4781854569713460       1.0241342578083277
     656.4783855903936001       1.0762490406632423
     656.4785857238158542       1.0128948194906116
     656.4787858572381083       0.9904941515997052
     656.4789859906604761       0.9704245626926422
     656.4791861240827302       0.9451182819902897
     656.4793862575049843       1.0209287982434034
     656.4795863909272384       0.9547135829925537
     656.4797865243496062       0.9877688558772206
     656.4799866577718603       0.9407549723982811
     656.4801867911941144       1.0151803465560079
     656.4803869246163686       1.0492434911429882
     656.4805870580387364       1.0081639885902405
     656.4807871914609905       1.0420565828680992
     656.4809873248832446       0.9803149644285440
     656.4811874583054987       1.0685435384511948
     656.4813875917278665       0.9220194518566132
     656.4815877251501206       0.9771121535450220
     656.4817878585723747       1.0113308392465115
     656.4819879919946288       0.9404317438602448
     656.4821881254169966       1.1231126338243484
     656.4823882588392507       1.0751812979578972
     656.4825883922615049       0.9960770532488823
     656.4827885256837590       1.0478127710521221
     656.4829886591061268       1.0209601093083620
     656.4831887925283809       0.9496405012905598
     656.4833889259506350       1.0133704720064998
     656.4835890593728891       0.9120930209755898
     656.4837891927951432       0.9259813874959946
     656.4839893262175110       1.0443924181163311
     656.4841894596397651       0.9646597951650620
     656.4843895930620192       1.0656953603029251
     656.4845897264842733       1.0027058224659413
     656.4847898599066411       1.0306094381958246
     656.4849899933288953       1.0993367508053780
     656.4851901267511494       0.9971006009727716
     656.4853902601734035       0.9923692494630814
     656.4855903935957713       1.0417784489691257
     656.4857905270180254       0.9709934145212173
     656.4859906604402795       0.9995819086616393
     656.4861907938625336       1.0656069740653038
     656.4863909272849014       1.0716872885823250
     656.4865910607071555       0.8987261652946472
     656.4867911941294096       0.9466840736567974
     656.4869913275516637       0.9072498753666878
     656.4871914609740315       0.9315377846360207
     656.4873915943962857       0.9879806423559785
     656.4875917278185398       0.9591079466044903
     656.4877918612407939       1.1571837514638901
     656.4879919946631617       0.9614673107862473
     656.4881921280854158       0.9785150438547134
     656.4883922615076699       1.0163811873644590
     656.4885923949299240       1.0155019704252481
     656.4887925283522918       1.0023046291898936
     656.4889926617745459       1.0367001704871655
     656.4891927951968000       1.0068277730606496
     656.4893929286190541       1.0053596617653966
     656.4895930620413083       1.0339321903884411
     656.4897931954636761       0.9155797436833382
     656.4899933288859302       0.9977769779507071
     656.4901934623081843       0.9887244692072272
     656.4903935957304384       1.0180251430720091
     656.4905937291528062       0.9654961451888084
     656.4907938625750603       1.0424372367560863
     656.4909939959973144       1.0332604534924030
     656.4911941294195685       0.9997420580475591
     656.4913942628419363       1.0677860081195831
     656.4915943962641904       0.9445464424788952
     656.4917945296864445       0.9353045225143433
     656.4919946631086987       1.0534962788224220
     656.4921947965310665       1.0065397210419178
     656.4923949299533206       0.9653083197772503
     656.4925950633755747       1.1287965625524521
     656.4927951967978288       1.0159007292240858
     656.4929953302201966       1.0323174595832825
     656.4931954636424507       1.0237539466470480
     656.4933955970647048       0.9897003471851349
     656.4935957304869589       1.0528384558856487
     656.4937958639093267       0.9480334110558033
     656.4939959973315808       0.9612495526671410
     656.4941961307538350       1.0596621334552765
     656.4943962641760891       1.0314136408269405
     656.4945963975983432       0.9795626867562532
     656.4947965310207110       1.0124968132004142
     656.4949966644429651       0.9285150095820427
     656.4951967978652192       1.0617621652781963
     656.4953969312874733       0.9935134393163025
     656.4955970647098411       1.0463783591985703
     656.4957971981320952       1.0396428517997265
     656.4959973315543493       1.0192861314862967
     656.4961974649766034       1.0734430328011513
     656.4963975983989712       1.0346267893910408
     656.4965977318212254       0.9207812622189522
     656.4967978652434795       0.9804105497896671
     656.4969979986657336       1.0774824544787407
     656.4971981320881014       0.9833556022495031
     656.4973982655103555       1.0137850297614932
     656.4975983989326096       1.0035183769650757
     656.4977985323548637       1.0617316663265228
     656.4979986657772315       1.0311388056725264
     656.4981987991994856       1.0262523889541626
     656.4983989326217397       0.8990640863776207
     656.4985990660439938       0.9517261274158955
     656.4987991994663616       0.9584232494235039
     656.4989993328886158       0.9453367330133915
     656.4991994663108699       1.0100806411355734
     656.4993995997331240       1.0378667786717415
     656.4995997331554918       0.9799116663634777
     656.4997998665777459       1.0369777344167233
     656.5000000000000000       1.0614310987293720
