     656.2000000000000455       0.9939415389671922
     656.2002001334222996       1.0071060727350414
     656.2004002668445537       1.0035731706302613
     656.2006004002669215       1.0770055800676346
     656.2008005336891756       1.0624319687485695
     656.2010006671114297       1.0311605334281921
     656.2012008005336838       0.8934347406029701
     656.2014009339560516       0.9553192742168903
     656.2016010673783057       0.9643075354397297
     656.2018012008005599       0.9487581439316273
     656.2020013342228140       1.0451340489089489
     656.2022014676451818       0.9323103502392769
     656.2024016010674359       0.9315246641635895
     656.2026017344896900       0.9308059737086296
     656.2028018679119441       1.0074023986235261
     656.2030020013343119       0.9031023904681206
     656.2032021347565660       1.0313125364482403
     656.2034022681788201       1.0449568703770638
     656.2036024016010742       1.0670429691672325
     656.2038025350234420       1.0278486367315054
     656.2040026684456961       0.9170373678207397
     656.2042028018679503       0.9742195103317499
     656.2044029352902044       0.9802878033369780
     656.2046030687125722       0.9833223298192024
     656.2048032021348263       0.9195893853902817
     656.2050033355570804       1.0042534261010587
     656.2052034689793345       0.9581749290227890
     656.2054036024017023       0.9538075774908066
     656.2056037358239564       0.9502842351794243
     656.2058038692462105       0.9914170773699880
     656.2060040026684646       1.0273757968097925
     656.2062041360907187       1.0474701374769211
     656.2064042695130865       1.0163408871740103
     656.2066044029353407       1.0443361066281796
     656.2068045363575948       1.0574776344001293
     656.2070046697798489       0.9832914005964994
     656.2072048032022167       1.0312284026294947
     656.2074049366244708       0.9205877259373665
     656.2076050700467249       1.0195674803107977
     656.2078052034689790       1.0338280163705349
     656.2080053368913468       1.0405162349343300
     656.2082054703136009       0.9747319612652063
     656.2084056037358550       0.9984769469592720
     656.2086057371581092       1.0899704024195671
     656.2088058705804769       1.0198318883776665
     656.2090060040027311       0.9767795242369175
     656.2092061374249852       0.9834189247339964
     656.2094062708472393       0.9848802285268903
     656.2096064042696071       1.0191006753593683
     656.2098065376918612       0.9535468518733978
     656.2100066711141153       0.9739757943898439
     656.2102068045363694       0.9571700915694237
     656.2104069379587372       0.9888462619856000
     656.2106070713809913       1.1242102608084679
     656.2108072048032454       1.0380109548568726
     656.2110073382254996       0.9039040133357048
     656.2112074716477537       0.9660837166011333
     656.2114076050701215       1.0354588776826859
     656.2116077384923756       1.0396198295056820
     656.2118078719146297       0.9858399685472250
     656.2120080053368838       0.9222564250230789
     656.2122081387592516       1.0676524192094803
     656.2124082721815057       0.9135821089148521
     656.2126084056037598       0.9445848353207111
     656.2128085390260139       0.9991608554264531
     656.2130086724483817       1.0164653193205595
     656.2132088058706358       1.0092862239107490
     656.2134089392928900       1.0954482182860374
     656.2136090727151441       1.0536113753914833
     656.2138092061375119       0.9381998963654041
     656.2140093395597660       1.0266647581011057
     656.2142094729820201       0.9348861724138260
     656.2144096064042742       1.0502645038068295
     656.2146097398266420       0.9616823531687260
     656.2148098732488961       1.0368775017559528
     656.2150100066711502       0.9681344628334045
     656.2152101400934043       0.9444516301155090
     656.2154102735157721       0.9811055455356836
     656.2156104069380262       0.9400912448763847
     656.2158105403602804       0.9703710880130529
     656.2160106737825345       0.9983822867507115
     656.2162108072049023       1.0657526552677155
     656.2164109406271564       0.9878712818026543
     656.2166110740494105       1.0336770005524158
     656.2168112074716646       1.0122515214607120
     656.2170113408939187       0.9964618224184960
     656.2172114743162865       1.0032669738866389
     656.2174116077385406       1.0830255076289177
     656.2176117411607947       1.0380708612501621
     656.2178118745830488       0.9890865618363023
     656.2180120080054166       0.9752791952341795
     656.2182121414276708       0.8760520890355110
     656.2184122748499249       1.0164117068052292
     656.2186124082721790       0.9743882417678833
     656.2188125416945468       0.9789498019963503
     656.2190126751168009       1.0305161979049444
     656.2192128085390550       0.9788890499621630
     656.2194129419613091       1.0518431849777699
     656.2196130753836769       0.9836191777139902
     656.2198132088059310       0.9527801871299744
     656.2200133422281851       0.9934922666288912
     656.2202134756504392       1.0118451882153749
     656.2204136090728070       1.0239664614200592
     656.2206137424950612       0.9629019871354103
     656.2208138759173153       1.0246957894414663
     656.2210140093395694       0.9916884386911988
     656.2212141427619372       1.0171968899667263
     656.2214142761841913       0.9767475444823503
     656.2216144096064454       0.9407293125987053
     656.2218145430286995       0.9718590043485165
     656.2220146764509536       0.9989706015912816
     656.2222148098733214       1.0706550702452660
     656.2224149432955755       1.0553742907941341
     656.2226150767178297       1.0043284189887345
     656.2228152101400838       1.0048381094820797
     656.2230153435624516       1.0386033654212952
     656.2232154769847057       0.9542520195245743
     656.2234156104069598       0.9336388036608696
     656.2236157438292139       0.9191544279456139
     656.2238158772515817       1.0277554001659155
     656.2240160106738358       1.0427569001913071
     656.2242161440960899       0.9438843056559563
     656.2244162775183440       0.9634941406548023
     656.2246164109407118       1.0497175492346287
     656.2248165443629659       0.9416367895901203
     656.2250166777852201       1.0600136928260326
     656.2252168112074742       1.0875891819596291
     656.2254169446298420       1.0035696600098163
     656.2256170780520961       1.0380380414426327
     656.2258172114743502       1.0833902955055237
     656.2260173448966043       1.0874026641249657
     656.2262174783189721       0.9489982724189758
     656.2264176117412262       1.0035738304723054
     656.2266177451634803       1.0237212684005499
     656.2268178785857344       0.9329440146684647
     656.2270180120081022       1.0427662394940853
     656.2272181454303563       0.9944207882508636
     656.2274182788526105       1.0288556758314371
     656.2276184122748646       0.9272451698780060
     656.2278185456971187       0.9805801883339882
     656.2280186791194865       0.9787418432533741
     656.2282188125417406       0.9676120467483997
     656.2284189459639947       0.9192114323377609
     656.2286190793862488       1.0353562422096729
     656.2288192128086166       1.0180314425379038
     656.2290193462308707       1.0173726715147495
     656.2292194796531248       1.0244977399706841
     656.2294196130753789       0.8925552740693092
     656.2296197464977467       0.9538828171789646
     656.2298198799200009       0.9714984763413668
     656.2300200133422550       1.0279499087482691
     656.2302201467645091       1.0574455372989178
     656.2304202801868769       0.9803481232374907
     656.2306204136091310       0.9985562355723232
     656.2308205470313851       0.9893737649545074
     656.2310206804536392       1.1405454427003860
     656.2312208138760070       0.9669786393642426
     656.2314209472982611       0.9568161070346832
     656.2316210807205152       0.9359156265854836
     656.2318212141427693       0.9345681816339493
     656.2320213475651371       0.9017430692911148
     656.2322214809873913       0.9724202211946249
     656.2324216144096454       1.0553066805005074
     656.2326217478318995       0.9970315222162753
     656.2328218812541536       0.9603593982756138
     656.2330220146765214       1.0381107889115810
     656.2332221480987755       1.0092958221212029
     656.2334222815210296       0.9371610730886459
     656.2336224149432837       1.0224158987402916
     656.2338225483656515       1.0130277499556541
     656.2340226817879056       1.0810031890869141
     656.2342228152101598       1.0573824420571327
     656.2344229486324139       1.0294634159654379
     656.2346230820547817       0.9875927204266191
     656.2348232154770358       1.0113672679290175
     656.2350233488992899       1.0376793928444386
     656.2352234823215440       0.8976328223943710
     656.2354236157439118       0.9567712098360062
     656.2356237491661659       1.0618950501084328
     656.2358238825884200       0.9333271682262421
     656.2360240160106741       1.0047429013065994
     656.2362241494330419       0.9503039456903934
     656.2364242828552960       1.0213572476059198
     656.2366244162775502       0.9932306511327624
     656.2368245496998043       0.8970591202378273
     656.2370246831221721       1.0328391529619694
     656.2372248165444262       1.0801049023866653
     656.2374249499666803       0.9796189479529858
     656.2376250833889344       0.9775517005473375
     656.2378252168113022       1.0358542725443840
     656.2380253502335563       0.9588753916323185
     656.2382254836558104       1.0106035759672523
     656.2384256170780645       1.0298927370458841
     656.2386257505003186       1.0423915684223175
     656.2388258839226864       0.9821405112743378
     656.2390260173449406       0.9918962297961116
     656.2392261507671947       0.9851088607683778
     656.2394262841894488       1.0067166127264500
     656.2396264176118166       1.0630357488989830
     656.2398265510340707       1.0171235986053944
     656.2400266844563248       0.9485757835209370
     656.2402268178785789       1.0327128358185291
     656.2404269513009467       1.0792657360434532
     656.2406270847232008       1.0317904762923717
     656.2408272181454549       1.0683627203106880
     656.2410273515677090       0.9832356888800859
     656.2412274849900768       1.0172565858811140
     656.2414276184123310       0.9832286443561316
     656.2416277518345851       1.1120283156633377
     656.2418278852568392       0.9676698446273804
     656.2420280186792070       0.9880289565771818
     656.2422281521014611       0.9773822464048862
     656.2424282855237152       1.0244829896837473
     656.2426284189459693       0.9690691977739334
     656.2428285523683371       0.9101640954613686
     656.2430286857905912       1.0040616909973323
     656.2432288192128453       1.0636429712176323
     656.2434289526350994       1.0880879983305931
     656.2436290860574672       1.0026215137913823
     656.2438292194797214       0.9249943867325783
     656.2440293529019755       0.9162628427147865
     656.2442294863242296       0.9235840514302254
     656.2444296197464837       1.0561182685196400
     656.2446297531688515       1.0529584363102913
     656.2448298865911056       1.0169207751750946
     656.2450300200133597       0.9506765343248844
     656.2452301534356138       1.0401786155998707
     656.2454302868579816       1.0372058562934399
     656.2456304202802357       1.0009688519057818
     656.2458305537024899       0.9349287450313568
     656.2460306871247440       0.9813540019094944
     656.2462308205471118       0.9400380477309227
     656.2464309539693659       0.9929881845600903
     656.2466310873916200       0.9153612181544304
     656.2468312208138741       1.0007331867236644
     656.2470313542362419       1.0325898490846157
     656.2472314876584960       1.0467113256454468
     656.2474316210807501       0.9925127825699747
     656.2476317545030042       1.0565098598599434
     656.2478318879253720       1.0336525104939938
     656.2480320213476261       0.9960670862346888
     656.2482321547698803       0.9615914411842823
     656.2484322881921344       1.0399227812886238
     656.2486324216145022       1.0142388613894582
     656.2488325550367563       1.0454435870051384
     656.2490326884590104       1.0159937571734190
     656.2492328218812645       0.9710155781358480
     656.2494329553035186       0.9436392374336720
     656.2496330887258864       0.9614768549799919
     656.2498332221481405       1.0393454730510712
     656.2500333555703946       0.9912142222747207
     656.2502334889926487       1.0017982429126278
     656.2504336224150165       1.1083278432488441
     656.2506337558372707       0.9189597815275192
     656.2508338892595248       1.0530221872031689
     656.2510340226817789       1.0331894867122173
     656.2512341561041467       0.9528267607092857
     656.2514342895264008       1.0320970714092255
     656.2516344229486549       1.0482134781777859
     656.2518345563709090       0.9921182999387383
     656.2520346897932768       1.0942987427115440
     656.2522348232155309       0.9559615291655064
     656.2524349566377850       1.0353142917156219
     656.2526350900600391       0.9620725400745869
     656.2528352234824069       1.0101532358676195
     656.2530353569046611       0.9859937783330679
     656.2532354903269152       0.9605738557875156
     656.2534356237491693       0.9639612585306168
     656.2536357571715371       0.9774614777415991
     656.2538358905937912       1.0408133268356323
     656.2540360240160453       0.9665037691593170
     656.2542361574382994       1.0381196849048138
     656.2544362908606672       1.0127512142062187
     656.2546364242829213       0.9891443969681859
     656.2548365577051754       1.0006881986628287
     656.2550366911274295       0.9766738638281822
     656.2552368245496837       1.0614775307476521
     656.2554369579720515       1.0146183520555496
     656.2556370913943056       1.0833502262830734
     656.2558372248165597       0.9574659764766693
     656.2560373582388138       1.0431777164340019
     656.2562374916611816       0.9946766649372876
     656.2564376250834357       0.9075845256447792
     656.2566377585056898       1.0261796507984400
     656.2568378919279439       0.9432123526930809
     656.2570380253503117       1.1093281656503677
     656.2572381587725658       0.9444150254130363
     656.2574382921948200       1.0014996695099398
     656.2576384256170741       1.0406795851886272
     656.2578385590394419       1.0259126778692007
     656.2580386924616960       1.0492936782538891
     656.2582388258839501       1.0406514108181000
     656.2584389593062042       1.0545557439327240
     656.2586390927285720       0.9471756555140018
     656.2588392261508261       1.0541500858962536
     656.2590393595730802       0.9455513469874859
     656.2592394929953343       1.0380928777158260
     656.2594396264177021       0.9350989535450935
     656.2596397598399562       1.0074528004042804
     656.2598398932622104       0.9940186594612896
     656.2600400266844645       1.0625357553362846
     656.2602401601067186       0.9021101593971252
     656.2604402935290864       1.0920518562197685
     656.2606404269513405       0.9936486110091209
     656.2608405603735946       0.9312391579151154
     656.2610406937958487       0.9810169935226440
     656.2612408272182165       1.0289691835641861
     656.2614409606404706       1.0614777505397797
     656.2616410940627247       0.9853283567354083
     656.2618412274849788       0.9611400291323662
     656.2620413609073466       1.0351110473275185
     656.2622414943296008       1.0885308310389519
     656.2624416277518549       1.1049379929900169
     656.2626417611741090       0.9898502659052610
     656.2628418945964768       0.9941775021143258
     656.2630420280187309       0.9550031572580338
     656.2632421614409850       0.9714608509093523
     656.2634422948632391       0.9859419027343392
     656.2636424282856069       1.0415065549314022
     656.2638425617078610       1.0243970714509487
     656.2640426951301151       0.9734015930444002
     656.2642428285523692       0.9386493302881718
     656.2644429619747370       0.9277609661221504
     656.2646430953969912       1.0532970242202282
     656.2648432288192453       1.0568478815257549
     656.2650433622414994       1.0954460501670837
     656.2652434956638672       0.9843268711119890
     656.2654436290861213       1.0328448340296745
     656.2656437625083754       0.9852665672078729
     656.2658438959306295       1.0392404757440090
     656.2660440293528836       1.0121076991781592
     656.2662441627752514       1.0195251703262329
     656.2664442961975055       1.0530670173466206
     656.2666444296197596       0.9501357935369015
     656.2668445630420138       0.9759986903518438
     656.2670446964643816       0.9969831046182662
     656.2672448298866357       0.9902365328744054
     656.2674449633088898       0.9887177990749478
     656.2676450967311439       0.9959807591512799
     656.2678452301535117       1.0348225608468056
     656.2680453635757658       0.9670178666710854
     656.2682454969980199       1.0539804361760616
     656.2684456304202740       0.9532375335693359
     656.2686457638426418       0.9954435066320002
     656.2688458972648959       1.1118118390440941
     656.2690460306871501       0.9623732604086399
     656.2692461641094042       1.0481827184557915
     656.2694462975317720       1.0167910214513540
     656.2696464309540261       1.0376609377563000
     656.2698465643762802       1.0352490954101086
     656.2700466977985343       0.9159847572445869
     656.2702468312209021       0.9584222286939621
     656.2704469646431562       0.9435260035097599
     656.2706470980654103       1.0079998048022389
     656.2708472314876644       1.0293651558458805
     656.2710473649099185       0.9338117837905884
     656.2712474983322863       0.9617061018943787
     656.2714476317545405       0.9585084989666939
     656.2716477651767946       1.0300928391516209
     656.2718478985990487       1.0075840689241886
     656.2720480320214165       1.0883364304900169
     656.2722481654436706       0.9365833923220634
     656.2724482988659247       0.9404951371252537
     656.2726484322881788       0.9697926510125399
     656.2728485657105466       1.0433566868305206
     656.2730486991328007       0.9869767138734460
     656.2732488325550548       0.9731893595308065
     656.2734489659773089       1.0607645288109779
     656.2736490993996767       1.1320787668228149
     656.2738492328219309       0.9033681750297546
     656.2740493662441850       1.0422686450183392
     656.2742494996664391       0.9853859441354871
     656.2744496330888069       0.9278123527765274
     656.2746497665110610       0.9728493057191372
     656.2748498999333151       0.9606218710541725
     656.2750500333555692       1.0219803433865309
     656.2752501667779370       0.9599702619016171
     656.2754503002001911       0.9386141486465931
     656.2756504336224452       0.9651781767606735
     656.2758505670446993       1.0321495123207569
     656.2760507004670671       0.9474225454032421
     656.2762508338893213       1.0312221236526966
     656.2764509673115754       1.0371864214539528
     656.2766511007338295       0.9593490026891232
     656.2768512341560836       1.0007014244911261
     656.2770513675784514       0.9523988068103790
     656.2772515010007055       1.0788084492087364
     656.2774516344229596       0.9553021863102913
     656.2776517678452137       1.0317755155265331
     656.2778519012675815       1.0020130779594183
     656.2780520346898356       0.9684015139937401
     656.2782521681120897       1.0404859296977520
     656.2784523015343439       1.0350231863558292
     656.2786524349567117       0.9879604717716575
     656.2788525683789658       0.9376640431582928
     656.2790527018012199       0.9118816629052162
     656.2792528352234740       0.9871644675731659
     656.2794529686458418       0.9646842479705811
     656.2796531020680959       0.9679571911692619
     656.2798532354903500       0.9741126056760550
     656.2800533689126041       1.0377636402845383
     656.2802535023349719       1.0201504472643137
     656.2804536357572260       1.0086788376793265
     656.2806537691794802       0.9391218051314354
     656.2808539026017343       1.0020572000648826
     656.2810540360241021       0.9565983042120934
     656.2812541694463562       0.9867167528718710
     656.2814543028686103       1.0395499952137470
     656.2816544362908644       1.0574366748332977
     656.2818545697131185       0.9219718500971794
     656.2820547031354863       0.9825932104140520
     656.2822548365577404       0.9302927181124687
     656.2824549699799945       0.9668560065329075
     656.2826551034022486       0.9668587259948254
     656.2828552368246164       0.9745590705424547
     656.2830553702468706       0.9741759356111288
     656.2832555036691247       1.1083659902215004
     656.2834556370913788       0.9256729781627655
     656.2836557705137466       1.0348425395786762
     656.2838559039360007       1.0295146908611059
     656.2840560373582548       1.0779220163822174
     656.2842561707805089       1.0531441047787666
     656.2844563042028767       0.9730313122272491
     656.2846564376251308       1.0601835511624813
     656.2848565710473849       0.9897428276017308
     656.2850567044696390       1.0630312412977219
     656.2852568378920068       1.0949085652828217
     656.2854569713142610       0.9601340740919113
     656.2856571047365151       0.9869473278522491
     656.2858572381587692       0.9856223734095693
     656.2860573715811370       0.9539492242038250
     656.2862575050033911       1.0381719283759594
     656.2864576384256452       0.9690532796084881
     656.2866577718478993       0.9886582084000111
     656.2868579052702671       1.0397482328116894
     656.2870580386925212       1.1062114760279655
     656.2872581721147753       1.0510241575539112
     656.2874583055370294       1.0021604297216982
     656.2876584389592836       1.0138180134817958
     656.2878585723816514       1.0734494253993034
     656.2880587058039055       1.0799599811434746
     656.2882588392261596       1.0554010346531868
     656.2884589726484137       0.9405264370143414
     656.2886591060707815       0.9833019990473986
     656.2888592394930356       0.9335625469684601
     656.2890593729152897       0.9358340054750443
     656.2892595063375438       1.0388228669762611
     656.2894596397599116       0.9898730507120490
     656.2896597731821657       1.0095756743103266
     656.2898599066044198       1.0505676940083504
     656.2900600400266740       0.9665058292448521
     656.2902601734490418       1.0922084823250771
     656.2904603068712959       0.9018501341342926
     656.2906604402935500       1.0473195500671864
     656.2908605737158041       1.0656061097979546
     656.2910607071381719       0.9745096117258072
     656.2912608405604260       1.0060192504897714
     656.2914609739826801       1.0197102800011635
     656.2916611074049342       0.9192377775907516
     656.2918612408273020       0.9770916718989611
     656.2920613742495561       0.9866041969507933
     656.2922615076718103       0.9478448443114758
     656.2924616410940644       1.0637856125831604
     656.2926617745164322       0.9961701317224652
     656.2928619079386863       0.9436428956687450
     656.2930620413609404       0.9491263031959534
     656.2932621747831945       1.0213639270514250
     656.2934623082054486       0.9890811461955309
     656.2936624416278164       0.9380110912024975
     656.2938625750500705       1.0704528316855431
     656.2940627084723246       0.9513978548347950
     656.2942628418945787       0.9431848265230656
     656.2944629753169465       1.0443292185664177
     656.2946631087392007       0.9194674491882324
     656.2948632421614548       1.0265143401920795
     656.2950633755837089       0.9723345786333084
     656.2952635090060767       0.9337697029113770
     656.2954636424283308       0.9041317850351334
     656.2956637758505849       0.9600807018578053
     656.2958639092728390       1.0478565320372581
     656.2960640426952068       0.9822921268641949
     656.2962641761174609       1.0320679694414139
     656.2964643095397150       0.9666340984404087
     656.2966644429619691       0.9608436413109303
     656.2968645763843369       0.9423774071037769
     656.2970647098065911       0.9648790694773197
     656.2972648432288452       1.0340728051960468
     656.2974649766510993       0.9840864185243845
     656.2976651100734671       1.0360038764774799
     656.2978652434957212       0.9959760853089392
     656.2980653769179753       0.9401903487741947
     656.2982655103402294       1.0433702543377876
     656.2984656437624835       1.0105779170989990
     656.2986657771848513       1.0214283149689436
     656.2988659106071054       0.9816648997366428
     656.2990660440293595       0.9239752516150475
     656.2992661774516137       1.0934599488973618
     656.2994663108739815       1.0452047958970070
     656.2996664442962356       0.9301019832491875
     656.2998665777184897       0.9551208354532719
     656.3000667111407438       1.0208738911896944
     656.3002668445631116       1.0255418326705694
     656.3004669779853657       0.9819528087973595
     656.3006671114076198       0.9566853828728199
     656.3008672448298739       0.9450711309909821
     656.3010673782522417       1.0398325398564339
     656.3012675116744958       0.9723181426525116
     656.3014676450967499       1.0085412831977010
     656.3016677785190041       0.9692686554044485
     656.3018679119413719       0.9720366057008505
     656.3020680453636260       0.9641309008002281
     656.3022681787858801       0.9898792067542672
     656.3024683122081342       1.0323730558156967
     656.3026684456305020       1.0029430866707116
     656.3028685790527561       1.0515250824391842
     656.3030687124750102       1.0330037958920002
     656.3032688458972643       1.0210877042263746
     656.3034689793196321       0.9806740153580904
     656.3036691127418862       0.9909068262204528
     656.3038692461641403       1.0130346706137061
     656.3040693795863945       0.9981945862527937
     656.3042695130086486       0.9898271653801203
     656.3044696464310164       1.0451024584472179
     656.3046697798532705       1.0888526067137718
     656.3048699132755246       0.9984858578536659
     656.3050700466977787       1.0496441610157490
     656.3052701801201465       0.9821225218474865
     656.3054703135424006       1.0607125647366047
     656.3056704469646547       1.0031680990941823
     656.3058705803869088       1.0049621867947280
     656.3060707138092766       0.9797438923269510
     656.3062708472315308       1.0342370532453060
     656.3064709806537849       0.8954618573188782
     656.3066711140760390       1.0326011069118977
     656.3068712474984068       1.0625075399875641
     656.3070713809206609       0.9935167101211846
     656.3072715143429150       1.0533538274466991
     656.3074716477651691       0.9909740993753076
     656.3076717811875369       0.9413832016289234
     656.3078719146097910       1.0100348778069019
     656.3080720480320451       1.0917640179395676
     656.3082721814542992       0.9627486690878868
     656.3084723148766670       1.0456996038556099
     656.3086724482989212       0.9897155836224556
     656.3088725817211753       1.0267535187304020
     656.3090727151434294       0.9707203973084688
     656.3092728485656835       1.0594070218503475
     656.3094729819880513       0.9853684753179550
     656.3096731154103054       1.0002849825832527
     656.3098732488325595       0.9683078676462173
     656.3100733822548136       1.0818866565823555
     656.3102735156771814       0.9655208885669708
     656.3104736490994355       0.9893061127513647
     656.3106737825216896       1.0087366830557585
     656.3108739159439438       0.9995563862903509
     656.3110740493663116       0.9396001435816288
     656.3112741827885657       1.0319823697209358
     656.3114743162108198       1.0330440811812878
     656.3116744496330739       1.0124305607751012
     656.3118745830554417       0.9530688561499119
     656.3120747164776958       1.0591099932789803
     656.3122748498999499       0.9934565336443483
     656.3124749833222040       0.9747321661561726
     656.3126751167445718       1.0068350159563122
     656.3128752501668259       1.0367232784628864
     656.3130753835890800       0.9897090578451748
     656.3132755170113342       1.0015935292467468
     656.3134756504337020       0.9953339626081278
     656.3136757838559561       0.9976326096802935
     656.3138759172782102       1.0826680287718751
     656.3140760507004643       0.9518674053251711
     656.3142761841228321       0.9988937365123953
     656.3144763175450862       0.9632414951920437
     656.3146764509673403       0.9694652166217459
     656.3148765843895944       0.9331724494695506
     656.3150767178118485       0.9320783466100461
     656.3152768512342163       1.0464867092668668
     656.3154769846564704       0.9298041760920979
     656.3156771180787246       1.0563247799872624
     656.3158772515009787       1.0529061555861361
     656.3160773849233465       0.9512141980229259
     656.3162775183456006       0.9329709336159365
     656.3164776517678547       1.0215506833043420
     656.3166777851901088       0.9926239391784142
     656.3168779186124766       1.0345022939138797
     656.3170780520347307       1.0334719233205132
     656.3172781854569848       1.1263807117925060
     656.3174783188792389       1.0179239995757685
     656.3176784523016067       1.0753632187814914
     656.3178785857238609       1.0336506031413202
     656.3180787191461150       0.9965101324430142
     656.3182788525683691       0.9239328652539166
     656.3184789859907369       0.9661707244698875
     656.3186791194129910       0.9867765242072530
     656.3188792528352451       0.9652639403712602
     656.3190793862574992       1.0180790815184819
     656.3192795196798670       1.0270480121973311
     656.3194796531021211       0.9029178693271667
     656.3196797865243752       0.9221841841075364
     656.3198799199466293       1.0033709533715478
     656.3200800533688835       0.9976362109394505
     656.3202801867912513       1.0037158539100459
     656.3204803202135054       1.0041622977357205
     656.3206804536357595       0.9962439330172236
     656.3208805870580136       0.9400081852129381
     656.3210807204803814       0.9714322584987171
     656.3212808539026355       0.9879777271467443
     656.3214809873248896       0.9784118164262157
     656.3216811207471437       1.0129914589410798
     656.3218812541695115       1.0599180246239981
     656.3220813875917656       1.0008427101597333
     656.3222815210140197       1.0217740541703031
     656.3224816544362739       0.9693835254788451
     656.3226817878586417       1.0186437371744550
     656.3228819212808958       0.9609359643601951
     656.3230820547031499       1.0476485442672465
     656.3232821881254040       0.9430371794626935
     656.3234823215477718       0.9250145719683917
     656.3236824549700259       0.9884578445555151
     656.3238825883922800       1.1398768081945123
     656.3240827218145341       0.9897450380569047
     656.3242828552369019       0.9385738453785940
     656.3244829886591560       1.0766849670764753
     656.3246831220814101       1.0198958923900654
     656.3248832555036643       1.0834124800126019
     656.3250833889260321       0.9403093377045192
     656.3252835223482862       0.9739756275944774
     656.3254836557705403       0.9760205561768823
     656.3256837891927944       1.0056686056805098
     656.3258839226150485       0.9491467282615033
     656.3260840560374163       0.9978035413521048
     656.3262841894596704       1.0388417327432360
     656.3264843228819245       1.0197982184249303
     656.3266844563041786       0.9221754494984010
     656.3268845897265464       1.0242860124385240
     656.3270847231488005       0.9880833781491771
     656.3272848565710547       0.9676999791304085
     656.3274849899933088       1.0348925544796579
     656.3276851234156766       1.0180446665016536
     656.3278852568379307       1.0214186957403029
     656.3280853902601848       0.8952773307768076
     656.3282855236824389       0.9342223167533874
     656.3284856571048067       1.0649121680565725
     656.3286857905270608       0.9865098079583208
     656.3288859239493149       1.0580447938379622
     656.3290860573715690       1.0998074479288205
     656.3292861907939368       0.9702026905331003
     656.3294863242161910       0.9983117148575097
     656.3296864576384451       1.0546301616927938
     656.3298865910606992       1.0158630089578371
     656.3300867244830670       0.9524169870684415
     656.3302868579053211       1.0086559732692542
     656.3304869913275752       1.0072970097237777
     656.3306871247498293       1.0899251849846756
     656.3308872581721971       0.9017230410168312
     656.3310873915944512       1.0357783532871427
     656.3312875250167053       1.0471617098505193
     656.3314876584389594       1.0555207064366674
     656.3316877918612136       0.9338617279342509
     656.3318879252835814       1.0508285924094130
     656.3320880587058355       0.9553086487093680
     656.3322881921280896       1.0127030144333651
     656.3324883255503437       1.0266271207054083
     656.3326884589727115       1.0375433871698372
     656.3328885923949656       1.0528967099567155
     656.3330887258172197       1.0985581906307988
     656.3332888592394738       0.9810132517537090
     656.3334889926618416       1.0189929409386520
     656.3336891260840957       0.9553843938334903
     656.3338892595063498       1.0377729582807373
     656.3340893929286040       1.0367256279213444
     656.3342895263509718       0.9515435751515582
     656.3344896597732259       1.0239747877033301
     656.3346897931954800       0.9923742372645294
     656.3348899266177341       1.0286752579600893
     656.3350900600401019       0.9937229032209937
     656.3352901934623560       0.9645702972095804
     656.3354903268846101       1.0624975413138800
     656.3356904603068642       0.9958726761098450
     656.3358905937292320       1.0127120599722201
     656.3360907271514861       0.9504707027464964
     656.3362908605737402       1.0873216942240338
     656.3364909939959944       0.9147633253185992
     656.3366911274182485       0.9925716273430808
     656.3368912608406163       0.9460614374460968
     656.3370913942628704       1.0146941137352199
     656.3372915276851245       0.8455859628203664
     656.3374916611073786       1.0751894793904757
     656.3376917945297464       0.9347722838282966
     656.3378919279520005       0.9550587784227628
     656.3380920613742546       1.0179036359396383
     656.3382921947965087       0.9433614778520798
     656.3384923282188765       0.9686597152646789
     656.3386924616411306       0.9295404297106964
     656.3388925950633848       0.8701820220447323
     656.3390927284856389       0.9322682941467121
     656.3392928619080067       0.9498236136372051
     656.3394929953302608       0.9612875503655878
     656.3396931287525149       1.0132986631113603
     656.3398932621747690       0.8949394726408473
     656.3400933955971368       0.8957795963053330
     656.3402935290193909       0.9378510256423047
     656.3404936624416450       1.0090412127630657
     656.3406937958638991       0.9523787025366418
     656.3408939292862669       0.9225758451420454
     656.3410940627085211       0.9281962297431078
     656.3412941961307752       0.8768185314064180
     656.3414943295530293       0.9078944888440058
     656.3416944629753971       0.8184297745114095
     656.3418945963976512       0.8438789747018743
     656.3420947298199053       0.9155252702349352
     656.3422948632421594       0.8740147648485954
     656.3424949966644135       0.9018966655204529
     656.3426951300867813       0.8952240270603264
     656.3428952635090354       0.8763639262034026
     656.3430953969312895       0.7599774135351548
     656.3432955303535437       0.8669887656647937
     656.3434956637759115       0.8818786868776570
     656.3436957971981656       0.8929666123193094
     656.3438959306204197       0.8544789009777849
     656.3440960640426738       0.9299957877749426
     656.3442961974650416       0.7680453973792651
     656.3444963308872957       0.8563835821055323
     656.3446964643095498       0.7552421496422763
     656.3448965977318039       0.7685921828421108
     656.3450967311541717       0.7405383307176056
     656.3452968645764258       0.8154215348789673
     656.3454969979986799       0.7299870699510005
     656.3456971314209341       0.7760276604945614
     656.3458972648433019       0.7680475718607684
     656.3460973982655560       0.8563768388623609
     656.3462975316878101       0.8461551210806431
     656.3464976651100642       0.8187875714864308
     656.3466977985324320       0.7651988317525283
     656.3468979319546861       0.7822681866411254
     656.3470980653769402       0.8028003991915580
     656.3472981987991943       0.7608360156641858
     656.3474983322214484       0.8755472950736598
     656.3476984656438162       0.8793522384852800
     656.3478985990660703       0.8535796304549609
     656.3480987324883245       0.9759533454928583
     656.3482988659105786       0.8362230324897066
     656.3484989993329464       0.8012123036233035
     656.3486991327552005       0.8482066271751147
     656.3488992661774546       0.8954970119926905
     656.3490993995997087       0.8395707305424249
     656.3492995330220765       0.8199810283039961
     656.3494996664443306       0.8952566282001856
     656.3496997998665847       0.9315133127927738
     656.3498999332888388       0.9319919707620848
     656.3501000667112066       0.7895730550439232
     656.3503002001334607       0.8605921487525438
     656.3505003335557149       0.8897765786562429
     656.3507004669779690       0.8867060451888193
     656.3509006004003368       0.9699576042541094
     656.3511007338225909       0.8471354512263023
     656.3513008672448450       0.9069679345411730
     656.3515010006670991       0.8987895216397394
     656.3517011340894669       0.9249506288663740
     656.3519012675117210       0.9103615479067088
     656.3521014009339751       1.0180364744974459
     656.3523015343562292       0.9806150326411990
     656.3525016677785970       0.9756510318410048
     656.3527018012008512       0.9187929973447153
     656.3529019346231053       0.9531819537503582
     656.3531020680453594       0.9030686543764084
     656.3533022014676135       0.9763082646538396
     656.3535023348899813       0.9239413127652844
     656.3537024683122354       0.9221338799605664
     656.3539026017344895       0.8807826189542008
     656.3541027351567436       0.9946627531337879
     656.3543028685791114       0.9575597692501404
     656.3545030020013655       1.0231377418949941
     656.3547031354236196       0.9328545230280065
     656.3549032688458738       0.9741837471741921
     656.3551034022682416       0.9345399709973603
     656.3553035356904957       0.9749693945039777
     656.3555036691127498       1.0085067719419054
     656.3557038025350039       0.9793836836836264
     656.3559039359573717       1.0180029250067366
     656.3561040693796258       0.9831767878053265
     656.3563042028018799       1.0452416466611087
     656.3565043362241340       1.0155315153195801
     656.3567044696465018       1.0540222487410844
     656.3569046030687559       0.9494309894280466
     656.3571047364910100       0.9818656313385059
     656.3573048699132642       0.9492345860863721
     656.3575050033356320       1.0341491486638494
     656.3577051367578861       0.9625020426943361
     656.3579052701801402       0.9756582919079237
     656.3581054036023943       0.9994949625455009
     656.3583055370246484       0.9858801487502316
     656.3585056704470162       0.9989912318666152
     656.3587058038692703       0.8982505279127899
     656.3589059372915244       0.9057326526626210
     656.3591060707137785       1.0084228446997061
     656.3593062041361463       1.0175292032519001
     656.3595063375584004       1.0595383203979600
     656.3597064709806546       0.9352776581043111
     656.3599066044029087       0.9846809087668233
     656.3601067378252765       1.0348878497631675
     656.3603068712475306       1.0337636637406782
     656.3605070046697847       1.0133926170040755
     656.3607071380920388       0.9768598308328809
     656.3609072715144066       0.9714833133634171
     656.3611074049366607       0.8894015543516020
     656.3613075383589148       0.9595752142216376
     656.3615076717811689       1.0315785615586277
     656.3617078052035367       0.9731634302082363
     656.3619079386257908       0.9796674622780722
     656.3621080720480450       1.0055327051903338
     656.3623082054702991       0.9772918568087160
     656.3625083388926669       0.9833892002063817
     656.3627084723149210       0.9567284092176740
     656.3629086057371751       1.0576589591835899
     656.3631087391594292       0.9558305714659847
     656.3633088725817970       0.9641109288881931
     656.3635090060040511       1.0178110610205819
     656.3637091394263052       1.0238828498134538
     656.3639092728485593       0.9973309505158596
     656.3641094062708135       0.9816998227783331
     656.3643095396931813       1.0608402877838656
     656.3645096731154354       1.0619705250528968
     656.3647098065376895       1.0630252114948542
     656.3649099399599436       0.9908071345688088
     656.3651100733823114       1.0024937578777704
     656.3653102068045655       1.1109157297968135
     656.3655103402268196       0.9597896503669320
     656.3657104736490737       0.9375329635105331
     656.3659106070714415       0.9865630840521628
     656.3661107404936956       0.9584085102339226
     656.3663108739159497       1.0202653578877821
     656.3665110073382039       0.9331026067719173
     656.3667111407605717       0.8974584122026544
     656.3669112741828258       1.0233306327761378
     656.3671114076050799       0.8905369828842593
     656.3673115410273340       1.0792096911885882
     656.3675116744497018       0.9440388891062798
     656.3677118078719559       0.9693900045983503
     656.3679119412942100       0.9936357619387590
     656.3681120747164641       0.9839045644240362
     656.3683122081388319       1.0063219074280385
     656.3685123415610860       0.9719043742002651
     656.3687124749833401       1.0862432457941058
     656.3689126084055943       1.0450609000487039
     656.3691127418278484       0.9919462108667506
     656.3693128752502162       1.0893065255155778
     656.3695130086724703       0.9606934653018385
     656.3697131420947244       0.9584302896097250
     656.3699132755169785       1.0398660009208545
     656.3701134089393463       0.9917513490119266
     656.3703135423616004       1.0095686568990248
     656.3705136757838545       1.0155366096735865
     656.3707138092061086       1.0159096689696938
     656.3709139426284764       0.9327717788999195
     656.3711140760507305       0.9450868474814128
     656.3713142094729847       0.9779222846043145
     656.3715143428952388       0.9732162372302661
     656.3717144763176066       0.9460505952962323
     656.3719146097398607       0.9187196268213917
     656.3721147431621148       0.9836502409448330
     656.3723148765843689       0.9684149771192166
     656.3725150100067367       1.0404302440054680
     656.3727151434289908       1.0155641501390436
     656.3729152768512449       1.0577187426117440
     656.3731154102734990       0.9246728196547106
     656.3733155436958668       1.0113240508225392
     656.3735156771181209       1.0112402960560722
     656.3737158105403751       0.9997333389696244
     656.3739159439626292       0.9496398754369292
     656.3741160773849970       1.0907944664324878
     656.3743162108072511       1.0673135742521103
     656.3745163442295052       1.1244724392874104
     656.3747164776517593       1.0085721146303579
     656.3749166110740134       0.9373614490024003
     656.3751167444963812       0.9327342584723498
     656.3753168779186353       1.0083622550587876
     656.3755170113408894       0.9904052717608461
     656.3757171447631436       0.9866903154177569
     656.3759172781855113       1.0382604263721600
     656.3761174116077655       0.9622791856526438
     656.3763175450300196       0.9863402629270540
     656.3765176784522737       1.0733291208743632
     656.3767178118746415       1.0127200102433278
     656.3769179452968956       1.0264328513294265
     656.3771180787191497       0.9848659755661953
     656.3773182121414038       1.0310470350086600
     656.3775183455637716       0.9281719699501931
     656.3777184789860257       0.9900136757641991
     656.3779186124082798       0.8722900599241230
     656.3781187458305340       0.8754823058843595
     656.3783188792529018       1.0518334172666060
     656.3785190126751559       0.9785444270819418
     656.3787191460974100       0.9989020640496159
     656.3789192795196641       0.9837441090494391
     656.3791194129420319       0.9603289291262624
     656.3793195463642860       1.0009524632478133
     656.3795196797865401       1.0656651481986046
     656.3797198132087942       1.0659739002585411
     656.3799199466311620       0.8988258913159370
     656.3801200800534161       1.0853221789002419
     656.3803202134756702       1.0058607845567167
     656.3805203468979244       1.0884482488036156
     656.3807204803201785       1.0192736443132162
     656.3809206137425463       1.0479701161384583
     656.3811207471648004       1.0244025476276875
     656.3813208805870545       0.8880309462547302
     656.3815210140093086       1.0325945429503918
     656.3817211474316764       1.0000953367489274
     656.3819212808539305       1.0128425685688853
     656.3821214142761846       1.0888386890292168
     656.3823215476984387       1.0839938372373581
     656.3825216811208065       0.9000055566430092
     656.3827218145430606       0.9695017952471972
     656.3829219479653148       0.9405717663466930
     656.3831220813875689       0.9093887805938721
     656.3833222148099367       1.0545707829296589
     656.3835223482321908       0.9936484307982028
     656.3837224816544449       1.0130579620599747
     656.3839226150766990       1.0936181470751762
     656.3841227484990668       0.9537742622196674
     656.3843228819213209       0.9565617553889751
     656.3845230153435750       1.0663676783442497
     656.3847231487658291       0.8710701614618301
     656.3849232821881969       0.9907033741474152
     656.3851234156104510       0.9977659122087061
     656.3853235490327052       0.9823671095073223
     656.3855236824549593       1.0022324407473207
     656.3857238158772134       1.0831900760531425
     656.3859239492995812       0.9494576565921307
     656.3861240827218353       1.0044395113363862
     656.3863242161440894       1.0081360163167119
     656.3865243495663435       0.9563377611339092
     656.3867244829887113       0.9699211362749338
     656.3869246164109654       0.9948473386466503
     656.3871247498332195       0.9050301164388657
     656.3873248832554737       0.9843482077121735
     656.3875250166778414       0.9640180803835392
     656.3877251501000956       1.1135536059737206
     656.3879252835223497       0.9885446093976498
     656.3881254169446038       0.9676323570311069
     656.3883255503669716       1.0024869758635759
     656.3885256837892257       0.8977456167340279
     656.3887258172114798       0.9853689894080162
     656.3889259506337339       0.9672306552529335
     656.3891260840561017       0.9661274440586567
     656.3893262174783558       1.0499858446419239
     656.3895263509006099       1.0191314592957497
     656.3897264843228641       0.9702920466661453
     656.3899266177452319       0.9582279808819294
     656.3901267511674860       1.0340002737939358
     656.3903268845897401       1.0480127818882465
     656.3905270180119942       0.9478816092014313
     656.3907271514343620       0.9253581240773201
     656.3909272848566161       0.9495023526251316
     656.3911274182788702       0.9958603614941239
     656.3913275517011243       1.0698558688163757
     656.3915276851233784       1.0591502860188484
     656.3917278185457462       0.9626090601086617
     656.3919279519680003       1.0195242352783680
     656.3921280853902545       1.0044136359356344
     656.3923282188125086       0.9958705180324614
     656.3925283522348764       0.9623677469789982
     656.3927284856571305       1.0099887484684587
     656.3929286190793846       1.0297070629894733
     656.3931287525016387       0.9649623557925224
     656.3933288859240065       1.0647013708949089
     656.3935290193462606       0.8937492147088051
     656.3937291527685147       1.0171450637280941
     656.3939292861907688       0.9553728178143501
     656.3941294196131366       1.0499899499118328
     656.3943295530353907       0.9493033029139042
     656.3945296864576449       0.8941504135727882
     656.3947298198798990       1.0526162274181843
     656.3949299533022668       0.9827641602605581
     656.3951300867245209       0.9378015920519829
     656.3953302201467750       0.9316002354025841
     656.3955303535690291       1.0113176899030805
     656.3957304869913969       1.0115033434703946
     656.3959306204136510       0.9524737447500229
     656.3961307538359051       1.0278509557247162
     656.3963308872581592       0.9960662336088717
     656.3965310206804133       1.0241240970790386
     656.3967311541027811       0.9432599842548370
     656.3969312875250353       1.0170714184641838
     656.3971314209472894       0.9758422747254372
     656.3973315543695435       1.0578176677227020
     656.3975316877919113       0.9015199914574623
     656.3977318212141654       0.9557692185044289
     656.3979319546364195       0.9234535694122314
     656.3981320880586736       1.0304002165794373
     656.3983322214810414       0.9599700607359409
     656.3985323549032955       1.0008516860543750
     656.3987324883255496       1.0165773332118988
     656.3989326217478038       0.9492852501571178
     656.3991327551701715       0.9024402201175690
     656.3993328885924257       0.9580151587724686
     656.3995330220146798       1.0508395209908485
     656.3997331554369339       0.9841518122702837
     656.3999332888593017       0.9854327365756035
     656.4001334222815558       0.9995756747957785
     656.4003335557038099       0.9504184052348137
     656.4005336891260640       0.9772419426590204
     656.4007338225484318       1.0211221780627966
     656.4009339559706859       0.9575668387115002
     656.4011340893929400       0.9106079787015915
     656.4013342228151942       1.0034747563768178
     656.4015343562375620       1.1273500472307205
     656.4017344896598161       1.0216636732220650
     656.4019346230820702       1.0640990659594536
     656.4021347565043243       1.0273831021040678
     656.4023348899265784       0.9286199808120728
     656.4025350233489462       1.0541478507220745
     656.4027351567712003       0.9656559452414513
     656.4029352901934544       1.0512170456349850
     656.4031354236157085       0.9040408581495285
     656.4033355570380763       0.9520870782434940
     656.4035356904603304       1.0130840046331286
     656.4037358238825846       0.9317794218659401
     656.4039359573048387       1.0020289865788072
     656.4041360907272065       0.9737132396548986
     656.4043362241494606       0.9828445725142956
     656.4045363575717147       0.9341554790735245
     656.4047364909939688       1.0045595681294799
     656.4049366244163366       1.0301631931215525
     656.4051367578385907       1.0162622556090355
     656.4053368912608448       0.9388633891940117
     656.4055370246830989       0.9561485126614571
     656.4057371581054667       1.0113070979714394
     656.4059372915277208       0.9435625113546848
     656.4061374249499750       1.0013332496164367
     656.4063375583722291       0.9733518622815609
     656.4065376917945969       1.1101880893111229
     656.4067378252168510       1.0143996765837073
     656.4069379586391051       0.9832347165793180
     656.4071380920613592       0.9724344816058874
     656.4073382254836133       0.9825914893299341
     656.4075383589059811       1.0964836105704308
     656.4077384923282352       0.9921201243996620
     656.4079386257504893       0.9636494256556034
     656.4081387591727434       1.0534607283771038
     656.4083388925951112       0.9885140359401703
     656.4085390260173654       0.9870257582515478
     656.4087391594396195       0.9186611026525497
     656.4089392928618736       1.0571934767067432
     656.4091394262842414       0.9895997885614634
     656.4093395597064955       0.9886817168444395
     656.4095396931287496       1.0035155215300620
     656.4097398265510037       0.9273239895701408
     656.4099399599733715       0.9749427754431963
     656.4101400933956256       1.0052937627770007
     656.4103402268178797       1.0096546998247504
     656.4105403602401339       1.0388995967805386
     656.4107404936625016       0.9471778459846973
     656.4109406270847558       0.9833400491625071
     656.4111407605070099       0.9904755121096969
     656.4113408939292640       0.9433245770633221
     656.4115410273516318       0.9446871206164360
     656.4117411607738859       1.0589863024652004
     656.4119412941961400       1.0858614221215248
     656.4121414276183941       0.8758968114852905
     656.4123415610407619       1.0603256188333035
     656.4125416944630160       1.0189388822764158
     656.4127418278852701       0.9590858072042465
     656.4129419613075243       1.0789409577846527
     656.4131420947297784       1.0218148306012154
     656.4133422281521462       0.9907935475930572
     656.4135423615744003       1.0206724815070629
     656.4137424949966544       1.0020386870019138
     656.4139426284189085       1.0016029026592150
     656.4141427618412763       0.9891059985384345
     656.4143428952635304       1.0628734454512596
     656.4145430286857845       0.9616903811693192
     656.4147431621080386       1.0351556800305843
     656.4149432955304064       1.0536053478717804
     656.4151434289526605       0.9710233379155397
     656.4153435623749147       0.9871124522760510
     656.4155436957971688       0.9549033045768738
     656.4157438292195366       0.9846057947725058
     656.4159439626417907       1.0202940367162228
     656.4161440960640448       1.0460399650037289
     656.4163442294862989       0.9892674656584859
     656.4165443629086667       1.0448857806622982
     656.4167444963309208       0.9798275083303452
     656.4169446297531749       1.0597685761749744
     656.4171447631754290       1.0353130809962749
     656.4173448965977968       0.9548542946577072
     656.4175450300200509       0.8874977305531502
     656.4177451634423051       1.0176879744976759
     656.4179452968645592       0.9531898237764835
     656.4181454302869270       0.9742420725524426
     656.4183455637091811       1.0514186210930347
     656.4185456971314352       1.0054300762712955
     656.4187458305536893       1.0595080219209194
     656.4189459639759434       1.0218351427465677
     656.4191460973983112       0.9511922635138035
     656.4193462308205653       0.9104110971093178
     656.4195463642428194       0.9987580531742424
     656.4197464976650735       1.0246557239443064
     656.4199466310874413       0.9199065417051315
     656.4201467645096955       1.0352051071822643
     656.4203468979319496       0.9879860617220402
     656.4205470313542037       0.9777036421000957
     656.4207471647765715       0.9879622878506780
     656.4209472981988256       0.9894551234319806
     656.4211474316210797       1.0438549481332302
     656.4213475650433338       0.9977463723625988
     656.4215476984657016       0.9414816834032536
     656.4217478318879557       0.9849041858687997
     656.4219479653102098       0.9759232588112354
     656.4221480987324640       1.0542033910751343
     656.4223482321548317       0.9590732939541340
     656.4225483655770859       1.0223837196826935
     656.4227484989993400       1.0336076021194458
     656.4229486324215941       0.9839750397950411
     656.4231487658439619       0.9861164269968867
     656.4233488992662160       0.9907503947615623
     656.4235490326884701       0.9225954189896584
     656.4237491661107242       0.9677034877240658
     656.4239492995329783       0.9936349228955805
     656.4241494329553461       0.9632262475788593
     656.4243495663776002       0.9211113080382347
     656.4245496997998544       0.9269165471196175
     656.4247498332221085       0.8886202052235603
     656.4249499666444763       0.9741052407771349
     656.4251501000667304       0.9687140174210072
     656.4253502334889845       1.0590446852147579
     656.4255503669112386       0.9779063109308481
     656.4257505003336064       0.9209159314632416
     656.4259506337558605       0.9805984944105148
     656.4261507671781146       0.9890721393749118
     656.4263509006003687       1.0364926420152187
     656.4265510340227365       0.9553429707884789
     656.4267511674449906       0.9594278521835804
     656.4269513008672448       0.9922641166485846
     656.4271514342894989       0.9664904549717903
     656.4273515677118667       0.9197372272610664
     656.4275517011341208       0.9990272511495277
     656.4277518345563749       0.9043352380394936
     656.4279519679786290       0.9158945158123970
     656.4281521014009968       1.1183565258979797
     656.4283522348232509       0.9164271354675293
     656.4285523682455050       1.0972494408488274
     656.4287525016677591       0.9585889279842377
     656.4289526350901269       1.0519491806626320
     656.4291527685123810       0.9904568316414952
     656.4293529019346352       0.9717942476272583
     656.4295530353568893       0.9593013301491737
     656.4297531687791434       1.0486625768244267
     656.4299533022015112       1.0169360395520926
     656.4301534356237653       0.9523797221481800
     656.4303535690460194       1.0241526253521442
     656.4305537024682735       0.9880147697404027
     656.4307538358906413       1.0249997898936272
     656.4309539693128954       1.0598643086850643
     656.4311541027351495       1.0223114769905806
     656.4313542361574036       0.9950288315303624
     656.4315543695797714       1.0032950886525214
     656.4317545030020256       0.9757690019905567
     656.4319546364242797       0.9900345178321004
     656.4321547698465338       0.9724093377590179
     656.4323549032689016       1.0621579363942146
     656.4325550366911557       0.9847430484369397
     656.4327551701134098       0.9418312348425388
     656.4329553035356639       0.9920684443786740
     656.4331554369580317       1.0391537360846996
     656.4333555703802858       1.0346399992704391
     656.4335557038025399       1.1008893996477127
     656.4337558372247940       0.9778029192239046
     656.4339559706471618       0.9878325425088406
     656.4341561040694160       1.0603832192718983
     656.4343562374916701       0.8942236900329590
     656.4345563709139242       1.0812983438372612
     656.4347565043361783       1.1205106899142265
     656.4349566377585461       1.0748810693621635
     656.4351567711808002       0.9138802364468575
     656.4353569046030543       0.9800334721803665
     656.4355570380253084       0.9575813971459866
     656.4357571714476762       0.9865906415507197
     656.4359573048699303       0.9285735487937927
     656.4361574382921845       1.0169178266078234
     656.4363575717144386       1.0186411570757627
     656.4365577051368064       0.9505061693489552
     656.4367578385590605       0.9498748071491718
     656.4369579719813146       1.0185196567326784
     656.4371581054035687       1.0592720396816730
     656.4373582388259365       0.9635160118341446
     656.4375583722481906       0.9780871514230967
     656.4377585056704447       1.0679778754711151
     656.4379586390926988       0.9940422060899436
     656.4381587725150666       1.0174055062234402
     656.4383589059373207       0.9159418269991875
     656.4385590393595749       1.0214037317782640
     656.4387591727818290       1.0025234671775252
     656.4389593062041968       1.0295559670776129
     656.4391594396264509       1.0066971792839468
     656.4393595730487050       0.9810759872198105
     656.4395597064709591       0.9310934841632843
     656.4397598398933269       0.9822000153362751
     656.4399599733155810       0.9802316408604383
     656.4401601067378351       1.0600146129727364
     656.4403602401600892       1.0552510432898998
     656.4405603735823433       0.9792443085461855
     656.4407605070047111       0.9936730628833175
     656.4409606404269653       0.9745304603129625
     656.4411607738492194       0.9870331138372421
     656.4413609072714735       1.0170950163155794
     656.4415610406938413       0.9772147871553898
     656.4417611741160954       0.9847569512203336
     656.4419613075383495       1.0438909642398357
     656.4421614409606036       0.9018778055906296
     656.4423615743829714       1.0717274174094200
     656.4425617078052255       1.0366556830704212
     656.4427618412274796       1.0331108458340168
     656.4429619746497337       0.9810064975172281
     656.4431621080721015       1.0339467041194439
     656.4433622414943557       0.9376432709395885
     656.4435623749166098       1.0525586381554604
     656.4437625083388639       0.9491656236350536
     656.4439626417612317       0.9940144927240908
     656.4441627751834858       1.1019596457481384
     656.4443629086057399       1.0023750914260745
     656.4445630420279940       0.9737550262361765
     656.4447631754503618       0.9124024212360382
     656.4449633088726159       0.8894644752144814
     656.4451634422948700       0.9882958354428411
     656.4453635757171241       1.0371499769389629
     656.4455637091393783       0.9939441028982401
     656.4457638425617461       1.0560482107102871
     656.4459639759840002       0.9716972727328539
     656.4461641094062543       0.9989079610677436
     656.4463642428285084       1.0092105837538838
     656.4465643762508762       0.9757490251213312
     656.4467645096731303       1.0330830141901970
     656.4469646430953844       1.0774570629000664
     656.4471647765176385       0.9958279868587852
     656.4473649099400063       1.0216878168284893
     656.4475650433622604       1.0753825530409813
     656.4477651767845146       1.0358286425471306
     656.4479653102067687       1.0038035528268665
     656.4481654436291365       1.0233185812830925
     656.4483655770513906       0.9539107941091061
     656.4485657104736447       1.0205126684159040
     656.4487658438958988       0.9356458559632301
     656.4489659773182666       1.0171163156628609
     656.4491661107405207       1.0113600669428706
     656.4493662441627748       0.8791070803999901
     656.4495663775850289       0.9716111477464437
     656.4497665110073967       1.0316705554723740
     656.4499666444296508       1.0064129042439163
     656.4501667778519050       1.0393878482282162
     656.4503669112741591       1.0301742982119322
     656.4505670446965269       0.9599975161254406
     656.4507671781187810       0.9888789290562272
     656.4509673115410351       1.0216151401400566
     656.4511674449632892       0.9873381685465574
     656.4513675783855433       0.9414902627468109
     656.4515677118079111       0.9908490544185042
     656.4517678452301652       1.0063138413242996
     656.4519679786524193       1.0253531988710165
     656.4521681120746734       0.9626210741698742
     656.4523682454970412       0.9752606768161058
     656.4525683789192954       0.9547120817005634
     656.4527685123415495       1.0097504546865821
     656.4529686457638036       0.9899190273135900
     656.4531687791861714       1.0990023314952850
     656.4533689126084255       1.0859096795320511
     656.4535690460306796       0.9441001340746880
     656.4537691794529337       0.9805709812790155
     656.4539693128753015       1.0037084568757564
     656.4541694462975556       1.0524083971977234
     656.4543695797198097       1.0212645567953587
     656.4545697131420638       0.9396805278956890
     656.4547698465644316       1.0304821170866489
     656.4549699799866858       1.0305129233747721
     656.4551701134089399       0.9206955805420876
     656.4553702468311940       1.0502027161419392
     656.4555703802535618       0.9397561550140381
     656.4557705136758159       1.0306634996086359
     656.4559706470980700       0.9681798256933689
     656.4561707805203241       1.0358365066349506
     656.4563709139425782       1.0532853193581104
     656.4565710473649460       1.0137908477336168
     656.4567711807872001       0.9304137155413628
     656.4569713142094542       0.9907171409577131
     656.4571714476317084       0.9364006221294403
     656.4573715810540762       1.0503881052136421
     656.4575717144763303       0.9521381631493568
     656.4577718478985844       1.0783628672361374
     656.4579719813208385       0.9721008408814669
     656.4581721147432063       1.0238742567598820
     656.4583722481654604       1.0479847602546215
     656.4585723815877145       0.9722403082996607
     656.4587725150099686       1.0397179126739502
     656.4589726484323364       1.0385731570422649
     656.4591727818545905       0.9952825400978327
     656.4593729152768447       1.0800760239362717
     656.4595730486990988       0.9092089161276817
     656.4597731821214666       0.9671934135258198
     656.4599733155437207       0.9746109116822481
     656.4601734489659748       0.9720536936074495
     656.4603735823882289       0.9670652076601982
     656.4605737158105967       1.0133959949016571
     656.4607738492328508       1.0041099688969553
     656.4609739826551049       0.9791645817458630
     656.4611741160773590       0.9319145530462265
     656.4613742494997268       0.9644718654453754
     656.4615743829219809       0.9296379312872887
     656.4617745163442351       1.0234941076487303
     656.4619746497664892       0.9136274233460426
     656.4621747831887433       0.9967305078171194
     656.4623749166111111       0.9529317058622837
     656.4625750500333652       1.0654964670538902
     656.4627751834556193       0.9878828078508377
     656.4629753168778734       1.0506447665393353
     656.4631754503002412       1.0243984814733267
     656.4633755837224953       1.0968563705682755
     656.4635757171447494       1.0225967001169920
     656.4637758505670035       0.9633328653872013
     656.4639759839893713       0.9975921541918069
     656.4641761174116255       1.0062455078586936
     656.4643762508338796       0.9629261232912540
     656.4645763842561337       0.9612904526293278
     656.4647765176785015       1.0312720388174057
     656.4649766511007556       0.9605527147650719
     656.4651767845230097       1.0291379038244486
     656.4653769179452638       0.9583961889147758
     656.4655770513676316       1.0151342693716288
     656.4657771847898857       1.0372823290526867
     656.4659773182121398       1.0335851274430752
     656.4661774516343939       1.0069833071902394
     656.4663775850567617       0.9949240689165890
     656.4665777184790159       0.9895075159147382
     656.4667778519012700       0.9685306660830975
     656.4669779853235241       0.9879190940409899
     656.4671781187458919       0.9531609453260899
     656.4673782521681460       0.9480771347880363
     656.4675783855904001       1.0305584166198969
     656.4677785190126542       1.0527364909648895
     656.4679786524349083       0.8480013757944107
     656.4681787858572761       0.9982534237205982
     656.4683789192795302       0.9392189122736454
     656.4685790527017843       1.1237614080309868
     656.4687791861240385       1.0530977360904217
     656.4689793195464063       1.0071179652586579
     656.4691794529686604       1.0974486246705055
     656.4693795863909145       1.0271625127643347
     656.4695797198131686       1.0398775972425938
     656.4697798532355364       1.0437251701951027
     656.4699799866577905       0.9950269367545843
     656.4701801200800446       0.9327372908592224
     656.4703802535022987       1.0741264969110489
     656.4705803869246665       0.9567237049341202
     656.4707805203469206       0.9459578394889832
     656.4709806537691748       1.0444279648363590
     656.4711807871914289       0.9580438993871212
     656.4713809206137967       0.9481882639229298
     656.4715810540360508       1.0029722421895713
     656.4717811874583049       1.0594393983483315
     656.4719813208805590       1.0008100004051812
     656.4721814543029268       0.9389864616096020
     656.4723815877251809       1.0372342318296432
     656.4725817211474350       1.0949795171618462
     656.4727818545696891       0.9970646577421576
     656.4729819879919432       0.9344445765018463
     656.4731821214143110       1.0396257452666759
     656.4733822548365652       1.0598809719085693
     656.4735823882588193       0.9067701473832130
     656.4737825216810734       0.9074398875236511
     656.4739826551034412       0.9515565074980259
     656.4741827885256953       1.0195399150252342
     656.4743829219479494       1.0711797922849655
     656.4745830553702035       0.9992793987039477
     656.4747831887925713       0.9334233552217484
     656.4749833222148254       0.9332651048898697
     656.4751834556370795       0.9271068051457405
     656.4753835890593336       0.9899830967187881
     656.4755837224817014       1.0233036875724792
     656.4757838559039556       0.9479350484907627
     656.4759839893262097       0.9715993814170361
     656.4761841227484638       0.9541263617575169
     656.4763842561708316       0.9861665638163686
     656.4765843895930857       1.0532668940722942
     656.4767845230153398       0.9610004797577858
     656.4769846564375939       1.0455211512744427
     656.4771847898599617       1.0413795821368694
     656.4773849232822158       1.0173128526657820
     656.4775850567044699       1.0761067941784859
     656.4777851901267240       0.9870753660798073
     656.4779853235490918       1.0051293568685651
     656.4781854569713460       0.9837237931787968
     656.4783855903936001       1.0583982281386852
     656.4785857238158542       0.9718738440424204
     656.4787858572381083       1.0074423174373806
     656.4789859906604761       1.0305768400430679
     656.4791861240827302       0.9581082537770271
     656.4793862575049843       1.0191540457308292
     656.4795863909272384       1.0219281297177076
     656.4797865243496062       0.9339688196778297
     656.4799866577718603       1.0164890196174383
     656.4801867911941144       0.9528115577995777
     656.4803869246163686       0.9999631176906405
     656.4805870580387364       1.0095741078257561
     656.4807871914609905       0.9899272331967950
     656.4809873248832446       1.0200481023639441
     656.4811874583054987       0.9833507556468248
     656.4813875917278665       0.9722173660993576
     656.4815877251501206       0.9511494487524033
     656.4817878585723747       0.9035638719797134
     656.4819879919946288       1.0757579430937767
     656.4821881254169966       0.8590756803750992
     656.4823882588392507       0.9258101359009743
     656.4825883922615049       1.0208248570561409
     656.4827885256837590       0.9655127674341202
     656.4829886591061268       1.0130026182159781
     656.4831887925283809       1.0850686132907867
     656.4833889259506350       1.0558090098202229
     656.4835890593728891       1.0578235164284706
     656.4837891927951432       1.0539613328874111
     656.4839893262175110       1.0307769011706114
     656.4841894596397651       0.9157470837235451
     656.4843895930620192       1.1309660226106644
     656.4845897264842733       0.9138311371207237
     656.4847898599066411       0.9298092350363731
     656.4849899933288953       1.0161060355603695
     656.4851901267511494       0.9346052780747414
     656.4853902601734035       1.0571765303611755
     656.4855903935957713       0.9512716159224510
     656.4857905270180254       0.9586514011025429
     656.4859906604402795       1.0158104114234447
     656.4861907938625336       0.9875226141884923
     656.4863909272849014       0.9866855647414923
     656.4865910607071555       0.9763046838343143
     656.4867911941294096       0.9529524631798267
     656.4869913275516637       0.9840587694197893
     656.4871914609740315       1.0019135841866955
     656.4873915943962857       0.9744908027350903
     656.4875917278185398       0.9331953674554825
     656.4877918612407939       1.0016658919630572
     656.4879919946631617       1.0648417621850967
     656.4881921280854158       0.9853591443970799
     656.4883922615076699       1.0459146685898304
     656.4885923949299240       1.0141983497887850
     656.4887925283522918       1.0027526158373803
     656.4889926617745459       0.9469500705599785
     656.4891927951968000       1.0217481162399054
     656.4893929286190541       1.0138400001451373
     656.4895930620413083       1.0195485744625330
     656.4897931954636761       1.0115279611200094
     656.4899933288859302       0.9418046399950981
     656.4901934623081843       0.9666597656905651
     656.4903935957304384       1.0346634350717068
     656.4905937291528062       0.9339953139424324
     656.4907938625750603       1.0499376691877842
     656.4909939959973144       0.9865612620487809
     656.4911941294195685       1.0069436631165445
     656.4913942628419363       0.9162826314568520
     656.4915943962641904       0.9232378378510475
     656.4917945296864445       1.0500020869076252
     656.4919946631086987       0.9629621244966984
     656.4921947965310665       1.0307245645672083
     656.4923949299533206       1.0047120079398155
     656.4925950633755747       1.0236197914928198
     656.4927951967978288       0.9640925452113152
     656.4929953302201966       0.9336670115590096
     656.4931954636424507       0.9396477155387402
     656.4933955970647048       1.0542178153991699
     656.4935957304869589       0.9953265399672091
     656.4937958639093267       0.9887165063992143
     656.4939959973315808       1.0690798610448837
     656.4941961307538350       0.9416496977210045
     656.4943962641760891       1.0188338365405798
     656.4945963975983432       0.9624815396964550
     656.4947965310207110       0.9532513730227947
     656.4949966644429651       1.0069110742770135
     656.4951967978652192       1.0146331358700991
     656.4953969312874733       0.9557688720524311
     656.4955970647098411       0.9994030313682742
     656.4957971981320952       1.0366615690290928
     656.4959973315543493       1.0249823909252882
     656.4961974649766034       0.9808278903365135
     656.4963975983989712       0.9803181029856205
     656.4965977318212254       1.0180668514221907
     656.4967978652434795       0.9930729470215738
     656.4969979986657336       1.0394004248082638
     656.4971981320881014       0.8986473158001900
     656.4973982655103555       0.9646414704620838
     656.4975983989326096       1.0013897026656196
     656.4977985323548637       1.1450800895690918
     656.4979986657772315       0.9973037096206099
     656.4981987991994856       1.0211843922734261
     656.4983989326217397       0.9646763540804386
     656.4985990660439938       0.9980546559672803
     656.4987991994663616       1.0084247607737780
     656.4989993328886158       1.0009848915506154
     656.4991994663108699       0.9023932442069054
     656.4993995997331240       0.8977663964033127
     656.4995997331554918       1.0222669057548046
     656.4997998665777459       1.0146901383996010
     656.5000000000000000       0.9237893074750900
