     656.2000000000000455       1.0006282147369348
     656.2002001334222996       0.9939451059326530
     656.2004002668445537       1.0393526069819927
     656.2006004002669215       1.0288812126964331
     656.2008005336891756       0.9292039871215820
     656.2010006671114297       1.0027082317974418
     656.2012008005336838       1.0168490298092365
     656.2014009339560516       0.9362786486744881
     656.2016010673783057       1.0762428268790245
     656.2018012008005599       0.9829426705837250
     656.2020013342228140       1.0113397641107440
     656.2022014676451818       1.0104803331196308
     656.2024016010674359       1.0367641784250736
     656.2026017344896900       0.9438137039542198
     656.2028018679119441       0.9960752632468939
     656.2030020013343119       1.0120874969288707
     656.2032021347565660       1.0459169596433640
     656.2034022681788201       1.0129599710926414
     656.2036024016010742       0.9499353766441345
     656.2038025350234420       1.0606096796691418
     656.2040026684456961       1.0262949652969837
     656.2042028018679503       1.0739162340760231
     656.2044029352902044       1.0344469659030437
     656.2046030687125722       0.9738400541245937
     656.2048032021348263       1.0481962412595749
     656.2050033355570804       1.0598492026329041
     656.2052034689793345       1.0206477846950293
     656.2054036024017023       1.0632434114813805
     656.2056037358239564       1.0916332751512527
     656.2058038692462105       1.0384106747806072
     656.2060040026684646       0.9731543269008398
     656.2062041360907187       0.9927676124498248
     656.2064042695130865       0.9998964205587981
     656.2066044029353407       1.0444857776165009
     656.2068045363575948       0.9622893072664738
     656.2070046697798489       1.0257144663482904
     656.2072048032022167       1.0464809425175190
     656.2074049366244708       0.9433214552700520
     656.2076050700467249       1.0006664249813184
     656.2078052034689790       1.0043582143262029
     656.2080053368913468       0.9853037754073739
     656.2082054703136009       0.9947613012045622
     656.2084056037358550       0.9921062365174294
     656.2086057371581092       0.9674037136137486
     656.2088058705804769       1.0591065846383572
     656.2090060040027311       1.0058045284822583
     656.2092061374249852       1.0315981693565845
     656.2094062708472393       1.0507191978394985
     656.2096064042696071       1.0163036510348320
     656.2098065376918612       1.0161131490021944
     656.2100066711141153       0.9508332833647728
     656.2102068045363694       1.0596266388893127
     656.2104069379587372       0.9915669709444046
     656.2106070713809913       1.0119475917890668
     656.2108072048032454       1.0085746413096786
     656.2110073382254996       0.9729729704558849
     656.2112074716477537       1.0622485056519508
     656.2114076050701215       0.9453031308948994
     656.2116077384923756       0.8892085403203964
     656.2118078719146297       1.0423924811184406
     656.2120080053368838       1.0072195529937744
     656.2122081387592516       1.0452514849603176
     656.2124082721815057       1.0083745447918773
     656.2126084056037598       1.0153747377917171
     656.2128085390260139       1.0802649483084679
     656.2130086724483817       1.0065778912976384
     656.2132088058706358       0.9676180966198444
     656.2134089392928900       0.9398217611014843
     656.2136090727151441       0.9848136408254504
     656.2138092061375119       1.0321793816983700
     656.2140093395597660       1.0393928810954094
     656.2142094729820201       1.0138286249712110
     656.2144096064042742       0.9725064728409052
     656.2146097398266420       1.0165518429130316
     656.2148098732488961       0.9560000225901604
     656.2150100066711502       1.0335920639336109
     656.2152101400934043       1.0754371955990791
     656.2154102735157721       1.0610063262283802
     656.2156104069380262       0.9847635524347425
     656.2158105403602804       0.9641955755650997
     656.2160106737825345       0.9963911860249937
     656.2162108072049023       0.9071892201900482
     656.2164109406271564       1.0312283337116241
     656.2166110740494105       0.9866432277485728
     656.2168112074716646       1.0353034436702728
     656.2170113408939187       1.0423115454614162
     656.2172114743162865       1.0666376501321793
     656.2174116077385406       0.9739599246531725
     656.2176117411607947       1.0044947867281735
     656.2178118745830488       1.0388482473790646
     656.2180120080054166       0.9424006864428520
     656.2182121414276708       1.0995503291487694
     656.2184122748499249       0.9397732354700565
     656.2186124082721790       1.0413194186985493
     656.2188125416945468       0.9956136820837855
     656.2190126751168009       0.9782743602991104
     656.2192128085390550       0.9588379822671413
     656.2194129419613091       0.9975359172094613
     656.2196130753836769       0.9735701587051153
     656.2198132088059310       1.0113032450899482
     656.2200133422281851       1.0753101333975792
     656.2202134756504392       0.9905627630650997
     656.2204136090728070       0.9617670513689518
     656.2206137424950612       1.0236582402139902
     656.2208138759173153       0.9621998853981495
     656.2210140093395694       0.9729181528091431
     656.2212141427619372       0.9375234134495258
     656.2214142761841913       0.9843928245827556
     656.2216144096064454       1.0029311764519662
     656.2218145430286995       0.9793189745396376
     656.2220146764509536       0.9883414255455136
     656.2222148098733214       1.0345288366079330
     656.2224149432955755       0.9990845911088400
     656.2226150767178297       1.0316417738795280
     656.2228152101400838       1.0548980794847012
     656.2230153435624516       0.9485102593898773
     656.2232154769847057       1.0813683196902275
     656.2234156104069598       0.9868805389851332
     656.2236157438292139       0.9854328911751509
     656.2238158772515817       0.9687243737280369
     656.2240160106738358       1.0464587360620499
     656.2242161440960899       0.9900393215939403
     656.2244162775183440       1.0180820897221565
     656.2246164109407118       1.0122388871386647
     656.2248165443629659       1.0483527258038521
     656.2250166777852201       0.9454456605017185
     656.2252168112074742       1.0071614556945860
     656.2254169446298420       0.9776445124298334
     656.2256170780520961       0.9747616257518530
     656.2258172114743502       0.9330737814307213
     656.2260173448966043       1.0601183772087097
     656.2262174783189721       1.0031372997909784
     656.2264176117412262       0.9907849403098226
     656.2266177451634803       1.0024888813495636
     656.2268178785857344       0.9397910051047802
     656.2270180120081022       0.9012800529599190
     656.2272181454303563       1.0385616682469845
     656.2274182788526105       0.9883268186822534
     656.2276184122748646       1.0243935715407133
     656.2278185456971187       0.9474850893020630
     656.2280186791194865       1.0582045428454876
     656.2282188125417406       0.9401064105331898
     656.2284189459639947       1.0364491268992424
     656.2286190793862488       1.0157660748809576
     656.2288192128086166       1.0173387005925179
     656.2290193462308707       0.9671813473105431
     656.2292194796531248       0.9919596239924431
     656.2294196130753789       1.0162939187139273
     656.2296197464977467       0.9740924146026373
     656.2298198799200009       0.9428854696452618
     656.2300200133422550       0.9192581549286842
     656.2302201467645091       0.9894366199150681
     656.2304202801868769       1.0000080365243775
     656.2306204136091310       1.0045244870707393
     656.2308205470313851       1.0098588084802032
     656.2310206804536392       1.0466906987130642
     656.2312208138760070       0.9895358169451356
     656.2314209472982611       1.0088101467117667
     656.2316210807205152       1.1442792713642120
     656.2318212141427693       0.9947088048793375
     656.2320213475651371       0.9532471261918545
     656.2322214809873913       1.0455995239317417
     656.2324216144096454       0.9767447113990784
     656.2326217478318995       1.0762634724378586
     656.2328218812541536       0.9711609799414873
     656.2330220146765214       1.0448635257780552
     656.2332221480987755       1.0852506384253502
     656.2334222815210296       1.0540418513119221
     656.2336224149432837       0.9831367228180170
     656.2338225483656515       0.9789773374795914
     656.2340226817879056       0.9879455547779799
     656.2342228152101598       0.9512231871485710
     656.2344229486324139       0.9588964059948921
     656.2346230820547817       1.0265440735965967
     656.2348232154770358       0.9659634828567505
     656.2350233488992899       1.0501305051147938
     656.2352234823215440       0.9571118280291557
     656.2354236157439118       0.9330746978521347
     656.2356237491661659       0.9442448541522026
     656.2358238825884200       0.9142064154148102
     656.2360240160106741       1.0130706401541829
     656.2362241494330419       0.9959954856894910
     656.2364242828552960       1.0493410937488079
     656.2366244162775502       0.9849102869629860
     656.2368245496998043       0.9723909664899111
     656.2370246831221721       1.0328307561576366
     656.2372248165444262       1.0196218360215425
     656.2374249499666803       0.9921868303790689
     656.2376250833889344       1.0207026544958353
     656.2378252168113022       0.9937043418176472
     656.2380253502335563       0.9962330232374370
     656.2382254836558104       1.0806742012500763
     656.2384256170780645       1.0413804687559605
     656.2386257505003186       0.9984093920793384
     656.2388258839226864       0.9891590829938650
     656.2390260173449406       1.0053799836896360
     656.2392261507671947       1.0140341222286224
     656.2394262841894488       0.9739549700170755
     656.2396264176118166       0.9058582112193108
     656.2398265510340707       1.0677461475133896
     656.2400266844563248       0.9749889094382524
     656.2402268178785789       1.0223295744508505
     656.2404269513009467       0.9352492168545723
     656.2406270847232008       1.0201839338988066
     656.2408272181454549       1.0404052287340164
     656.2410273515677090       0.9929816229268909
     656.2412274849900768       0.9208860322833061
     656.2414276184123310       1.1190182566642761
     656.2416277518345851       0.9897896582260728
     656.2418278852568392       0.9624333009123802
     656.2420280186792070       1.0265178978443146
     656.2422281521014611       1.0522948801517487
     656.2424282855237152       0.9865862810984254
     656.2426284189459693       1.0370513424277306
     656.2428285523683371       1.0479002781212330
     656.2430286857905912       0.9910226780921221
     656.2432288192128453       1.0056128422729671
     656.2434289526350994       0.9344604238867760
     656.2436290860574672       1.1031858474016190
     656.2438292194797214       0.9726283866912127
     656.2440293529019755       1.0682627856731415
     656.2442294863242296       0.9735750351101160
     656.2444296197464837       0.9998514990875265
     656.2446297531688515       1.0200103782117367
     656.2448298865911056       0.9554391987621784
     656.2450300200133597       1.0120548261329532
     656.2452301534356138       0.9780861940234900
     656.2454302868579816       1.0482514686882496
     656.2456304202802357       0.9355700984597206
     656.2458305537024899       0.9827890116721392
     656.2460306871247440       0.9390806853771210
     656.2462308205471118       1.0197335928678513
     656.2464309539693659       0.9942268645390868
     656.2466310873916200       0.9697826374322176
     656.2468312208138741       1.0386597327888012
     656.2470313542362419       1.0668633654713631
     656.2472314876584960       1.0748471543192863
     656.2474316210807501       0.9367109537124634
     656.2476317545030042       1.0473461709916592
     656.2478318879253720       1.0230852197855711
     656.2480320213476261       1.0362568385899067
     656.2482321547698803       0.9219533205032349
     656.2484322881921344       0.9695919845253229
     656.2486324216145022       0.9810894746333361
     656.2488325550367563       0.9414895586669445
     656.2490326884590104       0.9878784501925111
     656.2492328218812645       0.9203751683235168
     656.2494329553035186       1.0049904570914805
     656.2496330887258864       1.0461517423391342
     656.2498332221481405       0.8664528727531433
     656.2500333555703946       1.0591970384120941
     656.2502334889926487       1.0189586412161589
     656.2504336224150165       1.0484240241348743
     656.2506337558372707       1.0394406206905842
     656.2508338892595248       1.0659227296710014
     656.2510340226817789       0.9730859007686377
     656.2512341561041467       0.9162224531173706
     656.2514342895264008       0.9374960809946060
     656.2516344229486549       0.9168539866805077
     656.2518345563709090       0.9463984407484531
     656.2520346897932768       1.0175475031137466
     656.2522348232155309       1.0248509999364614
     656.2524349566377850       0.9509150832891464
     656.2526350900600391       0.9842534791678190
     656.2528352234824069       1.0193261336535215
     656.2530353569046611       0.9775470215827227
     656.2532354903269152       1.0901114940643311
     656.2534356237491693       1.0645243600010872
     656.2536357571715371       0.9814390894025564
     656.2538358905937912       0.9822970461100340
     656.2540360240160453       1.0283789578825235
     656.2542361574382994       0.9957338473759592
     656.2544362908606672       0.9510843493044376
     656.2546364242829213       0.9963392175268382
     656.2548365577051754       1.0221117511391640
     656.2550366911274295       0.9647785462439060
     656.2552368245496837       0.9016698896884918
     656.2554369579720515       0.9550736807286739
     656.2556370913943056       1.0114400601014495
     656.2558372248165597       0.9860168844461441
     656.2560373582388138       1.0211807414889336
     656.2562374916611816       0.9753138609230518
     656.2564376250834357       0.9262277632951736
     656.2566377585056898       0.9782814010977745
     656.2568378919279439       1.0246722456067801
     656.2570380253503117       1.0909824669361115
     656.2572381587725658       1.0640693679451942
     656.2574382921948200       1.0568972602486610
     656.2576384256170741       0.9663085937500000
     656.2578385590394419       0.9891716511920094
     656.2580386924616960       1.0463472828269005
     656.2582388258839501       0.9452876485884190
     656.2584389593062042       1.0037275457289070
     656.2586390927285720       1.0595747046172619
     656.2588392261508261       0.9628585316240788
     656.2590393595730802       1.0815597251057625
     656.2592394929953343       1.0001458113401895
     656.2594396264177021       0.9976159960497171
     656.2596397598399562       1.0104286754503846
     656.2598398932622104       1.0032095897477120
     656.2600400266844645       0.9272125884890556
     656.2602401601067186       1.0183881185948849
     656.2604402935290864       0.9689694065600634
     656.2606404269513405       0.9163187593221664
     656.2608405603735946       1.0096215801313519
     656.2610406937958487       1.0238320678472519
     656.2612408272182165       1.0194404479116201
     656.2614409606404706       1.0501347072422504
     656.2616410940627247       1.0617027096450329
     656.2618412274849788       0.9945355807431042
     656.2620413609073466       1.0918466448783875
     656.2622414943296008       0.9776959586888552
     656.2624416277518549       1.0080212522298098
     656.2626417611741090       1.0737190470099449
     656.2628418945964768       0.9913209015503526
     656.2630420280187309       0.9929934456013143
     656.2632421614409850       0.9338702037930489
     656.2634422948632391       0.9570919089019299
     656.2636424282856069       0.9600730612874031
     656.2638425617078610       1.0144237875938416
     656.2640426951301151       1.0122390761971474
     656.2642428285523692       1.0057872473262250
     656.2644429619747370       1.0361249037086964
     656.2646430953969912       1.0572071485221386
     656.2648432288192453       1.0904930457472801
     656.2650433622414994       0.9555385857820511
     656.2652434956638672       0.9180441200733185
     656.2654436290861213       0.9488258697092533
     656.2656437625083754       1.0025675473734736
     656.2658438959306295       1.0140303149819374
     656.2660440293528836       0.9932650057598948
     656.2662441627752514       0.9067898169159889
     656.2664442961975055       1.0702366158366203
     656.2666444296197596       1.0010270288912579
     656.2668445630420138       1.0291960835456848
     656.2670446964643816       0.9823664948344231
     656.2672448298866357       1.0103078084066510
     656.2674449633088898       1.0561447255313396
     656.2676450967311439       0.9300185516476631
     656.2678452301535117       1.0045370846055448
     656.2680453635757658       1.1306222975254059
     656.2682454969980199       0.9889970859512687
     656.2684456304202740       1.0645691603422165
     656.2686457638426418       1.0056782965548337
     656.2688458972648959       0.9635640904307365
     656.2690460306871501       1.0796765312552452
     656.2692461641094042       0.9396588243544102
     656.2694462975317720       0.9623578488826752
     656.2696464309540261       0.8973831534385681
     656.2698465643762802       1.0644784644246101
     656.2700466977985343       0.9682836979627609
     656.2702468312209021       0.9040415212512016
     656.2704469646431562       1.0118941413238645
     656.2706470980654103       1.0279921088367701
     656.2708472314876644       1.0721454396843910
     656.2710473649099185       1.0055441018193960
     656.2712474983322863       0.9443298801779747
     656.2714476317545405       0.9469657242298126
     656.2716477651767946       0.9597689658403397
     656.2718478985990487       1.0058219344355166
     656.2720480320214165       0.9915239308029413
     656.2722481654436706       1.0305108819156885
     656.2724482988659247       0.9767688307911158
     656.2726484322881788       1.0520220994949341
     656.2728485657105466       1.0671040639281273
     656.2730486991328007       0.9914902457967401
     656.2732488325550548       1.0654992684721947
     656.2734489659773089       0.9829840157181025
     656.2736490993996767       1.0201344918459654
     656.2738492328219309       0.9940345860086381
     656.2740493662441850       1.0193646997213364
     656.2742494996664391       1.0792866200208664
     656.2744496330888069       1.0329905562102795
     656.2746497665110610       0.9998783642513445
     656.2748498999333151       1.0436090826988220
     656.2750500333555692       1.0908551439642906
     656.2752501667779370       1.0317887626588345
     656.2754503002001911       1.0826444104313850
     656.2756504336224452       1.0344084016978741
     656.2758505670446993       0.9946086094714701
     656.2760507004670671       0.9277820736169815
     656.2762508338893213       1.0008632089011371
     656.2764509673115754       0.9919818686321378
     656.2766511007338295       1.1103374734520912
     656.2768512341560836       1.1044812351465225
     656.2770513675784514       1.1048368141055107
     656.2772515010007055       0.9839023388922215
     656.2774516344229596       0.9850220289081335
     656.2776517678452137       1.0327852629125118
     656.2778519012675815       0.9650239534676075
     656.2780520346898356       0.9883139161393046
     656.2782521681120897       1.0698395222425461
     656.2784523015343439       0.9771241936832666
     656.2786524349567117       0.9445558190345764
     656.2788525683789658       1.0308261103928089
     656.2790527018012199       1.0457590967416763
     656.2792528352234740       0.9753691535443068
     656.2794529686458418       1.0065608196891844
     656.2796531020680959       1.0463420860469341
     656.2798532354903500       0.9952362920157611
     656.2800533689126041       1.0288854390382767
     656.2802535023349719       1.0093734236434102
     656.2804536357572260       0.9475429467856884
     656.2806537691794802       1.0394792333245277
     656.2808539026017343       0.9955565114505589
     656.2810540360241021       0.9190811589360237
     656.2812541694463562       0.9748279899358749
     656.2814543028686103       0.9808358997106552
     656.2816544362908644       0.9417285323143005
     656.2818545697131185       1.0264244861900806
     656.2820547031354863       0.9494329094886780
     656.2822548365577404       0.9719719588756561
     656.2824549699799945       0.9211623445153236
     656.2826551034022486       0.9997174635645933
     656.2828552368246164       1.0491733215749264
     656.2830553702468706       1.0178899783641100
     656.2832555036691247       0.9427052475512028
     656.2834556370913788       1.0120005505159497
     656.2836557705137466       1.0210611205548048
     656.2838559039360007       0.9820047337561846
     656.2840560373582548       0.9764222148805857
     656.2842561707805089       1.0257702767848969
     656.2844563042028767       0.9771703593432903
     656.2846564376251308       0.9790668841451406
     656.2848565710473849       1.0325600914657116
     656.2850567044696390       0.8924034461379051
     656.2852568378920068       1.0434269271790981
     656.2854569713142610       1.0744537934660912
     656.2856571047365151       0.9371956661343575
     656.2858572381587692       1.0265069641172886
     656.2860573715811370       0.9920676006004214
     656.2862575050033911       1.0001352170220343
     656.2864576384256452       1.0726326480507851
     656.2866577718478993       0.9590778686106205
     656.2868579052702671       0.9971773778088391
     656.2870580386925212       1.0647222399711609
     656.2872581721147753       1.0009678457281552
     656.2874583055370294       0.9520121365785599
     656.2876584389592836       0.9896953860297799
     656.2878585723816514       0.9524469561874866
     656.2880587058039055       1.0271066781133413
     656.2882588392261596       1.0077803917229176
     656.2884589726484137       1.0158938635140657
     656.2886591060707815       0.9996915753290523
     656.2888592394930356       0.9991921726614237
     656.2890593729152897       1.0019892905838788
     656.2892595063375438       0.9756417814642191
     656.2894596397599116       1.0204811133444309
     656.2896597731821657       0.9675751663744450
     656.2898599066044198       0.9986198543338105
     656.2900600400266740       0.9969170170370489
     656.2902601734490418       0.9908446343615651
     656.2904603068712959       1.0202698968350887
     656.2906604402935500       1.0086959674954414
     656.2908605737158041       1.0035281726159155
     656.2910607071381719       1.0449676103889942
     656.2912608405604260       0.9731085840612650
     656.2914609739826801       0.9350421056151390
     656.2916611074049342       1.0112367086112499
     656.2918612408273020       0.9853296484798193
     656.2920613742495561       1.0011966157471761
     656.2922615076718103       1.0403380170464516
     656.2924616410940644       0.9337763711810112
     656.2926617745164322       0.8822021260857582
     656.2928619079386863       1.0298057291656733
     656.2930620413609404       1.1626729220151901
     656.2932621747831945       0.9908073982223868
     656.2934623082054486       1.0409646593034267
     656.2936624416278164       1.0111902039498091
     656.2938625750500705       1.0367246977984905
     656.2940627084723246       0.8999511227011681
     656.2942628418945787       1.1179566532373428
     656.2944629753169465       1.0108214719220996
     656.2946631087392007       0.9982799981953576
     656.2948632421614548       1.0955529734492302
     656.2950633755837089       0.9237863197922707
     656.2952635090060767       0.9446424953639507
     656.2954636424283308       0.9517511911690235
     656.2956637758505849       0.9861437762156129
     656.2958639092728390       0.9959912747144699
     656.2960640426952068       0.9823982510715723
     656.2962641761174609       1.0625818073749542
     656.2964643095397150       1.0635356456041336
     656.2966644429619691       0.9750523902475834
     656.2968645763843369       1.0149075733497739
     656.2970647098065911       0.9290703237056732
     656.2972648432288452       0.9866712670773268
     656.2974649766510993       1.0502017997205257
     656.2976651100734671       0.9992067576386034
     656.2978652434957212       0.9472425468266010
     656.2980653769179753       1.0516221411526203
     656.2982655103402294       1.0560001805424690
     656.2984656437624835       1.0015597095480189
     656.2986657771848513       0.9373864978551865
     656.2988659106071054       0.9728028047829866
     656.2990660440293595       1.0358526222407818
     656.2992661774516137       1.0301785171031952
     656.2994663108739815       1.0573538318276405
     656.2996664442962356       1.0041498793289065
     656.2998665777184897       0.9606321938335896
     656.3000667111407438       0.9981782754184678
     656.3002668445631116       1.0051638903096318
     656.3004669779853657       0.9585614390671253
     656.3006671114076198       0.9019410163164139
     656.3008672448298739       1.0558249913156033
     656.3010673782522417       1.0468667298555374
     656.3012675116744958       0.9127718508243561
     656.3014676450967499       1.0224542915821075
     656.3016677785190041       0.9784501045942307
     656.3018679119413719       1.0173390340059996
     656.3020680453636260       0.9206783846020699
     656.3022681787858801       1.0028113874141127
     656.3024683122081342       1.0010033691069111
     656.3026684456305020       0.9892839649692178
     656.3028685790527561       1.0106652332469821
     656.3030687124750102       0.9732667710632086
     656.3032688458972643       1.0392511673271656
     656.3034689793196321       1.1318228095769882
     656.3036691127418862       1.0400844253599644
     656.3038692461641403       1.0688999965786934
     656.3040693795863945       1.0597096644341946
     656.3042695130086486       1.0001334325788775
     656.3044696464310164       1.0664874985814095
     656.3046697798532705       1.0306873172521591
     656.3048699132755246       1.0646605119109154
     656.3050700466977787       0.9884021123871207
     656.3052701801201465       1.0012066281633452
     656.3054703135424006       0.9771049432456493
     656.3056704469646547       1.0517822392284870
     656.3058705803869088       0.9645980186760426
     656.3060707138092766       1.0051665157079697
     656.3062708472315308       1.0646442472934723
     656.3064709806537849       1.0120940543711185
     656.3066711140760390       1.0202814266085625
     656.3068712474984068       1.0024766733404249
     656.3070713809206609       1.0318471379578114
     656.3072715143429150       0.9536441490054131
     656.3074716477651691       0.9928019833751023
     656.3076717811875369       1.0359306298196316
     656.3078719146097910       1.0623805485665798
     656.3080720480320451       0.9827723149210215
     656.3082721814542992       1.0365274325013161
     656.3084723148766670       0.9294605478644371
     656.3086724482989212       1.0041547445580363
     656.3088725817211753       0.9293252155184746
     656.3090727151434294       1.0813365504145622
     656.3092728485656835       1.0014931926270947
     656.3094729819880513       0.9992852591676636
     656.3096731154103054       1.0238493625074625
     656.3098732488325595       1.0513918474316597
     656.3100733822548136       0.9862620877102015
     656.3102735156771814       0.9356563091278073
     656.3104736490994355       0.9814981762319798
     656.3106737825216896       1.0107030337676397
     656.3108739159439438       1.0455220155417906
     656.3110740493663116       0.9748323429375868
     656.3112741827885657       1.0974747613072369
     656.3114743162108198       0.9034581854939420
     656.3116744496330739       0.9209280461072861
     656.3118745830554417       0.9732861164957195
     656.3120747164776958       0.9821189958602057
     656.3122748498999499       1.0444669872522159
     656.3124749833222040       0.9900058778002571
     656.3126751167445718       1.0699768438934858
     656.3128752501668259       1.0115425316616276
     656.3130753835890800       0.9972952923270901
     656.3132755170113342       0.9378385841845150
     656.3134756504337020       1.0280175413934465
     656.3136757838559561       1.0002112822691700
     656.3138759172782102       0.9991616338371020
     656.3140760507004643       1.0109771909186431
     656.3142761841228321       0.9442373998454849
     656.3144763175450862       0.9693229608225828
     656.3146764509673403       1.0698501989228362
     656.3148765843895944       0.9738331194942689
     656.3150767178118485       1.0150985075126198
     656.3152768512342163       1.0758869200895664
     656.3154769846564704       1.0638057589461181
     656.3156771180787246       1.0047994591197118
     656.3158772515009787       1.0315324962000121
     656.3160773849233465       1.0254437159551397
     656.3162775183456006       1.0915058478438810
     656.3164776517678547       0.9603410735342646
     656.3166777851901088       1.0836855321587002
     656.3168779186124766       1.0468679591267698
     656.3170780520347307       0.9394396132685302
     656.3172781854569848       0.8792110903616628
     656.3174783188792389       1.0075239364869328
     656.3176784523016067       0.9844851546982228
     656.3178785857238609       0.9537498202143015
     656.3180787191461150       1.1148887867542878
     656.3182788525683691       1.0008137426856250
     656.3184789859907369       0.9903433676501592
     656.3186791194129910       0.9837607802765431
     656.3188792528352451       1.0723428708413447
     656.3190793862574992       0.9566155796998818
     656.3192795196798670       0.9930637250708505
     656.3194796531021211       1.0480318807911995
     656.3196797865243752       1.0293831505527926
     656.3198799199466293       1.0383199523304716
     656.3200800533688835       1.0394534064874885
     656.3202801867912513       0.9288450710933966
     656.3204803202135054       0.9906326651902416
     656.3206804536357595       1.0168350294505362
     656.3208805870580136       0.9257014957703298
     656.3210807204803814       1.1244671728170994
     656.3212808539026355       1.0277287962769917
     656.3214809873248896       0.9460696418696125
     656.3216811207471437       1.0338182911836944
     656.3218812541695115       0.8889691354029994
     656.3220813875917656       1.0730609396227053
     656.3222815210140197       1.0344781725789993
     656.3224816544362739       1.0155989355897312
     656.3226817878586417       0.9949002971100285
     656.3228819212808958       1.0452218386685912
     656.3230820547031499       1.0457174775981306
     656.3232821881254040       0.9463566872854121
     656.3234823215477718       1.0015682347817709
     656.3236824549700259       0.9675769222063946
     656.3238825883922800       1.0566152578238057
     656.3240827218145341       1.0343366146193536
     656.3242828552369019       0.9972461519159760
     656.3244829886591560       1.0276385137895643
     656.3246831220814101       0.9783975830771423
     656.3248832555036643       1.0036642249099001
     656.3250833889260321       0.9883283522853535
     656.3252835223482862       1.0983012300220711
     656.3254836557705403       0.9928835623857679
     656.3256837891927944       0.9545303290380062
     656.3258839226150485       0.9672470934743834
     656.3260840560374163       0.9570368196762269
     656.3262841894596704       1.0502404575716460
     656.3264843228819245       0.9893250159810255
     656.3266844563041786       1.0938851866631927
     656.3268845897265464       1.1193379441898572
     656.3270847231488005       1.0440456310507962
     656.3272848565710547       1.0523559386174250
     656.3274849899933088       0.9736874589251413
     656.3276851234156766       1.0225925084060647
     656.3278852568379307       1.0351795224111866
     656.3280853902601848       1.0640396545925999
     656.3282855236824389       1.0219795656463626
     656.3284856571048067       0.9634223846484843
     656.3286857905270608       1.0215901506170137
     656.3288859239493149       0.9637152512559714
     656.3290860573715690       0.9977312394263528
     656.3292861907939368       1.1101507935264054
     656.3294863242161910       0.9660675016594709
     656.3296864576384451       0.9867295767103326
     656.3298865910606992       1.0373403591843853
     656.3300867244830670       1.0866834021099310
     656.3302868579053211       1.0505135397190384
     656.3304869913275752       1.0277550429868589
     656.3306871247498293       0.9904430851612285
     656.3308872581721971       0.9428231607852554
     656.3310873915944512       0.9258099756232545
     656.3312875250167053       1.0144169687687370
     656.3314876584389594       0.9877042719199353
     656.3316877918612136       0.9495390466881105
     656.3318879252835814       1.0863828068944827
     656.3320880587058355       0.8893895327449697
     656.3322881921280896       0.9870635478131162
     656.3324883255503437       0.9696557584641233
     656.3326884589727115       0.9682085908950635
     656.3328885923949656       1.0184798060049740
     656.3330887258172197       1.0280635561240019
     656.3332888592394738       0.9812756144471194
     656.3334889926618416       0.9990475094499687
     656.3336891260840957       0.9569889120329064
     656.3338892595063498       1.0103128294331660
     656.3340893929286040       0.9552458540502979
     656.3342895263509718       1.0661167972907304
     656.3344896597732259       0.9427759508517095
     656.3346897931954800       0.9517712644563959
     656.3348899266177341       0.9814660377190324
     656.3350900600401019       1.0196583312311067
     656.3352901934623560       0.9395000649885965
     656.3354903268846101       0.8713167717271830
     656.3356904603068642       1.0701947083024961
     656.3358905937292320       0.9316695654561226
     656.3360907271514861       0.9473837097528726
     656.3362908605737402       0.9852546888231453
     656.3364909939959944       0.8988343448484976
     656.3366911274182485       0.9651319687976335
     656.3368912608406163       0.9095080521885174
     656.3370913942628704       0.9079478024106283
     656.3372915276851245       0.8977852207521344
     656.3374916611073786       0.9335169334514881
     656.3376917945297464       0.9113699844760645
     656.3378919279520005       0.8425133397953644
     656.3380920613742546       0.9101663984620595
     656.3382921947965087       0.8692294698776277
     656.3384923282188765       0.9246073384469569
     656.3386924616411306       0.8620909286129353
     656.3388925950633848       0.8844428619426932
     656.3390927284856389       0.8188929016593037
     656.3392928619080067       0.8798801236642013
     656.3394929953302608       0.8445516632811199
     656.3396931287525149       0.8826531166762497
     656.3398932621747690       0.9230043609033798
     656.3400933955971368       0.8378801232606303
     656.3402935290193909       0.8261693451594174
     656.3404936624416450       0.6971314630524845
     656.3406937958638991       0.8160625267501127
     656.3408939292862669       0.8258288175632513
     656.3410940627085211       0.8323312025407094
     656.3412941961307752       0.7715477554692256
     656.3414943295530293       0.8193157042430365
     656.3416944629753971       0.8767205971515067
     656.3418945963976512       0.7010376006221828
     656.3420947298199053       0.8061500884704021
     656.3422948632421594       0.8095117745011351
     656.3424949966644135       0.7934384550480708
     656.3426951300867813       0.7495691227356871
     656.3428952635090354       0.8153559957164562
     656.3430953969312895       0.8358787699870349
     656.3432955303535437       0.8067516829710559
     656.3434956637759115       0.8576697969475299
     656.3436957971981656       0.9115249384087820
     656.3438959306204197       0.7510444725125501
     656.3440960640426738       0.7943894372733085
     656.3442961974650416       0.8569365436881946
     656.3444963308872957       0.7894904723008211
     656.3446964643095498       0.7651408391771781
     656.3448965977318039       0.7681960212480338
     656.3450967311541717       0.8148511034280311
     656.3452968645764258       0.9206547071274325
     656.3454969979986799       0.8552206594608389
     656.3456971314209341       0.8177469979037955
     656.3458972648433019       0.8847002618238256
     656.3460973982655560       0.7979544043848910
     656.3462975316878101       0.8306769085367866
     656.3464976651100642       0.8818048144300510
     656.3466977985324320       0.7633731685465510
     656.3468979319546861       0.7519196256064400
     656.3470980653769402       0.9019706040949699
     656.3472981987991943       0.8058812566248421
     656.3474983322214484       0.9307355305655034
     656.3476984656438162       0.8287991070917058
     656.3478985990660703       0.9758935870145905
     656.3480987324883245       0.9147573159410077
     656.3482988659105786       0.9575137333149802
     656.3484989993329464       0.8806863910226735
     656.3486991327552005       0.9052532206623782
     656.3488992661774546       0.9910899000255230
     656.3490993995997087       0.9681761240335520
     656.3492995330220765       0.9634779657943366
     656.3494996664443306       0.8741405038080778
     656.3496997998665847       0.9382028661404428
     656.3498999332888388       0.9801204452252275
     656.3501000667112066       0.9241206760556885
     656.3503002001334607       0.9605469162339878
     656.3505003335557149       0.9779153837793890
     656.3507004669779690       0.9573422912313840
     656.3509006004003368       0.9333494880399135
     656.3511007338225909       0.8765291689406779
     656.3513008672448450       0.9326018737311057
     656.3515010006670991       0.9183925413659493
     656.3517011340894669       0.9464999952721010
     656.3519012675117210       0.9710971767203457
     656.3521014009339751       0.9733031541649463
     656.3523015343562292       0.9939904809806338
     656.3525016677785970       0.9941246540419468
     656.3527018012008512       1.0057880001129686
     656.3529019346231053       0.9375072338776311
     656.3531020680453594       1.0436023567848793
     656.3533022014676135       0.9706266800737650
     656.3535023348899813       1.0005416568291818
     656.3537024683122354       0.9834603238897974
     656.3539026017344895       0.9594704475139996
     656.3541027351567436       0.9233522485368314
     656.3543028685791114       1.0365684997434836
     656.3545030020013655       1.0031090271488012
     656.3547031354236196       0.9722483421466698
     656.3549032688458738       1.0059163671805713
     656.3551034022682416       1.0255179069574107
     656.3553035356904957       1.0354196952093722
     656.3555036691127498       1.0479942580540262
     656.3557038025350039       0.9244849427598706
     656.3559039359573717       1.0386450115716555
     656.3561040693796258       1.0100402123476151
     656.3563042028018799       0.9575048586679380
     656.3565043362241340       0.9987852439779367
     656.3567044696465018       0.9849414020553575
     656.3569046030687559       1.2056225710099007
     656.3571047364910100       1.0140423698844689
     656.3573048699132642       0.9813219814823526
     656.3575050033356320       1.0065040630885349
     656.3577051367578861       0.9130533248449558
     656.3579052701801402       1.0441757962617486
     656.3581054036023943       1.0021424557448995
     656.3583055370246484       0.9592201767956308
     656.3585056704470162       0.9354484699587707
     656.3587058038692703       0.9542683496072654
     656.3589059372915244       1.0062752025344266
     656.3591060707137785       0.9907510111997165
     656.3593062041361463       1.0376023604127862
     656.3595063375584004       0.9970097541678560
     656.3597064709806546       1.1040345039120016
     656.3599066044029087       1.0151944157944999
     656.3601067378252765       0.9706569517766496
     656.3603068712475306       1.0171185597773253
     656.3605070046697847       1.0260396308112789
     656.3607071380920388       0.9566281057609531
     656.3609072715144066       0.9946817450781931
     656.3611074049366607       0.9817824723279300
     656.3613075383589148       1.0374794453783811
     656.3615076717811689       0.9674583084703892
     656.3617078052035367       0.9166994487880095
     656.3619079386257908       0.9351240575516474
     656.3621080720480450       0.9822350315077817
     656.3623082054702991       0.9544981879205152
     656.3625083388926669       1.0288791048256742
     656.3627084723149210       0.9887208901715666
     656.3629086057371751       0.9741769749094201
     656.3631087391594292       0.9905743961155913
     656.3633088725817970       1.0164326094642175
     656.3635090060040511       1.0492228314734977
     656.3637091394263052       0.9308205250978704
     656.3639092728485593       0.9345633798945318
     656.3641094062708135       0.9679251070458311
     656.3643095396931813       1.0906966239294702
     656.3645096731154354       0.9647591983111400
     656.3647098065376895       1.0047818097327750
     656.3649099399599436       0.9394777990940216
     656.3651100733823114       1.0373855672390868
     656.3653102068045655       1.0024897844558986
     656.3655103402268196       1.0452195856447863
     656.3657104736490737       1.0175483096810942
     656.3659106070714415       0.9884937903045978
     656.3661107404936956       0.9893953800324656
     656.3663108739159497       0.9927545755693031
     656.3665110073382039       0.9542613052419887
     656.3667111407605717       0.9499794811764422
     656.3669112741828258       1.0777768890364974
     656.3671114076050799       1.0729408749032388
     656.3673115410273340       0.9507937478673936
     656.3675116744497018       1.0256981121787538
     656.3677118078719559       0.9910580286856198
     656.3679119412942100       0.9756955027872152
     656.3681120747164641       1.0019717641573189
     656.3683122081388319       0.9968759074088102
     656.3685123415610860       0.9738843194602370
     656.3687124749833401       1.0766803991671057
     656.3689126084055943       1.0535285135339789
     656.3691127418278484       0.9960224440551236
     656.3693128752502162       0.9819001479757231
     656.3695130086724703       1.0469825080676891
     656.3697131420947244       0.9534076265379366
     656.3699132755169785       0.9941784557447968
     656.3701134089393463       0.9993624759640741
     656.3703135423616004       1.0086609767526082
     656.3705136757838545       1.0307789798666662
     656.3707138092061086       0.9493470974153410
     656.3709139426284764       1.0076929777780523
     656.3711140760507305       1.0665020868125583
     656.3713142094729847       0.8824785947759796
     656.3715143428952388       0.8985965624423599
     656.3717144763176066       0.8867862224559196
     656.3719146097398607       0.9319850802407819
     656.3721147431621148       1.0064204740328433
     656.3723148765843689       1.0333966575556277
     656.3725150100067367       0.9610808081920280
     656.3727151434289908       1.0187180675562986
     656.3729152768512449       1.0028774142263104
     656.3731154102734990       1.0433496721087359
     656.3733155436958668       1.0420489907263659
     656.3735156771181209       1.1012695431708570
     656.3737158105403751       0.9684462435543045
     656.3739159439626292       0.9432550780474804
     656.3741160773849970       0.9920522812753687
     656.3743162108072511       0.9946341388858699
     656.3745163442295052       1.0374773032963169
     656.3747164776517593       1.0058546760119427
     656.3749166110740134       1.0422423221170853
     656.3751167444963812       0.9136781767010657
     656.3753168779186353       1.0727701857686021
     656.3755170113408894       0.9889041157439337
     656.3757171447631436       0.9717817995697250
     656.3759172781855113       0.9464151076972478
     656.3761174116077655       1.0215919744223352
     656.3763175450300196       0.9372605457901951
     656.3765176784522737       0.9802900273352859
     656.3767178118746415       0.8875879496335982
     656.3769179452968956       0.9931898792274295
     656.3771180787191497       0.9920289022848010
     656.3773182121414038       0.9489210769534111
     656.3775183455637716       1.0045949942432344
     656.3777184789860257       1.0119535876438022
     656.3779186124082798       1.0710210353136063
     656.3781187458305340       1.0135029898956418
     656.3783188792529018       0.9621195681393147
     656.3785190126751559       1.0645787939429283
     656.3787191460974100       0.9755214061588049
     656.3789192795196641       0.9944633487612009
     656.3791194129420319       1.0119054308161139
     656.3793195463642860       0.9887588042765856
     656.3795196797865401       1.0488940328359604
     656.3797198132087942       0.9889241205528378
     656.3799199466311620       1.0830529555678368
     656.3801200800534161       1.0664004310965538
     656.3803202134756702       0.9645526520907879
     656.3805203468979244       1.1006345301866531
     656.3807204803201785       1.0007929343846627
     656.3809206137425463       0.8602884113788605
     656.3811207471648004       0.9894837047904730
     656.3813208805870545       1.0042518833652139
     656.3815210140093086       1.0514587052166462
     656.3817211474316764       1.0931176319718361
     656.3819212808539305       1.0559425614774227
     656.3821214142761846       1.1088586077094078
     656.3823215476984387       1.0163243990391493
     656.3825216811208065       1.0718646273016930
     656.3827218145430606       1.0004195029905532
     656.3829219479653148       1.0509771592915058
     656.3831220813875689       1.0685805007815361
     656.3833222148099367       1.0895559340715408
     656.3835223482321908       1.0280561484396458
     656.3837224816544449       1.0508058369159698
     656.3839226150766990       0.9971690920647234
     656.3841227484990668       1.0096344472840428
     656.3843228819213209       1.1218175068497658
     656.3845230153435750       1.0529870279133320
     656.3847231487658291       1.0170727688819170
     656.3849232821881969       1.0107494555413723
     656.3851234156104510       0.9599335044622421
     656.3853235490327052       1.0098443394526839
     656.3855236824549593       1.0454755537211895
     656.3857238158772134       1.0391570478677750
     656.3859239492995812       1.0419199354946613
     656.3861240827218353       0.9247582182288170
     656.3863242161440894       1.0121366064995527
     656.3865243495663435       1.0248411726206541
     656.3867244829887113       1.0111729996278882
     656.3869246164109654       1.0224120263010263
     656.3871247498332195       1.0841411873698235
     656.3873248832554737       1.0942371115088463
     656.3875250166778414       1.0543704628944397
     656.3877251501000956       1.0573855414986610
     656.3879252835223497       1.0477200075984001
     656.3881254169446038       1.0320477038621902
     656.3883255503669716       1.0505603812634945
     656.3885256837892257       1.0737736672163010
     656.3887258172114798       1.0085213212296367
     656.3889259506337339       0.9746418949216604
     656.3891260840561017       0.9445118308067322
     656.3893262174783558       0.9768622145056725
     656.3895263509006099       0.9877799293026328
     656.3897264843228641       1.0953503996133804
     656.3899266177452319       0.9961654378566891
     656.3901267511674860       0.9685425013303757
     656.3903268845897401       1.0264492239803076
     656.3905270180119942       0.9443366117775440
     656.3907271514343620       1.0893359854817390
     656.3909272848566161       0.9570719934999943
     656.3911274182788702       1.0199461951851845
     656.3913275517011243       1.0929851979017258
     656.3915276851233784       0.9544266536831856
     656.3917278185457462       1.0211785454303026
     656.3919279519680003       1.0214276220649481
     656.3921280853902545       1.0021087217610329
     656.3923282188125086       0.9616131298243999
     656.3925283522348764       0.9494344033300877
     656.3927284856571305       1.0378151647746563
     656.3929286190793846       1.0161788295954466
     656.3931287525016387       0.9935476393438876
     656.3933288859240065       0.9640288241207600
     656.3935290193462606       0.9735662192106247
     656.3937291527685147       1.0239869896322489
     656.3939292861907688       0.9943335824646056
     656.3941294196131366       1.0574682317674160
     656.3943295530353907       0.9448664970695972
     656.3945296864576449       0.9830944184213877
     656.3947298198798990       0.8766762614250183
     656.3949299533022668       1.0228523742407560
     656.3951300867245209       1.0146118048578501
     656.3953302201467750       1.0527014620602131
     656.3955303535690291       0.9893751209601760
     656.3957304869913969       1.0478357411921024
     656.3959306204136510       0.9394951574504375
     656.3961307538359051       0.8865376338362694
     656.3963308872581592       1.0672866031527519
     656.3965310206804133       1.0452825762331486
     656.3967311541027811       0.9927004389464855
     656.3969312875250353       1.0724119544029236
     656.3971314209472894       1.0326299071311951
     656.3973315543695435       1.0295605044811964
     656.3975316877919113       1.0842515528202057
     656.3977318212141654       0.9332430064678192
     656.3979319546364195       0.9388601183891296
     656.3981320880586736       0.9749861303716898
     656.3983322214810414       0.9673824124038219
     656.3985323549032955       0.9785817321389914
     656.3987324883255496       1.0113356029614806
     656.3989326217478038       0.9678845889866352
     656.3991327551701715       0.9592112563550472
     656.3993328885924257       0.9629646055400372
     656.3995330220146798       1.0325319878757000
     656.3997331554369339       0.9404357112944126
     656.3999332888593017       1.0153818828985095
     656.4001334222815558       1.1222888007760048
     656.4003335557038099       0.9897829871624708
     656.4005336891260640       1.0169363301247358
     656.4007338225484318       0.8461970537900925
     656.4009339559706859       1.0167561117559671
     656.4011340893929400       0.9332814291119576
     656.4013342228151942       0.9807392302900553
     656.4015343562375620       0.9949656361714005
     656.4017344896598161       0.9667464382946491
     656.4019346230820702       0.9664210565388203
     656.4021347565043243       0.9372922256588936
     656.4023348899265784       1.0507145114243031
     656.4025350233489462       1.0574042089283466
     656.4027351567712003       0.9664779938757420
     656.4029352901934544       0.9996439768292475
     656.4031354236157085       1.0716136172413826
     656.4033355570380763       1.0276669990271330
     656.4035356904603304       1.0134750604629517
     656.4037358238825846       0.9847746314480901
     656.4039359573048387       1.0068862983025610
     656.4041360907272065       1.0333544053137302
     656.4043362241494606       0.9544298388063908
     656.4045363575717147       1.0375223793089390
     656.4047364909939688       1.0053597949445248
     656.4049366244163366       0.9823188185691833
     656.4051367578385907       0.9917156044393778
     656.4053368912608448       1.0476069338619709
     656.4055370246830989       1.0011412167223170
     656.4057371581054667       0.9975643290672451
     656.4059372915277208       0.9132753089070320
     656.4061374249499750       0.9360616654157639
     656.4063375583722291       1.0065632672049105
     656.4065376917945969       1.0440593026578426
     656.4067378252168510       0.9998990704771131
     656.4069379586391051       1.0317654870450497
     656.4071380920613592       1.0582923479378223
     656.4073382254836133       0.9479012601077557
     656.4075383589059811       0.9524738937616348
     656.4077384923282352       1.0256436653435230
     656.4079386257504893       0.8914418667554855
     656.4081387591727434       1.0596666038036346
     656.4083388925951112       1.0775910168886185
     656.4085390260173654       0.9652283750474453
     656.4087391594396195       0.9717368092387915
     656.4089392928618736       1.0247089844197035
     656.4091394262842414       1.0635761991143227
     656.4093395597064955       1.0009294847841375
     656.4095396931287496       0.9413721151649952
     656.4097398265510037       1.0333722122013569
     656.4099399599733715       1.0164120551198721
     656.4101400933956256       0.9895969787612557
     656.4103402268178797       0.9975466311443597
     656.4105403602401339       1.0181866362690926
     656.4107404936625016       0.9469596333801746
     656.4109406270847558       1.0574151985347271
     656.4111407605070099       1.0432286374270916
     656.4113408939292640       1.0178184490650892
     656.4115410273516318       1.0449841357767582
     656.4117411607738859       1.0984080433845520
     656.4119412941961400       0.9569939188659191
     656.4121414276183941       1.0261571798473597
     656.4123415610407619       1.0263209473341703
     656.4125416944630160       0.9861383363604546
     656.4127418278852701       1.0548754036426544
     656.4129419613075243       1.0318084619939327
     656.4131420947297784       1.0012638522312045
     656.4133422281521462       0.9338999167084694
     656.4135423615744003       0.8652221709489822
     656.4137424949966544       0.9370855242013931
     656.4139426284189085       1.0751914903521538
     656.4141427618412763       1.1109437942504883
     656.4143428952635304       1.0042631919495761
     656.4145430286857845       1.0641778931021690
     656.4147431621080386       0.9957292289473116
     656.4149432955304064       0.9753201901912689
     656.4151434289526605       0.9930511028505862
     656.4153435623749147       0.8771971687674522
     656.4155436957971688       0.9626518189907074
     656.4157438292195366       0.9411068856716156
     656.4159439626417907       1.0164792556315660
     656.4161440960640448       0.9322736412286758
     656.4163442294862989       0.9608221985399723
     656.4165443629086667       1.0464852564036846
     656.4167444963309208       0.9552730061113834
     656.4169446297531749       1.0733466669917107
     656.4171447631754290       1.0062837298028171
     656.4173448965977968       0.9338872209191322
     656.4175450300200509       0.9829028118401766
     656.4177451634423051       0.9689045343548059
     656.4179452968645592       0.9671961441636086
     656.4181454302869270       0.9942599236965179
     656.4183455637091811       0.9204068556427956
     656.4185456971314352       0.9809310231357813
     656.4187458305536893       0.9811999965459108
     656.4189459639759434       1.0947542414069176
     656.4191460973983112       0.9861581083387136
     656.4193462308205653       1.0140174916014075
     656.4195463642428194       0.9213145598769188
     656.4197464976650735       0.9704202227294445
     656.4199466310874413       0.9348414614796638
     656.4201467645096955       0.9481818862259388
     656.4203468979319496       0.9915661495178938
     656.4205470313542037       0.9448978006839752
     656.4207471647765715       1.0401503369212151
     656.4209472981988256       0.9568866826593876
     656.4211474316210797       1.0300143640488386
     656.4213475650433338       0.9800874758511782
     656.4215476984657016       1.0396996736526489
     656.4217478318879557       0.9640531577169895
     656.4219479653102098       1.0120651870965958
     656.4221480987324640       0.9785295445472002
     656.4223482321548317       0.9909378485754132
     656.4225483655770859       0.9475956782698631
     656.4227484989993400       1.0081930207088590
     656.4229486324215941       1.0372519530355930
     656.4231487658439619       1.0011973221553490
     656.4233488992662160       0.8930158242583275
     656.4235490326884701       0.9815579261630774
     656.4237491661107242       0.9747343156486750
     656.4239492995329783       1.0377810113132000
     656.4241494329553461       0.9492797441780567
     656.4243495663776002       0.9245660826563835
     656.4245496997998544       1.0815353617072105
     656.4247498332221085       1.0127573553472757
     656.4249499666444763       0.9581455141305923
     656.4251501000667304       1.0142138376832008
     656.4253502334889845       1.0830359235405922
     656.4255503669112386       1.0436026565730572
     656.4257505003336064       1.0418566763401031
     656.4259506337558605       0.9694293905049562
     656.4261507671781146       1.0263287331908941
     656.4263509006003687       0.9751263428479433
     656.4265510340227365       1.0674079954624176
     656.4267511674449906       0.9498684108257294
     656.4269513008672448       1.0371157489717007
     656.4271514342894989       0.9506888017058372
     656.4273515677118667       1.0384413972496986
     656.4275517011341208       1.0783880725502968
     656.4277518345563749       1.0825751647353172
     656.4279519679786290       0.9875886887311935
     656.4281521014009968       1.0114982454106212
     656.4283522348232509       0.9910713927820325
     656.4285523682455050       0.9221739321947098
     656.4287525016677591       0.9675004072487354
     656.4289526350901269       0.9718240890651941
     656.4291527685123810       1.0441181845963001
     656.4293529019346352       1.0535810403525829
     656.4295530353568893       0.8773375228047371
     656.4297531687791434       1.0065850885584950
     656.4299533022015112       0.9828874487429857
     656.4301534356237653       0.9941387292928994
     656.4303535690460194       1.0780739709734917
     656.4305537024682735       0.9922511763870716
     656.4307538358906413       0.9911174038425088
     656.4309539693128954       1.0501537732779980
     656.4311541027351495       1.0221058111637831
     656.4313542361574036       1.0017272349214181
     656.4315543695797714       1.0273546408861876
     656.4317545030020256       0.9644145853817463
     656.4319546364242797       0.9934703879989684
     656.4321547698465338       1.0178352538496256
     656.4323549032689016       0.9126056358218193
     656.4325550366911557       0.9561189152300358
     656.4327551701134098       0.9354793727397919
     656.4329553035356639       1.0173810943961143
     656.4331554369580317       0.9620512761175632
     656.4333555703802858       0.9838546477258205
     656.4335557038025399       0.9546398371458054
     656.4337558372247940       0.9656947813928127
     656.4339559706471618       1.0250851120799780
     656.4341561040694160       0.9887324040755630
     656.4343562374916701       1.0380022376775742
     656.4345563709139242       1.0729586705565453
     656.4347565043361783       0.9104875773191452
     656.4349566377585461       0.8983887434005737
     656.4351567711808002       1.0041321213357151
     656.4353569046030543       0.9928371948190033
     656.4355570380253084       1.0219085942953825
     656.4357571714476762       1.0640200227499008
     656.4359573048699303       1.0453843846917152
     656.4361574382921845       0.8940382674336433
     656.4363575717144386       0.9776410777121782
     656.4365577051368064       1.0474094748497009
     656.4367578385590605       0.9838020596653223
     656.4369579719813146       1.0325216166675091
     656.4371581054035687       1.0250178780406713
     656.4373582388259365       0.9401595778763294
     656.4375583722481906       1.0036211528349668
     656.4377585056704447       1.0313818864524364
     656.4379586390926988       0.9223782345652580
     656.4381587725150666       1.0390552692115307
     656.4383589059373207       0.9112479165196419
     656.4385590393595749       0.9667209684848785
     656.4387591727818290       1.0280776768922806
     656.4389593062041968       1.0474667958915234
     656.4391594396264509       0.9601628780364990
     656.4393595730487050       0.9810965545475483
     656.4395597064709591       1.0444019176065922
     656.4397598398933269       0.8783028945326805
     656.4399599733155810       0.9795577004551888
     656.4401601067378351       1.0692303255200386
     656.4403602401600892       0.9297791123390198
     656.4405603735823433       1.0746972709894180
     656.4407605070047111       0.9770057611167431
     656.4409606404269653       1.0040748338215053
     656.4411607738492194       0.9394009299576283
     656.4413609072714735       1.0356248058378696
     656.4415610406938413       1.0378452390432358
     656.4417611741160954       0.9475844837725163
     656.4419613075383495       1.0318905934691429
     656.4421614409606036       1.0375339910387993
     656.4423615743829714       0.9705719351768494
     656.4425617078052255       0.9621880464255810
     656.4427618412274796       0.8980013504624367
     656.4429619746497337       0.9410398304462433
     656.4431621080721015       1.0349873676896095
     656.4433622414943557       0.8944938629865646
     656.4435623749166098       1.0515011511743069
     656.4437625083388639       0.9716126117855310
     656.4439626417612317       0.9935806198045611
     656.4441627751834858       1.0080100623890758
     656.4443629086057399       1.0359166748821735
     656.4445630420279940       0.9808802362531424
     656.4447631754503618       1.0460785143077374
     656.4449633088726159       1.0239843931049109
     656.4451634422948700       0.9617371521890163
     656.4453635757171241       0.9844881668686867
     656.4455637091393783       1.0720117390155792
     656.4457638425617461       0.9275816604495049
     656.4459639759840002       1.0843083187937737
     656.4461641094062543       0.9696924556046724
     656.4463642428285084       1.0273646097630262
     656.4465643762508762       1.0038498837966472
     656.4467645096731303       1.0899038240313530
     656.4469646430953844       0.9917814321815968
     656.4471647765176385       0.9301695823669434
     656.4473649099400063       1.0090918978676200
     656.4475650433622604       0.9895012537017465
     656.4477651767845146       1.0142673449590802
     656.4479653102067687       1.0039558685384691
     656.4481654436291365       1.0419062599539757
     656.4483655770513906       0.9577854610979557
     656.4485657104736447       1.0372429117560387
     656.4487658438958988       0.9170779809355736
     656.4489659773182666       1.0390803962945938
     656.4491661107405207       0.9788006618618965
     656.4493662441627748       1.0304854214191437
     656.4495663775850289       1.0041581089608371
     656.4497665110073967       0.9320309311151505
     656.4499666444296508       1.0010626552393660
     656.4501667778519050       1.0097696026787162
     656.4503669112741591       1.0194656029343605
     656.4505670446965269       0.9775079730898142
     656.4507671781187810       0.9594885259866714
     656.4509673115410351       1.0802609995007515
     656.4511674449632892       0.9489600546658039
     656.4513675783855433       0.9872888000681996
     656.4515677118079111       1.0215383227914572
     656.4517678452301652       0.8930229768157005
     656.4519679786524193       0.9498927108943462
     656.4521681120746734       0.9932277486659586
     656.4523682454970412       1.0461062192916870
     656.4525683789192954       1.1575793176889420
     656.4527685123415495       1.0121785430237651
     656.4529686457638036       0.9842209909111261
     656.4531687791861714       0.9779794085770845
     656.4533689126084255       0.9507762677967548
     656.4535690460306796       0.9334621429443359
     656.4537691794529337       0.9548351652920246
     656.4539693128753015       0.9525285176932812
     656.4541694462975556       0.9623136073350906
     656.4543695797198097       0.9295129254460335
     656.4545697131420638       0.9782753419131041
     656.4547698465644316       1.0388268493115902
     656.4549699799866858       1.0236661396920681
     656.4551701134089399       1.0439436435699463
     656.4553702468311940       0.9847254985943437
     656.4555703802535618       0.9730614125728607
     656.4557705136758159       1.0541362538933754
     656.4559706470980700       1.0211565978825092
     656.4561707805203241       0.9895783709362149
     656.4563709139425782       1.0063148885965347
     656.4565710473649460       0.9981348039582372
     656.4567711807872001       0.9754669554531574
     656.4569713142094542       1.0285619255155325
     656.4571714476317084       0.9882670920342207
     656.4573715810540762       0.9866228820756078
     656.4575717144763303       0.9832034725695848
     656.4577718478985844       1.0230001974850893
     656.4579719813208385       0.9742984585464001
     656.4581721147432063       0.9876025849953294
     656.4583722481654604       1.0064701624214649
     656.4585723815877145       0.9272480085492134
     656.4587725150099686       1.0687584057450294
     656.4589726484323364       1.0422093942761421
     656.4591727818545905       0.9570240937173367
     656.4593729152768447       1.0721283480525017
     656.4595730486990988       1.0755810067057610
     656.4597731821214666       0.9208430349826813
     656.4599733155437207       1.0554763264954090
     656.4601734489659748       0.9945990513078868
     656.4603735823882289       0.9796842969954014
     656.4605737158105967       1.0717535391449928
     656.4607738492328508       1.0203706454485655
     656.4609739826551049       0.9698750842362642
     656.4611741160773590       0.9680039174854755
     656.4613742494997268       0.9329672306776047
     656.4615743829219809       0.9676543809473515
     656.4617745163442351       0.9746779203414917
     656.4619746497664892       0.9581568874418736
     656.4621747831887433       0.9519514366984367
     656.4623749166111111       0.9860142590478063
     656.4625750500333652       1.0017705056816339
     656.4627751834556193       0.9856529338285327
     656.4629753168778734       0.9182232767343521
     656.4631754503002412       1.0613958239555359
     656.4633755837224953       0.9954326893202960
     656.4635757171447494       0.8949108570814133
     656.4637758505670035       0.9882494425401092
     656.4639759839893713       1.0393228605389595
     656.4641761174116255       1.0048238849267364
     656.4643762508338796       0.9790155626833439
     656.4645763842561337       1.0334486365318298
     656.4647765176785015       0.9059431850910187
     656.4649766511007556       1.0292686913162470
     656.4651767845230097       1.0300503317266703
     656.4653769179452638       1.0460484959185123
     656.4655770513676316       1.0645635053515434
     656.4657771847898857       1.0322682783007622
     656.4659773182121398       1.0254364591091871
     656.4661774516343939       0.9621653296053410
     656.4663775850567617       0.9692651387304068
     656.4665777184790159       0.9585282877087593
     656.4667778519012700       1.0411848314106464
     656.4669779853235241       1.0286361407488585
     656.4671781187458919       1.0702659711241722
     656.4673782521681460       0.9979678541421890
     656.4675783855904001       0.9975754432380199
     656.4677785190126542       0.9786470476537943
     656.4679786524349083       0.9956403491087258
     656.4681787858572761       0.9255219474434853
     656.4683789192795302       1.0034306568559259
     656.4685790527017843       1.0579636394977570
     656.4687791861240385       0.9823316447436810
     656.4689793195464063       0.8383153229951859
     656.4691794529686604       0.9271301776170731
     656.4693795863909145       0.9889649488031864
     656.4695797198131686       1.0860122516751289
     656.4697798532355364       0.9700128585100174
     656.4699799866577905       0.9857910545542836
     656.4701801200800446       1.0340157113969326
     656.4703802535022987       0.9345436766743660
     656.4705803869246665       1.0513126216828823
     656.4707805203469206       1.0502953827381134
     656.4709806537691748       0.9116100594401360
     656.4711807871914289       1.0669305697083473
     656.4713809206137967       1.0597480721771717
     656.4715810540360508       0.9789554625749588
     656.4717811874583049       1.0276297535747290
     656.4719813208805590       1.0334452129900455
     656.4721814543029268       1.0083516333252192
     656.4723815877251809       1.0844231694936752
     656.4725817211474350       0.9993031746125780
     656.4727818545696891       1.0223262738436460
     656.4729819879919432       0.9983018205966800
     656.4731821214143110       1.0401489734649658
     656.4733822548365652       1.0600648708641529
     656.4735823882588193       1.0522772781550884
     656.4737825216810734       1.0237758215516806
     656.4739826551034412       0.9154302924871445
     656.4741827885256953       1.0661132261157036
     656.4743829219479494       1.0532629489898682
     656.4745830553702035       1.0146227842196822
     656.4747831887925713       0.9890373954549432
     656.4749833222148254       1.0136610986664891
     656.4751834556370795       1.0635022670030594
     656.4753835890593336       0.9175117090344429
     656.4755837224817014       1.0513090454041958
     656.4757838559039556       1.0639054328203201
     656.4759839893262097       1.0461832284927368
     656.4761841227484638       0.9905364932492375
     656.4763842561708316       0.8744510859251022
     656.4765843895930857       1.0230655763298273
     656.4767845230153398       1.0544185712933540
     656.4769846564375939       0.9575292505323887
     656.4771847898599617       1.0009203897207044
     656.4773849232822158       0.9222934916615486
     656.4775850567044699       1.0150229530408978
     656.4777851901267240       1.0413803830742836
     656.4779853235490918       1.0303696040064096
     656.4781854569713460       1.0335083045065403
     656.4783855903936001       1.0650125369429588
     656.4785857238158542       0.9199659302830696
     656.4787858572381083       1.0227301325649023
     656.4789859906604761       0.9664069898426533
     656.4791861240827302       0.9549410566687584
     656.4793862575049843       1.0475991852581501
     656.4795863909272384       0.9681291170418262
     656.4797865243496062       1.0110937515273690
     656.4799866577718603       0.9786277506500483
     656.4801867911941144       1.0094212023541331
     656.4803869246163686       1.0172927584499121
     656.4805870580387364       0.9903308190405369
     656.4807871914609905       0.9634680971503258
     656.4809873248832446       0.9850308001041412
     656.4811874583054987       1.0384271144866943
     656.4813875917278665       1.0001210590271512
     656.4815877251501206       0.9033262133598328
     656.4817878585723747       1.0145880309864879
     656.4819879919946288       0.9628221727907658
     656.4821881254169966       0.9558284915983677
     656.4823882588392507       0.9480663463473320
     656.4825883922615049       0.9608591124415398
     656.4827885256837590       0.9585863091051579
     656.4829886591061268       0.9408467411994934
     656.4831887925283809       0.9415839202702045
     656.4833889259506350       0.9726826753467321
     656.4835890593728891       0.9324983358383179
     656.4837891927951432       0.8651237636804581
     656.4839893262175110       0.9287291541695595
     656.4841894596397651       1.0889028087258339
     656.4843895930620192       0.9779724515974522
     656.4845897264842733       0.9546554870903492
     656.4847898599066411       0.9836628362536430
     656.4849899933288953       0.9962493127677590
     656.4851901267511494       0.9563796222209930
     656.4853902601734035       1.0041957851499319
     656.4855903935957713       0.9300534576177597
     656.4857905270180254       1.0082945553585887
     656.4859906604402795       1.0030033371876925
     656.4861907938625336       0.8966587632894516
     656.4863909272849014       0.9960057353600860
     656.4865910607071555       1.0910317599773407
     656.4867911941294096       1.0877512842416763
     656.4869913275516637       0.9984757744241506
     656.4871914609740315       0.9863318931311369
     656.4873915943962857       0.9367637410759926
     656.4875917278185398       1.0113121485337615
     656.4877918612407939       0.9732929971069098
     656.4879919946631617       1.0286362618207932
     656.4881921280854158       0.9897082773968577
     656.4883922615076699       1.0856585800647736
     656.4885923949299240       0.9493948742747307
     656.4887925283522918       1.0868454203009605
     656.4889926617745459       0.9925916669890285
     656.4891927951968000       0.9613111875951290
     656.4893929286190541       1.0080259209498763
     656.4895930620413083       0.9959541168063879
     656.4897931954636761       1.0331716649234295
     656.4899933288859302       1.0684139057993889
     656.4901934623081843       1.0044970544986427
     656.4903935957304384       1.0924215614795685
     656.4905937291528062       0.9646425582468510
     656.4907938625750603       1.0394728891551495
     656.4909939959973144       1.0329312197864056
     656.4911941294195685       1.0306260716170073
     656.4913942628419363       0.9451835341751575
     656.4915943962641904       0.9966742149554193
     656.4917945296864445       0.9162480309605598
     656.4919946631086987       1.1050295978784561
     656.4921947965310665       0.9577006325125694
     656.4923949299533206       1.0103069031611085
     656.4925950633755747       1.0271791107952595
     656.4927951967978288       1.0127001348882914
     656.4929953302201966       0.9335399121046066
     656.4931954636424507       0.9805819299072027
     656.4933955970647048       1.0133111672475934
     656.4935957304869589       0.9551613107323647
     656.4937958639093267       0.9568786136806011
     656.4939959973315808       1.0231372918933630
     656.4941961307538350       1.0566230490803719
     656.4943962641760891       0.9242131784558296
     656.4945963975983432       0.8764784187078476
     656.4947965310207110       0.9547980390489101
     656.4949966644429651       1.0138550866395235
     656.4951967978652192       0.9190531373023987
     656.4953969312874733       0.9912690790370107
     656.4955970647098411       1.0230619814246893
     656.4957971981320952       0.9496140778064728
     656.4959973315543493       1.0013644746504724
     656.4961974649766034       0.9726261664181948
     656.4963975983989712       1.0147672463208437
     656.4965977318212254       1.0005089206388220
     656.4967978652434795       0.9991252928739414
     656.4969979986657336       1.0226432178169489
     656.4971981320881014       1.0055905468761921
     656.4973982655103555       1.0029523160774261
     656.4975983989326096       1.0296261701732874
     656.4977985323548637       0.9840402025729418
     656.4979986657772315       1.0448742322623730
     656.4981987991994856       1.0105249062180519
     656.4983989326217397       0.8807012066245079
     656.4985990660439938       0.9333948418498039
     656.4987991994663616       0.9794989395886660
     656.4989993328886158       0.9694996271282434
     656.4991994663108699       0.9999095861639944
     656.4993995997331240       1.0113535420969129
     656.4995997331554918       0.9478912465274334
     656.4997998665777459       0.9668864011764526
     656.5000000000000000       1.0037806779146194
