     656.2000000000000455       1.0541945099830627
     656.2002001334222996       0.9608283676207066
     656.2004002668445537       1.0122734671458602
     656.2006004002669215       1.0284702237695456
     656.2008005336891756       0.9567156545817852
     656.2010006671114297       1.0162772182375193
     656.2012008005336838       1.0226252060383558
     656.2014009339560516       0.9475899264216423
     656.2016010673783057       1.0628434047102928
     656.2018012008005599       1.0018970298115164
     656.2020013342228140       0.9981285603716969
     656.2022014676451818       0.9955603373236954
     656.2024016010674359       0.9993369394214824
     656.2026017344896900       1.0477005653083324
     656.2028018679119441       1.0600852631032467
     656.2030020013343119       0.9810679424554110
     656.2032021347565660       1.0862082466483116
     656.2034022681788201       0.9731912575662136
     656.2036024016010742       0.9234203845262527
     656.2038025350234420       0.9555333591997623
     656.2040026684456961       1.0570731237530708
     656.2042028018679503       0.9966956544667482
     656.2044029352902044       1.0431201010942459
     656.2046030687125722       1.0589049942791462
     656.2048032021348263       0.9828315768390894
     656.2050033355570804       1.0604999549686909
     656.2052034689793345       1.0020082734990865
     656.2054036024017023       1.0111366240307689
     656.2056037358239564       0.9388015009462833
     656.2058038692462105       1.0293628107756376
     656.2060040026684646       0.9977842951193452
     656.2062041360907187       0.9487687833607197
     656.2064042695130865       0.9279122874140739
     656.2066044029353407       0.9663474075496197
     656.2068045363575948       0.9375266470015049
     656.2070046697798489       0.9832529127597809
     656.2072048032022167       0.9917492270469666
     656.2074049366244708       1.0425560884177685
     656.2076050700467249       1.0040997369214892
     656.2078052034689790       0.9724987801164389
     656.2080053368913468       1.0233772061765194
     656.2082054703136009       0.9735790789127350
     656.2084056037358550       0.9686488769948483
     656.2086057371581092       1.0331927537918091
     656.2088058705804769       1.0305872596800327
     656.2090060040027311       1.0417431853711605
     656.2092061374249852       1.0345210395753384
     656.2094062708472393       0.9885717714205384
     656.2096064042696071       0.9947057575918734
     656.2098065376918612       1.0130180986598134
     656.2100066711141153       1.0711429268121719
     656.2102068045363694       0.9716863296926022
     656.2104069379587372       1.0187097303569317
     656.2106070713809913       0.9220121279358864
     656.2108072048032454       0.9524637795984745
     656.2110073382254996       0.9637336432933807
     656.2112074716477537       0.9688634071499109
     656.2114076050701215       1.0295745022594929
     656.2116077384923756       1.0504597499966621
     656.2118078719146297       1.0184833109378815
     656.2120080053368838       1.0062890360131860
     656.2122081387592516       1.1024982705712318
     656.2124082721815057       1.0705765709280968
     656.2126084056037598       0.9697012063115835
     656.2128085390260139       0.9834409877657890
     656.2130086724483817       0.9600798785686493
     656.2132088058706358       1.1003796234726906
     656.2134089392928900       0.9182377383112907
     656.2136090727151441       1.0111982040107250
     656.2138092061375119       0.8907326087355614
     656.2140093395597660       0.9825228732079268
     656.2142094729820201       1.0826027542352676
     656.2144096064042742       0.9950375249609351
     656.2146097398266420       0.9414563775062561
     656.2148098732488961       1.0143351498991251
     656.2150100066711502       0.9077692627906799
     656.2152101400934043       0.9708249811083078
     656.2154102735157721       1.0036121828015894
     656.2156104069380262       1.0132175376638770
     656.2158105403602804       0.9538263715803623
     656.2160106737825345       0.9887338215485215
     656.2162108072049023       1.0601663775742054
     656.2164109406271564       1.0344466418027878
     656.2166110740494105       1.0337879471480846
     656.2168112074716646       0.9948390834033489
     656.2170113408939187       1.0223050210624933
     656.2172114743162865       0.9534094780683517
     656.2174116077385406       1.0255855116993189
     656.2176117411607947       1.0021637796889991
     656.2178118745830488       0.9643345065414906
     656.2180120080054166       0.9660263061523438
     656.2182121414276708       0.9974244907498360
     656.2184122748499249       1.0350814722478390
     656.2186124082721790       1.0198681261390448
     656.2188125416945468       0.9305378124117851
     656.2190126751168009       1.0852209553122520
     656.2192128085390550       0.9930867007933557
     656.2194129419613091       1.0678719207644463
     656.2196130753836769       1.0482882224023342
     656.2198132088059310       0.9675882421433926
     656.2200133422281851       1.0232275910675526
     656.2202134756504392       1.1028941422700882
     656.2204136090728070       1.0675510987639427
     656.2206137424950612       0.9839026723057032
     656.2208138759173153       0.9764131344854832
     656.2210140093395694       1.0976421907544136
     656.2212141427619372       0.9295637384057045
     656.2214142761841913       1.0493775904178619
     656.2216144096064454       0.9556159973144531
     656.2218145430286995       0.9977499155793339
     656.2220146764509536       0.9720421787351370
     656.2222148098733214       1.0816690847277641
     656.2224149432955755       0.9378711096942425
     656.2226150767178297       1.0240722056478262
     656.2228152101400838       0.9388187117874622
     656.2230153435624516       1.0591363385319710
     656.2232154769847057       1.0532520115375519
     656.2234156104069598       1.0298207979649305
     656.2236157438292139       1.0335918255150318
     656.2238158772515817       0.9574215151369572
     656.2240160106738358       0.8771249502897263
     656.2242161440960899       0.8736836463212967
     656.2244162775183440       1.0879460498690605
     656.2246164109407118       0.9622398093342781
     656.2248165443629659       1.0779523253440857
     656.2250166777852201       1.0527262762188911
     656.2252168112074742       0.9557269848883152
     656.2254169446298420       0.9500483945012093
     656.2256170780520961       0.9391006864607334
     656.2258172114743502       1.0293260514736176
     656.2260173448966043       0.9884942313656211
     656.2262174783189721       0.9596071168780327
     656.2264176117412262       0.9457251317799091
     656.2266177451634803       0.9675648026168346
     656.2268178785857344       1.0276797562837601
     656.2270180120081022       0.9722225163131952
     656.2272181454303563       0.9515758007764816
     656.2274182788526105       1.0160069279372692
     656.2276184122748646       0.9959509833715856
     656.2278185456971187       0.9967737535480410
     656.2280186791194865       1.0365144684910774
     656.2282188125417406       0.9275753796100616
     656.2284189459639947       0.9439966417849064
     656.2286190793862488       0.9452887102961540
     656.2288192128086166       1.0385000370442867
     656.2290193462308707       0.8485962003469467
     656.2292194796531248       0.9436647295951843
     656.2294196130753789       0.9268738552927971
     656.2296197464977467       0.9615817032754421
     656.2298198799200009       1.0028020108584315
     656.2300200133422550       1.0099932542070746
     656.2302201467645091       0.9024955257773399
     656.2304202801868769       0.9780392665416002
     656.2306204136091310       1.0229458920657635
     656.2308205470313851       1.0884081572294235
     656.2310206804536392       0.9971853133756667
     656.2312208138760070       1.0424038358032703
     656.2314209472982611       1.0673715472221375
     656.2316210807205152       1.0502640083432198
     656.2318212141427693       1.0785995945334435
     656.2320213475651371       1.0000562207824260
     656.2322214809873913       1.0689098984003067
     656.2324216144096454       0.9961865842342377
     656.2326217478318995       1.0416169688105583
     656.2328218812541536       1.0766928121447563
     656.2330220146765214       0.9680949188768864
     656.2332221480987755       1.0239207353442907
     656.2334222815210296       0.9382331073284149
     656.2336224149432837       0.9824400283396244
     656.2338225483656515       1.0447881333529949
     656.2340226817879056       0.9694512207061052
     656.2342228152101598       0.9681629911065102
     656.2344229486324139       0.9674956873059273
     656.2346230820547817       1.0680710077285767
     656.2348232154770358       0.9253021776676178
     656.2350233488992899       1.0648390054702759
     656.2352234823215440       0.9131491258740425
     656.2354236157439118       0.9217218756675720
     656.2356237491661659       0.9937812099233270
     656.2358238825884200       1.0862263366580009
     656.2360240160106741       1.0573706291615963
     656.2362241494330419       1.0055288504809141
     656.2364242828552960       0.9563850909471512
     656.2366244162775502       0.9814813379198313
     656.2368245496998043       0.9005200564861298
     656.2370246831221721       0.9509115405380726
     656.2372248165444262       0.9548555612564087
     656.2374249499666803       1.0489510260522366
     656.2376250833889344       0.9832061063498259
     656.2378252168113022       0.9600064046680927
     656.2380253502335563       0.9294261783361435
     656.2382254836558104       1.0084801521152258
     656.2384256170780645       0.9865128295496106
     656.2386257505003186       1.0008663912303746
     656.2388258839226864       1.0793351083993912
     656.2390260173449406       1.0284691955894232
     656.2392261507671947       0.9813835565000772
     656.2394262841894488       1.0047392761334777
     656.2396264176118166       0.9595509544014931
     656.2398265510340707       1.0088603496551514
     656.2400266844563248       1.1878759264945984
     656.2402268178785789       1.0320294499397278
     656.2404269513009467       0.9431631006300449
     656.2406270847232008       0.9771041888743639
     656.2408272181454549       1.0349619351327419
     656.2410273515677090       0.9754776768386364
     656.2412274849900768       1.0023832239676267
     656.2414276184123310       1.0302681606262922
     656.2416277518345851       1.0294600781053305
     656.2418278852568392       0.9501383192837238
     656.2420280186792070       1.0120582850649953
     656.2422281521014611       0.9845764348283410
     656.2424282855237152       1.1124967485666275
     656.2426284189459693       0.9567171968519688
     656.2428285523683371       0.9753096681088209
     656.2430286857905912       1.0364287681877613
     656.2432288192128453       1.0519950762391090
     656.2434289526350994       1.0141950268298388
     656.2436290860574672       1.0061617209576070
     656.2438292194797214       1.0049446257762611
     656.2440293529019755       1.0213948823511600
     656.2442294863242296       0.9971208521164954
     656.2444296197464837       1.0267003569751978
     656.2446297531688515       0.9672874249517918
     656.2448298865911056       0.9875502223148942
     656.2450300200133597       1.0791501030325890
     656.2452301534356138       1.0704626813530922
     656.2454302868579816       0.9366538301110268
     656.2456304202802357       1.0240826979279518
     656.2458305537024899       1.1101611480116844
     656.2460306871247440       1.0033775016199797
     656.2462308205471118       0.9955683429725468
     656.2464309539693659       1.0360990092158318
     656.2466310873916200       0.9474794380366802
     656.2468312208138741       1.0622799098491669
     656.2470313542362419       0.9186703041195869
     656.2472314876584960       1.0229321122169495
     656.2474316210807501       0.9189070239663124
     656.2476317545030042       0.9921705350279808
     656.2478318879253720       1.0522247552871704
     656.2480320213476261       0.8704903274774551
     656.2482321547698803       1.0648052766919136
     656.2484322881921344       1.0382855795323849
     656.2486324216145022       1.0109164677560329
     656.2488325550367563       0.9688403774052858
     656.2490326884590104       1.0158820524811745
     656.2492328218812645       0.9314562156796455
     656.2494329553035186       0.9380086399614811
     656.2496330887258864       0.9760335348546505
     656.2498332221481405       1.0440611951053143
     656.2500333555703946       1.0531873703002930
     656.2502334889926487       1.0451598167419434
     656.2504336224150165       1.0197023525834084
     656.2506337558372707       1.0115158651024103
     656.2508338892595248       0.9818633086979389
     656.2510340226817789       1.0109280413016677
     656.2512341561041467       0.9468077123165131
     656.2514342895264008       1.0176678448915482
     656.2516344229486549       1.0462258420884609
     656.2518345563709090       1.0008000379311852
     656.2520346897932768       0.9813556745648384
     656.2522348232155309       0.9166693091392517
     656.2524349566377850       1.0003081147151534
     656.2526350900600391       1.0221140068024397
     656.2528352234824069       1.0134351300075650
     656.2530353569046611       0.9812423177063465
     656.2532354903269152       1.0257801953703165
     656.2534356237491693       0.9301076754927635
     656.2536357571715371       0.9584929049015045
     656.2538358905937912       0.9709567930549383
     656.2540360240160453       1.0253868680447340
     656.2542361574382994       0.9931773571297526
     656.2544362908606672       1.0140109360218048
     656.2546364242829213       0.9567834772169590
     656.2548365577051754       1.0198084618896246
     656.2550366911274295       1.0333983451128006
     656.2552368245496837       0.9424823634326458
     656.2554369579720515       0.9435283839702606
     656.2556370913943056       1.0579948388040066
     656.2558372248165597       1.0369284935295582
     656.2560373582388138       0.9468982741236687
     656.2562374916611816       0.9672277905046940
     656.2564376250834357       1.0534583739936352
     656.2566377585056898       1.0333485789597034
     656.2568378919279439       1.0189900677651167
     656.2570380253503117       1.0167387444525957
     656.2572381587725658       0.9061270281672478
     656.2574382921948200       1.0154327703639865
     656.2576384256170741       1.0700387358665466
     656.2578385590394419       1.0043921936303377
     656.2580386924616960       1.0165532100945711
     656.2582388258839501       0.9797057900577784
     656.2584389593062042       1.0587459988892078
     656.2586390927285720       1.0172102618962526
     656.2588392261508261       1.0667007267475128
     656.2590393595730802       0.9841495696455240
     656.2592394929953343       1.0519632771611214
     656.2594396264177021       0.9909458346664906
     656.2596397598399562       1.0244986694306135
     656.2598398932622104       1.0113048842176795
     656.2600400266844645       0.9383194558322430
     656.2602401601067186       0.9719266463071108
     656.2604402935290864       0.9068448916077614
     656.2606404269513405       0.9830883089452982
     656.2608405603735946       0.9900254178792238
     656.2610406937958487       0.9395396038889885
     656.2612408272182165       0.9934982312843204
     656.2614409606404706       1.0306943561881781
     656.2616410940627247       0.9331413134932518
     656.2618412274849788       1.0133180757984519
     656.2620413609073466       0.9628278240561485
     656.2622414943296008       0.9756873399019241
     656.2624416277518549       1.0011450812453404
     656.2626417611741090       0.9749705307185650
     656.2628418945964768       1.0271202623844147
     656.2630420280187309       1.0882804840803146
     656.2632421614409850       0.9775827527046204
     656.2634422948632391       0.9321542158722878
     656.2636424282856069       1.0283657964318991
     656.2638425617078610       1.0718432739377022
     656.2640426951301151       1.0408556722104549
     656.2642428285523692       1.0346491970121861
     656.2644429619747370       1.0649464949965477
     656.2646430953969912       1.0481605194509029
     656.2648432288192453       1.0422445759177208
     656.2650433622414994       1.0034617979545146
     656.2652434956638672       0.9923423496074975
     656.2654436290861213       1.1013632565736771
     656.2656437625083754       1.0370939597487450
     656.2658438959306295       1.0097057735547423
     656.2660440293528836       1.0033686764072627
     656.2662441627752514       1.0451866686344147
     656.2664442961975055       0.9638448953628540
     656.2666444296197596       1.0225855838507414
     656.2668445630420138       1.0589743666350842
     656.2670446964643816       0.9699404090642929
     656.2672448298866357       0.9207264631986618
     656.2674449633088898       0.9839460421353579
     656.2676450967311439       1.0196431744843721
     656.2678452301535117       0.8850843682885170
     656.2680453635757658       0.9856312554329634
     656.2682454969980199       1.1198430061340332
     656.2684456304202740       1.0116463592275977
     656.2686457638426418       0.9600774012506008
     656.2688458972648959       0.9065998420119286
     656.2690460306871501       1.0009366065496579
     656.2692461641094042       1.0661711394786835
     656.2694462975317720       1.0055228495039046
     656.2696464309540261       0.9070754945278168
     656.2698465643762802       1.0760755166411400
     656.2700466977985343       0.9475363381206989
     656.2702468312209021       0.9719391465187073
     656.2704469646431562       0.9819787014275789
     656.2706470980654103       1.0164360161870718
     656.2708472314876644       0.9995099370717071
     656.2710473649099185       1.1080948337912560
     656.2712474983322863       0.9004068747162819
     656.2714476317545405       0.8995105028152466
     656.2716477651767946       0.9328279793262482
     656.2718478985990487       1.0498421527445316
     656.2720480320214165       0.9331737086176872
     656.2722481654436706       0.9804521687328815
     656.2724482988659247       0.9974634272512048
     656.2726484322881788       0.9762401171028614
     656.2728485657105466       1.0929752588272095
     656.2730486991328007       1.0544644892215729
     656.2732488325550548       0.9774056598544121
     656.2734489659773089       1.0088025201112032
     656.2736490993996767       1.0079046376049519
     656.2738492328219309       1.0507413335144520
     656.2740493662441850       1.0115633597597480
     656.2742494996664391       0.9757089000195265
     656.2744496330888069       1.0094789899885654
     656.2746497665110610       1.0426112674176693
     656.2748498999333151       1.0255218297243118
     656.2750500333555692       0.9607292562723160
     656.2752501667779370       1.1207702085375786
     656.2754503002001911       0.9826703630387783
     656.2756504336224452       1.0330633446574211
     656.2758505670446993       1.0099176634103060
     656.2760507004670671       1.1242390796542168
     656.2762508338893213       1.0008250988903455
     656.2764509673115754       0.9661059975624084
     656.2766511007338295       0.9053512290120125
     656.2768512341560836       1.0238203052431345
     656.2770513675784514       1.0586286485195160
     656.2772515010007055       1.0143514489755034
     656.2774516344229596       1.0442269556224346
     656.2776517678452137       0.9170882552862167
     656.2778519012675815       0.9714641273021698
     656.2780520346898356       1.0707095786929131
     656.2782521681120897       1.0052764178253710
     656.2784523015343439       0.9643323943018913
     656.2786524349567117       1.0809783190488815
     656.2788525683789658       1.0841498970985413
     656.2790527018012199       0.9719867408275604
     656.2792528352234740       1.0560254268348217
     656.2794529686458418       0.9605030938982964
     656.2796531020680959       0.9561464339494705
     656.2798532354903500       1.0183252226561308
     656.2800533689126041       1.0670368373394012
     656.2802535023349719       0.9967719274573028
     656.2804536357572260       1.0338939093053341
     656.2806537691794802       1.0505774915218353
     656.2808539026017343       0.9725437965244055
     656.2810540360241021       1.0252542588859797
     656.2812541694463562       0.9900744622573256
     656.2814543028686103       0.9916755445301533
     656.2816544362908644       0.9074120149016380
     656.2818545697131185       1.0729076266288757
     656.2820547031354863       1.0522276647388935
     656.2822548365577404       1.0080844471231103
     656.2824549699799945       1.0249156858772039
     656.2826551034022486       1.0342057608067989
     656.2828552368246164       1.0786271542310715
     656.2830553702468706       0.9497084729373455
     656.2832555036691247       0.9211905077099800
     656.2834556370913788       1.0130770578980446
     656.2836557705137466       1.0899091884493828
     656.2838559039360007       0.9488558471202850
     656.2840560373582548       1.0060802865773439
     656.2842561707805089       0.9897187007591128
     656.2844563042028767       1.0223659574985504
     656.2846564376251308       1.0425820127129555
     656.2848565710473849       0.9958103504031897
     656.2850567044696390       1.0077435928396881
     656.2852568378920068       0.9443698339164257
     656.2854569713142610       0.9958240711130202
     656.2856571047365151       0.9911404931917787
     656.2858572381587692       0.9977824243251234
     656.2860573715811370       1.0364105254411697
     656.2862575050033911       1.0032580406405032
     656.2864576384256452       0.9297982901334763
     656.2866577718478993       1.0538665018975735
     656.2868579052702671       0.9131990447640419
     656.2870580386925212       0.9104766026139259
     656.2872581721147753       1.0755175128579140
     656.2874583055370294       0.9122034832835197
     656.2876584389592836       0.9694598075002432
     656.2878585723816514       1.0448586158454418
     656.2880587058039055       0.9996839485247619
     656.2882588392261596       0.9512593187391758
     656.2884589726484137       1.0365984104573727
     656.2886591060707815       0.9808813128620386
     656.2888592394930356       1.0080797923728824
     656.2890593729152897       1.0537605956196785
     656.2892595063375438       0.9390060342848301
     656.2894596397599116       0.9268691539764404
     656.2896597731821657       1.0083897039294243
     656.2898599066044198       1.0725483298301697
     656.2900600400266740       0.9716304298490286
     656.2902601734490418       0.9748441297560930
     656.2904603068712959       1.0625930950045586
     656.2906604402935500       0.9911427022889256
     656.2908605737158041       0.9327410534024239
     656.2910607071381719       1.0935932844877243
     656.2912608405604260       0.9798777047544718
     656.2914609739826801       1.0335421450436115
     656.2916611074049342       0.9957226817496121
     656.2918612408273020       0.9692289382219315
     656.2920613742495561       0.9847587794065475
     656.2922615076718103       0.9384134300053120
     656.2924616410940644       0.9992682201554999
     656.2926617745164322       1.0555834434926510
     656.2928619079386863       0.9900959553197026
     656.2930620413609404       0.9323073402047157
     656.2932621747831945       1.0656453892588615
     656.2934623082054486       0.9968740686308593
     656.2936624416278164       1.0100960833951831
     656.2938625750500705       0.9582377374172211
     656.2940627084723246       0.9916510069742799
     656.2942628418945787       1.0295994188636541
     656.2944629753169465       1.1025681272149086
     656.2946631087392007       0.9996836931386497
     656.2948632421614548       1.0353043973445892
     656.2950633755837089       0.9716237131506205
     656.2952635090060767       1.0018194273579866
     656.2954636424283308       0.9536076150834560
     656.2956637758505849       1.0735254809260368
     656.2958639092728390       0.9975043442100286
     656.2960640426952068       1.0689992010593414
     656.2962641761174609       0.9704045951366425
     656.2964643095397150       0.9720235280692577
     656.2966644429619691       0.9992218434344977
     656.2968645763843369       1.0608881376683712
     656.2970647098065911       1.0513382069766521
     656.2972648432288452       0.9636714942753315
     656.2974649766510993       1.0864405259490013
     656.2976651100734671       0.9821491185575724
     656.2978652434957212       0.8712156713008881
     656.2980653769179753       1.0608340017497540
     656.2982655103402294       1.0110061904415488
     656.2984656437624835       1.0381301790475845
     656.2986657771848513       1.0007901336066425
     656.2988659106071054       0.9766240566968918
     656.2990660440293595       0.9683270901441574
     656.2992661774516137       1.0290775056928396
     656.2994663108739815       1.0840428099036217
     656.2996664442962356       0.9614850506186485
     656.2998665777184897       0.9597648680210114
     656.3000667111407438       0.9979864645283669
     656.3002668445631116       1.0251475572586060
     656.3004669779853657       0.9174052551388741
     656.3006671114076198       0.9765494633466005
     656.3008672448298739       0.9704999197274446
     656.3010673782522417       1.0180254187434912
     656.3012675116744958       0.9300468191504478
     656.3014676450967499       0.9812448974698782
     656.3016677785190041       1.0064790174365044
     656.3018679119413719       1.0787443965673447
     656.3020680453636260       0.9179819226264954
     656.3022681787858801       0.9362229108810425
     656.3024683122081342       1.0516367964446545
     656.3026684456305020       1.0320477448403835
     656.3028685790527561       1.0310884993523359
     656.3030687124750102       1.0222337748855352
     656.3032688458972643       0.9869093047454953
     656.3034689793196321       0.9261671453714371
     656.3036691127418862       1.0270066745579243
     656.3038692461641403       0.9945322712883353
     656.3040693795863945       0.9539751708507538
     656.3042695130086486       0.9351344257593155
     656.3044696464310164       0.9397203139960766
     656.3046697798532705       1.0052353148348629
     656.3048699132755246       1.0243827812373638
     656.3050700466977787       1.0235484689474106
     656.3052701801201465       0.9898513806983829
     656.3054703135424006       1.0070777661167085
     656.3056704469646547       0.9075698629021645
     656.3058705803869088       1.0257636345922947
     656.3060707138092766       0.9392803236842155
     656.3062708472315308       1.0753132402896881
     656.3064709806537849       0.9592886269092560
     656.3066711140760390       1.0390287414193153
     656.3068712474984068       1.0695511326193810
     656.3070713809206609       1.0376087687909603
     656.3072715143429150       0.9136886596679686
     656.3074716477651691       1.0340348966419695
     656.3076717811875369       1.0213923584669824
     656.3078719146097910       1.0190038215368982
     656.3080720480320451       1.0304566621780387
     656.3082721814542992       0.9546548686921585
     656.3084723148766670       1.0552293360233289
     656.3086724482989212       1.0404063910245869
     656.3088725817211753       0.9947056709788702
     656.3090727151434294       0.9726374838501159
     656.3092728485656835       1.0180524699389852
     656.3094729819880513       1.0356420576572296
     656.3096731154103054       1.0641906037926494
     656.3098732488325595       1.0737679749726985
     656.3100733822548136       1.0343342125415416
     656.3102735156771814       1.0395260043441681
     656.3104736490994355       1.0233128983526592
     656.3106737825216896       1.0170456562190040
     656.3108739159439438       0.9328383579848438
     656.3110740493663116       1.0438374094662501
     656.3112741827885657       1.0392525494094977
     656.3114743162108198       0.9763499088580057
     656.3116744496330739       0.9285156801335308
     656.3118745830554417       0.9528211094428040
     656.3120747164776958       0.9708363469674347
     656.3122748498999499       0.9085861518956594
     656.3124749833222040       0.9408232271639267
     656.3126751167445718       0.9741583857639808
     656.3128752501668259       1.0621984489197573
     656.3130753835890800       1.0197127964256345
     656.3132755170113342       1.0732241272797602
     656.3134756504337020       0.9741943497029613
     656.3136757838559561       1.0100566362707901
     656.3138759172782102       0.8627852946163923
     656.3140760507004643       0.9079493209222587
     656.3142761841228321       0.9969262372941233
     656.3144763175450862       0.9850886695987390
     656.3146764509673403       0.8878413064934245
     656.3148765843895944       1.0067148369755561
     656.3150767178118485       0.9334572104056530
     656.3152768512342163       0.9374654438573049
     656.3154769846564704       1.0228378898319295
     656.3156771180787246       1.0692058795078472
     656.3158772515009787       1.0305153513666090
     656.3160773849233465       0.9950044929865111
     656.3162775183456006       1.0955079032265176
     656.3164776517678547       1.0029282919908367
     656.3166777851901088       1.0433853275452007
     656.3168779186124766       0.9659441146952114
     656.3170780520347307       0.9995312823271674
     656.3172781854569848       0.9821915645618200
     656.3174783188792389       0.9673981269449305
     656.3176784523016067       1.0743866207035735
     656.3178785857238609       0.9955150709339244
     656.3180787191461150       1.0050238150852016
     656.3182788525683691       1.0237907364089125
     656.3184789859907369       0.9786432888310123
     656.3186791194129910       0.9905507229109881
     656.3188792528352451       1.0420715619817988
     656.3190793862574992       0.8969627357168715
     656.3192795196798670       1.0093917232245868
     656.3194796531021211       0.9881986584908242
     656.3196797865243752       0.9988535074850905
     656.3198799199466293       1.0752711360441627
     656.3200800533688835       0.9586540288120960
     656.3202801867912513       0.9439142421079869
     656.3204803202135054       1.0417897031930594
     656.3206804536357595       1.0050447320734328
     656.3208805870580136       1.0528996839366931
     656.3210807204803814       0.9776646249498404
     656.3212808539026355       0.9968465492898692
     656.3214809873248896       0.9093291735780197
     656.3216811207471437       1.0271424338439874
     656.3218812541695115       0.9565070945002774
     656.3220813875917656       0.8914171364371538
     656.3222815210140197       0.9764494492341103
     656.3224816544362739       1.0261636767970641
     656.3226817878586417       0.9929432504023429
     656.3228819212808958       0.9512266836159707
     656.3230820547031499       0.9403607007202777
     656.3232821881254040       1.0216181358950207
     656.3234823215477718       1.0512563296084760
     656.3236824549700259       1.0317780478091731
     656.3238825883922800       0.9779788749752482
     656.3240827218145341       1.0542486021500097
     656.3242828552369019       0.9991019460353683
     656.3244829886591560       1.0732323490178599
     656.3246831220814101       0.9495217940937132
     656.3248832555036643       1.1565857681131821
     656.3250833889260321       0.9624418924250371
     656.3252835223482862       1.0310868607035881
     656.3254836557705403       0.9414140071930476
     656.3256837891927944       0.9943461967173942
     656.3258839226150485       0.9888283013263375
     656.3260840560374163       0.9507581742191877
     656.3262841894596704       1.0030435746015094
     656.3264843228819245       0.9402358574791299
     656.3266844563041786       1.0434007956545077
     656.3268845897265464       0.9875421086444809
     656.3270847231488005       0.9888881867804349
     656.3272848565710547       1.0829523611150220
     656.3274849899933088       1.0497426146758937
     656.3276851234156766       1.0051728275139475
     656.3278852568379307       1.0694674013534540
     656.3280853902601848       0.9599608975693406
     656.3282855236824389       1.0044708460450660
     656.3284856571048067       0.9438439434481679
     656.3286857905270608       1.0116975688503926
     656.3288859239493149       1.0388631393602188
     656.3290860573715690       1.0279575064386637
     656.3292861907939368       0.9935398768322741
     656.3294863242161910       1.0426106403115236
     656.3296864576384451       1.0525310362519136
     656.3298865910606992       0.9650467739245966
     656.3300867244830670       0.9862437373215016
     656.3302868579053211       0.9832293301596080
     656.3304869913275752       0.9947036494670282
     656.3306871247498293       0.9495435891140210
     656.3308872581721971       0.9007487890911174
     656.3310873915944512       0.9559931960603528
     656.3312875250167053       0.9227500011003542
     656.3314876584389594       0.9959251144467256
     656.3316877918612136       1.0866090358380307
     656.3318879252835814       0.9573621441728174
     656.3320880587058355       0.8906009717624098
     656.3322881921280896       0.9481257901490611
     656.3324883255503437       1.0170277832489001
     656.3326884589727115       0.9788857189620488
     656.3328885923949656       0.9710545006867409
     656.3330887258172197       1.0440771885584201
     656.3332888592394738       0.9635056009718337
     656.3334889926618416       0.9530321141924424
     656.3336891260840957       1.0491121396271295
     656.3338892595063498       0.9277798909605537
     656.3340893929286040       0.9240728224558772
     656.3342895263509718       0.9351291111288894
     656.3344896597732259       0.8821529950266510
     656.3346897931954800       0.9492981288449159
     656.3348899266177341       0.9199943705770393
     656.3350900600401019       0.9504321377718403
     656.3352901934623560       0.9566109916514672
     656.3354903268846101       0.9063569921685304
     656.3356904603068642       0.9203793773646828
     656.3358905937292320       0.8885033992507603
     656.3360907271514861       0.8961030519446351
     656.3362908605737402       0.9116597838364452
     656.3364909939959944       0.8789932821998432
     656.3366911274182485       0.8782232682592486
     656.3368912608406163       0.8777137628707015
     656.3370913942628704       0.7946066101929862
     656.3372915276851245       0.8222085998336892
     656.3374916611073786       0.8924944540214605
     656.3376917945297464       0.8725166073954844
     656.3378919279520005       0.8124114650087276
     656.3380920613742546       0.8238079864679773
     656.3382921947965087       0.8572402971982587
     656.3384923282188765       0.8255666710432512
     656.3386924616411306       0.8367826861134354
     656.3388925950633848       0.8493025074961924
     656.3390927284856389       0.7460047885256988
     656.3392928619080067       0.8650990386177428
     656.3394929953302608       0.7675665968031946
     656.3396931287525149       0.8354641590254425
     656.3398932621747690       0.8289407354583458
     656.3400933955971368       0.7352589191279162
     656.3402935290193909       0.9152875810730428
     656.3404936624416450       0.8120668236850273
     656.3406937958638991       0.8690948109320580
     656.3408939292862669       0.7696712650780526
     656.3410940627085211       0.7506302180173908
     656.3412941961307752       0.8656259061334335
     656.3414943295530293       0.7763624810090688
     656.3416944629753971       0.8496554155152740
     656.3418945963976512       0.7821321501242119
     656.3420947298199053       0.8761321556996611
     656.3422948632421594       0.8230022404819217
     656.3424949966644135       0.7194150108328796
     656.3426951300867813       0.8275165082735991
     656.3428952635090354       0.8217032696420918
     656.3430953969312895       0.7976865867669249
     656.3432955303535437       0.8522977474939316
     656.3434956637759115       0.7968335766096923
     656.3436957971981656       0.7653863580245887
     656.3438959306204197       0.8400725440885470
     656.3440960640426738       0.8430918548478374
     656.3442961974650416       0.8769454590659664
     656.3444963308872957       0.9703885401885652
     656.3446964643095498       0.8721810370434222
     656.3448965977318039       0.8103702827835348
     656.3450967311541717       1.0235324253611560
     656.3452968645764258       0.9180459594910003
     656.3454969979986799       0.9217797881318535
     656.3456971314209341       0.8979658750771780
     656.3458972648433019       0.9781411801335164
     656.3460973982655560       0.9185191554718629
     656.3462975316878101       0.9503786071909348
     656.3464976651100642       1.0389720482263844
     656.3466977985324320       0.8348887305128606
     656.3468979319546861       0.9781477277911103
     656.3470980653769402       0.8832110007217909
     656.3472981987991943       1.0057360469995709
     656.3474983322214484       0.9836710597776663
     656.3476984656438162       1.0200039185438605
     656.3478985990660703       1.0385903629872306
     656.3480987324883245       0.9463434119243727
     656.3482988659105786       0.9270938614196670
     656.3484989993329464       0.9799117887959191
     656.3486991327552005       1.0402383227179937
     656.3488992661774546       0.9968263593887845
     656.3490993995997087       0.9356274194369175
     656.3492995330220765       1.0128058621037570
     656.3494996664443306       1.0466573310333782
     656.3496997998665847       0.9542751545223381
     656.3498999332888388       1.0164362970116532
     656.3501000667112066       1.0172413525428601
     656.3503002001334607       1.0465725800399055
     656.3505003335557149       0.8753916081245907
     656.3507004669779690       1.0746157879121998
     656.3509006004003368       1.0211285648469679
     656.3511007338225909       0.9770570212227750
     656.3513008672448450       1.0204319826221326
     656.3515010006670991       1.0375083159188452
     656.3517011340894669       0.9846752697425680
     656.3519012675117210       0.9932423733071197
     656.3521014009339751       1.0755672653752097
     656.3523015343562292       1.0530594826062423
     656.3525016677785970       1.0766719740260338
     656.3527018012008512       0.9787624287001644
     656.3529019346231053       1.0804101502108172
     656.3531020680453594       1.0641267613397094
     656.3533022014676135       1.0916818420038741
     656.3535023348899813       0.9904746517021641
     656.3537024683122354       1.0525524728280380
     656.3539026017344895       1.0656482019943396
     656.3541027351567436       1.0335982639670378
     656.3543028685791114       0.9599260948661201
     656.3545030020013655       0.9511250749695167
     656.3547031354236196       0.9574854776848980
     656.3549032688458738       1.0858923875007629
     656.3551034022682416       0.9232991332366438
     656.3553035356904957       0.9545111046800425
     656.3555036691127498       1.1334041540128426
     656.3557038025350039       0.9567790674448511
     656.3559039359573717       0.9408757499193454
     656.3561040693796258       0.9372092566392484
     656.3563042028018799       1.0772758375009148
     656.3565043362241340       1.0875235291533960
     656.3567044696465018       1.0088693177986106
     656.3569046030687559       0.9728607722404792
     656.3571047364910100       0.9041689035179743
     656.3573048699132642       0.9828600726195470
     656.3575050033356320       1.0616378379669729
     656.3577051367578861       1.0512329646173608
     656.3579052701801402       1.0626970419244912
     656.3581054036023943       0.9669855977977134
     656.3583055370246484       1.0404354355972885
     656.3585056704470162       0.9597887232982947
     656.3587058038692703       1.0218258908704829
     656.3589059372915244       0.8864375247429435
     656.3591060707137785       0.9440667473851814
     656.3593062041361463       0.8857371111452723
     656.3595063375584004       0.9525154245244205
     656.3597064709806546       0.9075788082075484
     656.3599066044029087       1.0286939444525438
     656.3601067378252765       0.9078868897904110
     656.3603068712475306       0.9576108007631745
     656.3605070046697847       0.9746567972020680
     656.3607071380920388       0.9312183594368054
     656.3609072715144066       0.9724091511965998
     656.3611074049366607       1.0492262863244601
     656.3613075383589148       0.9980751237767580
     656.3615076717811689       0.9897415639279613
     656.3617078052035367       1.0464774129344718
     656.3619079386257908       0.9816650429819630
     656.3621080720480450       0.9380169047576508
     656.3623082054702991       0.9890797808238463
     656.3625083388926669       1.0860922325443039
     656.3627084723149210       1.0063045140020741
     656.3629086057371751       0.9614474119775438
     656.3631087391594292       1.0639116168923060
     656.3633088725817970       0.9936677556780860
     656.3635090060040511       1.1040469611883394
     656.3637091394263052       0.9532008975784644
     656.3639092728485593       1.0224777421168989
     656.3641094062708135       0.9770952932504922
     656.3643095396931813       1.0241607225828315
     656.3645096731154354       1.0011027249648690
     656.3647098065376895       1.0560609482966401
     656.3649099399599436       1.0394906529153822
     656.3651100733823114       0.9987362354740847
     656.3653102068045655       0.9578854728002233
     656.3655103402268196       0.9783139369272129
     656.3657104736490737       0.9700504851779898
     656.3659106070714415       0.9273517350746412
     656.3661107404936956       1.0352970246617277
     656.3663108739159497       0.9449825694224935
     656.3665110073382039       0.9275313390525916
     656.3667111407605717       1.0330500713211599
     656.3669112741828258       0.9890404268183867
     656.3671114076050799       1.0419382452306294
     656.3673115410273340       0.9467566906933340
     656.3675116744497018       0.9515854008157594
     656.3677118078719559       0.9535002708193577
     656.3679119412942100       0.9863289566538608
     656.3681120747164641       1.0776859670755274
     656.3683122081388319       1.0457890219899855
     656.3685123415610860       0.9166564792333435
     656.3687124749833401       1.0208670794920682
     656.3689126084055943       0.9635112695365594
     656.3691127418278484       1.0385948643067047
     656.3693128752502162       0.9816431626662611
     656.3695130086724703       1.0034964387294676
     656.3697131420947244       1.0518419630818276
     656.3699132755169785       1.0550219789142345
     656.3701134089393463       1.0349390804764123
     656.3703135423616004       0.9975729349532549
     656.3705136757838545       0.9877544799817928
     656.3707138092061086       1.0139788603408983
     656.3709139426284764       1.0896768867968729
     656.3711140760507305       0.9819497168063581
     656.3713142094729847       0.9930217959917715
     656.3715143428952388       1.0289939194917430
     656.3717144763176066       1.0374514199793170
     656.3719146097398607       0.9613029100000744
     656.3721147431621148       0.9515848383307379
     656.3723148765843689       1.0139681771397537
     656.3725150100067367       0.9489010386168921
     656.3727151434289908       0.9996788156568049
     656.3729152768512449       1.0522009618580326
     656.3731154102734990       0.9905954860150804
     656.3733155436958668       1.0676291957497590
     656.3735156771181209       1.0072763711214061
     656.3737158105403751       1.0254514608532186
     656.3739159439626292       1.0201673135161398
     656.3741160773849970       1.0122262667864561
     656.3743162108072511       0.9992551871109753
     656.3745163442295052       0.9397574588656424
     656.3747164776517593       1.0087689338251948
     656.3749166110740134       1.0621540956199169
     656.3751167444963812       1.0150432540103793
     656.3753168779186353       1.0252588521689177
     656.3755170113408894       1.0483559183776379
     656.3757171447631436       1.0550877340137959
     656.3759172781855113       0.9083483964204788
     656.3761174116077655       0.9930820344015956
     656.3763175450300196       1.0577753372490406
     656.3765176784522737       1.0065509341657162
     656.3767178118746415       1.0115327527746558
     656.3769179452968956       0.9438048414885998
     656.3771180787191497       0.9472850449383259
     656.3773182121414038       1.0558114647865295
     656.3775183455637716       1.0231745578348637
     656.3777184789860257       0.9507968463003635
     656.3779186124082798       0.9688382148742676
     656.3781187458305340       0.9859891207888722
     656.3783188792529018       0.9741113446652889
     656.3785190126751559       0.9354982674121857
     656.3787191460974100       1.0377663783729076
     656.3789192795196641       0.9543854668736458
     656.3791194129420319       1.0813105702400208
     656.3793195463642860       1.0375582724809647
     656.3795196797865401       1.0166296344250441
     656.3797198132087942       1.0674632340669632
     656.3799199466311620       0.9993339265347458
     656.3801200800534161       0.9238491877913475
     656.3803202134756702       0.9625105671584606
     656.3805203468979244       0.9269731715321541
     656.3807204803201785       1.0836015567183495
     656.3809206137425463       1.0105946157127619
     656.3811207471648004       0.9782637543976307
     656.3813208805870545       1.0226450134068727
     656.3815210140093086       1.0183797795325518
     656.3817211474316764       1.0194496884942055
     656.3819212808539305       0.9996014274656773
     656.3821214142761846       0.9449985064566135
     656.3823215476984387       0.9494920074939728
     656.3825216811208065       1.0567541383206844
     656.3827218145430606       1.0084027089178562
     656.3829219479653148       0.9869187325239182
     656.3831220813875689       0.9189706221222878
     656.3833222148099367       0.9690635111182928
     656.3835223482321908       0.9233871549367905
     656.3837224816544449       0.9994331941124983
     656.3839226150766990       0.9979244321584702
     656.3841227484990668       0.9761682823300362
     656.3843228819213209       1.0461167693138123
     656.3845230153435750       0.9535590894520283
     656.3847231487658291       0.8764842823147774
     656.3849232821881969       1.1019211411476135
     656.3851234156104510       0.9311910644173622
     656.3853235490327052       0.9860441656783223
     656.3855236824549593       0.9924868443049490
     656.3857238158772134       1.0294698607176542
     656.3859239492995812       1.0313429795205593
     656.3861240827218353       0.9958338225260377
     656.3863242161440894       1.0404613874852657
     656.3865243495663435       0.9889318356290460
     656.3867244829887113       1.0078211296349764
     656.3869246164109654       0.9949587644077837
     656.3871247498332195       0.9638527072966099
     656.3873248832554737       1.0196499358862638
     656.3875250166778414       1.0831444859504700
     656.3877251501000956       1.0479810833930969
     656.3879252835223497       0.9334175363183022
     656.3881254169446038       1.0227934811264277
     656.3883255503669716       1.0209060478955507
     656.3885256837892257       1.0172768197953701
     656.3887258172114798       1.0865490213036537
     656.3889259506337339       0.9976900480687618
     656.3891260840561017       1.0281947050243616
     656.3893262174783558       0.9415176250040531
     656.3895263509006099       0.9942120211198926
     656.3897264843228641       0.9721922241151333
     656.3899266177452319       1.0035983517300338
     656.3901267511674860       1.0490803234279156
     656.3903268845897401       0.9327973499894142
     656.3905270180119942       0.9530353844165802
     656.3907271514343620       0.9589513093233109
     656.3909272848566161       0.9155725613236427
     656.3911274182788702       1.0145320696756244
     656.3913275517011243       0.9916495531797409
     656.3915276851233784       0.9597674645483494
     656.3917278185457462       1.0368770025670528
     656.3919279519680003       0.9482560455799103
     656.3921280853902545       0.9180518090724945
     656.3923282188125086       1.0119010340422392
     656.3925283522348764       1.0228887088596821
     656.3927284856571305       1.0032499607186764
     656.3929286190793846       1.0977242290973663
     656.3931287525016387       0.9352351129055023
     656.3933288859240065       1.0097158541902900
     656.3935290193462606       1.0182824116200209
     656.3937291527685147       0.9957330878823996
     656.3939292861907688       1.0248562153428793
     656.3941294196131366       1.0413039736449718
     656.3943295530353907       0.9658571034669876
     656.3945296864576449       1.0061538866721094
     656.3947298198798990       0.9319257885217667
     656.3949299533022668       0.9870596611872315
     656.3951300867245209       1.0051897312514484
     656.3953302201467750       0.9077309146523476
     656.3955303535690291       1.0133565086871386
     656.3957304869913969       1.0666613876819611
     656.3959306204136510       0.9915604023262858
     656.3961307538359051       0.9710190314799547
     656.3963308872581592       1.0136386081576347
     656.3965310206804133       0.9829778578132391
     656.3967311541027811       0.9953905213624239
     656.3969312875250353       1.0005272661801428
     656.3971314209472894       0.9638597369194031
     656.3973315543695435       0.9972523271571845
     656.3975316877919113       0.9504918865859509
     656.3977318212141654       1.0668922290205956
     656.3979319546364195       1.0057895807549357
     656.3981320880586736       1.0490513145923615
     656.3983322214810414       1.0461374931037426
     656.3985323549032955       1.0083687948063016
     656.3987324883255496       1.0379391536116600
     656.3989326217478038       0.9857456041499972
     656.3991327551701715       0.9226725921034813
     656.3993328885924257       1.0681008994579315
     656.3995330220146798       1.0152201941236854
     656.3997331554369339       0.9856338202953339
     656.3999332888593017       0.9918044451624155
     656.4001334222815558       1.0333795361220837
     656.4003335557038099       1.0135664986446500
     656.4005336891260640       0.9674202539026737
     656.4007338225484318       0.9609045274555683
     656.4009339559706859       1.0015824076253921
     656.4011340893929400       0.9598473571240902
     656.4013342228151942       0.9461920745670795
     656.4015343562375620       1.0546593479812145
     656.4017344896598161       0.9958916814066470
     656.4019346230820702       0.9430282749235630
     656.4021347565043243       0.9887624997645617
     656.4023348899265784       0.9528748765587807
     656.4025350233489462       0.9787806198000908
     656.4027351567712003       1.0434431321918964
     656.4029352901934544       0.9443107731640339
     656.4031354236157085       0.9706949833780527
     656.4033355570380763       0.9898480204865336
     656.4035356904603304       0.9495182521641254
     656.4037358238825846       1.0214588325470686
     656.4039359573048387       0.9453217685222626
     656.4041360907272065       0.9787283670157194
     656.4043362241494606       0.9368363022804260
     656.4045363575717147       0.9971037560608238
     656.4047364909939688       1.0109172174707055
     656.4049366244163366       1.0149461599066854
     656.4051367578385907       0.9939401820302010
     656.4053368912608448       0.9707214627414942
     656.4055370246830989       1.0029971941839904
     656.4057371581054667       0.9439290575683117
     656.4059372915277208       0.9579258933663368
     656.4061374249499750       0.9541569799184799
     656.4063375583722291       1.0590527355670929
     656.4065376917945969       0.9529489167034626
     656.4067378252168510       1.0581662319600582
     656.4069379586391051       0.9423495456576347
     656.4071380920613592       0.9339006990194321
     656.4073382254836133       0.9971966596785933
     656.4075383589059811       1.0502612479031086
     656.4077384923282352       0.9504958465695381
     656.4079386257504893       0.9530878476798534
     656.4081387591727434       1.0310980323702097
     656.4083388925951112       1.0410792939364910
     656.4085390260173654       0.9938866943120956
     656.4087391594396195       1.0806752890348434
     656.4089392928618736       0.9228373616933823
     656.4091394262842414       1.0284768026322126
     656.4093395597064955       0.9342709556221962
     656.4095396931287496       0.9963315203785896
     656.4097398265510037       1.0732118710875511
     656.4099399599733715       0.9884454812854528
     656.4101400933956256       1.0296415966004133
     656.4103402268178797       0.9405217692255974
     656.4105403602401339       1.0214227084070444
     656.4107404936625016       1.0677806586027145
     656.4109406270847558       1.0586161278188229
     656.4111407605070099       1.0123161925002933
     656.4113408939292640       0.9752341452986002
     656.4115410273516318       1.0670024380087852
     656.4117411607738859       0.9807310942560434
     656.4119412941961400       1.0028421881143004
     656.4121414276183941       0.9802787620574236
     656.4123415610407619       0.9865210233256221
     656.4125416944630160       1.0247669778764248
     656.4127418278852701       0.9738450590521097
     656.4129419613075243       1.0038339854218066
     656.4131420947297784       1.0101293362677097
     656.4133422281521462       1.0434954836964607
     656.4135423615744003       0.9373154714703560
     656.4137424949966544       1.0399352498352528
     656.4139426284189085       1.0285282526165247
     656.4141427618412763       1.0011342737125233
     656.4143428952635304       0.9471047222614288
     656.4145430286857845       0.9405279681086540
     656.4147431621080386       0.9904636936262250
     656.4149432955304064       1.0412115231156349
     656.4151434289526605       0.9937487249262631
     656.4153435623749147       0.9627396650612354
     656.4155436957971688       0.9763236381113529
     656.4157438292195366       0.9993275812594220
     656.4159439626417907       0.9636569507420063
     656.4161440960640448       1.0099579477682710
     656.4163442294862989       0.9849434914067388
     656.4165443629086667       1.0203962530940771
     656.4167444963309208       1.0245555117726326
     656.4169446297531749       1.0625139698386192
     656.4171447631754290       0.9610670693218708
     656.4173448965977968       0.9478901736438274
     656.4175450300200509       0.9760619569569826
     656.4177451634423051       0.9058897420763969
     656.4179452968645592       1.0118162790313363
     656.4181454302869270       0.9922192199155688
     656.4183455637091811       0.9711691159754992
     656.4185456971314352       1.0584205351769924
     656.4187458305536893       1.0565193407237530
     656.4189459639759434       1.0098888324573636
     656.4191460973983112       0.9870663136243820
     656.4193462308205653       1.0301195569336414
     656.4195463642428194       0.9058443605899811
     656.4197464976650735       0.9908367088064551
     656.4199466310874413       0.9893872840330005
     656.4201467645096955       1.0217173527926207
     656.4203468979319496       0.9243513420224190
     656.4205470313542037       0.9911040561273694
     656.4207471647765715       0.9343679547309875
     656.4209472981988256       1.0306924432516098
     656.4211474316210797       1.0373497307300568
     656.4213475650433338       0.9974452268797904
     656.4215476984657016       1.0219121947884560
     656.4217478318879557       1.0640651509165764
     656.4219479653102098       0.9900174224749207
     656.4221480987324640       0.9410930313169956
     656.4223482321548317       1.0036072188522667
     656.4225483655770859       0.9626774340867996
     656.4227484989993400       1.0962955802679062
     656.4229486324215941       0.9760293755680323
     656.4231487658439619       1.0554761253297329
     656.4233488992662160       0.9139870777726173
     656.4235490326884701       0.9669294767081738
     656.4237491661107242       0.9770662952214479
     656.4239492995329783       1.0512253008782864
     656.4241494329553461       0.9834946636110544
     656.4243495663776002       1.0477000512182713
     656.4245496997998544       1.0871978327631950
     656.4247498332221085       0.9042183309793472
     656.4249499666444763       1.0676928535103798
     656.4251501000667304       0.9683745950460434
     656.4253502334889845       0.9619504176080227
     656.4255503669112386       0.9815997201949358
     656.4257505003336064       0.9905635863542557
     656.4259506337558605       1.0974930152297020
     656.4261507671781146       1.0124840578064322
     656.4263509006003687       0.9481969065964222
     656.4265510340227365       0.9585971832275391
     656.4267511674449906       0.9897188730537891
     656.4269513008672448       0.9308749213814735
     656.4271514342894989       1.0198917239904404
     656.4273515677118667       0.9776776991784573
     656.4275517011341208       0.8889282792806625
     656.4277518345563749       0.9872292336076498
     656.4279519679786290       1.0083315279334784
     656.4281521014009968       0.9943942171521485
     656.4283522348232509       1.0201735813170671
     656.4285523682455050       0.9655473604798317
     656.4287525016677591       1.1012417227029800
     656.4289526350901269       0.9560035802423954
     656.4291527685123810       1.0315817259252071
     656.4293529019346352       0.9042114689946175
     656.4295530353568893       0.9580749310553074
     656.4297531687791434       1.0051609701476991
     656.4299533022015112       1.0228201840072870
     656.4301534356237653       1.1170971766114235
     656.4303535690460194       1.0171765759587288
     656.4305537024682735       0.9948722985573113
     656.4307538358906413       0.9750746916979551
     656.4309539693128954       0.9596378356218338
     656.4311541027351495       0.9887832151725888
     656.4313542361574036       1.0051856576465070
     656.4315543695797714       1.0037873913533986
     656.4317545030020256       0.9449699930846691
     656.4319546364242797       1.0742725357413292
     656.4321547698465338       0.9518797248601913
     656.4323549032689016       0.9526761621236801
     656.4325550366911557       0.9247319400310516
     656.4327551701134098       0.9996939125994686
     656.4329553035356639       0.9643959887325764
     656.4331554369580317       0.9868659079074860
     656.4333555703802858       1.0022435409482569
     656.4335557038025399       1.0103306127712131
     656.4337558372247940       0.8984957560896873
     656.4339559706471618       0.9748833645135164
     656.4341561040694160       1.0485670603811741
     656.4343562374916701       0.9061752930283546
     656.4345563709139242       1.0533539131283760
     656.4347565043361783       1.0402152761816978
     656.4349566377585461       0.9610733650624752
     656.4351567711808002       0.9891647621989250
     656.4353569046030543       0.9812543280422688
     656.4355570380253084       1.0109358942136168
     656.4357571714476762       1.0048569659702480
     656.4359573048699303       1.0797697976231575
     656.4361574382921845       1.0524212382733822
     656.4363575717144386       1.1079052090644836
     656.4365577051368064       0.9853263478726149
     656.4367578385590605       0.9954369766637683
     656.4369579719813146       1.0009384808945470
     656.4371581054035687       1.0013771017547697
     656.4373582388259365       0.9514994136989117
     656.4375583722481906       1.0542243905365467
     656.4377585056704447       1.0291484035551548
     656.4379586390926988       1.0442534312605858
     656.4381587725150666       0.9848823370411992
     656.4383589059373207       1.0543717406690121
     656.4385590393595749       0.9636223725974560
     656.4387591727818290       1.0050796763971448
     656.4389593062041968       1.0581670664250851
     656.4391594396264509       0.9127264991402626
     656.4393595730487050       1.0516729615628719
     656.4395597064709591       1.0514493174850941
     656.4397598398933269       1.0140051757916808
     656.4399599733155810       0.9878885764628649
     656.4401601067378351       1.0041987034492195
     656.4403602401600892       1.0120615400373936
     656.4405603735823433       0.9358967617154121
     656.4407605070047111       0.9273470118641853
     656.4409606404269653       0.9733062591403723
     656.4411607738492194       1.0099816164001822
     656.4413609072714735       0.9582362882792950
     656.4415610406938413       1.0911384150385857
     656.4417611741160954       0.9444110728800297
     656.4419613075383495       1.0579852871596813
     656.4421614409606036       1.0917085632681847
     656.4423615743829714       1.0300358273088932
     656.4425617078052255       1.0075717656873167
     656.4427618412274796       0.9947953107766807
     656.4429619746497337       1.0419260412454605
     656.4431621080721015       0.8750312328338623
     656.4433622414943557       1.0885673761367798
     656.4435623749166098       0.9966916001867503
     656.4437625083388639       0.9813740253448486
     656.4439626417612317       0.9932072800584137
     656.4441627751834858       0.9699107725173235
     656.4443629086057399       0.8809882998466492
     656.4445630420279940       1.0625570490956306
     656.4447631754503618       1.1149959787726402
     656.4449633088726159       1.0475915223360062
     656.4451634422948700       0.9810858760029078
     656.4453635757171241       1.0934576317667961
     656.4455637091393783       0.9961289968341589
     656.4457638425617461       0.9824320916086435
     656.4459639759840002       1.0466834977269173
     656.4461641094062543       1.0839646160602570
     656.4463642428285084       1.0447129271924496
     656.4465643762508762       0.8854456394910812
     656.4467645096731303       0.9397094286978245
     656.4469646430953844       1.0484174974262714
     656.4471647765176385       0.9828714523464441
     656.4473649099400063       0.9725976139307022
     656.4475650433622604       0.9935358292423189
     656.4477651767845146       1.0403671227395535
     656.4479653102067687       1.0397929623723030
     656.4481654436291365       0.9893288025632501
     656.4483655770513906       0.9856487885117531
     656.4485657104736447       1.0573963336646557
     656.4487658438958988       1.0113574005663395
     656.4489659773182666       1.0165717210620642
     656.4491661107405207       1.0721137300133705
     656.4493662441627748       1.0309621375054121
     656.4495663775850289       0.9852816043421626
     656.4497665110073967       1.0169261768460274
     656.4499666444296508       1.0005733207217418
     656.4501667778519050       1.0475453771650791
     656.4503669112741591       1.0666125342249870
     656.4505670446965269       0.9500511139631271
     656.4507671781187810       1.0011697718873620
     656.4509673115410351       0.9749166630208492
     656.4511674449632892       0.9948716931976378
     656.4513675783855433       0.9355209246277809
     656.4515677118079111       1.0139919267967343
     656.4517678452301652       1.0224467068910599
     656.4519679786524193       0.9733654949814081
     656.4521681120746734       1.0456232130527496
     656.4523682454970412       1.0008172090165317
     656.4525683789192954       0.9627175740897655
     656.4527685123415495       0.9756384734064341
     656.4529686457638036       1.0840001627802849
     656.4531687791861714       1.0544965974986553
     656.4533689126084255       0.8828260898590088
     656.4535690460306796       0.9630032740533352
     656.4537691794529337       0.9548444189131260
     656.4539693128753015       0.9532091990113258
     656.4541694462975556       0.9756094757467508
     656.4543695797198097       1.0255266577005386
     656.4545697131420638       0.9755092728883028
     656.4547698465644316       0.9783498123288155
     656.4549699799866858       0.9570151828229427
     656.4551701134089399       0.9608453512191772
     656.4553702468311940       1.1084260717034340
     656.4555703802535618       1.0153448050841689
     656.4557705136758159       0.9542755112051964
     656.4559706470980700       0.9348776265978813
     656.4561707805203241       0.9099848046898842
     656.4563709139425782       1.0478454381227493
     656.4565710473649460       0.9179662019014359
     656.4567711807872001       1.0431350022554398
     656.4569713142094542       1.0004180995747447
     656.4571714476317084       0.9611357413232327
     656.4573715810540762       1.0359686352312565
     656.4575717144763303       1.0382337532937527
     656.4577718478985844       0.9646795876324177
     656.4579719813208385       1.0599907152354717
     656.4581721147432063       1.0273598320782185
     656.4583722481654604       0.9833688382059336
     656.4585723815877145       1.0257779657840729
     656.4587725150099686       1.0148265212774277
     656.4589726484323364       1.0582635998725891
     656.4591727818545905       1.0200871229171753
     656.4593729152768447       1.0964357554912567
     656.4595730486990988       0.9982422357425094
     656.4597731821214666       0.9435163326561451
     656.4599733155437207       0.9491889178752899
     656.4601734489659748       1.0301436129957438
     656.4603735823882289       1.0995884835720062
     656.4605737158105967       0.9774212501943111
     656.4607738492328508       1.0238445419818163
     656.4609739826551049       1.0694579929113388
     656.4611741160773590       0.9922183430753648
     656.4613742494997268       0.9536347128450871
     656.4615743829219809       1.0041917441412807
     656.4617745163442351       0.9651116915047169
     656.4619746497664892       1.0597521439194679
     656.4621747831887433       1.0345417298376560
     656.4623749166111111       0.9879519166424870
     656.4625750500333652       0.9788831993937492
     656.4627751834556193       1.0173015259206295
     656.4629753168778734       0.9119307771325111
     656.4631754503002412       0.9859275044873357
     656.4633755837224953       1.0062630693428218
     656.4635757171447494       0.9777955524623394
     656.4637758505670035       0.9872483024373651
     656.4639759839893713       1.0591831617057323
     656.4641761174116255       0.9691469017416239
     656.4643762508338796       0.9496152997016907
     656.4645763842561337       0.9821506608277559
     656.4647765176785015       0.9963128569070250
     656.4649766511007556       0.9643778130412102
     656.4651767845230097       0.9959512599743903
     656.4653769179452638       0.9828174896538258
     656.4655770513676316       1.0177070349454880
     656.4657771847898857       1.0258014108985662
     656.4659773182121398       1.0424200706183910
     656.4661774516343939       1.1083507314324379
     656.4663775850567617       0.9982740950072184
     656.4665777184790159       1.0111037362366915
     656.4667778519012700       1.0732659697532654
     656.4669779853235241       1.0592978484928608
     656.4671781187458919       0.9892280008643866
     656.4673782521681460       1.0096936626359820
     656.4675783855904001       0.9665283299982548
     656.4677785190126542       0.9990717610926367
     656.4679786524349083       1.0141720985993743
     656.4681787858572761       1.0120602482929826
     656.4683789192795302       0.9914295012131333
     656.4685790527017843       1.0109373619779944
     656.4687791861240385       1.0238868966698647
     656.4689793195464063       1.0647771507501602
     656.4691794529686604       0.9960105665959418
     656.4693795863909145       1.0430653505027294
     656.4695797198131686       0.9892087616026402
     656.4697798532355364       1.0168528929352760
     656.4699799866577905       0.8461093753576279
     656.4701801200800446       0.9749409016221762
     656.4703802535022987       1.0599483661353588
     656.4705803869246665       0.9875199971720576
     656.4707805203469206       1.0064363810233772
     656.4709806537691748       0.9761221390217543
     656.4711807871914289       0.9469470866024494
     656.4713809206137967       0.9827951584011316
     656.4715810540360508       1.0328022502362728
     656.4717811874583049       0.9645900167524815
     656.4719813208805590       0.9974697662983090
     656.4721814543029268       1.0040658200159669
     656.4723815877251809       1.0890176594257355
     656.4725817211474350       1.0397562831640244
     656.4727818545696891       0.9697649031877518
     656.4729819879919432       1.0231757760047913
     656.4731821214143110       0.9311851114034653
     656.4733822548365652       1.0034503426868469
     656.4735823882588193       1.0348798707127571
     656.4737825216810734       0.9640106596052647
     656.4739826551034412       1.0028347719926387
     656.4741827885256953       1.0314301550388336
     656.4743829219479494       0.9861640566959977
     656.4745830553702035       1.0327200144529343
     656.4747831887925713       0.9276585355401039
     656.4749833222148254       0.9728580024093390
     656.4751834556370795       1.0117269624024630
     656.4753835890593336       0.9422052800655365
     656.4755837224817014       1.0105642993003130
     656.4757838559039556       1.0652256309986115
     656.4759839893262097       1.0382015965878963
     656.4761841227484638       0.9846221664920449
     656.4763842561708316       1.0684464201331139
     656.4765843895930857       0.9575362876057625
     656.4767845230153398       1.0065979561768472
     656.4769846564375939       1.0333499349653721
     656.4771847898599617       1.0630191043019295
     656.4773849232822158       1.0199095681309700
     656.4775850567044699       1.0051064342260361
     656.4777851901267240       1.0194102842360735
     656.4779853235490918       0.9832280464470387
     656.4781854569713460       0.9738861583173275
     656.4783855903936001       0.9951673229224980
     656.4785857238158542       0.8799630776047707
     656.4787858572381083       0.9715738911181688
     656.4789859906604761       0.9954592213034630
     656.4791861240827302       0.9609847515821457
     656.4793862575049843       0.9990937649272382
     656.4795863909272384       1.0197753533720970
     656.4797865243496062       0.9819936994463205
     656.4799866577718603       1.0086740199476480
     656.4801867911941144       0.9986808261601254
     656.4803869246163686       1.0265100188553333
     656.4805870580387364       0.9138242453336716
     656.4807871914609905       0.9971111041959375
     656.4809873248832446       1.0229770168662071
     656.4811874583054987       0.9995486677507870
     656.4813875917278665       0.9906657049432397
     656.4815877251501206       0.9742097519338131
     656.4817878585723747       1.0360445640981197
     656.4819879919946288       1.0420642606914043
     656.4821881254169966       1.0075563364662230
     656.4823882588392507       1.0699582770466805
     656.4825883922615049       1.0100305490195751
     656.4827885256837590       0.9517308026552200
     656.4829886591061268       0.9969999939203262
     656.4831887925283809       1.1132946535944939
     656.4833889259506350       1.0217183046042919
     656.4835890593728891       0.9917077841237187
     656.4837891927951432       0.9308295026421547
     656.4839893262175110       0.9391295313835144
     656.4841894596397651       0.9032721370458603
     656.4843895930620192       0.9783959258347750
     656.4845897264842733       0.9533873684704304
     656.4847898599066411       0.9926404696889222
     656.4849899933288953       1.0172630362212658
     656.4851901267511494       1.0029716165736318
     656.4853902601734035       1.0074449288658798
     656.4855903935957713       0.9907636363059282
     656.4857905270180254       1.0149888396263123
     656.4859906604402795       1.0232776794582605
     656.4861907938625336       0.9763972330838442
     656.4863909272849014       0.9323153570294380
     656.4865910607071555       0.9351539984345436
     656.4867911941294096       0.9509689994156361
     656.4869913275516637       0.9214397892355919
     656.4871914609740315       0.9410062246024609
     656.4873915943962857       1.0192506052553654
     656.4875917278185398       0.9590509571135044
     656.4877918612407939       0.9378617443144321
     656.4879919946631617       0.9532315619289875
     656.4881921280854158       1.0879721641540527
     656.4883922615076699       0.9862259579822421
     656.4885923949299240       1.0289443712681532
     656.4887925283522918       0.9602315239608288
     656.4889926617745459       0.9823947995901108
     656.4891927951968000       0.9702217988669872
     656.4893929286190541       0.9437461011111736
     656.4895930620413083       1.0143493181094527
     656.4897931954636761       0.9935109913349152
     656.4899933288859302       0.9814156610518694
     656.4901934623081843       1.0047114747576416
     656.4903935957304384       1.1385115981101990
     656.4905937291528062       0.9984082735609263
     656.4907938625750603       0.9715961124747992
     656.4909939959973144       0.9705906175076962
     656.4911941294195685       1.0089334910735488
     656.4913942628419363       1.0420273356139660
     656.4915943962641904       0.9442289099097252
     656.4917945296864445       1.0134975612163544
     656.4919946631086987       0.9878533156588674
     656.4921947965310665       0.8831155151128769
     656.4923949299533206       0.9601263701915741
     656.4925950633755747       1.0080432696267962
     656.4927951967978288       1.0266845468431711
     656.4929953302201966       1.0472793541848660
     656.4931954636424507       1.0293323751538992
     656.4933955970647048       1.0718973428010941
     656.4935957304869589       1.0663250014185905
     656.4937958639093267       0.9215873703360558
     656.4939959973315808       0.9578046649694443
     656.4941961307538350       1.0555765293538570
     656.4943962641760891       0.9525756500661373
     656.4945963975983432       0.9362147971987724
     656.4947965310207110       1.0662621781229973
     656.4949966644429651       1.0643138214945793
     656.4951967978652192       0.9358994439244270
     656.4953969312874733       1.0180450659245253
     656.4955970647098411       1.0524730272591114
     656.4957971981320952       1.0042614149861038
     656.4959973315543493       0.9124327078461647
     656.4961974649766034       1.0088282739743590
     656.4963975983989712       0.9291178360581398
     656.4965977318212254       0.9731743950396776
     656.4967978652434795       1.0116204265505075
     656.4969979986657336       1.0359392985701561
     656.4971981320881014       1.0385934822261333
     656.4973982655103555       0.9656927771866322
     656.4975983989326096       1.0353570654988289
     656.4977985323548637       0.9602331258356571
     656.4979986657772315       0.9722137060016394
     656.4981987991994856       1.0153409931808710
     656.4983989326217397       0.9894853401929140
     656.4985990660439938       0.9998912145747454
     656.4987991994663616       1.0155633194372058
     656.4989993328886158       0.9191300943493843
     656.4991994663108699       0.9166853725910187
     656.4993995997331240       1.0013237575767562
     656.4995997331554918       0.9272843375802040
     656.4997998665777459       1.0243418421596289
     656.5000000000000000       0.9887448884546757
