     656.2000000000000455       1.0018839261028916
     656.2002001334222996       0.9573570676147938
     656.2004002668445537       1.1118504032492638
     656.2006004002669215       0.9844435388222337
     656.2008005336891756       0.9824374858289957
     656.2010006671114297       0.9925227677449584
     656.2012008005336838       1.0719656497240067
     656.2014009339560516       1.0034758131951094
     656.2016010673783057       0.9377264864742756
     656.2018012008005599       0.9270263612270355
     656.2020013342228140       1.0099409455433488
     656.2022014676451818       1.0238648504018784
     656.2024016010674359       1.0408380702137947
     656.2026017344896900       0.9261043444275856
     656.2028018679119441       1.0332852602005005
     656.2030020013343119       1.0762019082903862
     656.2032021347565660       0.9790108595043421
     656.2034022681788201       0.9679503925144672
     656.2036024016010742       1.0087011633440852
     656.2038025350234420       1.0299831479787827
     656.2040026684456961       0.9872699584811926
     656.2042028018679503       0.9753485210239887
     656.2044029352902044       1.0338954292237759
     656.2046030687125722       1.0777362883090973
     656.2048032021348263       0.9484115429222584
     656.2050033355570804       0.9812662526965141
     656.2052034689793345       0.9751412421464920
     656.2054036024017023       1.0064597288146615
     656.2056037358239564       0.9803473204374313
     656.2058038692462105       0.9189269319176674
     656.2060040026684646       1.0131881777197123
     656.2062041360907187       1.1117927208542824
     656.2064042695130865       0.9843205772340298
     656.2066044029353407       1.0082782655954361
     656.2068045363575948       1.0180543307214975
     656.2070046697798489       0.9964449058752507
     656.2072048032022167       0.9362196400761604
     656.2074049366244708       0.9676356352865696
     656.2076050700467249       1.0233684778213501
     656.2078052034689790       1.0317007750272751
     656.2080053368913468       0.9571206122636795
     656.2082054703136009       1.0168435759842396
     656.2084056037358550       1.0083892690017819
     656.2086057371581092       0.9911729870364070
     656.2088058705804769       0.9500257559120655
     656.2090060040027311       1.0138238864019513
     656.2092061374249852       0.9155140370130539
     656.2094062708472393       0.9901221944019198
     656.2096064042696071       0.9694004952907562
     656.2098065376918612       0.9950097324326634
     656.2100066711141153       0.9196339324116707
     656.2102068045363694       1.0119152143597603
     656.2104069379587372       1.0926158577203751
     656.2106070713809913       0.9501510076224804
     656.2108072048032454       0.9419366531074047
     656.2110073382254996       1.0381239913403988
     656.2112074716477537       0.9970733656082302
     656.2114076050701215       0.9441321082413197
     656.2116077384923756       1.0309052169322968
     656.2118078719146297       0.9712584875524044
     656.2120080053368838       0.9860254433006048
     656.2122081387592516       0.9760122839361429
     656.2124082721815057       0.9821934979408979
     656.2126084056037598       1.0248022805899382
     656.2128085390260139       1.0823850184679031
     656.2130086724483817       1.0305962413549423
     656.2132088058706358       1.0210756883025169
     656.2134089392928900       1.0443108864128590
     656.2136090727151441       1.0112900640815496
     656.2138092061375119       1.0032466072589159
     656.2140093395597660       0.9842670485377312
     656.2142094729820201       1.0255726072937250
     656.2144096064042742       0.9617179967463017
     656.2146097398266420       0.9729703906923532
     656.2148098732488961       1.0522629581391811
     656.2150100066711502       0.9884271668270230
     656.2152101400934043       1.0029448464047164
     656.2154102735157721       0.9955990808084607
     656.2156104069380262       1.0280117578804493
     656.2158105403602804       0.9783814623951912
     656.2160106737825345       0.9890975607559085
     656.2162108072049023       0.9379261657595634
     656.2164109406271564       0.9519456364214420
     656.2166110740494105       1.0181624908000231
     656.2168112074716646       1.0201305598020554
     656.2170113408939187       1.0101225534453988
     656.2172114743162865       0.9521471895277500
     656.2174116077385406       1.0340346582233906
     656.2176117411607947       1.0836146101355553
     656.2178118745830488       1.0203932709991932
     656.2180120080054166       0.9466119408607483
     656.2182121414276708       0.9782445803284645
     656.2184122748499249       0.9756728205829859
     656.2186124082721790       1.0046097403392196
     656.2188125416945468       1.0333353579044342
     656.2190126751168009       0.9888030933216214
     656.2192128085390550       0.9474453367292881
     656.2194129419613091       1.0126816248521209
     656.2196130753836769       0.9595662280917168
     656.2198132088059310       1.0094032157212496
     656.2200133422281851       0.9027442857623100
     656.2202134756504392       0.9863578379154205
     656.2204136090728070       0.9232796281576157
     656.2206137424950612       0.8896633014082909
     656.2208138759173153       0.9399930424988270
     656.2210140093395694       1.0493573732674122
     656.2212141427619372       0.9753033611923456
     656.2214142761841913       1.0422451458871365
     656.2216144096064454       1.0154113089665771
     656.2218145430286995       0.9754689633846283
     656.2220146764509536       1.0232015009969473
     656.2222148098733214       1.0336939953267574
     656.2224149432955755       0.9811089467257261
     656.2226150767178297       0.9363186359405518
     656.2228152101400838       0.9697905573993921
     656.2230153435624516       0.9134325757622719
     656.2232154769847057       0.9905543681234121
     656.2234156104069598       1.0127798141911626
     656.2236157438292139       1.0027076799888164
     656.2238158772515817       1.0061211395077407
     656.2240160106738358       0.9769606981426477
     656.2242161440960899       0.8895705714821815
     656.2244162775183440       0.9383145496249199
     656.2246164109407118       0.9459840767085552
     656.2248165443629659       0.9692844301462173
     656.2250166777852201       1.0316337384283543
     656.2252168112074742       0.9751984123140574
     656.2254169446298420       0.9192207530140877
     656.2256170780520961       1.0062653827480972
     656.2258172114743502       1.0874162092804909
     656.2260173448966043       0.9822170641273260
     656.2262174783189721       0.9003066867589951
     656.2264176117412262       1.0056638880632818
     656.2266177451634803       1.0537633784115314
     656.2268178785857344       1.0178072992712259
     656.2270180120081022       1.0412992276251316
     656.2272181454303563       0.9718381855636835
     656.2274182788526105       0.9789422191679478
     656.2276184122748646       1.0064588757231832
     656.2278185456971187       1.0020734039135277
     656.2280186791194865       1.0079934122040868
     656.2282188125417406       1.0560808479785919
     656.2284189459639947       0.9533165954053402
     656.2286190793862488       0.9786302838474512
     656.2288192128086166       1.0522976927459240
     656.2290193462308707       0.9421316906809807
     656.2292194796531248       0.9118250906467438
     656.2294196130753789       0.9613758996129036
     656.2296197464977467       1.0293559320271015
     656.2298198799200009       0.9632479064166546
     656.2300200133422550       1.0161339007318020
     656.2302201467645091       1.0196411740034819
     656.2304202801868769       0.9740604422986507
     656.2306204136091310       1.0071734683588147
     656.2308205470313851       0.9937431132420897
     656.2310206804536392       0.9878958286717534
     656.2312208138760070       0.9674746319651604
     656.2314209472982611       0.9960183883085847
     656.2316210807205152       1.0136815374717116
     656.2318212141427693       0.9715423081070185
     656.2320213475651371       1.0314443223178387
     656.2322214809873913       1.0744304805994034
     656.2324216144096454       1.0041231163777411
     656.2326217478318995       0.9688023719936609
     656.2328218812541536       1.0371047146618366
     656.2330220146765214       0.9595782496035099
     656.2332221480987755       1.0035500680096447
     656.2334222815210296       1.0454634465277195
     656.2336224149432837       0.9179992675781250
     656.2338225483656515       1.0176962241530418
     656.2340226817879056       1.0343151651322842
     656.2342228152101598       1.0206371732056141
     656.2344229486324139       0.9713345319032669
     656.2346230820547817       1.0358185134828091
     656.2348232154770358       1.0719396919012070
     656.2350233488992899       1.0058582173660398
     656.2352234823215440       0.9558561183512211
     656.2354236157439118       1.0468144379556179
     656.2356237491661659       0.9480255246162415
     656.2358238825884200       0.9444152005016804
     656.2360240160106741       0.9643348529934883
     656.2362241494330419       0.9207521006464958
     656.2364242828552960       0.9567183554172516
     656.2366244162775502       0.9917967794463038
     656.2368245496998043       0.9444516487419605
     656.2370246831221721       0.9612908512353897
     656.2372248165444262       0.9788014385849237
     656.2374249499666803       1.0167941153049469
     656.2376250833889344       1.0197837948799133
     656.2378252168113022       0.9564156830310822
     656.2380253502335563       1.0012792680645362
     656.2382254836558104       1.0707350447773933
     656.2384256170780645       0.9832356479018927
     656.2386257505003186       0.9348342642188072
     656.2388258839226864       0.9776199292391539
     656.2390260173449406       1.0046194670721889
     656.2392261507671947       1.0797869935631752
     656.2394262841894488       1.0000179195758392
     656.2396264176118166       1.0076831369660795
     656.2398265510340707       1.0091478442773223
     656.2400266844563248       0.9653279073536396
     656.2402268178785789       0.9826319664716721
     656.2404269513009467       1.0264622848480940
     656.2406270847232008       0.9959782999940217
     656.2408272181454549       0.9968751317355782
     656.2410273515677090       1.0261225886642933
     656.2412274849900768       0.9994987098616548
     656.2414276184123310       1.0997384190559387
     656.2416277518345851       1.0569142363965511
     656.2418278852568392       1.0446083359420300
     656.2420280186792070       0.9276056662201881
     656.2422281521014611       0.9765799157321453
     656.2424282855237152       1.0096846325322986
     656.2426284189459693       0.9121161848306656
     656.2428285523683371       0.9799336232244968
     656.2430286857905912       1.0087811555713415
     656.2432288192128453       0.9228269532322884
     656.2434289526350994       0.9245745316147804
     656.2436290860574672       0.9152405783534050
     656.2438292194797214       1.0033916675020009
     656.2440293529019755       0.9475213512778282
     656.2442294863242296       0.9889597864821553
     656.2444296197464837       1.0884476751089096
     656.2446297531688515       1.0530140474438667
     656.2448298865911056       0.9592581130564213
     656.2450300200133597       0.9300935789942741
     656.2452301534356138       1.0515097565948963
     656.2454302868579816       0.9740635268390179
     656.2456304202802357       1.0169995427131653
     656.2458305537024899       0.9734229855239391
     656.2460306871247440       1.0615556016564369
     656.2462308205471118       0.9766904264688492
     656.2464309539693659       0.9603299908339977
     656.2466310873916200       0.9622802510857582
     656.2468312208138741       1.0333446636795998
     656.2470313542362419       0.9910941356793046
     656.2472314876584960       1.0434117875993252
     656.2474316210807501       1.0208183731883764
     656.2476317545030042       1.0239433832466602
     656.2478318879253720       0.9859936535358429
     656.2480320213476261       0.9433208033442497
     656.2482321547698803       0.9653332419693470
     656.2484322881921344       1.1036085113883018
     656.2486324216145022       0.9544630423188210
     656.2488325550367563       1.0099032064899802
     656.2490326884590104       1.0452725924551487
     656.2492328218812645       0.9161737933754921
     656.2494329553035186       1.0040075909346342
     656.2496330887258864       0.9781571142375469
     656.2498332221481405       1.0024990953970701
     656.2500333555703946       0.9296937212347984
     656.2502334889926487       0.9630003422498703
     656.2504336224150165       1.0996105596423149
     656.2506337558372707       0.9915014179423451
     656.2508338892595248       0.9416315555572510
     656.2510340226817789       1.0824647024273872
     656.2512341561041467       1.0442143194377422
     656.2514342895264008       0.9956580298021436
     656.2516344229486549       0.9477859921753407
     656.2518345563709090       0.9178894236683846
     656.2520346897932768       1.0001682960282778
     656.2522348232155309       1.0235923975706100
     656.2524349566377850       1.0058600655756891
     656.2526350900600391       1.0434508286416531
     656.2528352234824069       0.9765919670462608
     656.2530353569046611       0.9696767926216125
     656.2532354903269152       1.0139351934194565
     656.2534356237491693       1.0598585493862629
     656.2536357571715371       1.0229832604527473
     656.2538358905937912       1.0284713897854090
     656.2540360240160453       1.0057830964215100
     656.2542361574382994       0.9550513327121735
     656.2544362908606672       1.0477832145988941
     656.2546364242829213       0.9634472690522671
     656.2548365577051754       0.9771186336874962
     656.2550366911274295       0.8691374361515045
     656.2552368245496837       0.9495392553508282
     656.2554369579720515       0.9518031664192677
     656.2556370913943056       0.9444616660475731
     656.2558372248165597       1.0558420680463314
     656.2560373582388138       0.9701669663190842
     656.2562374916611816       0.9611290954053402
     656.2564376250834357       0.9591480828821659
     656.2566377585056898       1.0938609167933464
     656.2568378919279439       1.0320115648210049
     656.2570380253503117       1.0141460625454783
     656.2572381587725658       1.0110156489536166
     656.2574382921948200       1.0391807667911053
     656.2576384256170741       1.0092406431213021
     656.2578385590394419       1.0264629460871220
     656.2580386924616960       1.0408540926873684
     656.2582388258839501       0.8800505250692368
     656.2584389593062042       0.9610808528959751
     656.2586390927285720       1.0180339422076941
     656.2588392261508261       0.9852506797760725
     656.2590393595730802       0.9865995431318879
     656.2592394929953343       1.0829505622386932
     656.2594396264177021       1.0429305993020535
     656.2596397598399562       1.0394005514681339
     656.2598398932622104       0.9798135310411453
     656.2600400266844645       0.9943938073702157
     656.2602401601067186       1.0439236201345921
     656.2604402935290864       1.0115150054916739
     656.2606404269513405       0.9823266975581646
     656.2608405603735946       0.8147987276315689
     656.2610406937958487       1.0057652397081256
     656.2612408272182165       1.0851446837186813
     656.2614409606404706       1.0400054529309273
     656.2616410940627247       0.9466699250042439
     656.2618412274849788       0.9623481370508671
     656.2620413609073466       0.9798811841756105
     656.2622414943296008       0.9216066077351570
     656.2624416277518549       1.0309670772403479
     656.2626417611741090       1.0453391335904598
     656.2628418945964768       1.0092358151450753
     656.2630420280187309       1.0673542618751526
     656.2632421614409850       1.0105444975197315
     656.2634422948632391       0.9596781320869923
     656.2636424282856069       0.9711922612041235
     656.2638425617078610       1.1144800409674644
     656.2640426951301151       0.9979254074860364
     656.2642428285523692       0.9505319483578205
     656.2644429619747370       0.9857350122183561
     656.2646430953969912       1.0710243955254555
     656.2648432288192453       0.9549132585525513
     656.2650433622414994       1.0362967625260353
     656.2652434956638672       1.0002345243992750
     656.2654436290861213       1.0052752415649593
     656.2656437625083754       0.9408021159470081
     656.2658438959306295       0.9986552122281864
     656.2660440293528836       0.9125490635633469
     656.2662441627752514       0.9736718088388443
     656.2664442961975055       1.0679321140050888
     656.2666444296197596       1.0373564325273037
     656.2668445630420138       1.0787129774689674
     656.2670446964643816       0.9897945076227188
     656.2672448298866357       0.9005328118801117
     656.2674449633088898       1.0148949576541781
     656.2676450967311439       1.0164423175156116
     656.2678452301535117       0.9014756381511688
     656.2680453635757658       0.9925824580714107
     656.2682454969980199       1.0143764410167933
     656.2684456304202740       0.9036743938922882
     656.2686457638426418       0.9772157985717058
     656.2688458972648959       1.1150393262505531
     656.2690460306871501       0.9919600095599890
     656.2692461641094042       0.9561941511929035
     656.2694462975317720       1.0299513731151819
     656.2696464309540261       1.0594941675662994
     656.2698465643762802       0.9972479022108018
     656.2700466977985343       1.0643989816308022
     656.2702468312209021       0.9515211768448353
     656.2704469646431562       0.9364862367510796
     656.2706470980654103       0.9295875206589699
     656.2708472314876644       1.0917085185647011
     656.2710473649099185       1.0004483695083763
     656.2712474983322863       1.1049107462167740
     656.2714476317545405       0.9754779543727636
     656.2716477651767946       1.0430489443242550
     656.2718478985990487       0.9879337204620242
     656.2720480320214165       0.9750669114291668
     656.2722481654436706       1.0479597300291061
     656.2724482988659247       1.0008071454358287
     656.2726484322881788       0.8602460771799088
     656.2728485657105466       0.9746910985559225
     656.2730486991328007       1.0638648271560669
     656.2732488325550548       1.1225260496139526
     656.2734489659773089       1.0020243951585144
     656.2736490993996767       0.9116343036293983
     656.2738492328219309       1.0792300030589104
     656.2740493662441850       1.0256401356309652
     656.2742494996664391       0.9462919421494007
     656.2744496330888069       1.0066194646060467
     656.2746497665110610       0.9783039186149836
     656.2748498999333151       1.0337963998317719
     656.2750500333555692       0.9562369212508202
     656.2752501667779370       1.0027741955127567
     656.2754503002001911       1.0650369748473167
     656.2756504336224452       1.0496842525899410
     656.2758505670446993       0.9440628215670586
     656.2760507004670671       1.0056964321993291
     656.2762508338893213       1.0291902367025614
     656.2764509673115754       0.9538846500217915
     656.2766511007338295       1.0385014116764069
     656.2768512341560836       0.9425114095211029
     656.2770513675784514       0.9999396432758658
     656.2772515010007055       1.0000649159992463
     656.2774516344229596       1.0122534474357963
     656.2776517678452137       0.9515317045152187
     656.2778519012675815       1.0892932340502739
     656.2780520346898356       0.9339809790253639
     656.2782521681120897       0.9342987388372421
     656.2784523015343439       0.9539720863103867
     656.2786524349567117       1.1223293095827103
     656.2788525683789658       1.0146014560014009
     656.2790527018012199       0.8931087851524353
     656.2792528352234740       1.0897523686289787
     656.2794529686458418       1.0027183534111828
     656.2796531020680959       0.9340088143944740
     656.2798532354903500       1.0031123065855354
     656.2800533689126041       0.9666114188730717
     656.2802535023349719       1.0053631379269063
     656.2804536357572260       1.0361797027289867
     656.2806537691794802       0.9547671340405941
     656.2808539026017343       1.0061805229634047
     656.2810540360241021       0.9851449402049184
     656.2812541694463562       0.9931153883226216
     656.2814543028686103       0.9796333294361830
     656.2816544362908644       1.0297429654747248
     656.2818545697131185       0.9946057177148759
     656.2820547031354863       0.9449274055659771
     656.2822548365577404       1.0357423536479473
     656.2824549699799945       0.9626289643347263
     656.2826551034022486       1.0133484601974487
     656.2828552368246164       0.9359096363186836
     656.2830553702468706       1.0245711170136929
     656.2832555036691247       1.0695124790072441
     656.2834556370913788       0.9366676136851311
     656.2836557705137466       1.0118614528328180
     656.2838559039360007       0.9932781015522778
     656.2840560373582548       0.9879248989745975
     656.2842561707805089       1.1026344075798988
     656.2844563042028767       0.9783312119543552
     656.2846564376251308       0.9602053910493851
     656.2848565710473849       1.0396780185401440
     656.2850567044696390       0.9545192904770374
     656.2852568378920068       1.0707540437579155
     656.2854569713142610       1.0362322032451630
     656.2856571047365151       1.0521980598568916
     656.2858572381587692       1.0041605900041759
     656.2860573715811370       0.9628905281424522
     656.2862575050033911       1.0821470990777016
     656.2864576384256452       0.9811839554458857
     656.2866577718478993       1.0559014193713665
     656.2868579052702671       0.9835672788321972
     656.2870580386925212       0.9879346946254373
     656.2872581721147753       1.0097957644611597
     656.2874583055370294       0.9578184969723225
     656.2876584389592836       0.9668150059878826
     656.2878585723816514       0.9869919102638960
     656.2880587058039055       0.9748667050153017
     656.2882588392261596       0.9518539085984230
     656.2884589726484137       1.0402565412223339
     656.2886591060707815       0.9595108143985271
     656.2888592394930356       1.0078233098611236
     656.2890593729152897       0.9636362679302692
     656.2892595063375438       1.1535395681858063
     656.2894596397599116       0.9199023395776749
     656.2896597731821657       1.0188338644802570
     656.2898599066044198       0.9264744222164154
     656.2900600400266740       1.0943090841174126
     656.2902601734490418       1.0615825951099396
     656.2904603068712959       1.0334025882184505
     656.2906604402935500       0.9790917374193668
     656.2908605737158041       1.0482507646083832
     656.2910607071381719       0.9775743670761585
     656.2912608405604260       1.0395051278173923
     656.2914609739826801       1.0627833232283592
     656.2916611074049342       0.9984107924392447
     656.2918612408273020       1.0541511550545692
     656.2920613742495561       1.0607856176793575
     656.2922615076718103       1.0008324791560881
     656.2924616410940644       0.9869664590805769
     656.2926617745164322       1.0260784476995468
     656.2928619079386863       1.0002272251294926
     656.2930620413609404       1.0142642110586166
     656.2932621747831945       1.0338001362979412
     656.2934623082054486       1.0816474631428719
     656.2936624416278164       0.9958448805846274
     656.2938625750500705       0.9553734064102173
     656.2940627084723246       1.0286072194576263
     656.2942628418945787       1.0274418238550425
     656.2944629753169465       0.9527272470295429
     656.2946631087392007       0.9659150838851929
     656.2948632421614548       0.9649311937391758
     656.2950633755837089       0.9370316565036774
     656.2952635090060767       1.0270927939563990
     656.2954636424283308       0.9484521485865116
     656.2956637758505849       0.9770659711211920
     656.2958639092728390       0.9293947443366051
     656.2960640426952068       0.9336582422256470
     656.2962641761174609       1.0622082948684692
     656.2964643095397150       1.0572308860719204
     656.2966644429619691       0.9950584857724607
     656.2968645763843369       1.0515349693596363
     656.2970647098065911       1.0079430826008320
     656.2972648432288452       0.8925164714455605
     656.2974649766510993       0.9656353034079075
     656.2976651100734671       1.0322773419320583
     656.2978652434957212       0.9408525526523590
     656.2980653769179753       0.9152641072869301
     656.2982655103402294       0.9871398517861962
     656.2984656437624835       0.9880143133923411
     656.2986657771848513       1.0330420993268490
     656.2988659106071054       1.0077250371687114
     656.2990660440293595       0.9761144090443850
     656.2992661774516137       0.9953483417630196
     656.2994663108739815       0.9220486804842949
     656.2996664442962356       0.9803764913231134
     656.2998665777184897       1.1042626053094864
     656.3000667111407438       1.0417991392314434
     656.3002668445631116       0.9874751651659608
     656.3004669779853657       1.0262892134487629
     656.3006671114076198       1.0882893726229668
     656.3008672448298739       1.0024185888469219
     656.3010673782522417       1.0050316778942943
     656.3012675116744958       0.9932947233319283
     656.3014676450967499       1.0211036931723356
     656.3016677785190041       1.0510859750211239
     656.3018679119413719       0.9280416071414948
     656.3020680453636260       1.0188651401549578
     656.3022681787858801       0.9838705863803625
     656.3024683122081342       1.0501587092876434
     656.3026684456305020       0.9443154335021973
     656.3028685790527561       0.9533938355743885
     656.3030687124750102       1.0118037341162562
     656.3032688458972643       0.9576112367212772
     656.3034689793196321       0.9804596249014139
     656.3036691127418862       1.0471466220915318
     656.3038692461641403       1.0749606117606163
     656.3040693795863945       0.9949221946299076
     656.3042695130086486       1.0547587387263775
     656.3044696464310164       0.9713328983634710
     656.3046697798532705       0.9527483060956001
     656.3048699132755246       1.0663801878690720
     656.3050700466977787       0.9597128070890903
     656.3052701801201465       0.8896094337105751
     656.3054703135424006       1.0483446829020977
     656.3056704469646547       1.0267248898744583
     656.3058705803869088       0.9794450327754021
     656.3060707138092766       0.9068692103028297
     656.3062708472315308       0.9542095251381397
     656.3064709806537849       1.0138516006991267
     656.3066711140760390       0.8868419900536537
     656.3068712474984068       0.9754378311336040
     656.3070713809206609       1.0062028686515987
     656.3072715143429150       1.1270242780447006
     656.3074716477651691       0.9974847934208810
     656.3076717811875369       0.9976459164172411
     656.3078719146097910       1.0230353418737650
     656.3080720480320451       0.9820315949618816
     656.3082721814542992       1.0837392732501030
     656.3084723148766670       0.9955113003961742
     656.3086724482989212       0.9560410976409912
     656.3088725817211753       0.8664832860231400
     656.3090727151434294       0.9213555902242661
     656.3092728485656835       1.0086448891088367
     656.3094729819880513       1.0468521229922771
     656.3096731154103054       1.0619427524507046
     656.3098732488325595       0.9900608221068978
     656.3100733822548136       0.9631311595439911
     656.3102735156771814       1.0675485357642174
     656.3104736490994355       1.0213606487959623
     656.3106737825216896       1.0236207097768784
     656.3108739159439438       0.9610798768699169
     656.3110740493663116       0.9739129059016705
     656.3112741827885657       0.9741895906627178
     656.3114743162108198       1.0561348460614681
     656.3116744496330739       1.0021240678615868
     656.3118745830554417       0.9749577399343252
     656.3120747164776958       0.9815692845731974
     656.3122748498999499       1.0096164336428046
     656.3124749833222040       0.8413880765438080
     656.3126751167445718       0.9335160925984383
     656.3128752501668259       0.9447118863463402
     656.3130753835890800       0.9849701644852757
     656.3132755170113342       0.9348516613245010
     656.3134756504337020       0.9193905144929886
     656.3136757838559561       1.0026354007422924
     656.3138759172782102       1.0272254198789597
     656.3140760507004643       0.9160996228456497
     656.3142761841228321       1.0329856835305691
     656.3144763175450862       0.9501056708395481
     656.3146764509673403       0.9829805437475443
     656.3148765843895944       1.0587179847061634
     656.3150767178118485       1.0230256225913763
     656.3152768512342163       1.0307157039642334
     656.3154769846564704       1.0139125585556030
     656.3156771180787246       0.9759045597165823
     656.3158772515009787       1.0445650368928909
     656.3160773849233465       0.9775711912661791
     656.3162775183456006       0.9209640398621559
     656.3164776517678547       1.0149770481511950
     656.3166777851901088       1.1040544733405113
     656.3168779186124766       1.0562689378857613
     656.3170780520347307       0.9722536746412516
     656.3172781854569848       0.9837011154741049
     656.3174783188792389       1.0091743236407638
     656.3176784523016067       1.0331683419644833
     656.3178785857238609       1.0007566397543997
     656.3180787191461150       0.9753444045782089
     656.3182788525683691       0.9213313907384872
     656.3184789859907369       0.9802169334143400
     656.3186791194129910       1.0343618728220463
     656.3188792528352451       1.0628613457083702
     656.3190793862574992       1.0180001482367516
     656.3192795196798670       0.9954768200404942
     656.3194796531021211       0.9844284653663635
     656.3196797865243752       1.0603329651057720
     656.3198799199466293       0.9309096261858940
     656.3200800533688835       0.9848723467439413
     656.3202801867912513       1.0173247829079628
     656.3204803202135054       0.9993037467356771
     656.3206804536357595       0.9811214674264191
     656.3208805870580136       1.0282374862581491
     656.3210807204803814       0.9951587161049245
     656.3212808539026355       1.0892487019300456
     656.3214809873248896       1.0669281259179111
     656.3216811207471437       1.0412687808275216
     656.3218812541695115       0.9928412623703470
     656.3220813875917656       0.9466609545052037
     656.3222815210140197       1.0390180759131886
     656.3224816544362739       0.9320732802152600
     656.3226817878586417       1.0813797563314389
     656.3228819212808958       0.9926373437046931
     656.3230820547031499       0.9736287556588541
     656.3232821881254040       0.9341853708028632
     656.3234823215477718       0.9379884786903622
     656.3236824549700259       1.0007456008460958
     656.3238825883922800       0.9482827670871703
     656.3240827218145341       0.9770478755234928
     656.3242828552369019       1.0022751751820405
     656.3244829886591560       1.0274544786660285
     656.3246831220814101       1.0208571236578319
     656.3248832555036643       1.0284147765484117
     656.3250833889260321       0.9061298668379766
     656.3252835223482862       1.1048318073146604
     656.3254836557705403       1.1190626248707405
     656.3256837891927944       0.9782075341776724
     656.3258839226150485       0.9998941626452230
     656.3260840560374163       1.0031214810413256
     656.3262841894596704       0.9281939417082659
     656.3264843228819245       1.0368295423628142
     656.3266844563041786       0.9907409353099130
     656.3268845897265464       0.9518642499926330
     656.3270847231488005       0.9736150204971181
     656.3272848565710547       1.0137795200340838
     656.3274849899933088       0.9988955160047038
     656.3276851234156766       1.0350801907028271
     656.3278852568379307       1.0483543797698034
     656.3280853902601848       0.9844438032303202
     656.3282855236824389       1.0061936298102530
     656.3284856571048067       0.9328601656664457
     656.3286857905270608       1.0059234758383220
     656.3288859239493149       0.9847731419441083
     656.3290860573715690       0.8958058799890291
     656.3292861907939368       0.9581291669563146
     656.3294863242161910       1.0671793065211084
     656.3296864576384451       1.0835064563893066
     656.3298865910606992       1.0181310776317800
     656.3300867244830670       0.9532366374376327
     656.3302868579053211       1.0074422257065365
     656.3304869913275752       1.0279274899122615
     656.3306871247498293       0.9386116811627779
     656.3308872581721971       0.9198946512257711
     656.3310873915944512       0.9229198379592821
     656.3312875250167053       1.0651365694859851
     656.3314876584389594       0.9500028813080866
     656.3316877918612136       0.9998636940008517
     656.3318879252835814       1.0158934735659444
     656.3320880587058355       1.0636642718586917
     656.3322881921280896       0.9984560384596591
     656.3324883255503437       0.9630283540901405
     656.3326884589727115       0.9911741227180415
     656.3328885923949656       0.9980478057671732
     656.3330887258172197       1.0209490877187020
     656.3332888592394738       0.9922912583573528
     656.3334889926618416       0.9704532528825234
     656.3336891260840957       1.0327868576781034
     656.3338892595063498       0.9814336918651624
     656.3340893929286040       0.9674056471118891
     656.3342895263509718       1.0142769569406984
     656.3344896597732259       1.0132608648507422
     656.3346897931954800       1.0688391977219194
     656.3348899266177341       0.9474750365122527
     656.3350900600401019       1.0396549933607071
     656.3352901934623560       0.9907011815767190
     656.3354903268846101       0.9415682241322417
     656.3356904603068642       1.0850424996935515
     656.3358905937292320       1.0138388204154518
     656.3360907271514861       0.9795039395620828
     656.3362908605737402       0.9963638768806614
     656.3364909939959944       0.9337600616175989
     656.3366911274182485       0.9668611261650931
     656.3368912608406163       1.0576620621414579
     656.3370913942628704       0.9664229684829801
     656.3372915276851245       1.0327231335201355
     656.3374916611073786       0.9825259814019757
     656.3376917945297464       1.0475366012143539
     656.3378919279520005       0.9381779680476658
     656.3380920613742546       1.0142233375309662
     656.3382921947965087       1.0195969344655944
     656.3384923282188765       0.9952551020514755
     656.3386924616411306       0.9984208119963081
     656.3388925950633848       0.8720320987058712
     656.3390927284856389       0.9817798796251773
     656.3392928619080067       1.0293497060615606
     656.3394929953302608       1.0959990041018806
     656.3396931287525149       1.0042018207711414
     656.3398932621747690       0.9836480415493322
     656.3400933955971368       1.0730666002722895
     656.3402935290193909       0.9984078063509794
     656.3404936624416450       1.0505952922956683
     656.3406937958638991       1.0781624478204828
     656.3408939292862669       1.0786771498741348
     656.3410940627085211       0.8976617861489260
     656.3412941961307752       1.0042372290123462
     656.3414943295530293       1.0215111859669177
     656.3416944629753971       1.0190855384054944
     656.3418945963976512       0.9201658163260347
     656.3420947298199053       1.0170335186198729
     656.3422948632421594       1.0842657746119460
     656.3424949966644135       0.9543532287810299
     656.3426951300867813       0.9434672838400788
     656.3428952635090354       0.9113165766308468
     656.3430953969312895       1.0777051247619993
     656.3432955303535437       0.9847926089636518
     656.3434956637759115       1.1170777635470770
     656.3436957971981656       0.9806840224021105
     656.3438959306204197       1.0360557158211741
     656.3440960640426738       0.9858517433615133
     656.3442961974650416       1.0461583672711681
     656.3444963308872957       0.9711567920167050
     656.3446964643095498       0.9831411821077610
     656.3448965977318039       0.9516870776786032
     656.3450967311541717       0.9334371421794839
     656.3452968645764258       1.0283236778458800
     656.3454969979986799       0.9446705926914549
     656.3456971314209341       1.0209061948912721
     656.3458972648433019       0.9971349046279754
     656.3460973982655560       1.0308327923697880
     656.3462975316878101       0.9472971484548490
     656.3464976651100642       1.0298873727757001
     656.3466977985324320       0.9449551295289964
     656.3468979319546861       0.9738971389387080
     656.3470980653769402       0.9929932795709743
     656.3472981987991943       1.0038866800667043
     656.3474983322214484       1.0132797863787411
     656.3476984656438162       0.9585065666802353
     656.3478985990660703       0.9107867066081536
     656.3480987324883245       0.9200928424432545
     656.3482988659105786       0.8315429479161325
     656.3484989993329464       0.9456553134952095
     656.3486991327552005       0.9544202289875141
     656.3488992661774546       0.9203696772529798
     656.3490993995997087       0.8435508857938837
     656.3492995330220765       0.9595521215112776
     656.3494996664443306       0.9029241181530003
     656.3496997998665847       0.9250330148292405
     656.3498999332888388       0.8660752579167279
     656.3501000667112066       0.8963153940307298
     656.3503002001334607       0.9371960165549085
     656.3505003335557149       0.8969336698326673
     656.3507004669779690       0.8894518256764241
     656.3509006004003368       0.8801234213236714
     656.3511007338225909       0.9241105460334803
     656.3513008672448450       0.8290544583875860
     656.3515010006670991       0.9080507853083728
     656.3517011340894669       0.8952475973054826
     656.3519012675117210       0.8508614300845219
     656.3521014009339751       0.8086135692480548
     656.3523015343562292       0.8081546122155069
     656.3525016677785970       0.7820302263386393
     656.3527018012008512       0.8742826096290390
     656.3529019346231053       0.9072944982329556
     656.3531020680453594       0.7907940135667176
     656.3533022014676135       0.8617854581244635
     656.3535023348899813       0.8303875007526946
     656.3537024683122354       0.8945772445679100
     656.3539026017344895       0.8714777288111760
     656.3541027351567436       0.8066929182797598
     656.3543028685791114       0.7891136699685090
     656.3545030020013655       0.8248469472742141
     656.3547031354236196       0.7502173025306125
     656.3549032688458738       0.7361634059146391
     656.3551034022682416       0.8449286182136375
     656.3553035356904957       0.7822190369816585
     656.3555036691127498       0.8093134692090147
     656.3557038025350039       0.7880239372549487
     656.3559039359573717       0.7522819086176544
     656.3561040693796258       0.7725180556999393
     656.3563042028018799       0.8341872085967619
     656.3565043362241340       0.8578737183853088
     656.3567044696465018       0.8068775659662952
     656.3569046030687559       0.8759950310110249
     656.3571047364910100       0.8639107279669551
     656.3573048699132642       0.7748811883831808
     656.3575050033356320       0.8162805181750215
     656.3577051367578861       0.9034765970994538
     656.3579052701801402       0.8666036298116162
     656.3581054036023943       0.8257284356231359
     656.3583055370246484       0.9272635710048137
     656.3585056704470162       0.9778793061186722
     656.3587058038692703       0.8637684201443346
     656.3589059372915244       0.8911486282433834
     656.3591060707137785       0.9115474314794922
     656.3593062041361463       0.9469926930588024
     656.3595063375584004       0.9296894556810671
     656.3597064709806546       0.9208736825536924
     656.3599066044029087       0.9933785233816141
     656.3601067378252765       0.9666360993441087
     656.3603068712475306       0.9445423292072067
     656.3605070046697847       0.9327511192095985
     656.3607071380920388       0.9796883022712134
     656.3609072715144066       0.9437274894366736
     656.3611074049366607       0.9886765200716331
     656.3613075383589148       0.9313415125459505
     656.3615076717811689       0.8752578427832987
     656.3617078052035367       0.9190780827579670
     656.3619079386257908       0.9980518566856058
     656.3621080720480450       0.9651412336840136
     656.3623082054702991       0.9874943860542840
     656.3625083388926669       1.0480936735757156
     656.3627084723149210       0.9827151863549052
     656.3629086057371751       0.9600233346256063
     656.3631087391594292       1.0421482743634509
     656.3633088725817970       0.9823369576731176
     656.3635090060040511       0.9177771631469921
     656.3637091394263052       1.0782961906021047
     656.3639092728485593       1.0558691229617523
     656.3641094062708135       0.9594488647814710
     656.3643095396931813       1.0223533033465504
     656.3645096731154354       0.9604079996311777
     656.3647098065376895       0.9795320787318454
     656.3649099399599436       0.9448454668137948
     656.3651100733823114       0.9638242230439655
     656.3653102068045655       0.9653635675939716
     656.3655103402268196       1.0451922252240076
     656.3657104736490737       0.9831701010705257
     656.3659106070714415       0.8859120439713265
     656.3661107404936956       1.0290712301869631
     656.3663108739159497       1.0675878077771730
     656.3665110073382039       0.9530368849127437
     656.3667111407605717       1.0124575722255464
     656.3669112741828258       1.0590685820261534
     656.3671114076050799       1.0352646768251330
     656.3673115410273340       1.1115863428836239
     656.3675116744497018       1.1062441977189574
     656.3677118078719559       1.0599059713963657
     656.3679119412942100       1.0045737016230705
     656.3681120747164641       1.0163332866540844
     656.3683122081388319       0.9441116344105485
     656.3685123415610860       1.1051008598454883
     656.3687124749833401       0.9498173885429789
     656.3689126084055943       0.9920680559017994
     656.3691127418278484       0.9658594817201132
     656.3693128752502162       0.9196038598620553
     656.3695130086724703       1.0202033199832741
     656.3697131420947244       1.0215221190782668
     656.3699132755169785       1.0577690301724667
     656.3701134089393463       0.9875249922952550
     656.3703135423616004       0.9963432683352664
     656.3705136757838545       0.9792663231655682
     656.3707138092061086       0.9663047474972251
     656.3709139426284764       1.0102579046766622
     656.3711140760507305       0.9514201904185120
     656.3713142094729847       0.9518197775136126
     656.3715143428952388       0.9658445051415964
     656.3717144763176066       0.9333644427580791
     656.3719146097398607       0.9336641125093426
     656.3721147431621148       0.9840248201394035
     656.3723148765843689       1.0141242244379551
     656.3725150100067367       0.9651018426451895
     656.3727151434289908       0.9538948759259774
     656.3729152768512449       1.0877934413848616
     656.3731154102734990       1.0266774447561793
     656.3733155436958668       0.9782314123059922
     656.3735156771181209       0.9871164795314534
     656.3737158105403751       0.9585942733490370
     656.3739159439626292       0.9913640579996946
     656.3741160773849970       0.9872334578661508
     656.3743162108072511       0.9415901731406545
     656.3745163442295052       1.0325054323777696
     656.3747164776517593       1.0194466215332203
     656.3749166110740134       1.0237384718673672
     656.3751167444963812       0.9893102175230065
     656.3753168779186353       1.0135472121548108
     656.3755170113408894       0.9662385310455973
     656.3757171447631436       1.0720657409671515
     656.3759172781855113       0.9433206656483957
     656.3761174116077655       0.9276496403000769
     656.3763175450300196       1.0716999208212310
     656.3765176784522737       1.0135258038486556
     656.3767178118746415       0.9772992109959491
     656.3769179452968956       1.0442684161336233
     656.3771180787191497       1.0983125607795035
     656.3773182121414038       1.0658618297677154
     656.3775183455637716       0.9217504085323528
     656.3777184789860257       1.1027043980789248
     656.3779186124082798       1.0049204070411999
     656.3781187458305340       1.0338224055359824
     656.3783188792529018       1.0038190543154468
     656.3785190126751559       1.0143734072163124
     656.3787191460974100       1.0064576208973537
     656.3789192795196641       1.0166405240364829
     656.3791194129420319       0.9147437056477342
     656.3793195463642860       0.9320868023331402
     656.3795196797865401       1.0226247752660762
     656.3797198132087942       1.0403776761215791
     656.3799199466311620       1.0545091998900471
     656.3801200800534161       1.0141862899000584
     656.3803202134756702       1.0077395302711927
     656.3805203468979244       1.0423068216926956
     656.3807204803201785       1.0189137327691740
     656.3809206137425463       0.9862534654737897
     656.3811207471648004       1.0214452854916392
     656.3813208805870545       1.0002667341056886
     656.3815210140093086       0.9957925160225733
     656.3817211474316764       1.0214779320969396
     656.3819212808539305       1.0163555089288658
     656.3821214142761846       1.0494483597508950
     656.3823215476984387       1.0001900672602915
     656.3825216811208065       0.9634306505288849
     656.3827218145430606       0.9992353246174440
     656.3829219479653148       0.9947030814348028
     656.3831220813875689       0.9968108425370981
     656.3833222148099367       0.9903875794253649
     656.3835223482321908       0.9242536649102342
     656.3837224816544449       1.0163206961002049
     656.3839226150766990       0.9534041136500538
     656.3841227484990668       1.0730952024457989
     656.3843228819213209       1.0275471806524910
     656.3845230153435750       1.0166848916559537
     656.3847231487658291       1.0659896805881854
     656.3849232821881969       0.9345343783497402
     656.3851234156104510       1.0232831686734873
     656.3853235490327052       0.9624545015394499
     656.3855236824549593       0.9491234347224107
     656.3857238158772134       0.9879094166681084
     656.3859239492995812       1.0479191876947822
     656.3861240827218353       0.9999724709359686
     656.3863242161440894       0.9938850332982812
     656.3865243495663435       1.0168336760252696
     656.3867244829887113       1.0711230188608156
     656.3869246164109654       1.0698011741042128
     656.3871247498332195       0.9953598086722190
     656.3873248832554737       1.0240005608648057
     656.3875250166778414       1.0460535213351247
     656.3877251501000956       1.0059832111001015
     656.3879252835223497       0.9750166255980729
     656.3881254169446038       1.0119942938908935
     656.3883255503669716       1.0086270673200488
     656.3885256837892257       1.0152868302538991
     656.3887258172114798       1.0763058513402939
     656.3889259506337339       1.0426652617752552
     656.3891260840561017       1.0267817433923483
     656.3893262174783558       0.9161475822329521
     656.3895263509006099       0.9722249507904053
     656.3897264843228641       0.8761165365576744
     656.3899266177452319       0.9716849885880947
     656.3901267511674860       0.9284877851605415
     656.3903268845897401       0.9980771936243400
     656.3905270180119942       1.0095961838960648
     656.3907271514343620       1.0275289099663496
     656.3909272848566161       0.9476747103035450
     656.3911274182788702       0.9938288372941315
     656.3913275517011243       1.0184751208871603
     656.3915276851233784       0.9706377554684877
     656.3917278185457462       1.0110839363187551
     656.3919279519680003       0.9252297058701515
     656.3921280853902545       1.0670471936464310
     656.3923282188125086       0.9817787259817123
     656.3925283522348764       0.9922603112645447
     656.3927284856571305       0.8831856846809387
     656.3929286190793846       1.0315176434814930
     656.3931287525016387       1.0145355807617307
     656.3933288859240065       1.0057251178659499
     656.3935290193462606       1.0283568538725376
     656.3937291527685147       1.0420950464904308
     656.3939292861907688       1.0762100070714951
     656.3941294196131366       1.0899250432848930
     656.3943295530353907       0.9776320997625589
     656.3945296864576449       0.9736223127692938
     656.3947298198798990       0.9480839408934116
     656.3949299533022668       1.0342210046947002
     656.3951300867245209       1.0591527335345745
     656.3953302201467750       1.0137466462329030
     656.3955303535690291       1.0245712008327246
     656.3957304869913969       1.0498812757432461
     656.3959306204136510       0.9929976044222713
     656.3961307538359051       1.0382944606244564
     656.3963308872581592       0.8900533095002174
     656.3965310206804133       1.0470050573348999
     656.3967311541027811       1.0160109139978886
     656.3969312875250353       1.0193529799580574
     656.3971314209472894       0.9102507829666138
     656.3973315543695435       1.1146800145506859
     656.3975316877919113       1.0173308793455362
     656.3977318212141654       1.0033171467948705
     656.3979319546364195       1.0295936297625303
     656.3981320880586736       1.0654242038726807
     656.3983322214810414       1.0603811852633953
     656.3985323549032955       0.9411117620766163
     656.3987324883255496       0.9736561421304941
     656.3989326217478038       1.0278844572603703
     656.3991327551701715       0.9709158148616552
     656.3993328885924257       1.0488605536520481
     656.3995330220146798       0.9107745438814163
     656.3997331554369339       1.0412073619663715
     656.3999332888593017       1.0174835957586765
     656.4001334222815558       1.0339731276035309
     656.4003335557038099       1.0549224503338337
     656.4005336891260640       1.0128633966669440
     656.4007338225484318       0.9554903917014599
     656.4009339559706859       1.0320170149207115
     656.4011340893929400       0.9792024511843920
     656.4013342228151942       1.0803946703672409
     656.4015343562375620       1.0222836527973413
     656.4017344896598161       1.0564841888844967
     656.4019346230820702       0.8890017122030258
     656.4021347565043243       0.9502717442810535
     656.4023348899265784       0.9109608381986618
     656.4025350233489462       1.0208131149411201
     656.4027351567712003       1.0182871390134096
     656.4029352901934544       0.9104547128081322
     656.4031354236157085       0.9900465048849583
     656.4033355570380763       1.0036079843994230
     656.4035356904603304       0.9866347489878535
     656.4037358238825846       0.9567910917103291
     656.4039359573048387       0.9894378455355763
     656.4041360907272065       0.9970877564046532
     656.4043362241494606       1.0084214052185416
     656.4045363575717147       0.9716994259506464
     656.4047364909939688       0.9821999967098236
     656.4049366244163366       1.0522776022553444
     656.4051367578385907       1.0241965334862471
     656.4053368912608448       0.9635564573109150
     656.4055370246830989       0.9406549036502838
     656.4057371581054667       1.0653777718544006
     656.4059372915277208       0.9876338439062238
     656.4061374249499750       1.0711374431848526
     656.4063375583722291       0.9887035842984915
     656.4065376917945969       0.9777799453586340
     656.4067378252168510       0.9168164879083633
     656.4069379586391051       1.0317837558686733
     656.4071380920613592       1.0049679107032716
     656.4073382254836133       0.9956969264894724
     656.4075383589059811       0.9861208871006966
     656.4077384923282352       0.9762755278497934
     656.4079386257504893       0.9677894264459610
     656.4081387591727434       1.0436232127249241
     656.4083388925951112       0.9363617226481438
     656.4085390260173654       0.9847413236275315
     656.4087391594396195       0.9785647019743919
     656.4089392928618736       0.9983111304463819
     656.4091394262842414       1.0400565825402737
     656.4093395597064955       1.0204115360975266
     656.4095396931287496       0.9666663259267807
     656.4097398265510037       0.9729488752782345
     656.4099399599733715       1.0599306300282478
     656.4101400933956256       0.9852568954229355
     656.4103402268178797       1.0088999709114432
     656.4105403602401339       1.0102122165262699
     656.4107404936625016       0.9319918602705002
     656.4109406270847558       1.0093584200367332
     656.4111407605070099       1.0006871835794300
     656.4113408939292640       0.9823337364941835
     656.4115410273516318       0.9927598559297621
     656.4117411607738859       0.9004941657185555
     656.4119412941961400       1.0293483734130859
     656.4121414276183941       1.0275143142789602
     656.4123415610407619       1.0053548137657344
     656.4125416944630160       0.9410853497684002
     656.4127418278852701       1.0100996168330312
     656.4129419613075243       1.0328384302556515
     656.4131420947297784       0.9668036326766014
     656.4133422281521462       1.0310968905687332
     656.4135423615744003       0.9840683862566948
     656.4137424949966544       1.0023282621987164
     656.4139426284189085       1.0404220633208752
     656.4141427618412763       1.0775063857436180
     656.4143428952635304       1.0769157335162163
     656.4145430286857845       0.9396483115851879
     656.4147431621080386       0.9812376126646996
     656.4149432955304064       1.0067129135131836
     656.4151434289526605       0.9888162976130843
     656.4153435623749147       1.0247096233069897
     656.4155436957971688       1.0050150072202086
     656.4157438292195366       1.0574791543185711
     656.4159439626417907       0.9639759920537472
     656.4161440960640448       0.9981104123871773
     656.4163442294862989       1.0006954292766750
     656.4165443629086667       1.1084504500031471
     656.4167444963309208       0.9645497202873230
     656.4169446297531749       0.9820222184062004
     656.4171447631754290       1.0902660414576530
     656.4173448965977968       0.9939784151501954
     656.4175450300200509       1.0492893308401108
     656.4177451634423051       1.0095189493149519
     656.4179452968645592       1.0084177004173398
     656.4181454302869270       0.9445827007293701
     656.4183455637091811       0.9957866352051497
     656.4185456971314352       1.0005925977020524
     656.4187458305536893       1.0234779678285122
     656.4189459639759434       1.0436704270541668
     656.4191460973983112       1.0197454448789358
     656.4193462308205653       1.0206381902098656
     656.4195463642428194       1.0609208755195141
     656.4197464976650735       0.9787792842835188
     656.4199466310874413       0.9903494725003839
     656.4201467645096955       0.9705881420522928
     656.4203468979319496       1.0168585721403360
     656.4205470313542037       1.0349272340536118
     656.4207471647765715       0.9136940613389015
     656.4209472981988256       0.9501238800585270
     656.4211474316210797       0.9801388308405876
     656.4213475650433338       1.0873155370354652
     656.4215476984657016       1.0253340359777212
     656.4217478318879557       1.0953325331211090
     656.4219479653102098       1.0905665680766106
     656.4221480987324640       1.0171661134809256
     656.4223482321548317       1.0023997956886888
     656.4225483655770859       0.9955650856718421
     656.4227484989993400       0.9995542018150445
     656.4229486324215941       1.0915006473660469
     656.4231487658439619       1.0584033243358135
     656.4233488992662160       1.0312567055225372
     656.4235490326884701       0.9627387747168541
     656.4237491661107242       1.0436148568987846
     656.4239492995329783       0.9929160871542990
     656.4241494329553461       1.0135482689365745
     656.4243495663776002       1.0489656142890453
     656.4245496997998544       0.9697904679924250
     656.4247498332221085       0.9799334257841110
     656.4249499666444763       1.0369680188596249
     656.4251501000667304       0.8881020396947861
     656.4253502334889845       1.0163634046912193
     656.4255503669112386       0.9056118801236153
     656.4257505003336064       1.0359696596860886
     656.4259506337558605       0.9131822511553764
     656.4261507671781146       0.9831639435142279
     656.4263509006003687       1.0556353628635406
     656.4265510340227365       0.9889595778658986
     656.4267511674449906       1.0834733620285988
     656.4269513008672448       1.0104598132893443
     656.4271514342894989       1.0590163879096508
     656.4273515677118667       0.9550740197300911
     656.4275517011341208       0.9953385489061475
     656.4277518345563749       0.9241888746619225
     656.4279519679786290       0.9450434632599354
     656.4281521014009968       0.9980289784725755
     656.4283522348232509       1.0444650240242481
     656.4285523682455050       1.0091424575075507
     656.4287525016677591       1.0224222522228956
     656.4289526350901269       0.9048202708363533
     656.4291527685123810       0.9918640004470944
     656.4293529019346352       1.0341741256415844
     656.4295530353568893       0.9071537256240845
     656.4297531687791434       0.9767700228840113
     656.4299533022015112       0.9524566158652306
     656.4301534356237653       0.9666407480835915
     656.4303535690460194       0.9790036026388407
     656.4305537024682735       0.9555214345455170
     656.4307538358906413       1.1044230982661247
     656.4309539693128954       0.9485191516578197
     656.4311541027351495       1.0296656340360641
     656.4313542361574036       1.0183761399239302
     656.4315543695797714       0.9315485432744026
     656.4317545030020256       1.0555341504514217
     656.4319546364242797       1.0843267813324928
     656.4321547698465338       1.0237780306488276
     656.4323549032689016       0.9269869178533554
     656.4325550366911557       1.0398891828954220
     656.4327551701134098       1.0385378710925579
     656.4329553035356639       0.9886659430339932
     656.4331554369580317       1.0031072734855115
     656.4333555703802858       1.0350327342748642
     656.4335557038025399       0.9965534522198141
     656.4337558372247940       0.9726725872606039
     656.4339559706471618       0.9453538767993450
     656.4341561040694160       0.9922758475877345
     656.4343562374916701       0.9620899744331837
     656.4345563709139242       0.9727777037769556
     656.4347565043361783       1.0000739676688681
     656.4349566377585461       1.0253782477229834
     656.4351567711808002       0.9643717892467976
     656.4353569046030543       1.0032839674968272
     656.4355570380253084       1.0180229600518942
     656.4357571714476762       1.0533783435821533
     656.4359573048699303       1.1619883626699448
     656.4361574382921845       1.1008541956543922
     656.4363575717144386       0.9978837419766933
     656.4365577051368064       0.9753568992018700
     656.4367578385590605       1.0660160705447197
     656.4369579719813146       1.0142156584188342
     656.4371581054035687       0.9976542291697115
     656.4373582388259365       0.9859361546114087
     656.4375583722481906       0.9476924464106560
     656.4377585056704447       0.9299215748906136
     656.4379586390926988       0.9720741808414459
     656.4381587725150666       0.9959456780925393
     656.4383589059373207       1.0127326017245650
     656.4385590393595749       1.0002564835303929
     656.4387591727818290       1.0285960715264082
     656.4389593062041968       1.0535961091518402
     656.4391594396264509       0.9469298832118511
     656.4393595730487050       0.9588412456214428
     656.4395597064709591       1.0006119827157818
     656.4397598398933269       1.0276335980743170
     656.4399599733155810       1.0409592427313328
     656.4401601067378351       1.0044880080968142
     656.4403602401600892       1.0262372083961964
     656.4405603735823433       1.0653121769428253
     656.4407605070047111       1.0497863292694092
     656.4409606404269653       0.9757783636450768
     656.4411607738492194       0.9341247603297234
     656.4413609072714735       1.0704204067587852
     656.4415610406938413       1.0101478695869446
     656.4417611741160954       1.0359015874564648
     656.4419613075383495       0.9767245668917894
     656.4421614409606036       0.9550855830311775
     656.4423615743829714       0.9622178561985493
     656.4425617078052255       1.0084608076140285
     656.4427618412274796       0.9898302312940359
     656.4429619746497337       0.9864723319187760
     656.4431621080721015       1.0007142467657104
     656.4433622414943557       1.0724199935793877
     656.4435623749166098       1.0466401502490044
     656.4437625083388639       1.0313637517392635
     656.4439626417612317       1.0316071845591068
     656.4441627751834858       0.9588837139308453
     656.4443629086057399       1.0191124826669693
     656.4445630420279940       1.1203508004546165
     656.4447631754503618       1.0399385578930378
     656.4449633088726159       1.0799405798316002
     656.4451634422948700       0.9947604597546160
     656.4453635757171241       1.0242983866482973
     656.4455637091393783       0.9590404964983463
     656.4457638425617461       1.0134036084637046
     656.4459639759840002       0.9448133595287800
     656.4461641094062543       1.0157719645649195
     656.4463642428285084       0.9144821912050247
     656.4465643762508762       1.0524653382599354
     656.4467645096731303       1.0097035970538855
     656.4469646430953844       1.0977978110313416
     656.4471647765176385       1.0407204367220402
     656.4473649099400063       0.9884667331352830
     656.4475650433622604       0.9895238224416971
     656.4477651767845146       1.0312450528144836
     656.4479653102067687       0.9873808184638619
     656.4481654436291365       0.8960758820176125
     656.4483655770513906       0.9845532281324267
     656.4485657104736447       0.9604954309761524
     656.4487658438958988       0.9807445742189884
     656.4489659773182666       0.9056389704346657
     656.4491661107405207       1.0120778093114495
     656.4493662441627748       0.9733899980783463
     656.4495663775850289       0.9470118097960949
     656.4497665110073967       0.9946463839150965
     656.4499666444296508       0.9882607506588101
     656.4501667778519050       0.9781033545732498
     656.4503669112741591       1.0612105317413807
     656.4505670446965269       1.0020147969480604
     656.4507671781187810       0.9506508372724056
     656.4509673115410351       0.9279673472046852
     656.4511674449632892       0.8977603539824486
     656.4513675783855433       0.9609085991978645
     656.4515677118079111       1.0604324638843536
     656.4517678452301652       1.0581941008567810
     656.4519679786524193       1.0405747964978218
     656.4521681120746734       0.9360735416412354
     656.4523682454970412       0.9709417670965195
     656.4525683789192954       1.0629203692078590
     656.4527685123415495       0.9769179113209248
     656.4529686457638036       0.9761347789317369
     656.4531687791861714       1.1628836244344711
     656.4533689126084255       1.0291414055973291
     656.4535690460306796       1.0177682656794786
     656.4537691794529337       1.0372422486543655
     656.4539693128753015       0.9538247659802437
     656.4541694462975556       1.0287276301532984
     656.4543695797198097       1.0579742453992367
     656.4545697131420638       1.0097193699330091
     656.4547698465644316       1.0774533674120903
     656.4549699799866858       0.9645025134086609
     656.4551701134089399       0.9945779819972813
     656.4553702468311940       1.0118589578196406
     656.4555703802535618       0.9556782729923725
     656.4557705136758159       0.9607328511774540
     656.4559706470980700       1.0104846805334091
     656.4561707805203241       0.9935703291557729
     656.4563709139425782       1.0736040696501732
     656.4565710473649460       1.0281823407858610
     656.4567711807872001       1.1076938137412071
     656.4569713142094542       1.0182671379297972
     656.4571714476317084       0.9458123259246349
     656.4573715810540762       0.9937794441357255
     656.4575717144763303       0.9962605028413236
     656.4577718478985844       0.9151981323957443
     656.4579719813208385       1.0036861163098365
     656.4581721147432063       0.9845382496714592
     656.4583722481654604       0.9932092018425465
     656.4585723815877145       0.9293188005685806
     656.4587725150099686       1.0286208242177963
     656.4589726484323364       0.9323202446103096
     656.4591727818545905       1.0226460676640272
     656.4593729152768447       0.9730497412383556
     656.4595730486990988       0.9546500109136105
     656.4597731821214666       0.9913219641894102
     656.4599733155437207       0.9643835239112377
     656.4601734489659748       1.0201660618185997
     656.4603735823882289       1.0005132309161127
     656.4605737158105967       1.0287507325410843
     656.4607738492328508       1.0133451139554381
     656.4609739826551049       1.1001180633902550
     656.4611741160773590       0.9633207842707634
     656.4613742494997268       1.0109408581629395
     656.4615743829219809       1.0007856955635361
     656.4617745163442351       0.9605692513287067
     656.4619746497664892       1.0754206627607346
     656.4621747831887433       1.0380696244537830
     656.4623749166111111       0.9817067999392748
     656.4625750500333652       0.9668584167957306
     656.4627751834556193       1.0176921281963587
     656.4629753168778734       0.9556812569499016
     656.4631754503002412       1.0427967645227909
     656.4633755837224953       1.0532846637070179
     656.4635757171447494       0.9375776350498199
     656.4637758505670035       0.8756320253014565
     656.4639759839893713       0.9706082344055176
     656.4641761174116255       0.9760786034166813
     656.4643762508338796       1.0054425136186182
     656.4645763842561337       1.0017117997631431
     656.4647765176785015       0.9031915739178658
     656.4649766511007556       1.0377016440033913
     656.4651767845230097       1.0505249090492725
     656.4653769179452638       0.9627883248031139
     656.4655770513676316       1.0194175224751234
     656.4657771847898857       1.0415849201381207
     656.4659773182121398       1.0846728608012199
     656.4661774516343939       1.0519824512302876
     656.4663775850567617       1.0214657541364431
     656.4665777184790159       0.9867504863068461
     656.4667778519012700       0.9069156274199486
     656.4669779853235241       1.0032521490938962
     656.4671781187458919       0.9462517313659191
     656.4673782521681460       1.0183973107486963
     656.4675783855904001       0.9728536158800125
     656.4677785190126542       1.0417834632098675
     656.4679786524349083       0.9801171068102121
     656.4681787858572761       1.0570549443364143
     656.4683789192795302       0.9445171840488911
     656.4685790527017843       0.9918037457391620
     656.4687791861240385       1.0473119318485260
     656.4689793195464063       0.9794709552079439
     656.4691794529686604       1.0149444043636322
     656.4693795863909145       0.9465542770922184
     656.4695797198131686       1.0411568954586983
     656.4697798532355364       0.9687645006924868
     656.4699799866577905       1.0659934878349304
     656.4701801200800446       1.0749755352735519
     656.4703802535022987       1.0797059908509254
     656.4705803869246665       1.0202970635145903
     656.4707805203469206       0.9891627207398415
     656.4709806537691748       0.9631822481751442
     656.4711807871914289       0.9292147457599640
     656.4713809206137967       0.9913888741284609
     656.4715810540360508       1.0595654360949993
     656.4717811874583049       1.0072922701947391
     656.4719813208805590       1.0541579611599445
     656.4721814543029268       0.9158967658877373
     656.4723815877251809       1.0652401000261307
     656.4725817211474350       1.0151846576482058
     656.4727818545696891       0.8799091950058937
     656.4729819879919432       1.0696305260062218
     656.4731821214143110       0.9974527077283710
     656.4733822548365652       1.0799429118633270
     656.4735823882588193       1.0480766519904137
     656.4737825216810734       1.0187015738338232
     656.4739826551034412       1.0228758268058300
     656.4741827885256953       0.9467795677483082
     656.4743829219479494       1.0043214135803282
     656.4745830553702035       0.9726264588534832
     656.4747831887925713       1.0445656552910805
     656.4749833222148254       0.9947597035206854
     656.4751834556370795       0.9825689680874348
     656.4753835890593336       0.9875508630648255
     656.4755837224817014       1.0100303785875440
     656.4757838559039556       1.0133992312476039
     656.4759839893262097       0.9641774222254753
     656.4761841227484638       1.0199958402663469
     656.4763842561708316       1.0528676100075245
     656.4765843895930857       1.0088359294459224
     656.4767845230153398       0.9824674967676401
     656.4769846564375939       0.9105676114559174
     656.4771847898599617       1.0993405207991600
     656.4773849232822158       1.1468935310840607
     656.4775850567044699       1.0120055181905627
     656.4777851901267240       1.0345694124698639
     656.4779853235490918       1.1620060056447983
     656.4781854569713460       0.9493913240730762
     656.4783855903936001       0.9804937988519669
     656.4785857238158542       0.9260848313570023
     656.4787858572381083       0.9491735100746155
     656.4789859906604761       1.0372466146945953
     656.4791861240827302       0.9722816012799740
     656.4793862575049843       1.0399672426283360
     656.4795863909272384       1.0525674708187580
     656.4797865243496062       0.9841150362044573
     656.4799866577718603       0.9171462580561638
     656.4801867911941144       1.0812849327921867
     656.4803869246163686       1.0164233129471540
     656.4805870580387364       1.0248333420604467
     656.4807871914609905       0.9625434614717960
     656.4809873248832446       1.0054556773975492
     656.4811874583054987       0.8768799901008606
     656.4813875917278665       1.0289470683783293
     656.4815877251501206       0.9868176132440567
     656.4817878585723747       1.0011065611615777
     656.4819879919946288       1.0096339713782072
     656.4821881254169966       0.9757283516228199
     656.4823882588392507       1.0454775653779507
     656.4825883922615049       1.0585022829473019
     656.4827885256837590       1.0445413328707218
     656.4829886591061268       1.0011222567409277
     656.4831887925283809       0.9799269959330559
     656.4833889259506350       1.0554614625871181
     656.4835890593728891       1.0003666873089969
     656.4837891927951432       0.8827548697590828
     656.4839893262175110       0.9924059486947954
     656.4841894596397651       1.0199755150824785
     656.4843895930620192       0.9578272476792336
     656.4845897264842733       1.0373544320464134
     656.4847898599066411       1.0510334149003029
     656.4849899933288953       0.8931924477219582
     656.4851901267511494       0.9974122361745685
     656.4853902601734035       0.9042719528079033
     656.4855903935957713       1.0167578402906656
     656.4857905270180254       0.9371622800827026
     656.4859906604402795       1.0111782234162092
     656.4861907938625336       1.0125512406229973
     656.4863909272849014       1.0375908538699150
     656.4865910607071555       1.0794178172945976
     656.4867911941294096       1.0705202594399452
     656.4869913275516637       0.9506007321178913
     656.4871914609740315       1.0854439884424210
     656.4873915943962857       1.0639510080218315
     656.4875917278185398       0.8921930417418480
     656.4877918612407939       1.0415857285261154
     656.4879919946631617       1.0611751750111580
     656.4881921280854158       0.9404900968074799
     656.4883922615076699       0.8793157711625099
     656.4885923949299240       0.9326069504022598
     656.4887925283522918       1.0138345425948501
     656.4889926617745459       0.9750828724354506
     656.4891927951968000       0.9869559118524194
     656.4893929286190541       0.9242635294795036
     656.4895930620413083       1.0206701289862394
     656.4897931954636761       1.0618243888020515
     656.4899933288859302       0.9147382453083992
     656.4901934623081843       1.0275680758059025
     656.4903935957304384       0.9831120464950800
     656.4905937291528062       0.9997064696799498
     656.4907938625750603       0.9467242397367954
     656.4909939959973144       0.9801352228969336
     656.4911941294195685       0.9877005666494370
     656.4913942628419363       0.9487127959728241
     656.4915943962641904       1.0562807284295559
     656.4917945296864445       1.0110651273280382
     656.4919946631086987       1.0389354377985001
     656.4921947965310665       1.0299072861671448
     656.4923949299533206       0.9433712176978588
     656.4925950633755747       1.0540949888527393
     656.4927951967978288       1.0504070594906807
     656.4929953302201966       0.9887924855574965
     656.4931954636424507       1.0414650253951550
     656.4933955970647048       1.0659560486674309
     656.4935957304869589       0.9710479378700256
     656.4937958639093267       0.9815346542745829
     656.4939959973315808       0.9480991661548615
     656.4941961307538350       0.9403115697205067
     656.4943962641760891       1.0429990254342556
     656.4945963975983432       1.0053908736445010
     656.4947965310207110       0.9613036327064037
     656.4949966644429651       0.9244307503104210
     656.4951967978652192       0.9955242392607033
     656.4953969312874733       0.9918444873765111
     656.4955970647098411       1.0386459007859230
     656.4957971981320952       0.9470835812389851
     656.4959973315543493       0.9698307625949383
     656.4961974649766034       0.9373990222811699
     656.4963975983989712       0.9578026682138443
     656.4965977318212254       1.0162639152258635
     656.4967978652434795       1.0046192919835448
     656.4969979986657336       0.9638866968452930
     656.4971981320881014       1.0279570426791906
     656.4973982655103555       1.0900887921452522
     656.4975983989326096       0.9790668003261089
     656.4977985323548637       0.9985462223412469
     656.4979986657772315       1.0709260478615761
     656.4981987991994856       0.8821301311254501
     656.4983989326217397       0.8877909779548645
     656.4985990660439938       0.9862147523090243
     656.4987991994663616       1.0023242544848472
     656.4989993328886158       1.0262680537998676
     656.4991994663108699       0.9253516271710396
     656.4993995997331240       1.0288400202989578
     656.4995997331554918       0.9867905657738447
     656.4997998665777459       1.1055636331439018
     656.5000000000000000       0.9929457381367683
