     656.2000000000000455       0.9949568063020706
     656.2002001334222996       0.9764111433178186
     656.2004002668445537       1.0198277793824673
     656.2006004002669215       1.0035483115352690
     656.2008005336891756       1.0411005616188049
     656.2010006671114297       1.0706249549984932
     656.2012008005336838       1.0896862670779228
     656.2014009339560516       1.0661495998501778
     656.2016010673783057       1.0119391800835729
     656.2018012008005599       1.0798493996262550
     656.2020013342228140       1.0219746194779873
     656.2022014676451818       1.0242411568760872
     656.2024016010674359       1.0985143408179283
     656.2026017344896900       1.0414424799382687
     656.2028018679119441       1.0408051759004593
     656.2030020013343119       1.0527866184711456
     656.2032021347565660       0.9433029033243656
     656.2034022681788201       1.0294730514287949
     656.2036024016010742       0.8975559920072556
     656.2038025350234420       0.9673755019903183
     656.2040026684456961       1.0430868417024612
     656.2042028018679503       1.0698778852820396
     656.2044029352902044       1.0202495604753494
     656.2046030687125722       0.9876831900328398
     656.2048032021348263       1.0472768917679787
     656.2050033355570804       1.0627363547682762
     656.2052034689793345       0.9662612974643707
     656.2054036024017023       1.0183244720101357
     656.2056037358239564       1.0613068416714668
     656.2058038692462105       1.0022090829443187
     656.2060040026684646       0.9420950040221214
     656.2062041360907187       0.9942421275191009
     656.2064042695130865       0.9989705702755600
     656.2066044029353407       0.9704578518867493
     656.2068045363575948       0.9369846060872078
     656.2070046697798489       1.0009098575683311
     656.2072048032022167       0.8780863657593727
     656.2074049366244708       0.9855577629059553
     656.2076050700467249       0.8876068443059921
     656.2078052034689790       1.0114238141104579
     656.2080053368913468       1.0181674044579268
     656.2082054703136009       1.0630973950028419
     656.2084056037358550       0.9802999943494797
     656.2086057371581092       0.9968765873927623
     656.2088058705804769       1.0846250504255295
     656.2090060040027311       1.1346639096736908
     656.2092061374249852       1.0321504175662994
     656.2094062708472393       1.0123865883797407
     656.2096064042696071       0.9877500692382455
     656.2098065376918612       1.0095498310402036
     656.2100066711141153       0.9188652709126472
     656.2102068045363694       1.0126825962215662
     656.2104069379587372       0.9992165432195179
     656.2106070713809913       0.9257024079561234
     656.2108072048032454       1.0261977072805166
     656.2110073382254996       1.0692016109824181
     656.2112074716477537       0.9562256410717964
     656.2114076050701215       1.0196262802928686
     656.2116077384923756       0.9880257677286863
     656.2118078719146297       0.9939602487720549
     656.2120080053368838       1.0430805161595345
     656.2122081387592516       0.9970796911511570
     656.2124082721815057       0.9951501437462866
     656.2126084056037598       0.9403826929628849
     656.2128085390260139       0.9529671408236027
     656.2130086724483817       1.0291590746492147
     656.2132088058706358       1.0144879613071680
     656.2134089392928900       1.0784341916441917
     656.2136090727151441       1.0026063024997711
     656.2138092061375119       1.0809192284941673
     656.2140093395597660       1.0161148589104414
     656.2142094729820201       0.9916439531370997
     656.2144096064042742       1.0279606226831675
     656.2146097398266420       1.0423344448208809
     656.2148098732488961       1.0913315340876579
     656.2150100066711502       1.0046503986231983
     656.2152101400934043       1.0602652430534363
     656.2154102735157721       1.0169135909527540
     656.2156104069380262       0.9160777479410172
     656.2158105403602804       0.9952536527998745
     656.2160106737825345       0.9678741283714771
     656.2162108072049023       0.9473492689430714
     656.2164109406271564       1.0394247882068157
     656.2166110740494105       1.0281182918697596
     656.2168112074716646       0.9202527031302452
     656.2170113408939187       1.0049189953133464
     656.2172114743162865       0.8953085765242577
     656.2174116077385406       0.8972110003232956
     656.2176117411607947       1.0095772547647357
     656.2178118745830488       1.0761668086051941
     656.2180120080054166       1.0249074064195156
     656.2182121414276708       0.9668002650141716
     656.2184122748499249       1.0685052201151848
     656.2186124082721790       1.0598505511879921
     656.2188125416945468       1.0504213161766529
     656.2190126751168009       0.9680461250245571
     656.2192128085390550       0.9575889743864536
     656.2194129419613091       0.9566594064235687
     656.2196130753836769       0.8929673209786415
     656.2198132088059310       0.9487854428589344
     656.2200133422281851       1.0224293302744627
     656.2202134756504392       0.9436969496309757
     656.2204136090728070       0.9280752912163734
     656.2206137424950612       0.9731123242527246
     656.2208138759173153       0.9959834124892950
     656.2210140093395694       0.9770389832556248
     656.2212141427619372       1.0169541519135237
     656.2214142761841913       1.0215390194207430
     656.2216144096064454       1.0086019141599536
     656.2218145430286995       1.0424713082611561
     656.2220146764509536       0.9582507535815239
     656.2222148098733214       1.0407124646008015
     656.2224149432955755       1.0857828259468079
     656.2226150767178297       0.9711638931185007
     656.2228152101400838       0.9530992098152637
     656.2230153435624516       0.9991232501342893
     656.2232154769847057       1.0091442530974746
     656.2234156104069598       0.9430188126862049
     656.2236157438292139       0.9975161768961698
     656.2238158772515817       1.0296068694442511
     656.2240160106738358       0.9920846167951822
     656.2242161440960899       0.9074884280562401
     656.2244162775183440       1.0061088814400136
     656.2246164109407118       0.9700995236635208
     656.2248165443629659       1.0682367235422134
     656.2250166777852201       1.0681711882352829
     656.2252168112074742       0.9990737202460878
     656.2254169446298420       1.0657535344362259
     656.2256170780520961       1.0465401560068130
     656.2258172114743502       1.0946900695562363
     656.2260173448966043       0.9966351701878011
     656.2262174783189721       0.9762785453349352
     656.2264176117412262       1.0349629148840904
     656.2266177451634803       0.9840048607438803
     656.2268178785857344       1.0574546121060848
     656.2270180120081022       0.9393993429839611
     656.2272181454303563       0.9711301792412996
     656.2274182788526105       1.0676130428910255
     656.2276184122748646       1.0012886216863990
     656.2278185456971187       1.0110461926087737
     656.2280186791194865       1.0209323707967997
     656.2282188125417406       0.9581407234072685
     656.2284189459639947       0.9914491884410381
     656.2286190793862488       0.9240823462605476
     656.2288192128086166       1.0152657842263579
     656.2290193462308707       1.0215611681342125
     656.2292194796531248       1.0875194519758224
     656.2294196130753789       1.0634690895676613
     656.2296197464977467       0.9469890333712101
     656.2298198799200009       0.9445995986461639
     656.2300200133422550       0.9075063765048981
     656.2302201467645091       0.9587407521903515
     656.2304202801868769       0.9252104014158249
     656.2306204136091310       0.9438356570899487
     656.2308205470313851       1.0414269082248211
     656.2310206804536392       0.9591298662126064
     656.2312208138760070       1.1221908256411552
     656.2314209472982611       1.0802269652485847
     656.2316210807205152       1.0979542806744576
     656.2318212141427693       0.8994826450943947
     656.2320213475651371       0.9613126367330551
     656.2322214809873913       0.8969965949654579
     656.2324216144096454       1.0229082293808460
     656.2326217478318995       1.0483097843825817
     656.2328218812541536       1.0128247616812587
     656.2330220146765214       1.0065489560365677
     656.2332221480987755       0.9972586182411760
     656.2334222815210296       0.9705548491328955
     656.2336224149432837       0.9472975321114063
     656.2338225483656515       1.0130061656236649
     656.2340226817879056       1.0185077544301748
     656.2342228152101598       0.9214363470673561
     656.2344229486324139       0.9836768005043268
     656.2346230820547817       1.0166843142360449
     656.2348232154770358       1.0777283757925034
     656.2350233488992899       1.0298138596117496
     656.2352234823215440       1.0413918681442738
     656.2354236157439118       0.9593874327838421
     656.2356237491661659       1.0727638229727745
     656.2358238825884200       1.0286817587912083
     656.2360240160106741       0.9959944039583206
     656.2362241494330419       1.0817735046148300
     656.2364242828552960       1.0508456043899059
     656.2366244162775502       1.0497501157224178
     656.2368245496998043       0.9287324324250221
     656.2370246831221721       1.0883437544107437
     656.2372248165444262       0.9938031495548785
     656.2374249499666803       0.8791078776121140
     656.2376250833889344       0.9410689696669579
     656.2378252168113022       0.9658684320747852
     656.2380253502335563       0.9683701284229755
     656.2382254836558104       0.9790917709469795
     656.2384256170780645       1.0123801520094275
     656.2386257505003186       0.9601222313940525
     656.2388258839226864       0.9837007131427526
     656.2390260173449406       0.8803441151976585
     656.2392261507671947       0.9703381024301052
     656.2394262841894488       1.0236076992005110
     656.2396264176118166       0.9630274474620819
     656.2398265510340707       1.0690970420837402
     656.2400266844563248       0.9883733997121453
     656.2402268178785789       1.0383273363113403
     656.2404269513009467       1.0310420636087656
     656.2406270847232008       0.9862709939479828
     656.2408272181454549       1.0168669987469912
     656.2410273515677090       1.0062817535363138
     656.2412274849900768       1.0285983327776194
     656.2414276184123310       1.0219332370907068
     656.2416277518345851       0.9694350473582745
     656.2418278852568392       1.0463512018322945
     656.2420280186792070       1.0307119190692902
     656.2422281521014611       1.0256919767707586
     656.2424282855237152       0.9732274822890759
     656.2426284189459693       0.9463889785110950
     656.2428285523683371       1.1032826527953148
     656.2430286857905912       0.9883383708074689
     656.2432288192128453       0.9903002921491861
     656.2434289526350994       0.9581359252333641
     656.2436290860574672       0.9989865710958838
     656.2438292194797214       0.9988121076021343
     656.2440293529019755       0.9847484240308404
     656.2442294863242296       1.0142215164378285
     656.2444296197464837       1.0266715772449970
     656.2446297531688515       1.0583557300269604
     656.2448298865911056       0.9824523758143187
     656.2450300200133597       0.9906546184793115
     656.2452301534356138       0.9429206140339375
     656.2454302868579816       1.0371191315352917
     656.2456304202802357       1.0070992046967149
     656.2458305537024899       0.9745560251176357
     656.2460306871247440       1.0558416321873665
     656.2462308205471118       0.9910136414691806
     656.2464309539693659       1.0958978757262230
     656.2466310873916200       0.9353642836213112
     656.2468312208138741       1.0314065814018250
     656.2470313542362419       0.9706240836530924
     656.2472314876584960       1.0962899848818779
     656.2474316210807501       1.0006636244943365
     656.2476317545030042       1.1141896769404411
     656.2478318879253720       1.0229105632752180
     656.2480320213476261       0.9360285177826881
     656.2482321547698803       1.0243178587406874
     656.2484322881921344       0.9704859070479870
     656.2486324216145022       0.9302104264497757
     656.2488325550367563       0.9494852535426617
     656.2490326884590104       0.9011714756488800
     656.2492328218812645       0.9361614063382149
     656.2494329553035186       0.9727143105119467
     656.2496330887258864       1.0243406426161528
     656.2498332221481405       0.9569705277681351
     656.2500333555703946       0.9993526399484836
     656.2502334889926487       1.0584606342017651
     656.2504336224150165       1.0047744563780725
     656.2506337558372707       0.9775723218917847
     656.2508338892595248       1.0206673089414835
     656.2510340226817789       0.9987644451903179
     656.2512341561041467       1.0549800358712673
     656.2514342895264008       0.9549178332090378
     656.2516344229486549       0.9018211141228676
     656.2518345563709090       1.0393404103815556
     656.2520346897932768       0.9896820262074471
     656.2522348232155309       1.0182211007922888
     656.2524349566377850       1.0304262544959784
     656.2526350900600391       0.9814727455377579
     656.2528352234824069       0.9733821302652359
     656.2530353569046611       1.0028166966512799
     656.2532354903269152       0.9109679237008095
     656.2534356237491693       1.0551619827747345
     656.2536357571715371       1.0613458417356014
     656.2538358905937912       1.0220179315656424
     656.2540360240160453       1.1044516116380692
     656.2542361574382994       1.0331905595958233
     656.2544362908606672       0.9176516905426979
     656.2546364242829213       0.9843964697793126
     656.2548365577051754       0.9162491261959076
     656.2550366911274295       1.0258886665105820
     656.2552368245496837       0.9037672877311707
     656.2554369579720515       0.9619486480951309
     656.2556370913943056       0.9424953386187553
     656.2558372248165597       1.0564641021192074
     656.2560373582388138       0.9588601328432560
     656.2562374916611816       1.0389285050332546
     656.2564376250834357       1.0229531060904264
     656.2566377585056898       1.0375818125903606
     656.2568378919279439       0.9571389630436897
     656.2570380253503117       0.9459478966891766
     656.2572381587725658       0.8987245559692383
     656.2574382921948200       0.9790227469056845
     656.2576384256170741       1.0232272967696190
     656.2578385590394419       0.9529994949698448
     656.2580386924616960       0.9121001586318016
     656.2582388258839501       1.1240285560488701
     656.2584389593062042       1.0379194915294647
     656.2586390927285720       0.9804091788828373
     656.2588392261508261       1.0482131280004978
     656.2590393595730802       0.9811345282942057
     656.2592394929953343       1.0872621163725853
     656.2594396264177021       0.9453202672302723
     656.2596397598399562       0.8751831054687500
     656.2598398932622104       1.1001320406794548
     656.2600400266844645       0.9116912558674812
     656.2602401601067186       1.0434561632573605
     656.2604402935290864       0.9941916568204761
     656.2606404269513405       0.9396801479160786
     656.2608405603735946       1.0913880765438080
     656.2610406937958487       1.0187906082719564
     656.2612408272182165       1.0987934693694115
     656.2614409606404706       1.1158199533820152
     656.2616410940627247       1.0421845912933350
     656.2618412274849788       1.0670360401272774
     656.2620413609073466       0.9368939176201820
     656.2622414943296008       0.9628622755408287
     656.2624416277518549       1.0007926519028842
     656.2626417611741090       1.0443049743771553
     656.2628418945964768       1.0197022370994091
     656.2630420280187309       1.0101038580760360
     656.2632421614409850       0.9865623125806451
     656.2634422948632391       1.0062987590208650
     656.2636424282856069       1.0245456136763096
     656.2638425617078610       1.0653211548924446
     656.2640426951301151       0.9925963273271918
     656.2642428285523692       0.9932887279428542
     656.2644429619747370       0.9810048639774323
     656.2646430953969912       1.0018850967753679
     656.2648432288192453       0.9874968929216266
     656.2650433622414994       1.0512576177716255
     656.2652434956638672       0.9215304106473923
     656.2654436290861213       1.0229816865175962
     656.2656437625083754       0.9730307105928659
     656.2658438959306295       0.9908234309405088
     656.2660440293528836       0.9579600170254707
     656.2662441627752514       1.0206075049936771
     656.2664442961975055       1.0133627904579043
     656.2666444296197596       0.9284405484795570
     656.2668445630420138       0.9029162749648094
     656.2670446964643816       1.0677019655704498
     656.2672448298866357       0.9510985352098942
     656.2674449633088898       0.9837579149752855
     656.2676450967311439       1.0733468458056450
     656.2678452301535117       0.9860732536762953
     656.2680453635757658       0.9813835732638836
     656.2682454969980199       0.9665783233940601
     656.2684456304202740       1.0487633943557739
     656.2686457638426418       0.9734469521790743
     656.2688458972648959       0.9882776122540236
     656.2690460306871501       1.0389630459249020
     656.2692461641094042       0.9835995025932789
     656.2694462975317720       0.9845171626657248
     656.2696464309540261       0.9590817652642727
     656.2698465643762802       0.9920820062980056
     656.2700466977985343       0.9896414717659354
     656.2702468312209021       0.9604882709681988
     656.2704469646431562       0.9599123783409595
     656.2706470980654103       0.9432510919868946
     656.2708472314876644       0.9959750366397202
     656.2710473649099185       0.9682048447430134
     656.2712474983322863       0.9908528551459312
     656.2714476317545405       0.9989069148432463
     656.2716477651767946       1.0577302947640419
     656.2718478985990487       0.9682495482265949
     656.2720480320214165       0.9557738229632378
     656.2722481654436706       1.0191269181668758
     656.2724482988659247       1.0077142394147813
     656.2726484322881788       1.0200190022587776
     656.2728485657105466       1.0125374766066670
     656.2730486991328007       1.0498058460652828
     656.2732488325550548       1.0465850941836834
     656.2734489659773089       0.9262208417057991
     656.2736490993996767       1.0718505755066872
     656.2738492328219309       1.0251827389001846
     656.2740493662441850       0.9966150890104473
     656.2742494996664391       0.9934878787025809
     656.2744496330888069       1.0047527360729873
     656.2746497665110610       0.9720474891364574
     656.2748498999333151       1.0627476796507835
     656.2750500333555692       0.9977156538516283
     656.2752501667779370       0.8899787068367004
     656.2754503002001911       0.8774825185537338
     656.2756504336224452       1.0519623421132565
     656.2758505670446993       1.0083829518407583
     656.2760507004670671       0.9806604888290167
     656.2762508338893213       0.9773045256733894
     656.2764509673115754       0.9729222450405359
     656.2766511007338295       0.9908229885622859
     656.2768512341560836       1.0164553951472044
     656.2770513675784514       0.9811976123601198
     656.2772515010007055       1.0269903242588043
     656.2774516344229596       0.9980343524366617
     656.2776517678452137       1.0221052262932062
     656.2778519012675815       1.0038227532058954
     656.2780520346898356       0.9922388209961355
     656.2782521681120897       0.9926773519255221
     656.2784523015343439       0.9760425370186567
     656.2786524349567117       0.9882601741701365
     656.2788525683789658       1.0594650618731976
     656.2790527018012199       1.0821055397391319
     656.2792528352234740       1.0328122749924660
     656.2794529686458418       0.9921757755801082
     656.2796531020680959       1.0378969609737396
     656.2798532354903500       0.9823999218642712
     656.2800533689126041       0.9598957225680351
     656.2802535023349719       0.9661218859255314
     656.2804536357572260       0.9929612940177321
     656.2806537691794802       1.0271454807370901
     656.2808539026017343       0.9778866041451693
     656.2810540360241021       0.9891779730096459
     656.2812541694463562       0.8620222508907318
     656.2814543028686103       1.0349259786307812
     656.2816544362908644       1.1009891778230667
     656.2818545697131185       0.9157106056809425
     656.2820547031354863       1.0094572333618999
     656.2822548365577404       1.0660538300871849
     656.2824549699799945       0.9571302272379398
     656.2826551034022486       1.0057151350192726
     656.2828552368246164       0.9128510653972626
     656.2830553702468706       1.0591660849750042
     656.2832555036691247       0.9192175567150116
     656.2834556370913788       1.0556486658751965
     656.2836557705137466       1.0517125688493252
     656.2838559039360007       1.0677553936839104
     656.2840560373582548       0.8997392132878304
     656.2842561707805089       0.9644351005554199
     656.2844563042028767       1.0072500030510128
     656.2846564376251308       1.0423433743417263
     656.2848565710473849       1.0548034422099590
     656.2850567044696390       1.0304670315235853
     656.2852568378920068       1.0408582799136639
     656.2854569713142610       1.0038816842716187
     656.2856571047365151       1.0119299041107297
     656.2858572381587692       1.0167897343635559
     656.2860573715811370       1.0037991111166775
     656.2862575050033911       1.0869970992207527
     656.2864576384256452       0.8698994666337967
     656.2866577718478993       1.0592295303940773
     656.2868579052702671       0.9997349869518075
     656.2870580386925212       1.0133443614467978
     656.2872581721147753       1.0175721105188131
     656.2874583055370294       1.0273476876318455
     656.2876584389592836       0.9744599480181932
     656.2878585723816514       0.9539380744099617
     656.2880587058039055       0.9237947762012482
     656.2882588392261596       0.8864782825112343
     656.2884589726484137       1.0009187111863866
     656.2886591060707815       0.9036636501550674
     656.2888592394930356       1.0265601724386215
     656.2890593729152897       0.9518057070672512
     656.2892595063375438       1.0172581821680069
     656.2894596397599116       1.0519733689725399
     656.2896597731821657       0.9195603355765343
     656.2898599066044198       0.8530310392379761
     656.2900600400266740       1.0291536878794432
     656.2902601734490418       1.0048349285498261
     656.2904603068712959       0.9792153704911470
     656.2906604402935500       1.0199197083711624
     656.2908605737158041       1.0329726561903954
     656.2910607071381719       1.0363904125988483
     656.2912608405604260       1.0323672555387020
     656.2914609739826801       0.9349837079644203
     656.2916611074049342       0.9500959701836109
     656.2918612408273020       1.0469914041459560
     656.2920613742495561       1.0444127134978771
     656.2922615076718103       0.8975923657417297
     656.2924616410940644       1.0575386472046375
     656.2926617745164322       1.0070639452897012
     656.2928619079386863       1.0048337932676077
     656.2930620413609404       1.0208275951445103
     656.2932621747831945       0.9695231560617685
     656.2934623082054486       0.9318121001124382
     656.2936624416278164       0.9457549341022968
     656.2938625750500705       1.0402483865618706
     656.2940627084723246       1.0028482601046562
     656.2942628418945787       1.0608904175460339
     656.2944629753169465       0.9513443745672703
     656.2946631087392007       1.0055983671918511
     656.2948632421614548       1.0784131363034248
     656.2950633755837089       0.9281463772058487
     656.2952635090060767       1.0495346635580063
     656.2954636424283308       1.0326460339128971
     656.2956637758505849       0.9990368355065584
     656.2958639092728390       1.0006337778759189
     656.2960640426952068       1.0768212005496025
     656.2962641761174609       0.8602467775344849
     656.2964643095397150       1.0313107259571552
     656.2966644429619691       1.0068318122066557
     656.2968645763843369       1.0574756376445293
     656.2970647098065911       0.9924838580191135
     656.2972648432288452       0.9655482433736324
     656.2974649766510993       0.9563437514007092
     656.2976651100734671       0.9769224058836699
     656.2978652434957212       1.0499631352722645
     656.2980653769179753       0.9783730898052454
     656.2982655103402294       0.9498248323798180
     656.2984656437624835       0.9999279978146660
     656.2986657771848513       1.0196932218968868
     656.2988659106071054       0.9700847733765841
     656.2990660440293595       0.9999332281877287
     656.2992661774516137       1.0354718677699566
     656.2994663108739815       0.9815690610557795
     656.2996664442962356       1.0217795390635729
     656.2998665777184897       1.0305318832397461
     656.3000667111407438       0.9677756167948246
     656.3002668445631116       0.9626744799315929
     656.3004669779853657       0.9640214592218399
     656.3006671114076198       1.0403585657477379
     656.3008672448298739       0.9839654359966516
     656.3010673782522417       0.9747395869344473
     656.3012675116744958       0.9879448916763067
     656.3014676450967499       1.0684420764446259
     656.3016677785190041       0.9397551007568836
     656.3018679119413719       0.8991545811295509
     656.3020680453636260       0.9471630677580833
     656.3022681787858801       0.9847940905019641
     656.3024683122081342       0.9114866778254509
     656.3026684456305020       1.1100182458758354
     656.3028685790527561       0.9200598523020744
     656.3030687124750102       0.9398136138916016
     656.3032688458972643       0.9289532229304314
     656.3034689793196321       1.0180042423307896
     656.3036691127418862       1.0071837375871837
     656.3038692461641403       0.9899225020781159
     656.3040693795863945       1.0222244430333376
     656.3042695130086486       0.9853436229750514
     656.3044696464310164       1.1169721633195877
     656.3046697798532705       1.0646481662988663
     656.3048699132755246       1.0267949290573597
     656.3050700466977787       0.9497692026197910
     656.3052701801201465       1.0034250286407769
     656.3054703135424006       0.9568679817020893
     656.3056704469646547       0.9482645392417908
     656.3058705803869088       0.9567266590893269
     656.3060707138092766       1.0323434211313725
     656.3062708472315308       0.9956949823535979
     656.3064709806537849       0.9991363538429141
     656.3066711140760390       0.9202780500054359
     656.3068712474984068       0.9183261170983315
     656.3070713809206609       0.9783271085470915
     656.3072715143429150       1.0054528373293579
     656.3074716477651691       1.0400962941348553
     656.3076717811875369       0.9953653425909579
     656.3078719146097910       1.0643187761306763
     656.3080720480320451       1.0297456532716751
     656.3082721814542992       1.0007465603412129
     656.3084723148766670       1.1054006591439247
     656.3086724482989212       0.9726603142917156
     656.3088725817211753       0.9464057609438896
     656.3090727151434294       0.9266431927680969
     656.3092728485656835       1.0685568973422050
     656.3094729819880513       0.9878743607550859
     656.3096731154103054       0.9873431921005249
     656.3098732488325595       1.0763765051960945
     656.3100733822548136       1.0343196541070938
     656.3102735156771814       0.9943922325037420
     656.3104736490994355       0.9415718019008636
     656.3106737825216896       1.0317025929689407
     656.3108739159439438       0.9546395950019360
     656.3110740493663116       0.9676520191133022
     656.3112741827885657       1.0313404463231564
     656.3114743162108198       0.9734479598701000
     656.3116744496330739       0.9625308513641357
     656.3118745830554417       1.0382520370185375
     656.3120747164776958       1.0725266188383102
     656.3122748498999499       0.9726082328706980
     656.3124749833222040       1.0116588985547423
     656.3126751167445718       0.9604534544050694
     656.3128752501668259       0.9919868921861053
     656.3130753835890800       0.9665373824536800
     656.3132755170113342       1.0591881349682808
     656.3134756504337020       0.9787163492292166
     656.3136757838559561       0.9492472633719444
     656.3138759172782102       1.0130292503163218
     656.3140760507004643       0.9664436429738998
     656.3142761841228321       1.0090930992737412
     656.3144763175450862       0.9842462558299303
     656.3146764509673403       1.0181996133178473
     656.3148765843895944       0.9247439652681351
     656.3150767178118485       1.0644737258553505
     656.3152768512342163       1.0169622525572777
     656.3154769846564704       0.9829242993146181
     656.3156771180787246       1.0571674965322018
     656.3158772515009787       1.0022756715770811
     656.3160773849233465       1.0185942389070988
     656.3162775183456006       0.9759992063045502
     656.3164776517678547       1.0339120812714100
     656.3166777851901088       1.0051937173120677
     656.3168779186124766       1.0303996540606022
     656.3170780520347307       0.9795543532818556
     656.3172781854569848       1.0373102687299252
     656.3174783188792389       0.9505692943930626
     656.3176784523016067       1.0003757704107556
     656.3178785857238609       1.0636270716786385
     656.3180787191461150       0.9496432058513165
     656.3182788525683691       0.9829372335225344
     656.3184789859907369       0.9873961312696338
     656.3186791194129910       1.0134317753836513
     656.3188792528352451       0.9912689886987209
     656.3190793862574992       1.0458605810999870
     656.3192795196798670       1.0159642212092876
     656.3194796531021211       1.0032055831979960
     656.3196797865243752       0.9574116021394730
     656.3198799199466293       0.9697149004787207
     656.3200800533688835       0.9957844712771475
     656.3202801867912513       1.0420268587768078
     656.3204803202135054       0.9999102373840287
     656.3206804536357595       0.9250088408589363
     656.3208805870580136       1.0019471992272884
     656.3210807204803814       1.0195755269378424
     656.3212808539026355       0.9793397933244705
     656.3214809873248896       0.9639636166393757
     656.3216811207471437       1.0164140891283751
     656.3218812541695115       1.0312218721956015
     656.3220813875917656       0.8719331324100494
     656.3222815210140197       1.0099695464596152
     656.3224816544362739       0.9880894478410482
     656.3226817878586417       1.0049956231378019
     656.3228819212808958       1.0446688234806061
     656.3230820547031499       0.9961776921991259
     656.3232821881254040       1.0058262520469725
     656.3234823215477718       0.9782783016562462
     656.3236824549700259       1.0235882438719273
     656.3238825883922800       0.9484896957874298
     656.3240827218145341       0.9269001111388206
     656.3242828552369019       0.9575753249228001
     656.3244829886591560       0.9488712660968304
     656.3246831220814101       0.9684641435742378
     656.3248832555036643       1.0230523031204939
     656.3250833889260321       1.0641268268227577
     656.3252835223482862       0.9312076419591904
     656.3254836557705403       1.0327467843890190
     656.3256837891927944       1.0578602664172649
     656.3258839226150485       1.0460938625037670
     656.3260840560374163       0.9900131644681096
     656.3262841894596704       0.9970040947664529
     656.3264843228819245       1.0291944388300180
     656.3266844563041786       1.0070943334139884
     656.3268845897265464       1.0028028136584908
     656.3270847231488005       0.9963256530463696
     656.3272848565710547       0.9457155466079712
     656.3274849899933088       1.0053655342198908
     656.3276851234156766       0.9573586918413639
     656.3278852568379307       0.9966863237787038
     656.3280853902601848       0.9833574667572975
     656.3282855236824389       1.0500761084258556
     656.3284856571048067       1.0074926386587322
     656.3286857905270608       0.8906054347753525
     656.3288859239493149       1.0512869656085968
     656.3290860573715690       1.0114441169425845
     656.3292861907939368       1.0028788435738534
     656.3294863242161910       1.0156591273844242
     656.3296864576384451       1.0635121762752533
     656.3298865910606992       0.9705409128218889
     656.3300867244830670       1.0682559385895729
     656.3302868579053211       1.0352443717420101
     656.3304869913275752       1.0041546402499080
     656.3306871247498293       1.0968340262770653
     656.3308872581721971       1.0247173104435205
     656.3310873915944512       0.9981263855006546
     656.3312875250167053       0.9680561535060406
     656.3314876584389594       0.9511330537497997
     656.3316877918612136       1.0050663519650698
     656.3318879252835814       0.9314917698502541
     656.3320880587058355       0.9697433114051819
     656.3322881921280896       1.0615999586880207
     656.3324883255503437       0.8797811046242714
     656.3326884589727115       1.0276700090616941
     656.3328885923949656       1.0123225953429937
     656.3330887258172197       1.0333097130060196
     656.3332888592394738       0.9252037480473518
     656.3334889926618416       0.9734255243092775
     656.3336891260840957       1.0448579378426075
     656.3338892595063498       1.0232780706137419
     656.3340893929286040       1.0373257994651794
     656.3342895263509718       1.0504312478005886
     656.3344896597732259       0.9936704919673502
     656.3346897931954800       1.0438439138233662
     656.3348899266177341       0.9911769526079297
     656.3350900600401019       0.9849223177880049
     656.3352901934623560       1.0178890191018581
     656.3354903268846101       0.9819818008691072
     656.3356904603068642       0.9242780059576035
     656.3358905937292320       1.0028222913388163
     656.3360907271514861       1.0198220163583755
     656.3362908605737402       1.0448640622198582
     656.3364909939959944       0.9829413127154112
     656.3366911274182485       1.0056026424281299
     656.3368912608406163       0.9394138269126415
     656.3370913942628704       1.0231286250054836
     656.3372915276851245       0.9674211516976357
     656.3374916611073786       1.0048605976626277
     656.3376917945297464       0.9529442973434925
     656.3378919279520005       1.0478052012622356
     656.3380920613742546       1.1315710395574570
     656.3382921947965087       1.0118916956707835
     656.3384923282188765       1.0986165031790733
     656.3386924616411306       1.0411986224353313
     656.3388925950633848       1.0505972988903522
     656.3390927284856389       0.9612447358667850
     656.3392928619080067       0.9500708617269993
     656.3394929953302608       0.9741789493709803
     656.3396931287525149       1.0119705200195312
     656.3398932621747690       0.9346330091357231
     656.3400933955971368       1.0305966865271330
     656.3402935290193909       1.0920139625668526
     656.3404936624416450       0.9666795991361141
     656.3406937958638991       1.0051866071298718
     656.3408939292862669       1.0473941825330257
     656.3410940627085211       0.9646274112164974
     656.3412941961307752       1.0070079290308058
     656.3414943295530293       1.0162355732172728
     656.3416944629753971       1.0021752330940217
     656.3418945963976512       0.9382452107965946
     656.3420947298199053       1.0326609648764133
     656.3422948632421594       1.0208694245666265
     656.3424949966644135       1.0186813324689865
     656.3426951300867813       0.9932095780968666
     656.3428952635090354       0.9932056539691985
     656.3430953969312895       1.0297382716089487
     656.3432955303535437       0.9841236770153046
     656.3434956637759115       0.9410602338612080
     656.3436957971981656       1.0001116432977142
     656.3438959306204197       0.9807598888874054
     656.3440960640426738       1.0652813762426376
     656.3442961974650416       1.0009199802880175
     656.3444963308872957       1.0338810607790947
     656.3446964643095498       0.9825788941234350
     656.3448965977318039       1.0725561603903770
     656.3450967311541717       1.0024250803980976
     656.3452968645764258       1.0552173852920532
     656.3454969979986799       0.9400686547160149
     656.3456971314209341       0.9126178398728371
     656.3458972648433019       0.9669643677771091
     656.3460973982655560       0.9669543690979481
     656.3462975316878101       1.0349710211157799
     656.3464976651100642       1.0208677668124437
     656.3466977985324320       0.9873595284298062
     656.3468979319546861       1.0498491041362286
     656.3470980653769402       1.0203349888324738
     656.3472981987991943       0.9857992753386497
     656.3474983322214484       1.0099355280399323
     656.3476984656438162       0.8941000327467918
     656.3478985990660703       0.9866263614967465
     656.3480987324883245       0.9050113856792450
     656.3482988659105786       0.8942491635680199
     656.3484989993329464       0.9963499915320426
     656.3486991327552005       0.9757138770073652
     656.3488992661774546       1.0193208642303944
     656.3490993995997087       0.9279674887657166
     656.3492995330220765       1.0312796272337437
     656.3494996664443306       0.9468076340854168
     656.3496997998665847       0.9741302095353603
     656.3498999332888388       0.9392332322895527
     656.3501000667112066       0.9939218927174807
     656.3503002001334607       0.9924497404135764
     656.3505003335557149       1.0834215208888054
     656.3507004669779690       1.0084825335070491
     656.3509006004003368       0.9882990578189492
     656.3511007338225909       0.9420967735350132
     656.3513008672448450       1.0317804031074047
     656.3515010006670991       0.9144614040851593
     656.3517011340894669       1.0696666613221169
     656.3519012675117210       1.0234265178442001
     656.3521014009339751       1.0093470579013228
     656.3523015343562292       1.0024477960541844
     656.3525016677785970       1.0725684911012650
     656.3527018012008512       0.9585135169327259
     656.3529019346231053       1.0455264262855053
     656.3531020680453594       1.0014784211525694
     656.3533022014676135       1.0418985523283482
     656.3535023348899813       1.1069173142313957
     656.3537024683122354       0.9937804252840579
     656.3539026017344895       1.0829541906714439
     656.3541027351567436       1.0557301640510559
     656.3543028685791114       0.9915166795253754
     656.3545030020013655       0.9675057418644428
     656.3547031354236196       0.9708577562123537
     656.3549032688458738       0.9833442661911249
     656.3551034022682416       0.9791515320539474
     656.3553035356904957       0.9516611285507679
     656.3555036691127498       0.9700784534215927
     656.3557038025350039       0.9783034417778254
     656.3559039359573717       1.0175432115793228
     656.3561040693796258       0.9706899672746658
     656.3563042028018799       0.9547809325158596
     656.3565043362241340       0.9609960168600082
     656.3567044696465018       1.0026548828464001
     656.3569046030687559       1.0242491215467453
     656.3571047364910100       1.0089382566511631
     656.3573048699132642       0.9161076024174690
     656.3575050033356320       1.0242616496980190
     656.3577051367578861       0.9656303897500038
     656.3579052701801402       0.9898766512051224
     656.3581054036023943       0.9949588770978152
     656.3583055370246484       1.0396416038274765
     656.3585056704470162       1.0195269789546726
     656.3587058038692703       1.0557493865489955
     656.3589059372915244       1.0363338477909561
     656.3591060707137785       1.0900317654013625
     656.3593062041361463       0.9732764754444349
     656.3595063375584004       1.1102686077356321
     656.3597064709806546       1.0052517065778348
     656.3599066044029087       0.9481256417930087
     656.3601067378252765       1.0383225604891719
     656.3603068712475306       1.0094662131741556
     656.3605070046697847       1.0720448791980615
     656.3607071380920388       1.0343153253197481
     656.3609072715144066       0.9976511432323327
     656.3611074049366607       0.9648628942668031
     656.3613075383589148       0.9928322569466531
     656.3615076717811689       1.0354813374578082
     656.3617078052035367       1.0038503685499205
     656.3619079386257908       0.9663108587263172
     656.3621080720480450       1.0795314162966918
     656.3623082054702991       1.0506304614242030
     656.3625083388926669       0.9346998855466041
     656.3627084723149210       0.9791840407989357
     656.3629086057371751       0.9789803270239059
     656.3631087391594292       1.1273806542141664
     656.3633088725817970       0.9162010997510293
     656.3635090060040511       1.0572111904587644
     656.3637091394263052       1.0227401144755004
     656.3639092728485593       0.9904284514419375
     656.3641094062708135       1.0287229455912177
     656.3643095396931813       0.9917427943885043
     656.3645096731154354       1.0161522980590365
     656.3647098065376895       0.9549202583464971
     656.3649099399599436       1.1774821728096696
     656.3651100733823114       0.9280379265028498
     656.3653102068045655       1.0569138637953417
     656.3655103402268196       1.0083081749196525
     656.3657104736490737       0.9740168711643828
     656.3659106070714415       0.9848018016608430
     656.3661107404936956       0.9967681998067559
     656.3663108739159497       1.0131218643942907
     656.3665110073382039       1.0245196665298304
     656.3667111407605717       0.9516585648674433
     656.3669112741828258       1.0529523296263736
     656.3671114076050799       0.9172447087576421
     656.3673115410273340       0.9472693709164189
     656.3675116744497018       0.9423866062329510
     656.3677118078719559       0.9611427752372002
     656.3679119412942100       0.9495825724927379
     656.3681120747164641       1.0223381946336747
     656.3683122081388319       0.9467699376420465
     656.3685123415610860       1.0503776231453090
     656.3687124749833401       1.0276731916447006
     656.3689126084055943       0.9820645287575450
     656.3691127418278484       1.0423350799496465
     656.3693128752502162       1.0254303622178798
     656.3695130086724703       1.0086124971807382
     656.3697131420947244       0.9463784470609850
     656.3699132755169785       0.9349960396448416
     656.3701134089393463       1.0013751441864427
     656.3703135423616004       0.9568782267580959
     656.3705136757838545       0.9902697282373745
     656.3707138092061086       1.0286964717703742
     656.3709139426284764       1.0768219132937953
     656.3711140760507305       0.9878886771919186
     656.3713142094729847       1.0355294870689011
     656.3715143428952388       0.9870142154453364
     656.3717144763176066       0.9387338498625875
     656.3719146097398607       1.0137136407178380
     656.3721147431621148       1.0014710742736792
     656.3723148765843689       0.9486190230343331
     656.3725150100067367       1.0200594029767833
     656.3727151434289908       0.9916713797615552
     656.3729152768512449       0.9876185778300954
     656.3731154102734990       1.1268266338049426
     656.3733155436958668       0.9991746386251741
     656.3735156771181209       0.9771626109809403
     656.3737158105403751       1.0500650527635220
     656.3739159439626292       0.9436321853667885
     656.3741160773849970       1.0170642827199157
     656.3743162108072511       0.9591818150813161
     656.3745163442295052       0.9675693644912376
     656.3747164776517593       0.9778648100296269
     656.3749166110740134       0.9441179640132890
     656.3751167444963812       1.0147618255284507
     656.3753168779186353       1.1150082271561317
     656.3755170113408894       1.0459405356742280
     656.3757171447631436       1.0509037830204275
     656.3759172781855113       1.0425370197985364
     656.3761174116077655       1.0410074175708788
     656.3763175450300196       0.9992101874957878
     656.3765176784522737       1.0103595498598299
     656.3767178118746415       1.0543480558322067
     656.3769179452968956       0.9901894039609344
     656.3771180787191497       0.9961249977734185
     656.3773182121414038       0.9630418869557363
     656.3775183455637716       1.0389491612462227
     656.3777184789860257       0.9963383086411042
     656.3779186124082798       0.9940552598724323
     656.3781187458305340       0.9405113386081805
     656.3783188792529018       1.0080515557641352
     656.3785190126751559       0.9627469394269502
     656.3787191460974100       1.0872201301764770
     656.3789192795196641       0.9114329291797327
     656.3791194129420319       1.0405793640412055
     656.3793195463642860       0.9824902505223706
     656.3795196797865401       1.0024880933566367
     656.3797198132087942       0.8635219384231952
     656.3799199466311620       1.0327738786617728
     656.3801200800534161       1.0013233959497054
     656.3803202134756702       0.9769934201912261
     656.3805203468979244       1.0023932088077838
     656.3807204803201785       1.0127873806572871
     656.3809206137425463       1.0196850850127719
     656.3811207471648004       1.1410074397865406
     656.3813208805870545       0.9853366123926235
     656.3815210140093086       0.9358058543696962
     656.3817211474316764       0.9873810239483016
     656.3819212808539305       1.0124452801385992
     656.3821214142761846       1.0943511017714720
     656.3823215476984387       1.0146964574849289
     656.3825216811208065       1.0292389624186442
     656.3827218145430606       1.0372000871802953
     656.3829219479653148       0.9545206445784549
     656.3831220813875689       0.9924418060224276
     656.3833222148099367       0.9424579317992013
     656.3835223482321908       0.9712550534886105
     656.3837224816544449       0.9539136359265100
     656.3839226150766990       0.9513843651343921
     656.3841227484990668       1.0064418336460192
     656.3843228819213209       0.9513136140209990
     656.3845230153435750       0.9471470626841112
     656.3847231487658291       0.9542819453739637
     656.3849232821881969       0.9798075140076927
     656.3851234156104510       0.9681041506851501
     656.3853235490327052       0.9460583401642293
     656.3855236824549593       0.9186252587345415
     656.3857238158772134       1.0035649357371816
     656.3859239492995812       0.9701754559675037
     656.3861240827218353       0.8368731429315579
     656.3863242161440894       0.9078018668957821
     656.3865243495663435       0.8722428285599554
     656.3867244829887113       0.9642939978428776
     656.3869246164109654       0.8764455919008406
     656.3871247498332195       0.9225675639984300
     656.3873248832554737       0.9225119069850483
     656.3875250166778414       0.8708103050782178
     656.3877251501000956       0.8421701767603207
     656.3879252835223497       0.9304263287321799
     656.3881254169446038       0.8234755126574373
     656.3883255503669716       0.8719381386595824
     656.3885256837892257       0.7601635316886088
     656.3887258172114798       0.8478099588416663
     656.3889259506337339       0.9102767517956242
     656.3891260840561017       0.7644880038975678
     656.3893262174783558       0.8138656015651707
     656.3895263509006099       0.7345180464398682
     656.3897264843228641       0.7454685206009255
     656.3899266177452319       0.8571296660689383
     656.3901267511674860       0.8922739610668534
     656.3903268845897401       0.9956208636155601
     656.3905270180119942       0.8408660907810682
     656.3907271514343620       0.8916314597543145
     656.3909272848566161       0.8635734198176034
     656.3911274182788702       0.8641283943313862
     656.3913275517011243       0.7866184386892476
     656.3915276851233784       0.7170267094123230
     656.3917278185457462       0.8425268575813478
     656.3919279519680003       0.7723113278366015
     656.3921280853902545       0.8133923967389778
     656.3923282188125086       0.7749794066466839
     656.3925283522348764       0.7579905869159544
     656.3927284856571305       0.8839393445009787
     656.3929286190793846       0.8384151510817768
     656.3931287525016387       0.9197810312936173
     656.3933288859240065       0.7247665669091019
     656.3935290193462606       0.7908319549021473
     656.3937291527685147       0.7527967958926692
     656.3939292861907688       0.8010508354874248
     656.3941294196131366       0.8415262046944552
     656.3943295530353907       0.6752212798633233
     656.3945296864576449       0.7764435184863370
     656.3947298198798990       0.9609238762137687
     656.3949299533022668       0.8891312109614946
     656.3951300867245209       0.8142327561809235
     656.3953302201467750       0.8312206938049891
     656.3955303535690291       1.0042649550471832
     656.3957304869913969       0.8061842233902360
     656.3959306204136510       0.9236550390226277
     656.3961307538359051       0.8960382145452829
     656.3963308872581592       0.8839565045642908
     656.3965310206804133       0.8600679710968282
     656.3967311541027811       0.8816654524506121
     656.3969312875250353       0.9353499344168947
     656.3971314209472894       0.9418665563875114
     656.3973315543695435       0.9170924855397227
     656.3975316877919113       0.9336901457680649
     656.3977318212141654       0.9334263291398286
     656.3979319546364195       0.9282905069019813
     656.3981320880586736       0.9475511212345172
     656.3983322214810414       0.9390565206782986
     656.3985323549032955       1.0080141197855570
     656.3987324883255496       1.0433172315092805
     656.3989326217478038       1.0362283542021657
     656.3991327551701715       0.9891962989849298
     656.3993328885924257       0.9941791279324540
     656.3995330220146798       0.9593685991863939
     656.3997331554369339       0.9367859463554731
     656.3999332888593017       0.9233427504483520
     656.4001334222815558       0.8921138309483807
     656.4003335557038099       0.8739368720423004
     656.4005336891260640       0.9484574381343103
     656.4007338225484318       0.9323545414007510
     656.4009339559706859       1.0779983835519262
     656.4011340893929400       0.9942609627784287
     656.4013342228151942       0.9453107232271157
     656.4015343562375620       0.9459594412788129
     656.4017344896598161       0.9846991092861674
     656.4019346230820702       0.9180570017710904
     656.4021347565043243       0.9406287553022686
     656.4023348899265784       0.8799048644862864
     656.4025350233489462       1.0106685916996545
     656.4027351567712003       0.9895286899100180
     656.4029352901934544       0.9834185934584692
     656.4031354236157085       1.0394500285071593
     656.4033355570380763       0.9662678328139258
     656.4035356904603304       0.9398891606224125
     656.4037358238825846       0.9601280334733422
     656.4039359573048387       1.0186009781919823
     656.4041360907272065       0.8716867121720701
     656.4043362241494606       0.9760191784143268
     656.4045363575717147       1.0607000688495212
     656.4047364909939688       1.0742682781294608
     656.4049366244163366       0.9815072393898401
     656.4051367578385907       1.0449544010054632
     656.4053368912608448       1.0383211813937552
     656.4055370246830989       1.0357540117602149
     656.4057371581054667       1.0328893537057628
     656.4059372915277208       1.0446492479679188
     656.4061374249499750       0.9986567892216928
     656.4063375583722291       1.0111169027155384
     656.4065376917945969       1.0217948806554866
     656.4067378252168510       0.9416329466691197
     656.4069379586391051       1.0127317456988325
     656.4071380920613592       0.9971705154415563
     656.4073382254836133       0.9931876651387399
     656.4075383589059811       1.0461482867629817
     656.4077384923282352       1.0177067872927394
     656.4079386257504893       1.0007094621684163
     656.4081387591727434       0.9702086575178512
     656.4083388925951112       1.0364260168108594
     656.4085390260173654       0.9419351361190837
     656.4087391594396195       0.9155465822730173
     656.4089392928618736       0.9722310447384913
     656.4091394262842414       1.0198346028521978
     656.4093395597064955       1.0057575181192386
     656.4095396931287496       0.9680863798734439
     656.4097398265510037       0.9631289293047191
     656.4099399599733715       0.9657881863262129
     656.4101400933956256       1.0931132496337015
     656.4103402268178797       1.0204557296818204
     656.4105403602401339       1.0869484936963119
     656.4107404936625016       0.9115653207707360
     656.4109406270847558       0.9387636256520979
     656.4111407605070099       0.9841740110733285
     656.4113408939292640       0.9262754865630208
     656.4115410273516318       1.0212355234135306
     656.4117411607738859       0.9179388990299313
     656.4119412941961400       0.9733849563551407
     656.4121414276183941       0.9885454831607707
     656.4123415610407619       1.0424080187421585
     656.4125416944630160       0.9765336561028755
     656.4127418278852701       0.9587828042926129
     656.4129419613075243       0.9356655564191697
     656.4131420947297784       1.0236847274259109
     656.4133422281521462       1.0750728875007607
     656.4135423615744003       0.9451690886879643
     656.4137424949966544       1.0119725067725536
     656.4139426284189085       1.0906826399891265
     656.4141427618412763       1.0581126187026784
     656.4143428952635304       0.9423232383782431
     656.4145430286857845       1.0610901736907692
     656.4147431621080386       1.0030984053278917
     656.4149432955304064       1.0717250091819444
     656.4151434289526605       1.0562370425759338
     656.4153435623749147       1.0148306363653721
     656.4155436957971688       1.0039967493574165
     656.4157438292195366       0.9779568808106881
     656.4159439626417907       0.9981722659698246
     656.4161440960640448       0.9632610998694200
     656.4163442294862989       1.0091359706551108
     656.4165443629086667       0.9813799309693934
     656.4167444963309208       0.9805552208359264
     656.4169446297531749       0.9530704166067193
     656.4171447631754290       0.9853614388556206
     656.4173448965977968       0.9323185456452859
     656.4175450300200509       0.9642321950001653
     656.4177451634423051       0.9881553285468206
     656.4179452968645592       0.9956060074322741
     656.4181454302869270       1.0125481485688834
     656.4183455637091811       0.9967938370083893
     656.4185456971314352       0.9645319059166927
     656.4187458305536893       0.9317761212355933
     656.4189459639759434       1.0348897948696352
     656.4191460973983112       0.9677135124685571
     656.4193462308205653       0.9823479223913502
     656.4195463642428194       0.9656721800507139
     656.4197464976650735       0.9791798815089895
     656.4199466310874413       1.0008100682142027
     656.4201467645096955       1.0434760414043567
     656.4203468979319496       0.9794016219661295
     656.4205470313542037       0.9985466133793187
     656.4207471647765715       0.9926157123402291
     656.4209472981988256       0.9902007058258019
     656.4211474316210797       1.0714173242446432
     656.4213475650433338       0.9156957790253247
     656.4215476984657016       0.9574389494953954
     656.4217478318879557       1.0596258230506286
     656.4219479653102098       1.0676184669136255
     656.4221480987324640       0.9596864879130806
     656.4223482321548317       1.0192499663680443
     656.4225483655770859       1.0637500956654311
     656.4227484989993400       1.0291946623474200
     656.4229486324215941       1.0825733840465437
     656.4231487658439619       0.9953759410418497
     656.4233488992662160       0.9991925304639103
     656.4235490326884701       0.9958312609232929
     656.4237491661107242       0.9618123099207856
     656.4239492995329783       1.0370352901518332
     656.4241494329553461       0.9935955791734149
     656.4243495663776002       0.9236027300357812
     656.4245496997998544       0.9817241188138719
     656.4247498332221085       0.9998157580412222
     656.4249499666444763       1.0261364188045261
     656.4251501000667304       0.9876475008204578
     656.4253502334889845       0.8699943572282790
     656.4255503669112386       0.9390168078243732
     656.4257505003336064       1.0225165374577045
     656.4259506337558605       0.9614331908524036
     656.4261507671781146       0.8785094618797302
     656.4263509006003687       1.0307254679501057
     656.4265510340227365       0.9423883557319641
     656.4267511674449906       1.0287314206361771
     656.4269513008672448       0.9680898822844028
     656.4271514342894989       1.0314743816852570
     656.4273515677118667       0.8951061144471169
     656.4275517011341208       1.0476779974997044
     656.4277518345563749       1.0657179206609726
     656.4279519679786290       0.9587417431175709
     656.4281521014009968       0.9588868804275990
     656.4283522348232509       0.9938918636180460
     656.4285523682455050       0.9682971797883511
     656.4287525016677591       0.8779286518692970
     656.4289526350901269       1.0376240052282810
     656.4291527685123810       0.9877274353057146
     656.4293529019346352       1.0891900062561035
     656.4295530353568893       0.9783857483416796
     656.4297531687791434       1.1085528358817101
     656.4299533022015112       1.0498012937605381
     656.4301534356237653       0.9959261701442301
     656.4303535690460194       1.0961982235312462
     656.4305537024682735       1.0152637111023068
     656.4307538358906413       1.0405613258481026
     656.4309539693128954       1.0206775665283203
     656.4311541027351495       0.9848840394988656
     656.4313542361574036       0.9431850053369999
     656.4315543695797714       1.0464136004447937
     656.4317545030020256       0.9510169513523579
     656.4319546364242797       0.9838841110467911
     656.4321547698465338       0.9783740788698196
     656.4323549032689016       1.1089488267898560
     656.4325550366911557       1.0280560851097107
     656.4327551701134098       1.0437020510435104
     656.4329553035356639       0.9947079927660525
     656.4331554369580317       1.0572124086320400
     656.4333555703802858       0.9311948195099831
     656.4335557038025399       1.0093401512131095
     656.4337558372247940       1.0571917593479156
     656.4339559706471618       0.9466223306953907
     656.4341561040694160       1.0596008971333504
     656.4343562374916701       0.9922398654744029
     656.4345563709139242       1.0135569600388408
     656.4347565043361783       1.0442686527967453
     656.4349566377585461       1.0002182970492868
     656.4351567711808002       0.9935263795778155
     656.4353569046030543       1.0585811547935009
     656.4355570380253084       0.9499131254851818
     656.4357571714476762       1.0109464945271611
     656.4359573048699303       0.9440623931586742
     656.4361574382921845       0.9934784462675452
     656.4363575717144386       0.9477717019617558
     656.4365577051368064       0.9696141444146633
     656.4367578385590605       1.1068008169531822
     656.4369579719813146       0.9918654216453433
     656.4371581054035687       1.0192024875432253
     656.4373582388259365       1.0688069686293602
     656.4375583722481906       1.0329157412052155
     656.4377585056704447       0.9943082542158663
     656.4379586390926988       0.9719966500997543
     656.4381587725150666       1.0101459631696343
     656.4383589059373207       0.9838757812976837
     656.4385590393595749       0.9592269398272038
     656.4387591727818290       1.0363875292241573
     656.4389593062041968       0.9359912201762199
     656.4391594396264509       1.0289384014904499
     656.4393595730487050       0.9587226733565331
     656.4395597064709591       0.9410442002117634
     656.4397598398933269       0.9757938701659441
     656.4399599733155810       1.0183891225606203
     656.4401601067378351       0.9748198781162500
     656.4403602401600892       1.0956670269370079
     656.4405603735823433       1.0537015162408352
     656.4407605070047111       0.9868028117343783
     656.4409606404269653       0.9722948279231787
     656.4411607738492194       0.9964934233576059
     656.4413609072714735       1.0285496469587088
     656.4415610406938413       0.9722374137490988
     656.4417611741160954       0.8932794108986855
     656.4419613075383495       0.9816471803933382
     656.4421614409606036       0.9989868397824466
     656.4423615743829714       1.0020517876837403
     656.4425617078052255       0.9419192969799042
     656.4427618412274796       1.0958669185638428
     656.4429619746497337       0.9715798757970333
     656.4431621080721015       1.0245583467185497
     656.4433622414943557       1.0939578115940094
     656.4435623749166098       0.9943312411196530
     656.4437625083388639       0.9821255374699831
     656.4439626417612317       0.8832785561680794
     656.4441627751834858       1.0512725226581097
     656.4443629086057399       0.9409476630389690
     656.4445630420279940       0.9830740112811327
     656.4447631754503618       0.9621502943336964
     656.4449633088726159       1.1029909476637840
     656.4451634422948700       1.0410463884472847
     656.4453635757171241       0.9580022767186165
     656.4455637091393783       0.9442405030131340
     656.4457638425617461       0.9641536138951778
     656.4459639759840002       0.9831903595477343
     656.4461641094062543       0.9241892844438553
     656.4463642428285084       1.0724293962121010
     656.4465643762508762       0.9250809997320175
     656.4467645096731303       1.0686960890889168
     656.4469646430953844       1.0714778676629066
     656.4471647765176385       1.0750266164541245
     656.4473649099400063       1.0410067215561867
     656.4475650433622604       1.0151895955204964
     656.4477651767845146       0.9691873304545879
     656.4479653102067687       1.0627203732728958
     656.4481654436291365       1.0180207602679729
     656.4483655770513906       0.9447917863726616
     656.4485657104736447       1.0096936598420143
     656.4487658438958988       0.9696087893098593
     656.4489659773182666       1.0316796600818634
     656.4491661107405207       0.9304504916071892
     656.4493662441627748       0.9812511969357729
     656.4495663775850289       0.9749038219451904
     656.4497665110073967       0.9730638861656189
     656.4499666444296508       1.0149953514337540
     656.4501667778519050       0.8972318768501282
     656.4503669112741591       0.9347047954797745
     656.4505670446965269       0.9888466494157910
     656.4507671781187810       1.0313741937279701
     656.4509673115410351       1.0001992807810893
     656.4511674449632892       0.9651444330811501
     656.4513675783855433       1.0069193663075566
     656.4515677118079111       1.0514152161777020
     656.4517678452301652       1.0076221995986998
     656.4519679786524193       0.9220245704054832
     656.4521681120746734       0.9534830935299397
     656.4523682454970412       1.0787546262145042
     656.4525683789192954       1.0516997165977955
     656.4527685123415495       0.9684819430112839
     656.4529686457638036       1.0633130893111229
     656.4531687791861714       0.9470121897757053
     656.4533689126084255       1.0498730652034283
     656.4535690460306796       1.0000275925103779
     656.4537691794529337       1.0405538864433765
     656.4539693128753015       0.9581591449677944
     656.4541694462975556       0.9680303260684013
     656.4543695797198097       0.9948405465111136
     656.4545697131420638       0.9760487843304873
     656.4547698465644316       1.0393944419920444
     656.4549699799866858       1.0397010222077370
     656.4551701134089399       1.0057982834987342
     656.4553702468311940       1.0057811704464257
     656.4555703802535618       1.0917451456189156
     656.4557705136758159       0.9531286582350731
     656.4559706470980700       0.9925399110652506
     656.4561707805203241       1.0423287265002728
     656.4563709139425782       1.0647035017609596
     656.4565710473649460       0.9331808388233185
     656.4567711807872001       1.0642072632908821
     656.4569713142094542       1.1003495454788208
     656.4571714476317084       0.9833148065954447
     656.4573715810540762       0.9997047263022978
     656.4575717144763303       0.9842205103486776
     656.4577718478985844       0.9772620480507612
     656.4579719813208385       1.0579706318676472
     656.4581721147432063       0.9597517959773540
     656.4583722481654604       1.0449977368116379
     656.4585723815877145       0.9377136453986168
     656.4587725150099686       0.9290517568588257
     656.4589726484323364       0.9547573961317539
     656.4591727818545905       0.9159009307622910
     656.4593729152768447       0.9933111704885960
     656.4595730486990988       1.0188153106719255
     656.4597731821214666       0.9271701276302338
     656.4599733155437207       1.0282706376165152
     656.4601734489659748       1.0730038434267044
     656.4603735823882289       0.9110485687851906
     656.4605737158105967       1.0550451762974262
     656.4607738492328508       0.9735465068370104
     656.4609739826551049       0.9675487242639065
     656.4611741160773590       1.0218443553894758
     656.4613742494997268       0.9482611343264580
     656.4615743829219809       0.9182711988687515
     656.4617745163442351       1.0609917826950550
     656.4619746497664892       0.9680926501750946
     656.4621747831887433       0.9936099275946617
     656.4623749166111111       1.0201519727706909
     656.4625750500333652       1.0168562140315771
     656.4627751834556193       0.9811856094747782
     656.4629753168778734       0.9994480662862770
     656.4631754503002412       1.0223264005035162
     656.4633755837224953       0.9893226679414511
     656.4635757171447494       0.9636567644774914
     656.4637758505670035       0.9518970884382725
     656.4639759839893713       1.0719793885946274
     656.4641761174116255       0.9840155933052301
     656.4643762508338796       1.0365227609872818
     656.4645763842561337       1.0329729430377483
     656.4647765176785015       0.9692523870617151
     656.4649766511007556       1.0517188571393490
     656.4651767845230097       1.0569519400596619
     656.4653769179452638       0.9831122886389494
     656.4655770513676316       0.8842746838927269
     656.4657771847898857       1.0782540515065193
     656.4659773182121398       1.0229163747280836
     656.4661774516343939       0.9435020722448826
     656.4663775850567617       1.0222213622182608
     656.4665777184790159       0.9624176658689976
     656.4667778519012700       1.0051895352080464
     656.4669779853235241       1.0090152015909553
     656.4671781187458919       0.9692805279046297
     656.4673782521681460       1.0071558230556548
     656.4675783855904001       0.9816281497478485
     656.4677785190126542       0.9594102911651134
     656.4679786524349083       0.9692800194025040
     656.4681787858572761       1.0135734295472503
     656.4683789192795302       0.9106173887848854
     656.4685790527017843       0.9709680639207363
     656.4687791861240385       0.9301119297742844
     656.4689793195464063       1.0232803113758564
     656.4691794529686604       1.0060255774296820
     656.4693795863909145       0.9215989559888840
     656.4695797198131686       0.9584237299859524
     656.4697798532355364       0.9479124955832958
     656.4699799866577905       0.9973014874849468
     656.4701801200800446       1.0094953468069434
     656.4703802535022987       1.0020030008163303
     656.4705803869246665       1.0365035198628902
     656.4707805203469206       1.0263849701732397
     656.4709806537691748       0.9787084944546223
     656.4711807871914289       1.1201966777443886
     656.4713809206137967       1.0709713622927666
     656.4715810540360508       0.9242128655314445
     656.4717811874583049       0.8885133489966393
     656.4719813208805590       1.0127756074070930
     656.4721814543029268       1.0048727705143392
     656.4723815877251809       0.9648784883320332
     656.4725817211474350       0.9323722347617149
     656.4727818545696891       1.0108035309240222
     656.4729819879919432       0.8973035067319870
     656.4731821214143110       1.0601177923381329
     656.4733822548365652       0.9401189722120762
     656.4735823882588193       1.0422887913882732
     656.4737825216810734       0.9447791874408722
     656.4739826551034412       0.9327332004904747
     656.4741827885256953       0.9118909463286400
     656.4743829219479494       1.0058929622173309
     656.4745830553702035       1.0893041491508484
     656.4747831887925713       1.0894757732748985
     656.4749833222148254       1.0536845140159130
     656.4751834556370795       1.0183772202581167
     656.4753835890593336       0.9398135878145695
     656.4755837224817014       0.9622851796448231
     656.4757838559039556       1.0229331497102976
     656.4759839893262097       1.0748664587736130
     656.4761841227484638       0.9811310637742281
     656.4763842561708316       0.9966178259346634
     656.4765843895930857       0.9763978589326143
     656.4767845230153398       0.9568616747856140
     656.4769846564375939       0.9770307932049036
     656.4771847898599617       0.9368155300617218
     656.4773849232822158       0.9681989029049873
     656.4775850567044699       1.0844883546233177
     656.4777851901267240       1.0667033270001411
     656.4779853235490918       0.9941101316362619
     656.4781854569713460       1.0089998394250870
     656.4783855903936001       0.9996389777224977
     656.4785857238158542       0.9479830563068390
     656.4787858572381083       0.9796954542398453
     656.4789859906604761       1.0271535422652960
     656.4791861240827302       0.9903091005980968
     656.4793862575049843       1.1049256846308708
     656.4795863909272384       1.0525101386010647
     656.4797865243496062       0.9322785288095474
     656.4799866577718603       0.9506959542632103
     656.4801867911941144       0.9986317561706528
     656.4803869246163686       1.0547788813710213
     656.4805870580387364       1.0365780703723431
     656.4807871914609905       1.0345706678926945
     656.4809873248832446       0.9985716881928965
     656.4811874583054987       0.9750214517116547
     656.4813875917278665       0.9719576556235552
     656.4815877251501206       0.9669418372213840
     656.4817878585723747       0.9378957487642765
     656.4819879919946288       0.9784011580049992
     656.4821881254169966       1.0407244823873043
     656.4823882588392507       0.9798215609043837
     656.4825883922615049       0.9016693234443665
     656.4827885256837590       1.0625597536563873
     656.4829886591061268       0.9785147551447153
     656.4831887925283809       0.9859374146908522
     656.4833889259506350       1.0200871378183365
     656.4835890593728891       0.9915708936750889
     656.4837891927951432       1.1247323155403137
     656.4839893262175110       0.9940258716233075
     656.4841894596397651       0.9550360031425953
     656.4843895930620192       0.9365169182419777
     656.4845897264842733       0.9869022974744439
     656.4847898599066411       0.9585677459836006
     656.4849899933288953       0.9630864039063454
     656.4851901267511494       1.0349529497325420
     656.4853902601734035       1.0447544492781162
     656.4855903935957713       0.9697137381881475
     656.4857905270180254       1.0148743307217956
     656.4859906604402795       0.9977272229734808
     656.4861907938625336       1.0941022709012032
     656.4863909272849014       0.9853382436558604
     656.4865910607071555       1.0428140573203564
     656.4867911941294096       1.0099735325202346
     656.4869913275516637       0.8594053536653519
     656.4871914609740315       1.0702741220593452
     656.4873915943962857       0.9916620738804340
     656.4875917278185398       1.0876969546079636
     656.4877918612407939       0.9856329420581460
     656.4879919946631617       1.0705731958150864
     656.4881921280854158       0.9689743332564831
     656.4883922615076699       0.9664182178676128
     656.4885923949299240       1.0010857898741961
     656.4887925283522918       0.9788007847964764
     656.4889926617745459       0.9855583980679512
     656.4891927951968000       0.9635547399520874
     656.4893929286190541       1.0827734842896461
     656.4895930620413083       0.9538715109229088
     656.4897931954636761       0.9621025510132313
     656.4899933288859302       0.9537351876497269
     656.4901934623081843       1.0205240901559591
     656.4903935957304384       0.9424456655979156
     656.4905937291528062       1.0505860932171345
     656.4907938625750603       1.0273746885359287
     656.4909939959973144       1.0214160718023777
     656.4911941294195685       0.9903091546148062
     656.4913942628419363       1.0695499777793884
     656.4915943962641904       0.9274010136723518
     656.4917945296864445       1.0080238450318575
     656.4919946631086987       0.9698431584984064
     656.4921947965310665       0.9436224512755871
     656.4923949299533206       0.9691382348537445
     656.4925950633755747       0.9471850320696831
     656.4927951967978288       0.9727274533361197
     656.4929953302201966       1.0072636739350855
     656.4931954636424507       0.9468032009899616
     656.4933955970647048       1.0026654179673642
     656.4935957304869589       0.9777196198701859
     656.4937958639093267       1.0193674899637699
     656.4939959973315808       1.0678405761718750
     656.4941961307538350       1.0257209334522486
     656.4943962641760891       0.9760303199291229
     656.4945963975983432       1.0804158821702003
     656.4947965310207110       0.9115085974335670
     656.4949966644429651       0.9872614638879895
     656.4951967978652192       1.0145318983122706
     656.4953969312874733       1.0099667543545365
     656.4955970647098411       0.9790501575917006
     656.4957971981320952       0.9111925736069679
     656.4959973315543493       0.9892080146819353
     656.4961974649766034       1.0554407425224781
     656.4963975983989712       0.9502991549670696
     656.4965977318212254       1.0272307340055704
     656.4967978652434795       1.0294910203665495
     656.4969979986657336       0.9735961612313986
     656.4971981320881014       0.9506111145019531
     656.4973982655103555       1.0171562489122152
     656.4975983989326096       1.0828923732042313
     656.4977985323548637       0.9757071603089571
     656.4979986657772315       1.0125988712534308
     656.4981987991994856       0.9960007066838443
     656.4983989326217397       1.0753875598311424
     656.4985990660439938       1.0283778309822083
     656.4987991994663616       0.9614048600196838
     656.4989993328886158       1.0577665381133556
     656.4991994663108699       0.9685563072562218
     656.4993995997331240       1.0722777470946312
     656.4995997331554918       1.0437737889587879
     656.4997998665777459       1.0222035665065050
     656.5000000000000000       0.9653720371425152
