     656.2000000000000455       0.9424083828926086
     656.2002001334222996       1.0411620847880840
     656.2004002668445537       1.0180412307381630
     656.2006004002669215       1.0037169901188463
     656.2008005336891756       1.0101060969755054
     656.2010006671114297       0.9689636845141649
     656.2012008005336838       0.8996761888265610
     656.2014009339560516       1.0317695513367653
     656.2016010673783057       1.0021780780516565
     656.2018012008005599       1.0272869672626257
     656.2020013342228140       0.9879287090152502
     656.2022014676451818       0.9651390165090561
     656.2024016010674359       1.0017439605435356
     656.2026017344896900       0.9631796963512897
     656.2028018679119441       1.0246748570352793
     656.2030020013343119       0.9726002812385559
     656.2032021347565660       0.9764737617224455
     656.2034022681788201       0.9677661806344986
     656.2036024016010742       1.0958518758416176
     656.2038025350234420       1.0221096351742744
     656.2040026684456961       0.9405437931418419
     656.2042028018679503       1.0433637276291847
     656.2044029352902044       0.9880073815584183
     656.2046030687125722       0.9887310853227973
     656.2048032021348263       0.9786254670470953
     656.2050033355570804       0.9780975673347712
     656.2052034689793345       1.0238403733819723
     656.2054036024017023       1.0238234158605337
     656.2056037358239564       0.9941007629968226
     656.2058038692462105       0.9553483761847019
     656.2060040026684646       1.0055390400812030
     656.2062041360907187       0.9635476209223270
     656.2064042695130865       0.9423349797725677
     656.2066044029353407       1.0130705302581191
     656.2068045363575948       0.9280375391244888
     656.2070046697798489       1.0357146263122559
     656.2072048032022167       0.9767310265451670
     656.2074049366244708       0.9500469528138638
     656.2076050700467249       1.0803609117865562
     656.2078052034689790       1.0095528280362487
     656.2080053368913468       0.9641150459647179
     656.2082054703136009       1.0390803776681423
     656.2084056037358550       1.0121353091672063
     656.2086057371581092       0.9511645473539829
     656.2088058705804769       0.9909672345966101
     656.2090060040027311       1.1188561469316483
     656.2092061374249852       0.9779228977859020
     656.2094062708472393       0.9603964574635029
     656.2096064042696071       0.9894227432087064
     656.2098065376918612       1.0259718243032694
     656.2100066711141153       1.0785137414932251
     656.2102068045363694       0.9792788401246071
     656.2104069379587372       1.0271196570247412
     656.2106070713809913       1.0316515415906906
     656.2108072048032454       0.9590227678418159
     656.2110073382254996       0.9552985727787018
     656.2112074716477537       0.9105523601174355
     656.2114076050701215       0.9434383399784565
     656.2116077384923756       0.9791313521564007
     656.2118078719146297       1.0957696214318275
     656.2120080053368838       1.0176226887851954
     656.2122081387592516       0.9709731955081224
     656.2124082721815057       0.9119776263833046
     656.2126084056037598       0.9849741728976369
     656.2128085390260139       1.0301238149404526
     656.2130086724483817       0.8608858734369278
     656.2132088058706358       0.9943274147808552
     656.2134089392928900       0.9976828058715910
     656.2136090727151441       0.9956211401149631
     656.2138092061375119       1.0143874557688832
     656.2140093395597660       1.0157691054046154
     656.2142094729820201       1.0282581001520157
     656.2144096064042742       0.9961529839783907
     656.2146097398266420       0.9594764672219753
     656.2148098732488961       0.9392924308776855
     656.2150100066711502       1.1017232313752174
     656.2152101400934043       1.0270322412252426
     656.2154102735157721       0.9443210102617741
     656.2156104069380262       0.9704330172389746
     656.2158105403602804       1.0687090083956718
     656.2160106737825345       1.0721886605024338
     656.2162108072049023       0.9956236388534307
     656.2164109406271564       1.0068917307071388
     656.2166110740494105       0.9174998775124550
     656.2168112074716646       1.0569270662963390
     656.2170113408939187       1.0746223703026772
     656.2172114743162865       1.0427254103124142
     656.2174116077385406       1.0067327739670873
     656.2176117411607947       1.0155484694987535
     656.2178118745830488       0.9961102495435625
     656.2180120080054166       0.9966733735054731
     656.2182121414276708       0.9828330297023058
     656.2184122748499249       0.9900840651243925
     656.2186124082721790       1.0538338311016560
     656.2188125416945468       1.0288507621735334
     656.2190126751168009       1.0453975759446621
     656.2192128085390550       1.0237569417804480
     656.2194129419613091       0.9719675984233618
     656.2196130753836769       0.9805494975298643
     656.2198132088059310       1.0107170790433884
     656.2200133422281851       1.0002880330139305
     656.2202134756504392       0.9534451104700565
     656.2204136090728070       1.0573832988739014
     656.2206137424950612       1.0209785494953394
     656.2208138759173153       0.9966236434411258
     656.2210140093395694       0.9815749172121286
     656.2212141427619372       0.9150499403476715
     656.2214142761841913       1.0290605574846268
     656.2216144096064454       0.8622685819864273
     656.2218145430286995       0.9962152554653585
     656.2220146764509536       1.0552215948700905
     656.2222148098733214       1.0738579034805298
     656.2224149432955755       1.0112987011671066
     656.2226150767178297       1.0518582165241241
     656.2228152101400838       0.9528665877878666
     656.2230153435624516       1.0297680255025625
     656.2232154769847057       1.0789347812533379
     656.2234156104069598       1.0072498968802392
     656.2236157438292139       0.9499801509082317
     656.2238158772515817       0.9424628429114819
     656.2240160106738358       0.9742911718785763
     656.2242161440960899       1.0257622301578522
     656.2244162775183440       0.9500281810760498
     656.2246164109407118       1.0741195306181908
     656.2248165443629659       1.0270236711949110
     656.2250166777852201       0.9020303115248680
     656.2252168112074742       0.9813266936689615
     656.2254169446298420       0.9245178326964378
     656.2256170780520961       1.0033146236091852
     656.2258172114743502       1.0576221346855164
     656.2260173448966043       1.0907705947756767
     656.2262174783189721       1.0560193657875061
     656.2264176117412262       1.0137716205790639
     656.2266177451634803       1.0178599450737238
     656.2268178785857344       1.0019758793059736
     656.2270180120081022       0.9968481163959950
     656.2272181454303563       0.9755073431879282
     656.2274182788526105       0.9953396278433502
     656.2276184122748646       1.0260685514658689
     656.2278185456971187       1.0077229500748217
     656.2280186791194865       0.9251474812626839
     656.2282188125417406       0.9219974577426910
     656.2284189459639947       1.0469201318919659
     656.2286190793862488       0.9926336593925953
     656.2288192128086166       0.9632013104856014
     656.2290193462308707       0.9718441460281610
     656.2292194796531248       1.0183363072574139
     656.2294196130753789       1.0167819987982512
     656.2296197464977467       1.0587815754115582
     656.2298198799200009       0.9717258028686047
     656.2300200133422550       1.0303135514259338
     656.2302201467645091       0.9889736408367753
     656.2304202801868769       1.0730042010545731
     656.2306204136091310       0.9473794922232628
     656.2308205470313851       1.0087620392441750
     656.2310206804536392       1.0389581210911274
     656.2312208138760070       0.9217229932546616
     656.2314209472982611       1.0278073605149984
     656.2316210807205152       1.0819563120603561
     656.2318212141427693       1.0104158017784357
     656.2320213475651371       0.9663530476391315
     656.2322214809873913       1.0367483682930470
     656.2324216144096454       1.0429500900208950
     656.2326217478318995       1.0034778572153300
     656.2328218812541536       0.9996630691748578
     656.2330220146765214       1.0457424037158489
     656.2332221480987755       1.1443548053503036
     656.2334222815210296       1.0075317034497857
     656.2336224149432837       0.9602839089930058
     656.2338225483656515       0.9381260573863983
     656.2340226817879056       0.9751120638102293
     656.2342228152101598       1.0591883659362793
     656.2344229486324139       0.9722604714334011
     656.2346230820547817       0.9897089339792728
     656.2348232154770358       1.0310188271105289
     656.2350233488992899       1.0952299982309341
     656.2352234823215440       1.0129861012101173
     656.2354236157439118       0.9664766751229763
     656.2356237491661659       1.0398834086954594
     656.2358238825884200       0.9537072107195854
     656.2360240160106741       1.0056783999316394
     656.2362241494330419       0.9924841024912894
     656.2364242828552960       0.9696034342050552
     656.2366244162775502       0.9546577855944633
     656.2368245496998043       1.0002418482472422
     656.2370246831221721       1.0746972709894180
     656.2372248165444262       1.0741577595472336
     656.2374249499666803       1.0438426025211811
     656.2376250833889344       0.9561305381357670
     656.2378252168113022       1.0470679663121700
     656.2380253502335563       1.0123188896104693
     656.2382254836558104       1.1038711443543434
     656.2384256170780645       1.0259402133524418
     656.2386257505003186       0.9944784478284419
     656.2388258839226864       1.0592435486614704
     656.2390260173449406       0.9859730871394277
     656.2392261507671947       0.9425942413508892
     656.2394262841894488       1.0844364687800407
     656.2396264176118166       0.9878707015886903
     656.2398265510340707       0.8821738213300705
     656.2400266844563248       1.0919974446296692
     656.2402268178785789       1.0676951631903648
     656.2404269513009467       1.0261623263359070
     656.2406270847232008       1.0811173245310783
     656.2408272181454549       1.0684482008218765
     656.2410273515677090       1.0262254476547241
     656.2412274849900768       0.9819143172353506
     656.2414276184123310       0.9508214332163334
     656.2416277518345851       0.9981426658341661
     656.2418278852568392       1.0379026532173157
     656.2420280186792070       0.9761139154434204
     656.2422281521014611       0.9855440659448504
     656.2424282855237152       0.8952615261077881
     656.2426284189459693       0.9141780436038971
     656.2428285523683371       0.9859229624271393
     656.2430286857905912       1.0102946050465107
     656.2432288192128453       1.0656197369098663
     656.2434289526350994       0.9258971586823463
     656.2436290860574672       0.9788568317890167
     656.2438292194797214       0.9451403319835663
     656.2440293529019755       1.0562346987426281
     656.2442294863242296       1.0106984423473477
     656.2444296197464837       0.9900053348392248
     656.2446297531688515       0.9685597382485867
     656.2448298865911056       1.0116453571245074
     656.2450300200133597       1.0385184958577156
     656.2452301534356138       1.0619872994720936
     656.2454302868579816       0.9921136209741235
     656.2456304202802357       0.8995302543044090
     656.2458305537024899       1.0325460173189640
     656.2460306871247440       0.9658379293978214
     656.2462308205471118       1.0180316846817732
     656.2464309539693659       0.9947070381604135
     656.2466310873916200       0.9970203151460737
     656.2468312208138741       0.9998327802313725
     656.2470313542362419       1.0859050750732422
     656.2472314876584960       1.0122145721688867
     656.2474316210807501       0.9804163780063391
     656.2476317545030042       0.9984210317488760
     656.2478318879253720       1.0003980939218309
     656.2480320213476261       0.9732668250799179
     656.2482321547698803       0.9725388754159212
     656.2484322881921344       1.0367802157998085
     656.2486324216145022       0.9762349072843790
     656.2488325550367563       1.0019722771830857
     656.2490326884590104       0.9786300174891949
     656.2492328218812645       0.9718922376632690
     656.2494329553035186       0.8800303339958191
     656.2496330887258864       0.9618779867887497
     656.2498332221481405       1.0412171743810177
     656.2500333555703946       0.9323982670903206
     656.2502334889926487       1.0220187641680241
     656.2504336224150165       0.9875717265531421
     656.2506337558372707       1.0511774532496929
     656.2508338892595248       0.9840771257877350
     656.2510340226817789       0.9690172318369150
     656.2512341561041467       1.0477107577025890
     656.2514342895264008       1.0390823446214199
     656.2516344229486549       1.0019520571222529
     656.2518345563709090       0.9767239391803741
     656.2520346897932768       1.0587580986320972
     656.2522348232155309       0.9334855154156685
     656.2524349566377850       1.0047618690878153
     656.2526350900600391       0.9256325662136078
     656.2528352234824069       1.0331974364817142
     656.2530353569046611       0.9881774494424462
     656.2532354903269152       1.0049969609826803
     656.2534356237491693       1.0698392093181610
     656.2536357571715371       1.0073089795187116
     656.2538358905937912       1.0234774574637413
     656.2540360240160453       0.9773055799305439
     656.2542361574382994       0.9616318233311176
     656.2544362908606672       0.9470893256366253
     656.2546364242829213       0.9986892283195630
     656.2548365577051754       1.0023494202177972
     656.2550366911274295       0.9513733014464378
     656.2552368245496837       1.0256668627262115
     656.2554369579720515       1.0623282305896282
     656.2556370913943056       1.0236790571361780
     656.2558372248165597       0.9105594158172607
     656.2560373582388138       1.0508791990578175
     656.2562374916611816       1.0062894858419895
     656.2564376250834357       0.9952648412436247
     656.2566377585056898       1.0375680774450302
     656.2568378919279439       1.0293397400528193
     656.2570380253503117       1.0111296260729432
     656.2572381587725658       0.9705013837665319
     656.2574382921948200       0.9510017521679401
     656.2576384256170741       0.9629247598350048
     656.2578385590394419       0.9302408918738365
     656.2580386924616960       0.9204633012413979
     656.2582388258839501       1.0383283458650112
     656.2584389593062042       1.0247746091336012
     656.2586390927285720       1.0491341613233089
     656.2588392261508261       0.9629609920084476
     656.2590393595730802       1.0106048909947276
     656.2592394929953343       0.9958951012231410
     656.2594396264177021       0.9949756530113518
     656.2596397598399562       0.9995577734953258
     656.2598398932622104       0.9953983598388731
     656.2600400266844645       1.0143267512321472
     656.2602401601067186       1.0161875132471323
     656.2604402935290864       0.9600565582513809
     656.2606404269513405       0.9552701003849506
     656.2608405603735946       0.9856273839250207
     656.2610406937958487       1.0207537692040205
     656.2612408272182165       0.9951299722306430
     656.2614409606404706       1.1012045517563820
     656.2616410940627247       1.0782243013381958
     656.2618412274849788       0.9652684740722179
     656.2620413609073466       1.0091551775112748
     656.2622414943296008       1.0050436533056200
     656.2624416277518549       0.9718135762959719
     656.2626417611741090       0.9930546307004988
     656.2628418945964768       0.9771326277405024
     656.2630420280187309       1.0402991101145744
     656.2632421614409850       1.0535375140607357
     656.2634422948632391       1.0031224244739860
     656.2636424282856069       0.9927973826415837
     656.2638425617078610       0.9305742681026459
     656.2640426951301151       0.9993042033747770
     656.2642428285523692       1.0170742850750685
     656.2644429619747370       1.0044452170841396
     656.2646430953969912       0.9784505181014538
     656.2648432288192453       0.9795855153352022
     656.2650433622414994       1.0551634319126606
     656.2652434956638672       0.9325511232018471
     656.2654436290861213       1.0053766793571413
     656.2656437625083754       0.9511407166719437
     656.2658438959306295       0.9990958896232769
     656.2660440293528836       0.8990055397152901
     656.2662441627752514       0.9956752168945968
     656.2664442961975055       1.0074338908307254
     656.2666444296197596       0.9244964495301247
     656.2668445630420138       0.9864325625821948
     656.2670446964643816       1.0152281792834401
     656.2672448298866357       1.0009725197451189
     656.2674449633088898       0.9807272367179394
     656.2676450967311439       0.9849794954061508
     656.2678452301535117       1.0330271646380424
     656.2680453635757658       0.9742757733911276
     656.2682454969980199       0.9742304291576147
     656.2684456304202740       1.0357708446681499
     656.2686457638426418       0.9854065561667085
     656.2688458972648959       1.0383902154862881
     656.2690460306871501       0.9838617555797100
     656.2692461641094042       0.9801966566592455
     656.2694462975317720       0.9420824088156223
     656.2696464309540261       0.9430059604346752
     656.2698465643762802       1.0580437071621418
     656.2700466977985343       1.0477056577801704
     656.2702468312209021       1.0797771066427231
     656.2704469646431562       1.0023633514065295
     656.2706470980654103       1.0111697241663933
     656.2708472314876644       1.0590292811393738
     656.2710473649099185       0.9931091344915330
     656.2712474983322863       1.1143126487731934
     656.2714476317545405       1.0354728363454342
     656.2716477651767946       0.9919743062928319
     656.2718478985990487       0.9441344663500786
     656.2720480320214165       1.0276255887001753
     656.2722481654436706       1.0039181667380035
     656.2724482988659247       1.0246171765029430
     656.2726484322881788       1.0162171479314566
     656.2728485657105466       1.0172229148447514
     656.2730486991328007       1.0508672669529915
     656.2732488325550548       0.9872245369479060
     656.2734489659773089       1.0017144948942587
     656.2736490993996767       1.0190288648009300
     656.2738492328219309       1.0631155446171761
     656.2740493662441850       0.9991278356756084
     656.2742494996664391       1.0500136427581310
     656.2744496330888069       1.0094817196950316
     656.2746497665110610       0.9618654586374760
     656.2748498999333151       0.9958442659117281
     656.2750500333555692       0.9553148932754993
     656.2752501667779370       1.0050890720449388
     656.2754503002001911       1.0381224080920219
     656.2756504336224452       0.9072776585817337
     656.2758505670446993       1.0292340852320194
     656.2760507004670671       1.0206810254603624
     656.2762508338893213       0.9048706069588661
     656.2764509673115754       1.0403593443334103
     656.2766511007338295       0.9787429980933666
     656.2768512341560836       0.9559080451726913
     656.2770513675784514       0.9996317519689910
     656.2772515010007055       1.0061822030693293
     656.2774516344229596       0.9903587549924850
     656.2776517678452137       1.0777994394302368
     656.2778519012675815       1.0029214264359325
     656.2780520346898356       0.9929797821678221
     656.2782521681120897       1.0267838183790445
     656.2784523015343439       0.9231648072600365
     656.2786524349567117       1.0091197704896331
     656.2788525683789658       0.9591994024813175
     656.2790527018012199       0.9990095540415496
     656.2792528352234740       0.9724469147622585
     656.2794529686458418       1.0490120761096478
     656.2796531020680959       0.9592678360641003
     656.2798532354903500       1.0080117452889681
     656.2800533689126041       1.0598438270390034
     656.2802535023349719       0.9381197430193424
     656.2804536357572260       0.9157238230109215
     656.2806537691794802       0.9631832279264927
     656.2808539026017343       1.0179252382367849
     656.2810540360241021       0.9936519279144704
     656.2812541694463562       1.0340474508702755
     656.2814543028686103       0.9771004542708397
     656.2816544362908644       0.9562362097203732
     656.2818545697131185       0.9900217810645700
     656.2820547031354863       0.9578827098011971
     656.2822548365577404       1.0050171702168882
     656.2824549699799945       1.0196555331349373
     656.2826551034022486       0.9428595714271069
     656.2828552368246164       1.0030313623137772
     656.2830553702468706       1.1102978959679604
     656.2832555036691247       0.9265340343117714
     656.2834556370913788       0.9336357861757278
     656.2836557705137466       0.9732775334268808
     656.2838559039360007       1.0711988508701324
     656.2840560373582548       1.1247246861457825
     656.2842561707805089       0.9681877344846725
     656.2844563042028767       0.9836299363523722
     656.2846564376251308       1.0392271168529987
     656.2848565710473849       1.0018020918359980
     656.2850567044696390       0.8963550329208374
     656.2852568378920068       0.9939045053906739
     656.2854569713142610       0.9796179682016373
     656.2856571047365151       0.9906980879604816
     656.2858572381587692       0.9492142982780933
     656.2860573715811370       1.0152426436543465
     656.2862575050033911       0.8521112203598022
     656.2864576384256452       0.9159227460622787
     656.2866577718478993       1.0195824857801199
     656.2868579052702671       0.9168114364147186
     656.2870580386925212       0.9972494507674128
     656.2872581721147753       1.0224838536232710
     656.2874583055370294       1.0230627488344908
     656.2876584389592836       0.9173984751105309
     656.2878585723816514       1.0354377590119839
     656.2880587058039055       1.0399966426193714
     656.2882588392261596       0.9462059922516346
     656.2884589726484137       0.9425750002264977
     656.2886591060707815       1.0562332533299923
     656.2888592394930356       1.0905325934290886
     656.2890593729152897       1.0309358593076468
     656.2892595063375438       0.9936624257825315
     656.2894596397599116       1.0023151193745434
     656.2896597731821657       1.0188719313591719
     656.2898599066044198       1.0646872147917747
     656.2900600400266740       0.9914768273010850
     656.2902601734490418       1.0323225446045399
     656.2904603068712959       1.0059258616529405
     656.2906604402935500       1.0493795536458492
     656.2908605737158041       0.9995016474276781
     656.2910607071381719       0.9775603152811527
     656.2912608405604260       0.9695401489734650
     656.2914609739826801       1.0091858310624957
     656.2916611074049342       0.9958349210210145
     656.2918612408273020       0.9277084991335869
     656.2920613742495561       1.0645747408270836
     656.2922615076718103       0.9488688819110394
     656.2924616410940644       0.9396359845995903
     656.2926617745164322       1.0109294159337878
     656.2928619079386863       1.0281250681728125
     656.2930620413609404       0.9281261488795280
     656.2932621747831945       1.0424940399825573
     656.2934623082054486       1.0220384858548641
     656.2936624416278164       1.0003773425996769
     656.2938625750500705       0.9687208533287048
     656.2940627084723246       1.0414736680686474
     656.2942628418945787       1.0468156822025776
     656.2944629753169465       0.9947344460524619
     656.2946631087392007       0.8981830850243568
     656.2948632421614548       1.0352325737476349
     656.2950633755837089       1.0441755168139935
     656.2952635090060767       0.9967923494987190
     656.2954636424283308       1.0490509159862995
     656.2956637758505849       1.0115858511999249
     656.2958639092728390       1.0791080966591835
     656.2960640426952068       1.0002276657178300
     656.2962641761174609       1.0046071405522525
     656.2964643095397150       1.0191702973097563
     656.2966644429619691       1.0649409890174866
     656.2968645763843369       0.9564083702862263
     656.2970647098065911       1.0021814745850861
     656.2972648432288452       0.9514660239219666
     656.2974649766510993       0.9946032697334886
     656.2976651100734671       1.0901986882090569
     656.2978652434957212       1.0157970841974020
     656.2980653769179753       0.9846473485231400
     656.2982655103402294       1.0342078283429146
     656.2984656437624835       0.9838090259581804
     656.2986657771848513       1.0127709852531552
     656.2988659106071054       1.0305980425328016
     656.2990660440293595       1.0315941236913204
     656.2992661774516137       0.9943194035440683
     656.2994663108739815       0.9803049564361572
     656.2996664442962356       1.0270576085895300
     656.2998665777184897       0.9747841171920300
     656.3000667111407438       0.9681358598172665
     656.3002668445631116       1.0421405248343945
     656.3004669779853657       0.9912823187187314
     656.3006671114076198       0.9874528031796217
     656.3008672448298739       1.0341704413294792
     656.3010673782522417       0.9312857091426849
     656.3012675116744958       0.9627130068838596
     656.3014676450967499       0.9787374082952738
     656.3016677785190041       0.9927984387613833
     656.3018679119413719       0.9672570191323757
     656.3020680453636260       0.9785115048289299
     656.3022681787858801       0.9921294534578919
     656.3024683122081342       0.9909785958006978
     656.3026684456305020       0.9444861710071564
     656.3028685790527561       0.9526148922741413
     656.3030687124750102       0.9943658430129290
     656.3032688458972643       1.0292120631784201
     656.3034689793196321       0.9430900923907757
     656.3036691127418862       1.0220741759985685
     656.3038692461641403       1.0071679870598018
     656.3040693795863945       0.9944211826659739
     656.3042695130086486       1.0675072744488716
     656.3044696464310164       1.0496429428458214
     656.3046697798532705       1.0346445851027966
     656.3048699132755246       0.9910295950248837
     656.3050700466977787       0.9909534547477961
     656.3052701801201465       1.0662707611918449
     656.3054703135424006       1.0287748631089926
     656.3056704469646547       1.0273388028144836
     656.3058705803869088       1.0309987794607878
     656.3060707138092766       0.9520136266946793
     656.3062708472315308       0.9083377793431282
     656.3064709806537849       1.0507266223430634
     656.3066711140760390       0.9127112925052643
     656.3068712474984068       1.0101594924926758
     656.3070713809206609       1.0399478785693645
     656.3072715143429150       0.9092894271016121
     656.3074716477651691       1.0147383231669664
     656.3076717811875369       0.9334874972701073
     656.3078719146097910       0.9741856269538403
     656.3080720480320451       1.0556366704404354
     656.3082721814542992       1.0164515953511000
     656.3084723148766670       1.0030141954775900
     656.3086724482989212       1.0497310273349285
     656.3088725817211753       0.8708869218826294
     656.3090727151434294       1.0100076571106911
     656.3092728485656835       0.9981951217632741
     656.3094729819880513       0.9876949293538928
     656.3096731154103054       0.9340988174080849
     656.3098732488325595       0.9615510851144791
     656.3100733822548136       0.9985104405786842
     656.3102735156771814       0.9223711192607880
     656.3104736490994355       1.0542323291301727
     656.3106737825216896       1.0820129811763763
     656.3108739159439438       1.0482758805155754
     656.3110740493663116       1.0104919904842973
     656.3112741827885657       1.0063602486625314
     656.3114743162108198       0.9113570675253868
     656.3116744496330739       0.9383682496845722
     656.3118745830554417       1.0083679286763072
     656.3120747164776958       0.9795542750507593
     656.3122748498999499       1.0787067934870720
     656.3124749833222040       1.0642745047807693
     656.3126751167445718       0.9603131003677845
     656.3128752501668259       1.0341133400797844
     656.3130753835890800       0.8844505175948143
     656.3132755170113342       1.0083879521116614
     656.3134756504337020       0.9727444462478161
     656.3136757838559561       0.9655928313732147
     656.3138759172782102       1.0661701932549477
     656.3140760507004643       0.8889606818556786
     656.3142761841228321       0.9330963045358658
     656.3144763175450862       1.0040265391580760
     656.3146764509673403       1.0214207824319601
     656.3148765843895944       1.0276628527790308
     656.3150767178118485       0.9426056630909443
     656.3152768512342163       0.9377864636480808
     656.3154769846564704       0.9809928927570581
     656.3156771180787246       1.0580714754760265
     656.3158772515009787       1.0734333321452141
     656.3160773849233465       1.0093792481347919
     656.3162775183456006       1.0302881188690662
     656.3164776517678547       0.8546513915061951
     656.3166777851901088       1.0220464132726192
     656.3168779186124766       1.0860848352313042
     656.3170780520347307       1.0297605227679014
     656.3172781854569848       0.9541240148246288
     656.3174783188792389       1.0120598096400499
     656.3176784523016067       0.9552900120615959
     656.3178785857238609       0.9371862113475800
     656.3180787191461150       0.9402429647743702
     656.3182788525683691       0.9118893221020699
     656.3184789859907369       1.0707849860191345
     656.3186791194129910       0.9794236216694117
     656.3188792528352451       0.9445102326571941
     656.3190793862574992       1.0031921889167279
     656.3192795196798670       0.9307381063699722
     656.3194796531021211       0.9195700064301491
     656.3196797865243752       1.0324126929044724
     656.3198799199466293       1.0305175129324198
     656.3200800533688835       1.0742640197277069
     656.3202801867912513       0.8894400969147682
     656.3204803202135054       0.9123136475682259
     656.3206804536357595       0.9901542430743575
     656.3208805870580136       1.0196777787059546
     656.3210807204803814       1.0118729462847114
     656.3212808539026355       1.0520338714122772
     656.3214809873248896       0.9752193093299866
     656.3216811207471437       0.9836084768176079
     656.3218812541695115       1.0308396574109793
     656.3220813875917656       0.9517366923391819
     656.3222815210140197       0.9472004696726799
     656.3224816544362739       1.0584187172353268
     656.3226817878586417       0.9467050470411777
     656.3228819212808958       1.0115470364689827
     656.3230820547031499       0.9917769264429808
     656.3232821881254040       0.8815702423453331
     656.3234823215477718       1.0285906642675400
     656.3236824549700259       1.0052317008376122
     656.3238825883922800       0.9440661892294884
     656.3240827218145341       1.0258771069347858
     656.3242828552369019       0.9578060097992420
     656.3244829886591560       0.9384156689047813
     656.3246831220814101       0.9337784722447395
     656.3248832555036643       1.0869148820638657
     656.3250833889260321       0.9296059161424637
     656.3252835223482862       0.8893404230475426
     656.3254836557705403       1.0400955379009247
     656.3256837891927944       0.9972745310515165
     656.3258839226150485       1.0618923977017403
     656.3260840560374163       1.0372506454586983
     656.3262841894596704       0.9864479275420308
     656.3264843228819245       1.0190493743866682
     656.3266844563041786       0.8452812582254410
     656.3268845897265464       1.0553521886467934
     656.3270847231488005       0.9357943609356880
     656.3272848565710547       1.0382369533181190
     656.3274849899933088       1.0868200734257698
     656.3276851234156766       0.9445161521434784
     656.3278852568379307       1.0133657129481435
     656.3280853902601848       0.9430104531347752
     656.3282855236824389       0.9172076955437660
     656.3284856571048067       0.9751643370836973
     656.3286857905270608       1.0135523024946451
     656.3288859239493149       0.9122271016240120
     656.3290860573715690       0.9750912208110094
     656.3292861907939368       1.0220706816762686
     656.3294863242161910       0.9167520999908447
     656.3296864576384451       1.0440652891993523
     656.3298865910606992       1.0873613506555557
     656.3300867244830670       0.9759431164711714
     656.3302868579053211       0.9383435137569904
     656.3304869913275752       0.9319611936807632
     656.3306871247498293       0.9947152952663600
     656.3308872581721971       1.0617898777127266
     656.3310873915944512       1.0420309267938137
     656.3312875250167053       1.0707658529281616
     656.3314876584389594       0.9812420494854450
     656.3316877918612136       0.9961945284157991
     656.3318879252835814       1.0120123410597444
     656.3320880587058355       0.9370763301849365
     656.3322881921280896       1.0746960937976837
     656.3324883255503437       0.8935504928231239
     656.3326884589727115       1.0017354636220261
     656.3328885923949656       1.0144105451181531
     656.3330887258172197       0.9040326401591301
     656.3332888592394738       1.0347313135862350
     656.3334889926618416       1.0183150582015514
     656.3336891260840957       0.9850385831668973
     656.3338892595063498       0.9198305383324623
     656.3340893929286040       1.0235703196376562
     656.3342895263509718       0.9898844370618463
     656.3344896597732259       0.9997376558021642
     656.3346897931954800       0.9297029748558998
     656.3348899266177341       1.0168461855500937
     656.3350900600401019       1.0371146164834499
     656.3352901934623560       0.9930186099372804
     656.3354903268846101       0.9794641751796007
     656.3356904603068642       1.0555914826691151
     656.3358905937292320       0.9445466212928295
     656.3360907271514861       0.9667727239429951
     656.3362908605737402       1.0575448945164680
     656.3364909939959944       1.0801746472716331
     656.3366911274182485       0.9827768690884113
     656.3368912608406163       1.0304269250482321
     656.3370913942628704       1.0523644499480724
     656.3372915276851245       1.0545051768422127
     656.3374916611073786       0.9888373352587223
     656.3376917945297464       1.0039389184676111
     656.3378919279520005       0.9414159469306469
     656.3380920613742546       1.0559546947479248
     656.3382921947965087       1.0940353199839592
     656.3384923282188765       1.0048672379925847
     656.3386924616411306       0.9554146602749825
     656.3388925950633848       0.9994069036329165
     656.3390927284856389       0.9570014476776123
     656.3392928619080067       0.9221398159861565
     656.3394929953302608       1.0304782278835773
     656.3396931287525149       0.9715907331556082
     656.3398932621747690       1.0343452878296375
     656.3400933955971368       0.9753373730927706
     656.3402935290193909       1.0137031497433782
     656.3404936624416450       1.0139257749542594
     656.3406937958638991       0.9932568692602217
     656.3408939292862669       0.9887441294267774
     656.3410940627085211       1.0410969592630863
     656.3412941961307752       0.9513656236231327
     656.3414943295530293       1.0138795068487525
     656.3416944629753971       0.9880157979205251
     656.3418945963976512       0.9651509113609791
     656.3420947298199053       1.0152941048145294
     656.3422948632421594       0.9906677044928074
     656.3424949966644135       0.9680984765291214
     656.3426951300867813       1.0512785613536835
     656.3428952635090354       1.0731456503272057
     656.3430953969312895       0.9768678043037653
     656.3432955303535437       1.0297201704233885
     656.3434956637759115       1.0190135166049004
     656.3436957971981656       1.0477086938917637
     656.3438959306204197       1.0131062148138881
     656.3440960640426738       0.9677891395986080
     656.3442961974650416       0.9740893300622702
     656.3444963308872957       0.9624968729913235
     656.3446964643095498       1.0061700358055532
     656.3448965977318039       1.0652501285076141
     656.3450967311541717       0.9683901108801365
     656.3452968645764258       0.9163984283804893
     656.3454969979986799       0.9904873250052333
     656.3456971314209341       1.0234934501349926
     656.3458972648433019       0.9424239918589592
     656.3460973982655560       1.0041720527224243
     656.3462975316878101       1.0648842081427574
     656.3464976651100642       0.9958370546810329
     656.3466977985324320       1.0232943445444107
     656.3468979319546861       0.9890712182968855
     656.3470980653769402       1.0590672008693218
     656.3472981987991943       1.0286768022924662
     656.3474983322214484       0.9113314673304558
     656.3476984656438162       0.9525347836315632
     656.3478985990660703       1.0063259871676564
     656.3480987324883245       1.0041106510907412
     656.3482988659105786       1.0285836942493916
     656.3484989993329464       0.9477654732763767
     656.3486991327552005       0.9136305674910545
     656.3488992661774546       1.0137549713253975
     656.3490993995997087       1.0483483895659447
     656.3492995330220765       1.0103698046877980
     656.3494996664443306       0.9278307929635048
     656.3496997998665847       0.9559901244938374
     656.3498999332888388       0.9237650185823441
     656.3501000667112066       1.0464522056281567
     656.3503002001334607       0.9871884146705270
     656.3505003335557149       1.0970563516020775
     656.3507004669779690       0.9827123824506998
     656.3509006004003368       1.0486343950033188
     656.3511007338225909       1.0334765575826168
     656.3513008672448450       0.9839359540492296
     656.3515010006670991       1.0792455375194550
     656.3517011340894669       1.0148063963279128
     656.3519012675117210       0.8538177162408829
     656.3521014009339751       1.0037240521050990
     656.3523015343562292       1.0498544648289680
     656.3525016677785970       0.9808829296380281
     656.3527018012008512       0.9607643857598305
     656.3529019346231053       1.1122673898935318
     656.3531020680453594       1.0185643546283245
     656.3533022014676135       1.0118597745895386
     656.3535023348899813       0.9888790454715490
     656.3537024683122354       0.9675784483551979
     656.3539026017344895       0.9211409986019135
     656.3541027351567436       0.9855372458696365
     656.3543028685791114       1.0395921804010868
     656.3545030020013655       0.9492542929947376
     656.3547031354236196       0.9878795593976974
     656.3549032688458738       1.0166983194649220
     656.3551034022682416       1.0705065727233887
     656.3553035356904957       0.9273917973041534
     656.3555036691127498       1.0144886625930667
     656.3557038025350039       0.9805051982402802
     656.3559039359573717       0.9330295696854591
     656.3561040693796258       1.0698745623230934
     656.3563042028018799       0.9849309697747231
     656.3565043362241340       0.9763393513858318
     656.3567044696465018       1.0379317104816437
     656.3569046030687559       1.0358321070671082
     656.3571047364910100       1.0788530483841896
     656.3573048699132642       0.9184785634279251
     656.3575050033356320       0.9404876641929150
     656.3577051367578861       0.9915237994864583
     656.3579052701801402       0.9772473592311144
     656.3581054036023943       0.8434156328439713
     656.3583055370246484       0.9862374523654580
     656.3585056704470162       1.0517176687717438
     656.3587058038692703       0.9618896432220936
     656.3589059372915244       1.1243561431765556
     656.3591060707137785       1.0300887655466795
     656.3593062041361463       1.0414934381842613
     656.3595063375584004       0.9471163488924503
     656.3597064709806546       0.9410990066826344
     656.3599066044029087       0.9540522135794163
     656.3601067378252765       1.0413587428629398
     656.3603068712475306       0.8832334056496620
     656.3605070046697847       1.0117169022560120
     656.3607071380920388       1.0119847720488906
     656.3609072715144066       1.0458676628768444
     656.3611074049366607       0.9037677049636841
     656.3613075383589148       0.9610313773155211
     656.3615076717811689       1.0322647020220757
     656.3617078052035367       1.0421508960425852
     656.3619079386257908       0.9359100982546803
     656.3621080720480450       1.0067191729322071
     656.3623082054702991       0.9803433660417789
     656.3625083388926669       1.0299435146152964
     656.3627084723149210       1.0363637693226324
     656.3629086057371751       1.0868297293782212
     656.3631087391594292       1.0605655685067144
     656.3633088725817970       1.0453132949769448
     656.3635090060040511       1.0231147110462118
     656.3637091394263052       0.9895892189815533
     656.3639092728485593       0.9316759034991106
     656.3641094062708135       1.0609500519931083
     656.3643095396931813       0.9883540542795911
     656.3645096731154354       0.9069544896482918
     656.3647098065376895       0.9161663427948217
     656.3649099399599436       1.1233360990880850
     656.3651100733823114       0.9694405402986637
     656.3653102068045655       1.0695866048333766
     656.3655103402268196       1.0128516573455635
     656.3657104736490737       1.0025754368393609
     656.3659106070714415       0.9901640834279998
     656.3661107404936956       1.0817499905814876
     656.3663108739159497       1.0303545482442660
     656.3665110073382039       0.9433270394782046
     656.3667111407605717       1.0032146347192401
     656.3669112741828258       0.9401678778190483
     656.3671114076050799       0.9051839411201007
     656.3673115410273340       0.9890743298374425
     656.3675116744497018       0.9703265540186534
     656.3677118078719559       0.9517810270027921
     656.3679119412942100       0.9138373806844633
     656.3681120747164641       1.0241800676711801
     656.3683122081388319       0.9181385263354094
     656.3685123415610860       1.0022546892828823
     656.3687124749833401       0.9703833329556877
     656.3689126084055943       1.0225498134931952
     656.3691127418278484       0.9854969231612571
     656.3693128752502162       1.1151723263353999
     656.3695130086724703       0.9706797000587716
     656.3697131420947244       0.9599899459017918
     656.3699132755169785       0.9955006203259725
     656.3701134089393463       0.9842212359682362
     656.3703135423616004       0.9322338167684630
     656.3705136757838545       0.9696935847251807
     656.3707138092061086       1.0601358095259221
     656.3709139426284764       0.9995595369285453
     656.3711140760507305       1.0636629350464235
     656.3713142094729847       0.9750538809341962
     656.3715143428952388       0.9825877051481481
     656.3717144763176066       1.0169047269133187
     656.3719146097398607       1.0303206751620566
     656.3721147431621148       1.0156562670556772
     656.3723148765843689       0.9007740775694638
     656.3725150100067367       0.9944477971467295
     656.3727151434289908       1.0475560126476295
     656.3729152768512449       1.0515139390784629
     656.3731154102734990       1.0008424064688988
     656.3733155436958668       0.9000210131116544
     656.3735156771181209       0.9779448582352005
     656.3737158105403751       1.0087925717685231
     656.3739159439626292       1.0135227772241739
     656.3741160773849970       1.0016048942151103
     656.3743162108072511       1.0567133383199176
     656.3745163442295052       0.9904833503414996
     656.3747164776517593       0.9903095969284303
     656.3749166110740134       1.1173327229633891
     656.3751167444963812       1.0178666264468494
     656.3753168779186353       1.0225832012326399
     656.3755170113408894       1.0041058799145617
     656.3757171447631436       0.9597642093669487
     656.3759172781855113       1.0014662273067905
     656.3761174116077655       0.9531381162251052
     656.3763175450300196       1.0733872578137893
     656.3765176784522737       0.9484602719179708
     656.3767178118746415       0.9916830289387945
     656.3769179452968956       0.9827446317351709
     656.3771180787191497       0.9204964884404371
     656.3773182121414038       1.0827429121839969
     656.3775183455637716       1.0345808690698828
     656.3777184789860257       0.9774127719228826
     656.3779186124082798       1.0388534106988594
     656.3781187458305340       1.0332494753604375
     656.3783188792529018       1.0774871478570822
     656.3785190126751559       1.0983764417915030
     656.3787191460974100       1.0438322149304362
     656.3789192795196641       0.9579663775149736
     656.3791194129420319       1.0255194238735963
     656.3793195463642860       0.9961544311000107
     656.3795196797865401       1.0533671607498953
     656.3797198132087942       0.9306978988935944
     656.3799199466311620       1.0523884870207354
     656.3801200800534161       0.9720720386092543
     656.3803202134756702       1.0660044190167102
     656.3805203468979244       1.0297434170663418
     656.3807204803201785       1.0442988142525438
     656.3809206137425463       0.9167629215682653
     656.3811207471648004       0.9655718506001425
     656.3813208805870545       1.0119494137874727
     656.3815210140093086       0.8358328525334959
     656.3817211474316764       0.9537725226553320
     656.3819212808539305       1.0405300742159833
     656.3821214142761846       1.0911869206765166
     656.3823215476984387       1.0013271332057216
     656.3825216811208065       1.0028275284038397
     656.3827218145430606       0.9693892053410197
     656.3829219479653148       1.0524661138341147
     656.3831220813875689       1.1044763376260787
     656.3833222148099367       0.9523085568047361
     656.3835223482321908       1.0755227285468001
     656.3837224816544449       1.0416348279891401
     656.3839226150766990       0.9567218835789756
     656.3841227484990668       1.0308731728323148
     656.3843228819213209       0.9450383231647490
     656.3845230153435750       1.0017343065689710
     656.3847231487658291       1.0299550518802212
     656.3849232821881969       1.0049347461746234
     656.3851234156104510       0.9495580824330373
     656.3853235490327052       1.0351657143863584
     656.3855236824549593       0.9934189986645657
     656.3857238158772134       0.9568246169534859
     656.3859239492995812       0.9434356982585795
     656.3861240827218353       1.0383041723012822
     656.3863242161440894       1.0474739207195796
     656.3865243495663435       1.1312898986516002
     656.3867244829887113       1.0397483594376395
     656.3869246164109654       0.9346742455347582
     656.3871247498332195       0.9877699742289848
     656.3873248832554737       1.0251955347887094
     656.3875250166778414       0.8668092263668655
     656.3877251501000956       0.9188856297902102
     656.3879252835223497       1.0318393347092452
     656.3881254169446038       1.0387784624073939
     656.3883255503669716       0.9554128173045556
     656.3885256837892257       0.9222774946358375
     656.3887258172114798       0.9441668955835777
     656.3889259506337339       0.9004552754861236
     656.3891260840561017       0.9936747004807084
     656.3893262174783558       0.9849588124107428
     656.3895263509006099       0.9199753599134378
     656.3897264843228641       0.9445230285221392
     656.3899266177452319       0.9422865921642045
     656.3901267511674860       0.8715548971799227
     656.3903268845897401       0.8981443752539888
     656.3905270180119942       0.8847255854470428
     656.3907271514343620       0.8308403565787313
     656.3909272848566161       0.8972487017119664
     656.3911274182788702       0.8814396978731780
     656.3913275517011243       0.8670201993034833
     656.3915276851233784       0.8655227519180696
     656.3917278185457462       0.8628274529769751
     656.3919279519680003       0.8487686419068112
     656.3921280853902545       0.8388122619422478
     656.3923282188125086       0.8654451923365623
     656.3925283522348764       0.8532764516554303
     656.3927284856571305       0.8174052616052974
     656.3929286190793846       0.8480472858981886
     656.3931287525016387       0.8277970048109211
     656.3933288859240065       0.8572327843232163
     656.3935290193462606       0.7066577171479258
     656.3937291527685147       0.8393683567038028
     656.3939292861907688       0.7664236283503482
     656.3941294196131366       0.7979110832216434
     656.3943295530353907       0.8507831226076887
     656.3945296864576449       0.7258326514178761
     656.3947298198798990       0.8472507169525938
     656.3949299533022668       0.6997210532108391
     656.3951300867245209       0.7416961258965032
     656.3953302201467750       0.8157196854401371
     656.3955303535690291       0.7643831263542555
     656.3957304869913969       0.8434606757351895
     656.3959306204136510       0.7372068394964877
     656.3961307538359051       0.8336073372261896
     656.3963308872581592       0.7761367667100127
     656.3965310206804133       0.8516336653111654
     656.3967311541027811       0.8438099663595738
     656.3969312875250353       0.8400558837202162
     656.3971314209472894       0.8372085924194401
     656.3973315543695435       0.9091371798011559
     656.3975316877919113       0.7618755351097870
     656.3977318212141654       0.8511911094325347
     656.3979319546364195       0.8948864884611950
     656.3981320880586736       0.9609592597882044
     656.3983322214810414       0.8361746631031326
     656.3985323549032955       0.9010888531092133
     656.3987324883255496       0.8737040139429024
     656.3989326217478038       0.8723508146320089
     656.3991327551701715       0.8798671916307642
     656.3993328885924257       0.9225914678379911
     656.3995330220146798       0.8662360104932574
     656.3997331554369339       0.8516448953683129
     656.3999332888593017       0.8848415601647774
     656.4001334222815558       0.9477282597361878
     656.4003335557038099       0.9591013964683943
     656.4005336891260640       0.8397034064217377
     656.4007338225484318       0.9440091710805252
     656.4009339559706859       0.9562638599435336
     656.4011340893929400       0.9342748708063897
     656.4013342228151942       0.8472382604185692
     656.4015343562375620       0.9242296050895665
     656.4017344896598161       0.9572131619074036
     656.4019346230820702       0.9644871265867101
     656.4021347565043243       0.9582624048297278
     656.4023348899265784       0.8556133268297909
     656.4025350233489462       0.9754229682623273
     656.4027351567712003       1.0635251985700238
     656.4029352901934544       1.0416577526885227
     656.4031354236157085       1.0622964299371460
     656.4033355570380763       0.9902441695194304
     656.4035356904603304       0.9494503544952408
     656.4037358238825846       1.0070645291925078
     656.4039359573048387       1.0613513326678972
     656.4041360907272065       0.9508804500323920
     656.4043362241494606       0.9450496469592673
     656.4045363575717147       0.9736378217513518
     656.4047364909939688       0.9280635566090883
     656.4049366244163366       0.9522876857426980
     656.4051367578385907       1.0419539747004489
     656.4053368912608448       0.9881435400078311
     656.4055370246830989       1.0015587644300485
     656.4057371581054667       0.9718772708174577
     656.4059372915277208       1.0000227895522393
     656.4061374249499750       0.9199167709876960
     656.4063375583722291       0.9632560030495448
     656.4065376917945969       1.0569221354758342
     656.4067378252168510       1.0326234130645613
     656.4069379586391051       1.0197507075311685
     656.4071380920613592       1.0533124358094961
     656.4073382254836133       1.0309616252284779
     656.4075383589059811       1.0135443248014182
     656.4077384923282352       0.9742959933983741
     656.4079386257504893       0.9590873520424174
     656.4081387591727434       1.1154885320885195
     656.4083388925951112       1.0168109369601228
     656.4085390260173654       1.0220521336837125
     656.4087391594396195       0.9940179702505250
     656.4089392928618736       0.9432171353721146
     656.4091394262842414       1.0201364432248283
     656.4093395597064955       0.9996021821374578
     656.4095396931287496       0.9910592221605142
     656.4097398265510037       0.9714453816509161
     656.4099399599733715       0.8699750188189583
     656.4101400933956256       1.0282136621709028
     656.4103402268178797       0.9978584467064711
     656.4105403602401339       0.9651748698221220
     656.4107404936625016       0.9085166020793082
     656.4109406270847558       0.9630999403593521
     656.4111407605070099       1.0162937853340783
     656.4113408939292640       1.0164450407821892
     656.4115410273516318       0.9609855327738852
     656.4117411607738859       0.9555798450845066
     656.4119412941961400       0.9477595132973707
     656.4121414276183941       0.9359055155893661
     656.4123415610407619       1.0387315585281724
     656.4125416944630160       1.0685071364090786
     656.4127418278852701       1.0420312088746266
     656.4129419613075243       0.9399956175180559
     656.4131420947297784       0.9855974122348756
     656.4133422281521462       1.0107693120455059
     656.4135423615744003       1.0070908136725558
     656.4137424949966544       0.9628187757326057
     656.4139426284189085       0.9980834392260285
     656.4141427618412763       0.9567449694448823
     656.4143428952635304       1.0462606451812482
     656.4145430286857845       0.9475930256700522
     656.4147431621080386       1.0577798401948866
     656.4149432955304064       0.9618815957247229
     656.4151434289526605       1.0296039812515834
     656.4153435623749147       1.0281954953672150
     656.4155436957971688       0.9257673330216329
     656.4157438292195366       0.9703163373037962
     656.4159439626417907       0.9589292996320130
     656.4161440960640448       0.9922881896428508
     656.4163442294862989       1.0064129349259550
     656.4165443629086667       1.0421496361652052
     656.4167444963309208       0.9235160575159534
     656.4169446297531749       0.9961681824287767
     656.4171447631754290       1.0083416270774936
     656.4173448965977968       0.9789779028725870
     656.4175450300200509       1.0030052870412240
     656.4177451634423051       0.9589182624098634
     656.4179452968645592       0.9988341186757584
     656.4181454302869270       1.0646454215267454
     656.4183455637091811       1.0428703535771877
     656.4185456971314352       0.9535294899443503
     656.4187458305536893       0.9588412562076163
     656.4189459639759434       1.0259749093676138
     656.4191460973983112       1.0274981422872864
     656.4193462308205653       0.9830155504142292
     656.4195463642428194       1.0256265686985366
     656.4197464976650735       1.0141801768767975
     656.4199466310874413       0.9571070701403968
     656.4201467645096955       0.9526500212551451
     656.4203468979319496       0.9829236656460120
     656.4205470313542037       1.0158439741578680
     656.4207471647765715       1.0418332515199276
     656.4209472981988256       0.9742430316737595
     656.4211474316210797       1.0175166874106774
     656.4213475650433338       0.9197009130580034
     656.4215476984657016       0.9424963034163499
     656.4217478318879557       0.9429588019471120
     656.4219479653102098       1.0309252924947940
     656.4221480987324640       0.9727629124926368
     656.4223482321548317       0.8728435635430281
     656.4225483655770859       0.9979119470711896
     656.4227484989993400       0.9898213157361839
     656.4229486324215941       0.9975428809363519
     656.4231487658439619       1.0108893904800982
     656.4233488992662160       0.9047356322383848
     656.4235490326884701       1.0200900118781295
     656.4237491661107242       0.9691214412439108
     656.4239492995329783       1.0133786546058263
     656.4241494329553461       0.9919008025893870
     656.4243495663776002       0.9491508230563054
     656.4245496997998544       1.0595334172246127
     656.4247498332221085       1.0167694762347255
     656.4249499666444763       0.9854817390440606
     656.4251501000667304       0.9933553328736732
     656.4253502334889845       1.0688663348554959
     656.4255503669112386       0.9825297761708084
     656.4257505003336064       0.9974348351824747
     656.4259506337558605       0.9949118215590523
     656.4261507671781146       1.0470367595553269
     656.4263509006003687       1.0087277442216784
     656.4265510340227365       0.9997274732741003
     656.4267511674449906       0.9404998719692190
     656.4269513008672448       1.0123497387394282
     656.4271514342894989       0.9935821830295009
     656.4273515677118667       1.0134727675467716
     656.4275517011341208       0.9430982656776897
     656.4277518345563749       0.9331651702523226
     656.4279519679786290       0.9363541826605793
     656.4281521014009968       0.9704567883163688
     656.4283522348232509       1.0938280224800110
     656.4285523682455050       0.9884845167398452
     656.4287525016677591       0.9297288134694098
     656.4289526350901269       0.9004860222339630
     656.4291527685123810       1.0681068077683449
     656.4293529019346352       1.0070859710685909
     656.4295530353568893       0.9204057008028030
     656.4297531687791434       1.0350162759423256
     656.4299533022015112       0.9822371266782284
     656.4301534356237653       1.0339459516108036
     656.4303535690460194       1.0536217689514160
     656.4305537024682735       0.9242522567510605
     656.4307538358906413       0.9793726373463869
     656.4309539693128954       1.0100736245512962
     656.4311541027351495       0.9473643340170383
     656.4313542361574036       0.8457885682582855
     656.4315543695797714       1.0548424199223518
     656.4317545030020256       0.9924042425118387
     656.4319546364242797       1.0065368972718716
     656.4321547698465338       0.9531635530292988
     656.4323549032689016       1.1022389531135559
     656.4325550366911557       0.9927774881944060
     656.4327551701134098       0.9828611034899950
     656.4329553035356639       0.9943288592621684
     656.4331554369580317       0.9071426242589951
     656.4333555703802858       1.0252191554754972
     656.4335557038025399       0.9374181106686592
     656.4337558372247940       1.0526211224496365
     656.4339559706471618       1.0147424563765526
     656.4341561040694160       0.9436183758080006
     656.4343562374916701       0.9267506077885628
     656.4345563709139242       1.0425068512558937
     656.4347565043361783       0.9617331884801388
     656.4349566377585461       0.9760953374207020
     656.4351567711808002       0.9999981784479814
     656.4353569046030543       0.9484133347868919
     656.4355570380253084       1.0214063022285700
     656.4357571714476762       1.0485446266829967
     656.4359573048699303       1.0234677363187075
     656.4361574382921845       0.9214394688606262
     656.4363575717144386       1.0246358569711447
     656.4365577051368064       0.8718468099832535
     656.4367578385590605       0.9481184668838978
     656.4369579719813146       1.0005648359074257
     656.4371581054035687       0.9855858040973544
     656.4373582388259365       1.0322877690196037
     656.4375583722481906       0.9376478195190430
     656.4377585056704447       0.9910380002111197
     656.4379586390926988       0.9505323208868504
     656.4381587725150666       1.0068483198992908
     656.4383589059373207       0.9884952502325177
     656.4385590393595749       1.0468736290931702
     656.4387591727818290       0.9800196606665850
     656.4389593062041968       1.0440208092331886
     656.4391594396264509       0.9994801181601360
     656.4393595730487050       0.9881069036200643
     656.4395597064709591       0.9920628275722265
     656.4397598398933269       0.8576680570840836
     656.4399599733155810       1.0202745851129293
     656.4401601067378351       0.9908111561089754
     656.4403602401600892       1.0094396146014333
     656.4405603735823433       0.9873939929530025
     656.4407605070047111       1.0716556981205940
     656.4409606404269653       0.9971356729511172
     656.4411607738492194       1.0454727150499821
     656.4413609072714735       1.0585034862160683
     656.4415610406938413       1.0171717647463083
     656.4417611741160954       0.9282007738947868
     656.4419613075383495       0.9271768033504486
     656.4421614409606036       1.1244005560874939
     656.4423615743829714       1.0745067521929741
     656.4425617078052255       0.9439842589199543
     656.4427618412274796       1.0208471398800611
     656.4429619746497337       1.0256098601967096
     656.4431621080721015       1.0625961720943451
     656.4433622414943557       1.0505458489060402
     656.4435623749166098       0.9990237892488949
     656.4437625083388639       1.0237080510705709
     656.4439626417612317       0.9994682773249224
     656.4441627751834858       0.9262641444802284
     656.4443629086057399       1.0334309078752995
     656.4445630420279940       0.9500978216528893
     656.4447631754503618       0.9657265245914459
     656.4449633088726159       0.9800698477774858
     656.4451634422948700       0.9049679413437843
     656.4453635757171241       0.9986127987504005
     656.4455637091393783       1.1093638539314270
     656.4457638425617461       0.9342695772647858
     656.4459639759840002       0.9343335554003716
     656.4461641094062543       1.0414003022015095
     656.4463642428285084       1.0257654730230570
     656.4465643762508762       1.0773250088095665
     656.4467645096731303       1.0315649062395096
     656.4469646430953844       0.9722585249692202
     656.4471647765176385       1.0413947589695454
     656.4473649099400063       0.9877838017418981
     656.4475650433622604       1.0101222647354007
     656.4477651767845146       0.9659702517092228
     656.4479653102067687       0.9887959435582161
     656.4481654436291365       0.9428035505115986
     656.4483655770513906       1.0770092234015465
     656.4485657104736447       1.0002059047401417
     656.4487658438958988       1.0479553788900375
     656.4489659773182666       0.9806633200496435
     656.4491661107405207       0.9939559334889054
     656.4493662441627748       0.9175876155495644
     656.4495663775850289       0.9606758393347263
     656.4497665110073967       0.9231634959578514
     656.4499666444296508       1.0563852377235889
     656.4501667778519050       1.1030336022377014
     656.4503669112741591       0.9996204005728941
     656.4505670446965269       0.9586643986403942
     656.4507671781187810       1.1133937165141106
     656.4509673115410351       1.0577422343194485
     656.4511674449632892       1.0275525506585836
     656.4513675783855433       1.0337528996169567
     656.4515677118079111       0.9323962032794952
     656.4517678452301652       1.0158836860209703
     656.4519679786524193       0.9983266928466037
     656.4521681120746734       0.9758060481399298
     656.4523682454970412       1.0470151118934155
     656.4525683789192954       0.9725180529057980
     656.4527685123415495       0.9512846544384956
     656.4529686457638036       0.9645129479467869
     656.4531687791861714       1.0067870705388486
     656.4533689126084255       0.9096813276410103
     656.4535690460306796       1.0096946395933628
     656.4537691794529337       0.9961407936643809
     656.4539693128753015       0.9704624563455582
     656.4541694462975556       0.9316568747162819
     656.4543695797198097       1.0454722158610821
     656.4545697131420638       0.9899242324754596
     656.4547698465644316       1.0194685012102127
     656.4549699799866858       0.9535056650638580
     656.4551701134089399       0.9884812729433179
     656.4553702468311940       0.9857503455132246
     656.4555703802535618       1.0474010147154331
     656.4557705136758159       0.9360474720597267
     656.4559706470980700       1.0240171588957310
     656.4561707805203241       0.9641252644360065
     656.4563709139425782       1.0069647575728595
     656.4565710473649460       0.9374219849705696
     656.4567711807872001       0.9538400098681450
     656.4569713142094542       0.9954996542073786
     656.4571714476317084       0.9954856983385980
     656.4573715810540762       1.0062474501319230
     656.4575717144763303       1.0192118864506483
     656.4577718478985844       1.0055790245532990
     656.4579719813208385       0.9511085338890553
     656.4581721147432063       1.0105197951197624
     656.4583722481654604       1.0168956220149994
     656.4585723815877145       1.0377230159938335
     656.4587725150099686       0.9722925964742899
     656.4589726484323364       0.9975885367020965
     656.4591727818545905       1.0703634992241859
     656.4593729152768447       0.9829268306493759
     656.4595730486990988       1.0475128255784512
     656.4597731821214666       0.9207566827535629
     656.4599733155437207       1.0332931503653526
     656.4601734489659748       1.0644862577319145
     656.4603735823882289       0.9973814853001386
     656.4605737158105967       1.0083050662651658
     656.4607738492328508       0.9875072175636888
     656.4609739826551049       1.0001143107219832
     656.4611741160773590       1.0060408706776798
     656.4613742494997268       0.9075198322534561
     656.4615743829219809       0.9630823470652103
     656.4617745163442351       0.9592716321349144
     656.4619746497664892       0.9162186533212662
     656.4621747831887433       1.1077596321702003
     656.4623749166111111       1.0113278711214662
     656.4625750500333652       0.9735149908810854
     656.4627751834556193       0.9365765005350113
     656.4629753168778734       0.9765450637787580
     656.4631754503002412       1.0042368937283754
     656.4633755837224953       1.0068003423511982
     656.4635757171447494       1.0949152484536171
     656.4637758505670035       1.0728884637355804
     656.4639759839893713       0.9906949251890182
     656.4641761174116255       1.0780453756451607
     656.4643762508338796       0.9738563708961010
     656.4645763842561337       0.9699453618377447
     656.4647765176785015       1.0784492418169975
     656.4649766511007556       1.0400344990193844
     656.4651767845230097       1.0138638857752085
     656.4653769179452638       1.0232153665274382
     656.4655770513676316       0.9300192147493362
     656.4657771847898857       1.0937520042061806
     656.4659773182121398       0.9272505715489388
     656.4661774516343939       0.9943999894894660
     656.4663775850567617       0.9702551271766424
     656.4665777184790159       0.9558008760213852
     656.4667778519012700       0.9240781292319298
     656.4669779853235241       0.9649192728102207
     656.4671781187458919       1.0445650182664394
     656.4673782521681460       1.0646255835890770
     656.4675783855904001       0.9940961701795459
     656.4677785190126542       1.0465113893151283
     656.4679786524349083       0.9911756962537766
     656.4681787858572761       1.0314644388854504
     656.4683789192795302       0.9549421854317188
     656.4685790527017843       0.9879417717456818
     656.4687791861240385       0.9420344717800617
     656.4689793195464063       0.9860450653359294
     656.4691794529686604       1.1115170270204544
     656.4693795863909145       0.9917983608320355
     656.4695797198131686       0.9864871185272932
     656.4697798532355364       1.0076405503787100
     656.4699799866577905       1.0263932142406702
     656.4701801200800446       0.9588278532028198
     656.4703802535022987       1.0448450855910778
     656.4705803869246665       0.9730634856969118
     656.4707805203469206       0.9670782573521137
     656.4709806537691748       1.0324874706566334
     656.4711807871914289       1.0156556628644466
     656.4713809206137967       0.9185730367898941
     656.4715810540360508       1.0012916888808832
     656.4717811874583049       0.9538198783993721
     656.4719813208805590       0.9614891260862350
     656.4721814543029268       0.9472210407257080
     656.4723815877251809       0.9976171900052577
     656.4725817211474350       0.9931996152736247
     656.4727818545696891       1.1135014891624451
     656.4729819879919432       0.9299610853195190
     656.4731821214143110       1.0895681306719780
     656.4733822548365652       1.0167754199355841
     656.4735823882588193       0.9943806030787528
     656.4737825216810734       0.9078156426548958
     656.4739826551034412       0.9627206660807133
     656.4741827885256953       0.9049875512719154
     656.4743829219479494       0.9385776519775391
     656.4745830553702035       1.0357462875545025
     656.4747831887925713       0.9548349827528000
     656.4749833222148254       0.9876140821725130
     656.4751834556370795       0.9809556920081377
     656.4753835890593336       1.0466643869876862
     656.4755837224817014       0.9924921630881727
     656.4757838559039556       0.9343720972537994
     656.4759839893262097       1.0465126931667328
     656.4761841227484638       0.9656332544982433
     656.4763842561708316       1.0193543676286936
     656.4765843895930857       1.0516023896634579
     656.4767845230153398       0.8964602723717690
     656.4769846564375939       0.9899597764015198
     656.4771847898599617       1.0599316135048866
     656.4773849232822158       1.0028879770543426
     656.4775850567044699       0.9840295165777206
     656.4777851901267240       1.0470312014222145
     656.4779853235490918       0.9626662023365498
     656.4781854569713460       1.0953143686056137
     656.4783855903936001       0.9906830312684178
     656.4785857238158542       0.9288188964128494
     656.4787858572381083       1.0262588746845722
     656.4789859906604761       0.9699196219444275
     656.4791861240827302       1.0240948274731636
     656.4793862575049843       0.8670144826173782
     656.4795863909272384       0.9793167356401682
     656.4797865243496062       0.9968009351287037
     656.4799866577718603       0.9560955129563808
     656.4801867911941144       1.0249797496944666
     656.4803869246163686       0.9164388701319695
     656.4805870580387364       1.0017239846056327
     656.4807871914609905       1.0019375280244276
     656.4809873248832446       0.9582080021500587
     656.4811874583054987       0.9306749850511551
     656.4813875917278665       0.9323045387864113
     656.4815877251501206       0.9724442921578884
     656.4817878585723747       1.0440633036196232
     656.4819879919946288       0.9890627982094884
     656.4821881254169966       0.9626582302153111
     656.4823882588392507       1.0183067526668310
     656.4825883922615049       0.9886572500690818
     656.4827885256837590       0.9383312091231346
     656.4829886591061268       1.0120765315368772
     656.4831887925283809       0.9833420775830746
     656.4833889259506350       1.0660779401659966
     656.4835890593728891       0.9330471381545067
     656.4837891927951432       0.9893244924023747
     656.4839893262175110       1.0291480403393507
     656.4841894596397651       1.1248753666877747
     656.4843895930620192       1.0657950118184090
     656.4845897264842733       1.0130257084965706
     656.4847898599066411       0.9975289891008288
     656.4849899933288953       1.0238133799284697
     656.4851901267511494       1.1144906431436539
     656.4853902601734035       1.0147657422348857
     656.4855903935957713       0.9216725975275040
     656.4857905270180254       0.9293933436274529
     656.4859906604402795       0.9887733543291688
     656.4861907938625336       1.0686522945761681
     656.4863909272849014       0.9784699715673923
     656.4865910607071555       1.0219012945890427
     656.4867911941294096       1.0084335850551724
     656.4869913275516637       0.9358069375157356
     656.4871914609740315       0.9978699760977179
     656.4873915943962857       1.0668543726205826
     656.4875917278185398       1.0283098500221968
     656.4877918612407939       0.9155912175774574
     656.4879919946631617       0.9911425644531846
     656.4881921280854158       1.0550374574959278
     656.4883922615076699       0.9624271318316460
     656.4885923949299240       0.9050879254937172
     656.4887925283522918       1.0389829464256763
     656.4889926617745459       0.9896221356466413
     656.4891927951968000       1.0094892233610153
     656.4893929286190541       1.0764412805438042
     656.4895930620413083       1.0683315619826317
     656.4897931954636761       1.0738643929362297
     656.4899933288859302       0.9575166702270508
     656.4901934623081843       1.0763328671455383
     656.4903935957304384       1.0705354213714600
     656.4905937291528062       0.9896296933293343
     656.4907938625750603       1.0152995986863971
     656.4909939959973144       1.1013691425323486
     656.4911941294195685       1.0008690945105627
     656.4913942628419363       0.9277706518769264
     656.4915943962641904       1.0919014513492584
     656.4917945296864445       1.0816799625754356
     656.4919946631086987       0.9798072110861540
     656.4921947965310665       1.0553888455033302
     656.4923949299533206       0.9788084365427494
     656.4925950633755747       1.0065743885934353
     656.4927951967978288       1.0775128975510597
     656.4929953302201966       0.9467266239225864
     656.4931954636424507       0.9730619806796312
     656.4933955970647048       0.9169196188449860
     656.4935957304869589       1.0320993028581142
     656.4937958639093267       1.0132967857643962
     656.4939959973315808       1.0677081570029259
     656.4941961307538350       1.0947943255305290
     656.4943962641760891       0.9118859469890594
     656.4945963975983432       1.0089086927473545
     656.4947965310207110       0.9563956260681152
     656.4949966644429651       1.0168352797627449
     656.4951967978652192       1.0588598549365997
     656.4953969312874733       1.0146586447954178
     656.4955970647098411       0.9964803457260132
     656.4957971981320952       1.0032927636057138
     656.4959973315543493       0.9200609847903252
     656.4961974649766034       1.0879772529006004
     656.4963975983989712       1.0243161935359240
     656.4965977318212254       1.0824500024318695
     656.4967978652434795       0.9482272192835808
     656.4969979986657336       1.0081610782071948
     656.4971981320881014       0.9433164186775684
     656.4973982655103555       0.9205983057618141
     656.4975983989326096       1.0566353611648083
     656.4977985323548637       1.0120414821431041
     656.4979986657772315       0.9894719133153558
     656.4981987991994856       0.9490525834262371
     656.4983989326217397       1.0404860526323318
     656.4985990660439938       0.8991810455918312
     656.4987991994663616       0.9772981666028500
     656.4989993328886158       0.9935060651041567
     656.4991994663108699       1.1009812951087952
     656.4993995997331240       0.9850059822201729
     656.4995997331554918       1.0089861825108528
     656.4997998665777459       0.9466011859476566
     656.5000000000000000       1.0140267601236701
