     656.2000000000000455       1.0206059087067842
     656.2002001334222996       1.0091285798698664
     656.2004002668445537       1.0709545239806175
     656.2006004002669215       0.9794807340949774
     656.2008005336891756       1.0549635663628578
     656.2010006671114297       1.0729524493217468
     656.2012008005336838       0.9971224991604686
     656.2014009339560516       1.0932813808321953
     656.2016010673783057       1.0118942307308316
     656.2018012008005599       0.9446843676269054
     656.2020013342228140       1.0034202486276627
     656.2022014676451818       1.0876520797610283
     656.2024016010674359       1.0639471486210823
     656.2026017344896900       1.0476036369800568
     656.2028018679119441       1.0050703696906567
     656.2030020013343119       0.9778378270566463
     656.2032021347565660       1.0365199558436871
     656.2034022681788201       0.9927895278669894
     656.2036024016010742       0.8988914340734482
     656.2038025350234420       0.9766226746141911
     656.2040026684456961       1.0165870003402233
     656.2042028018679503       1.0180558916181326
     656.2044029352902044       0.9727511815726757
     656.2046030687125722       1.0474331788718700
     656.2048032021348263       1.0518867373466492
     656.2050033355570804       0.9241236075758934
     656.2052034689793345       1.0227963384240866
     656.2054036024017023       0.8869254663586617
     656.2056037358239564       1.0110043622553349
     656.2058038692462105       1.0944872125983238
     656.2060040026684646       1.0427652969956398
     656.2062041360907187       1.0201325062662363
     656.2064042695130865       0.9892717730253935
     656.2066044029353407       0.9782618451863527
     656.2068045363575948       1.0592116825282574
     656.2070046697798489       0.9345765039324760
     656.2072048032022167       1.0070062102749944
     656.2074049366244708       1.0360845439136028
     656.2076050700467249       0.9707285929471254
     656.2078052034689790       1.0342087671160698
     656.2080053368913468       1.0000924974447116
     656.2082054703136009       0.9511461593210697
     656.2084056037358550       0.9867764869704843
     656.2086057371581092       1.0196532290428877
     656.2088058705804769       0.9705001823604107
     656.2090060040027311       1.0239652041345835
     656.2092061374249852       1.0408191904425621
     656.2094062708472393       0.9699025843292475
     656.2096064042696071       1.0717894211411476
     656.2098065376918612       1.0032029238063842
     656.2100066711141153       1.0137236937880516
     656.2102068045363694       1.0537193492054939
     656.2104069379587372       0.9465047642588615
     656.2106070713809913       1.0348478257656097
     656.2108072048032454       1.0237537957727909
     656.2110073382254996       0.9530574902892113
     656.2112074716477537       1.0009656210313551
     656.2114076050701215       1.0209185052663088
     656.2116077384923756       1.0011109488550574
     656.2118078719146297       1.0272371172904968
     656.2120080053368838       1.0338603593409061
     656.2122081387592516       0.9645833298563957
     656.2124082721815057       0.9921371312811971
     656.2126084056037598       0.9048434048891068
     656.2128085390260139       0.9977386912796646
     656.2130086724483817       1.0033254944719374
     656.2132088058706358       1.1368511319160461
     656.2134089392928900       1.0127453058958054
     656.2136090727151441       0.9974950924515724
     656.2138092061375119       0.9775510765612125
     656.2140093395597660       0.9861757131293416
     656.2142094729820201       1.0431227907538414
     656.2144096064042742       0.8885953277349472
     656.2146097398266420       1.0053245616145432
     656.2148098732488961       0.9641280807554722
     656.2150100066711502       0.9678020253777504
     656.2152101400934043       1.0063847177661955
     656.2154102735157721       0.9923751205205917
     656.2156104069380262       1.0542267337441444
     656.2158105403602804       0.9102653935551643
     656.2160106737825345       0.9764381181448698
     656.2162108072049023       0.9598695971071720
     656.2164109406271564       0.9895616238936782
     656.2166110740494105       0.9927436304278672
     656.2168112074716646       1.0642230063676834
     656.2170113408939187       1.0012191830901429
     656.2172114743162865       0.9728615377098322
     656.2174116077385406       0.9418419115245342
     656.2176117411607947       0.9619107544422150
     656.2178118745830488       1.0647505596280098
     656.2180120080054166       0.9012866318225861
     656.2182121414276708       1.0343726649880409
     656.2184122748499249       1.0119564514607191
     656.2186124082721790       0.9479711242020130
     656.2188125416945468       0.9865108635276556
     656.2190126751168009       0.9787336979061365
     656.2192128085390550       0.9704183097928762
     656.2194129419613091       1.0145387472584844
     656.2196130753836769       0.9773418195545673
     656.2198132088059310       0.9732319582253695
     656.2200133422281851       0.9211877584457397
     656.2202134756504392       1.0648442134261131
     656.2204136090728070       1.1071379333734512
     656.2206137424950612       1.0076994406990707
     656.2208138759173153       0.9320515021681786
     656.2210140093395694       0.9599097147583961
     656.2212141427619372       1.0711217224597931
     656.2214142761841913       0.9475363306701183
     656.2216144096064454       1.0628105029463768
     656.2218145430286995       1.0218165013939142
     656.2220146764509536       1.0213670637458563
     656.2222148098733214       0.9387016817927361
     656.2224149432955755       0.9460051394999027
     656.2226150767178297       0.9893317623063922
     656.2228152101400838       0.9681207574903965
     656.2230153435624516       1.0166896879673004
     656.2232154769847057       0.9206434860825539
     656.2234156104069598       1.0153041109442711
     656.2236157438292139       0.9936613538302481
     656.2238158772515817       0.8906434029340744
     656.2240160106738358       1.0276085566729307
     656.2242161440960899       1.0086409971117973
     656.2244162775183440       0.9928807509131730
     656.2246164109407118       1.0543913617730141
     656.2248165443629659       0.9737402554601431
     656.2250166777852201       1.0779307633638382
     656.2252168112074742       1.0237865727394819
     656.2254169446298420       1.0029019683133811
     656.2256170780520961       1.0378332883119583
     656.2258172114743502       1.0154705345630646
     656.2260173448966043       0.9589852578938007
     656.2262174783189721       1.0024829455651343
     656.2264176117412262       1.0422872863709927
     656.2266177451634803       0.9768785350024700
     656.2268178785857344       0.9387666992843151
     656.2270180120081022       1.0893519967794418
     656.2272181454303563       1.0502343662083149
     656.2274182788526105       0.9035167172551155
     656.2276184122748646       1.0961712673306465
     656.2278185456971187       1.0364418849349022
     656.2280186791194865       0.9728543572127819
     656.2282188125417406       1.1377582401037216
     656.2284189459639947       0.9586116969585419
     656.2286190793862488       0.9784694332629442
     656.2288192128086166       1.0400185659527779
     656.2290193462308707       0.9238697662949562
     656.2292194796531248       0.9964210353791714
     656.2294196130753789       0.9749116953462362
     656.2296197464977467       1.0151033103466034
     656.2298198799200009       1.0144953802227974
     656.2300200133422550       0.9842485822737217
     656.2302201467645091       0.9339503496885300
     656.2304202801868769       0.9519260488450527
     656.2306204136091310       1.0232428442686796
     656.2308205470313851       1.1037943139672279
     656.2310206804536392       1.0385048128664494
     656.2312208138760070       1.0278451200574636
     656.2314209472982611       1.0156829655170441
     656.2316210807205152       0.9506562575697899
     656.2318212141427693       0.9545132741332054
     656.2320213475651371       1.0485217086970806
     656.2322214809873913       0.9620128571987152
     656.2324216144096454       0.9627953693270683
     656.2326217478318995       1.0579100325703621
     656.2328218812541536       1.0544860772788525
     656.2330220146765214       1.0968825742602348
     656.2332221480987755       1.0554466620087624
     656.2334222815210296       1.0655476301908493
     656.2336224149432837       1.0172372832894325
     656.2338225483656515       0.9036023914813995
     656.2340226817879056       1.0399848185479641
     656.2342228152101598       0.9818796887993813
     656.2344229486324139       1.0121232904493809
     656.2346230820547817       1.0996608212590218
     656.2348232154770358       1.0694066733121872
     656.2350233488992899       0.9617506004869938
     656.2352234823215440       1.0011772211873904
     656.2354236157439118       1.0477399528026581
     656.2356237491661659       0.9787519294768572
     656.2358238825884200       0.9528279192745686
     656.2360240160106741       1.1320615261793137
     656.2362241494330419       1.0280233211815357
     656.2364242828552960       1.0229234844446182
     656.2366244162775502       0.9690378364175558
     656.2368245496998043       1.0186400562524796
     656.2370246831221721       0.9299038127064705
     656.2372248165444262       1.0118370661512017
     656.2374249499666803       0.9221693351864815
     656.2376250833889344       0.9958190643228590
     656.2378252168113022       0.9799354989081621
     656.2380253502335563       0.9799518901854753
     656.2382254836558104       1.0546613223850727
     656.2384256170780645       0.9524173699319363
     656.2386257505003186       1.0409552939236164
     656.2388258839226864       0.9671865291893482
     656.2390260173449406       0.9972095577977598
     656.2392261507671947       1.0513115338981152
     656.2394262841894488       0.9992147721350193
     656.2396264176118166       0.9659674577414989
     656.2398265510340707       0.9742747861891985
     656.2400266844563248       1.0916496515274048
     656.2402268178785789       1.0220107901841402
     656.2404269513009467       1.0212053377181292
     656.2406270847232008       0.9301400259137154
     656.2408272181454549       1.0122444378212094
     656.2410273515677090       0.9886124441400170
     656.2412274849900768       1.0565119162201881
     656.2414276184123310       1.0137467877939343
     656.2416277518345851       1.0772704109549522
     656.2418278852568392       0.9927173205651343
     656.2420280186792070       0.9874360691756010
     656.2422281521014611       0.9470297582447529
     656.2424282855237152       1.0161623582243919
     656.2426284189459693       0.9061435759067535
     656.2428285523683371       0.9436850585043430
     656.2430286857905912       0.9531529285013676
     656.2432288192128453       0.9598593637347221
     656.2434289526350994       1.0011471631005406
     656.2436290860574672       0.9884714065119624
     656.2438292194797214       1.0440244339406490
     656.2440293529019755       1.0026601485442370
     656.2442294863242296       1.0418067164719105
     656.2444296197464837       1.0602684579789639
     656.2446297531688515       0.9680076763033867
     656.2448298865911056       1.0065538906492293
     656.2450300200133597       1.1264755278825760
     656.2452301534356138       0.9774767328053713
     656.2454302868579816       0.9619864299893379
     656.2456304202802357       0.9545789398252964
     656.2458305537024899       1.0242451746016741
     656.2460306871247440       0.9418742656707764
     656.2462308205471118       1.0060460073873401
     656.2464309539693659       0.8719196617603302
     656.2466310873916200       1.0328169874846935
     656.2468312208138741       1.0039988863281906
     656.2470313542362419       1.0219095423817635
     656.2472314876584960       0.9499903619289398
     656.2474316210807501       1.1020231842994690
     656.2476317545030042       1.0679840072989464
     656.2478318879253720       0.9406513310968876
     656.2480320213476261       1.0519330464303493
     656.2482321547698803       0.9676156379282475
     656.2484322881921344       1.0454126559197903
     656.2486324216145022       1.0537305288016796
     656.2488325550367563       0.9876996856182814
     656.2490326884590104       1.0216983202844858
     656.2492328218812645       0.9950675112195313
     656.2494329553035186       0.9908623173832893
     656.2496330887258864       1.0330399423837662
     656.2498332221481405       0.9384834691882133
     656.2500333555703946       1.0665344148874283
     656.2502334889926487       0.9510619230568409
     656.2504336224150165       1.0774658992886543
     656.2506337558372707       0.9227438047528267
     656.2508338892595248       0.9870985727757215
     656.2510340226817789       1.0184438824653625
     656.2512341561041467       0.9213140755891800
     656.2514342895264008       1.0184703227132559
     656.2516344229486549       0.9182320162653923
     656.2518345563709090       0.8317029029130936
     656.2520346897932768       1.0291910599917173
     656.2522348232155309       1.0527691505849361
     656.2524349566377850       0.9174404367804527
     656.2526350900600391       0.9860454127192497
     656.2528352234824069       1.0697835087776184
     656.2530353569046611       1.0229336787015200
     656.2532354903269152       1.0861312076449394
     656.2534356237491693       0.9743141252547503
     656.2536357571715371       0.9480277486145496
     656.2538358905937912       0.9407858289778233
     656.2540360240160453       1.1601256430149078
     656.2542361574382994       0.9627248644828796
     656.2544362908606672       1.0423124097287655
     656.2546364242829213       0.9336053282022476
     656.2548365577051754       1.0734832510352135
     656.2550366911274295       0.9927296033129096
     656.2552368245496837       1.0365675613284111
     656.2554369579720515       0.9714854117482901
     656.2556370913943056       1.0234008170664310
     656.2558372248165597       0.8600981384515762
     656.2560373582388138       1.0280680898576975
     656.2562374916611816       0.9285561516880989
     656.2564376250834357       1.0038696085102856
     656.2566377585056898       1.0057031991891563
     656.2568378919279439       0.9461848959326744
     656.2570380253503117       0.9625372216105461
     656.2572381587725658       0.9794848933815956
     656.2574382921948200       1.0820585042238235
     656.2576384256170741       0.9354436174035072
     656.2578385590394419       0.9536987096071243
     656.2580386924616960       0.9731754567474127
     656.2582388258839501       0.8623210936784744
     656.2584389593062042       1.0097466865554452
     656.2586390927285720       1.0467189773917198
     656.2588392261508261       0.9480243511497974
     656.2590393595730802       1.0651204437017441
     656.2592394929953343       1.0058540110476315
     656.2594396264177021       0.9868333013728261
     656.2596397598399562       0.9824403654783964
     656.2598398932622104       0.9926759046502411
     656.2600400266844645       1.0466785617172718
     656.2602401601067186       1.0577692389488220
     656.2604402935290864       0.9824442137032747
     656.2606404269513405       0.9731875713914633
     656.2608405603735946       0.9068915024399757
     656.2610406937958487       0.9794492404907942
     656.2612408272182165       1.0306699872016907
     656.2614409606404706       1.0307514704763889
     656.2616410940627247       1.0381113700568676
     656.2618412274849788       1.0116654839366674
     656.2620413609073466       0.9397156648337841
     656.2622414943296008       1.0225230604410172
     656.2624416277518549       1.0797691568732262
     656.2626417611741090       1.0211576502770185
     656.2628418945964768       0.9744414184242487
     656.2630420280187309       1.0342298150062561
     656.2632421614409850       1.0576362870633602
     656.2634422948632391       0.9685035273432732
     656.2636424282856069       1.0907862409949303
     656.2638425617078610       0.9828121159225702
     656.2640426951301151       0.9463838674128056
     656.2642428285523692       0.9578506015241146
     656.2644429619747370       1.0211035106331110
     656.2646430953969912       0.9504196979105473
     656.2648432288192453       1.0806989744305611
     656.2650433622414994       0.9677110016345978
     656.2652434956638672       0.9322715401649475
     656.2654436290861213       1.0153190335258842
     656.2656437625083754       1.0180366896092892
     656.2658438959306295       1.0783259794116020
     656.2660440293528836       0.9954810016788542
     656.2662441627752514       0.9329842850565910
     656.2664442961975055       0.9401157312095165
     656.2666444296197596       0.9548585601150990
     656.2668445630420138       1.0612387023866177
     656.2670446964643816       0.9656550399959087
     656.2672448298866357       0.9560067839920521
     656.2674449633088898       1.0092593086883426
     656.2676450967311439       1.0271819960325956
     656.2678452301535117       0.9816446918994188
     656.2680453635757658       1.0156604871153831
     656.2682454969980199       0.9535475037992001
     656.2684456304202740       0.9715664405375719
     656.2686457638426418       1.0422476828098297
     656.2688458972648959       0.9526897333562374
     656.2690460306871501       0.9369789734482765
     656.2692461641094042       0.9204793125391006
     656.2694462975317720       0.9960654033347964
     656.2696464309540261       0.9460302405059338
     656.2698465643762802       0.8981883376836777
     656.2700466977985343       0.9640922583639622
     656.2702468312209021       0.9462575539946556
     656.2704469646431562       0.9449053891003132
     656.2706470980654103       0.9931821264326572
     656.2708472314876644       1.0135341128334403
     656.2710473649099185       0.9891956271603703
     656.2712474983322863       1.0739183798432350
     656.2714476317545405       0.9722416251897812
     656.2716477651767946       0.8958993330597878
     656.2718478985990487       1.0055072642862797
     656.2720480320214165       1.0090475855395198
     656.2722481654436706       1.0232585426419973
     656.2724482988659247       0.9032663330435753
     656.2726484322881788       1.0102514578029513
     656.2728485657105466       1.0024189245887101
     656.2730486991328007       1.0245799832046032
     656.2732488325550548       0.9688818808645010
     656.2734489659773089       0.9026048257946968
     656.2736490993996767       0.8950555548071861
     656.2738492328219309       0.9955880977213383
     656.2740493662441850       0.9868544200435281
     656.2742494996664391       0.9785886723548174
     656.2744496330888069       1.0782347023487091
     656.2746497665110610       1.0237198919057846
     656.2748498999333151       0.9452096410095692
     656.2750500333555692       0.9602599404752254
     656.2752501667779370       1.0512453801929951
     656.2754503002001911       1.0428612940013409
     656.2756504336224452       1.0000616256656940
     656.2758505670446993       1.0178569983690977
     656.2760507004670671       1.0593952015042305
     656.2762508338893213       0.9728930685669184
     656.2764509673115754       0.9991327004390769
     656.2766511007338295       0.9676850773394108
     656.2768512341560836       1.0199110191315413
     656.2770513675784514       0.9747553765773773
     656.2772515010007055       0.9809917397797108
     656.2774516344229596       0.9799607694149017
     656.2776517678452137       1.0045399954542518
     656.2778519012675815       1.0689702257514000
     656.2780520346898356       1.0321237370371819
     656.2782521681120897       1.0094632776454091
     656.2784523015343439       0.9789626598358154
     656.2786524349567117       0.9948840648867190
     656.2788525683789658       0.8508697748184204
     656.2790527018012199       1.0851524695754051
     656.2792528352234740       0.9987817108631134
     656.2794529686458418       0.9770442340523005
     656.2796531020680959       1.0237066615372896
     656.2798532354903500       0.9929444752633572
     656.2800533689126041       0.9732521865516901
     656.2802535023349719       1.0274873171001673
     656.2804536357572260       1.0155266672372818
     656.2806537691794802       0.9563910551369190
     656.2808539026017343       0.9668190218508244
     656.2810540360241021       0.9612926580011845
     656.2812541694463562       0.9965964774601161
     656.2814543028686103       0.9740584809333086
     656.2816544362908644       1.0189007055014372
     656.2818545697131185       1.0688587352633476
     656.2820547031354863       0.9674049802124500
     656.2822548365577404       1.0204099547117949
     656.2824549699799945       0.9178460761904716
     656.2826551034022486       1.0622619166970253
     656.2828552368246164       1.0280261170119047
     656.2830553702468706       1.0229029599577188
     656.2832555036691247       0.9638137668371201
     656.2834556370913788       0.9652657844126225
     656.2836557705137466       0.9608601629734039
     656.2838559039360007       0.9900958808138967
     656.2840560373582548       1.0112937130033970
     656.2842561707805089       0.9715906493365765
     656.2844563042028767       0.9622950591146946
     656.2846564376251308       0.9408834017813206
     656.2848565710473849       0.9723905976861715
     656.2850567044696390       0.9893287420272827
     656.2852568378920068       1.0078415349125862
     656.2854569713142610       0.9130212962627411
     656.2856571047365151       0.9966651529539376
     656.2858572381587692       1.0609844736754894
     656.2860573715811370       1.1031655594706535
     656.2862575050033911       0.9791337326169014
     656.2864576384256452       0.9724982101470232
     656.2866577718478993       0.9970843852497637
     656.2868579052702671       1.0432867892086506
     656.2870580386925212       0.9744277615100145
     656.2872581721147753       0.9630506709218025
     656.2874583055370294       1.0670088231563568
     656.2876584389592836       0.9952024994418025
     656.2878585723816514       1.0184819884598255
     656.2880587058039055       0.9985821285517886
     656.2882588392261596       1.0589884482324123
     656.2884589726484137       1.0661046430468559
     656.2886591060707815       1.0234592687338591
     656.2888592394930356       1.0322560966014862
     656.2890593729152897       1.0960902497172356
     656.2892595063375438       1.0522569976747036
     656.2894596397599116       0.9882983407005668
     656.2896597731821657       0.9261917173862457
     656.2898599066044198       1.0105936806648970
     656.2900600400266740       1.0310019142925739
     656.2902601734490418       1.0083029959350824
     656.2904603068712959       1.0124140772968531
     656.2906604402935500       1.0400820188224316
     656.2908605737158041       0.9996714348671958
     656.2910607071381719       1.0594585053622723
     656.2912608405604260       1.0256589092314243
     656.2914609739826801       1.0218104645609856
     656.2916611074049342       1.0042862840928137
     656.2918612408273020       0.9173422753810883
     656.2920613742495561       0.9702344648540020
     656.2922615076718103       1.0547821521759033
     656.2924616410940644       0.9313089326024055
     656.2926617745164322       1.0696877613663673
     656.2928619079386863       1.0366293601691723
     656.2930620413609404       0.9955477016046643
     656.2932621747831945       0.9605225250124931
     656.2934623082054486       0.9149224907159805
     656.2936624416278164       1.1431487798690796
     656.2938625750500705       1.0460666380822659
     656.2940627084723246       0.9806149061769247
     656.2942628418945787       1.0803354978561401
     656.2944629753169465       1.0436728000640869
     656.2946631087392007       1.0602437034249306
     656.2948632421614548       1.0884309336543083
     656.2950633755837089       1.1291184425354004
     656.2952635090060767       0.9654999524354935
     656.2954636424283308       1.0087982453405857
     656.2956637758505849       1.0959641858935356
     656.2958639092728390       0.9939234904013574
     656.2960640426952068       0.9333920180797577
     656.2962641761174609       0.9346256852149963
     656.2964643095397150       0.8834377899765968
     656.2966644429619691       1.0193748157471418
     656.2968645763843369       0.9961909472476691
     656.2970647098065911       0.9630062766373158
     656.2972648432288452       1.0236294902861118
     656.2974649766510993       0.8803476467728615
     656.2976651100734671       0.9656296856701374
     656.2978652434957212       0.9117443934082985
     656.2980653769179753       1.0700628533959389
     656.2982655103402294       0.9571742191910744
     656.2984656437624835       1.0907704830169678
     656.2986657771848513       0.9945602761581540
     656.2988659106071054       0.9586894512176514
     656.2990660440293595       1.0477669201791286
     656.2992661774516137       0.9356224015355110
     656.2994663108739815       0.9551180899143219
     656.2996664442962356       0.9715125877410173
     656.2998665777184897       1.0801178514957428
     656.3000667111407438       0.9399555362761021
     656.3002668445631116       0.9132160618901253
     656.3004669779853657       1.0465745627880096
     656.3006671114076198       0.9831347782164812
     656.3008672448298739       1.0449935123324394
     656.3010673782522417       1.0049612312577665
     656.3012675116744958       0.9789892248809338
     656.3014676450967499       0.9380893595516682
     656.3016677785190041       0.9309375062584877
     656.3018679119413719       0.9985352737130597
     656.3020680453636260       1.0660226643085480
     656.3022681787858801       0.9777915645390749
     656.3024683122081342       0.9968500130344182
     656.3026684456305020       1.0205345284193754
     656.3028685790527561       1.0084369136020541
     656.3030687124750102       1.0412376634776592
     656.3032688458972643       1.0045626061037183
     656.3034689793196321       1.0160641819238663
     656.3036691127418862       0.9516250081360340
     656.3038692461641403       1.0495545975863934
     656.3040693795863945       1.0421614497900009
     656.3042695130086486       1.0112094124779105
     656.3044696464310164       0.9290749207139015
     656.3046697798532705       0.9529019296169281
     656.3048699132755246       0.9805737212300301
     656.3050700466977787       1.0850977599620819
     656.3052701801201465       0.9527804926037788
     656.3054703135424006       1.0376817323267460
     656.3056704469646547       0.9099031984806061
     656.3058705803869088       0.9804774858057499
     656.3060707138092766       1.0389838479459286
     656.3062708472315308       1.0635597407817841
     656.3064709806537849       1.0128944134339690
     656.3066711140760390       1.0718496218323708
     656.3068712474984068       0.9900444531813264
     656.3070713809206609       0.9668041244149208
     656.3072715143429150       1.1450544595718384
     656.3074716477651691       0.9911988368257880
     656.3076717811875369       1.0147432116791606
     656.3078719146097910       0.9918905468657613
     656.3080720480320451       0.9878967730328441
     656.3082721814542992       0.9422919452190399
     656.3084723148766670       0.9405889213085175
     656.3086724482989212       0.9702571090310812
     656.3088725817211753       0.9929280728101730
     656.3090727151434294       0.9147973731160164
     656.3092728485656835       1.0543762445449829
     656.3094729819880513       1.0214145630598068
     656.3096731154103054       0.9907263712957501
     656.3098732488325595       0.9498664326965809
     656.3100733822548136       0.9730255398899317
     656.3102735156771814       0.9209069833159447
     656.3104736490994355       0.9982746915193275
     656.3106737825216896       1.0215746909379959
     656.3108739159439438       1.0488607808947563
     656.3110740493663116       0.9773742109537125
     656.3112741827885657       0.9601529389619827
     656.3114743162108198       1.0545300617814064
     656.3116744496330739       1.0496131256222725
     656.3118745830554417       1.1518011689186096
     656.3120747164776958       1.0669380277395248
     656.3122748498999499       0.9583495296537876
     656.3124749833222040       0.9497345499694347
     656.3126751167445718       1.0199718680232763
     656.3128752501668259       0.9674907363951206
     656.3130753835890800       0.9236415103077888
     656.3132755170113342       0.9229006245732307
     656.3134756504337020       1.1134513989090919
     656.3136757838559561       0.9541296549141407
     656.3138759172782102       0.9842090811580420
     656.3140760507004643       0.9636861272156239
     656.3142761841228321       0.9393595345318317
     656.3144763175450862       0.9584805890917778
     656.3146764509673403       1.0244497358798981
     656.3148765843895944       1.0590855143964291
     656.3150767178118485       0.9893980985507369
     656.3152768512342163       0.9790286570787430
     656.3154769846564704       0.9059965759515762
     656.3156771180787246       0.9633021131157875
     656.3158772515009787       0.9870784711092710
     656.3160773849233465       1.0590766035020351
     656.3162775183456006       0.9309396371245384
     656.3164776517678547       0.9780540037900209
     656.3166777851901088       1.0132839847356081
     656.3168779186124766       1.0137231098487973
     656.3170780520347307       1.0817744955420494
     656.3172781854569848       1.1237828657031059
     656.3174783188792389       1.0322840325534344
     656.3176784523016067       0.9792001433670521
     656.3178785857238609       1.0112124243751168
     656.3180787191461150       1.0297977980226278
     656.3182788525683691       0.9663127176463604
     656.3184789859907369       0.9950952553190291
     656.3186791194129910       0.8766103833913803
     656.3188792528352451       0.9286817908287048
     656.3190793862574992       1.0516115985810757
     656.3192795196798670       0.9645731449127197
     656.3194796531021211       1.0491612851619720
     656.3196797865243752       1.0129822064191103
     656.3198799199466293       0.9619980640709400
     656.3200800533688835       0.9928518608212471
     656.3202801867912513       1.0228785742074251
     656.3204803202135054       1.0107299387454987
     656.3206804536357595       0.9329770281910896
     656.3208805870580136       1.0395864732563496
     656.3210807204803814       1.1294186264276505
     656.3212808539026355       1.0027820039540529
     656.3214809873248896       1.0729051306843758
     656.3216811207471437       1.0440345183014870
     656.3218812541695115       0.9914243444800377
     656.3220813875917656       0.9650328084826469
     656.3222815210140197       1.0309404823929071
     656.3224816544362739       0.9978846753947437
     656.3226817878586417       0.9207525700330734
     656.3228819212808958       1.1084164604544640
     656.3230820547031499       1.0247263535857201
     656.3232821881254040       0.9352228119969368
     656.3234823215477718       0.9817979466170073
     656.3236824549700259       0.9038223847746849
     656.3238825883922800       0.9875206360593438
     656.3240827218145341       0.9780275709927082
     656.3242828552369019       0.9846652746200562
     656.3244829886591560       1.0128720430657268
     656.3246831220814101       0.9998595009528799
     656.3248832555036643       1.0002221305476269
     656.3250833889260321       1.0824720263481140
     656.3252835223482862       1.0605631060898304
     656.3254836557705403       1.0262010432779789
     656.3256837891927944       1.0426259562373161
     656.3258839226150485       0.9847630765289068
     656.3260840560374163       1.0377802960574627
     656.3262841894596704       0.9502870813012123
     656.3264843228819245       1.0036500662099570
     656.3266844563041786       0.9961307912599295
     656.3268845897265464       1.0940926596522331
     656.3270847231488005       1.1246227771043777
     656.3272848565710547       1.0947003588080406
     656.3274849899933088       1.0320796035230160
     656.3276851234156766       0.9327469766139984
     656.3278852568379307       1.0731184631586075
     656.3280853902601848       1.0506749115884304
     656.3282855236824389       0.9386963658034800
     656.3284856571048067       1.0910045579075811
     656.3286857905270608       0.8890793994069096
     656.3288859239493149       1.0419450215995307
     656.3290860573715690       1.0881540253758424
     656.3292861907939368       1.0117192985489956
     656.3294863242161910       1.0470816418528544
     656.3296864576384451       0.9482684358954409
     656.3298865910606992       1.0352532193064659
     656.3300867244830670       1.0160060711204957
     656.3302868579053211       0.9721399787813354
     656.3304869913275752       0.9534140080213442
     656.3306871247498293       1.1013419851660573
     656.3308872581721971       0.9705762509256374
     656.3310873915944512       0.8911709561943673
     656.3312875250167053       1.0462296083569036
     656.3314876584389594       0.9875988317652818
     656.3316877918612136       1.0164351463316823
     656.3318879252835814       0.9559111297129061
     656.3320880587058355       1.0003957876176690
     656.3322881921280896       1.0184850301590340
     656.3324883255503437       0.9878038298334028
     656.3326884589727115       0.9202395826571480
     656.3328885923949656       0.9537214003493752
     656.3330887258172197       1.0081077832714906
     656.3332888592394738       1.0593167208115517
     656.3334889926618416       1.0221228506388111
     656.3336891260840957       1.0369257777889516
     656.3338892595063498       1.0836949422899047
     656.3340893929286040       1.0069234236063602
     656.3342895263509718       0.9961071715111680
     656.3344896597732259       0.9806355945607025
     656.3346897931954800       1.0043926415741655
     656.3348899266177341       1.0747091695353372
     656.3350900600401019       0.9701618160615011
     656.3352901934623560       1.0709159895167717
     656.3354903268846101       1.0091346454889514
     656.3356904603068642       0.9777625798001931
     656.3358905937292320       1.0823212934891449
     656.3360907271514861       0.9959069925905335
     656.3362908605737402       1.1246699687721777
     656.3364909939959944       0.9607892777241969
     656.3366911274182485       1.0444966511559990
     656.3368912608406163       0.9464512869199725
     656.3370913942628704       0.9921575149836059
     656.3372915276851245       0.9334775865208952
     656.3374916611073786       1.0212145818850411
     656.3376917945297464       0.9642798165687633
     656.3378919279520005       0.9523584806088244
     656.3380920613742546       1.0671524505222334
     656.3382921947965087       1.0069140162274612
     656.3384923282188765       1.0408865385522246
     656.3386924616411306       1.0150777681556020
     656.3388925950633848       1.0194740081638287
     656.3390927284856389       0.9641239097882741
     656.3392928619080067       1.0828945879848635
     656.3394929953302608       0.9668541219515278
     656.3396931287525149       0.9696840027362529
     656.3398932621747690       1.0196152173794724
     656.3400933955971368       0.9652180948984458
     656.3402935290193909       1.0493553819336465
     656.3404936624416450       0.9787763949450667
     656.3406937958638991       0.9859262032169313
     656.3408939292862669       1.0477419666964898
     656.3410940627085211       1.0078985204656181
     656.3412941961307752       1.0246737666464731
     656.3414943295530293       0.9948653991622324
     656.3416944629753971       0.9803877038050186
     656.3418945963976512       0.9687973433021893
     656.3420947298199053       0.9410118627871573
     656.3422948632421594       1.0960206068955762
     656.3424949966644135       1.0150071987013991
     656.3426951300867813       1.0528010365994336
     656.3428952635090354       0.9960748496487681
     656.3430953969312895       1.0793233975501868
     656.3432955303535437       1.0389920157620496
     656.3434956637759115       0.8861906031562653
     656.3436957971981656       1.0059326140104297
     656.3438959306204197       1.0442573724047257
     656.3440960640426738       0.9927454171564278
     656.3442961974650416       0.9319089150372453
     656.3444963308872957       1.0331294993105642
     656.3446964643095498       0.9913547675275153
     656.3448965977318039       0.9398038129350552
     656.3450967311541717       1.0271433027794288
     656.3452968645764258       1.0085041735706677
     656.3454969979986799       0.9979139454051734
     656.3456971314209341       0.9362110972314411
     656.3458972648433019       0.9532147422450790
     656.3460973982655560       0.9897883949288150
     656.3462975316878101       1.0839999379435010
     656.3464976651100642       0.9823931606015915
     656.3466977985324320       0.9889944196120827
     656.3468979319546861       0.9714565091602539
     656.3470980653769402       1.0380267045788891
     656.3472981987991943       1.0099102480426820
     656.3474983322214484       1.0174327128687906
     656.3476984656438162       0.9438261758976716
     656.3478985990660703       1.0218408420883152
     656.3480987324883245       0.9265275940046720
     656.3482988659105786       1.0591496045985331
     656.3484989993329464       0.9771312829116600
     656.3486991327552005       0.9822458816708293
     656.3488992661774546       1.0579507280329536
     656.3490993995997087       0.9817725900914808
     656.3492995330220765       1.0145982813198093
     656.3494996664443306       1.0239904156597421
     656.3496997998665847       0.9901959377701064
     656.3498999332888388       1.0226381901590766
     656.3501000667112066       1.0640245981036061
     656.3503002001334607       1.1335616561693711
     656.3505003335557149       1.0254102659671185
     656.3507004669779690       0.9659651151045330
     656.3509006004003368       1.0426871149718351
     656.3511007338225909       0.9236175401916051
     656.3513008672448450       1.1368728169978282
     656.3515010006670991       1.0439845075194860
     656.3517011340894669       1.1069718412795149
     656.3519012675117210       1.0536324423591819
     656.3521014009339751       1.0105744401915318
     656.3523015343562292       1.0179156774456590
     656.3525016677785970       1.0251628848863896
     656.3527018012008512       1.0226227936555967
     656.3529019346231053       0.9669886319117589
     656.3531020680453594       0.9204040892917380
     656.3533022014676135       0.9310754520116954
     656.3535023348899813       1.0235183839369539
     656.3537024683122354       0.9295299267925169
     656.3539026017344895       1.0321934917373492
     656.3541027351567436       0.9174707053717299
     656.3543028685791114       1.0064000456072417
     656.3545030020013655       1.0356200554092150
     656.3547031354236196       0.9096647911281853
     656.3549032688458738       0.9381926966787953
     656.3551034022682416       0.9562452776283065
     656.3553035356904957       1.0116215599853775
     656.3555036691127498       0.9203913167253104
     656.3557038025350039       0.9450292567082458
     656.3559039359573717       0.8993751761496119
     656.3561040693796258       0.8807995074682261
     656.3563042028018799       0.9635866433867520
     656.3565043362241340       0.9237272456136579
     656.3567044696465018       0.8984744802236486
     656.3569046030687559       0.9050790157073688
     656.3571047364910100       0.9334166653231184
     656.3573048699132642       0.8879227296444762
     656.3575050033356320       0.8866540684499707
     656.3577051367578861       0.8468122400790836
     656.3579052701801402       0.9257202549573957
     656.3581054036023943       0.8914330492535683
     656.3583055370246484       0.8068993313703914
     656.3585056704470162       0.8770050003824035
     656.3587058038692703       0.8937600557489992
     656.3589059372915244       0.7678854042761324
     656.3591060707137785       0.8421595847124806
     656.3593062041361463       0.7663408128240816
     656.3595063375584004       0.9230361380530755
     656.3597064709806546       0.7671821262221973
     656.3599066044029087       0.8156373396775137
     656.3601067378252765       0.7969258818534726
     656.3603068712475306       0.8986222990748666
     656.3605070046697847       0.8554991514643792
     656.3607071380920388       0.8306576316506069
     656.3609072715144066       0.6731011281367809
     656.3611074049366607       0.8861940876358976
     656.3613075383589148       0.8309978700856783
     656.3615076717811689       0.7532170421056570
     656.3617078052035367       0.8128440785093684
     656.3619079386257908       0.8192618852997151
     656.3621080720480450       0.7565654187218711
     656.3623082054702991       0.7175976790985610
     656.3625083388926669       0.7517491812950826
     656.3627084723149210       0.7990201244503603
     656.3629086057371751       0.7732042365785633
     656.3631087391594292       0.8119049865493448
     656.3633088725817970       0.8551033259898386
     656.3635090060040511       0.7772379083862963
     656.3637091394263052       0.8742985391902036
     656.3639092728485593       0.9110533708660762
     656.3641094062708135       0.7856232708249389
     656.3643095396931813       0.9070765407408835
     656.3645096731154354       0.7465708122245868
     656.3647098065376895       0.8570273872131681
     656.3649099399599436       0.7946699187883324
     656.3651100733823114       1.0046397510040399
     656.3653102068045655       0.8248052194454434
     656.3655103402268196       0.7800469425530818
     656.3657104736490737       0.8385228427130420
     656.3659106070714415       0.9440272760890419
     656.3661107404936956       0.8795344413057907
     656.3663108739159497       0.9142822178115511
     656.3665110073382039       0.9684935710559417
     656.3667111407605717       0.8712145810073145
     656.3669112741828258       0.8922687626828493
     656.3671114076050799       0.8762539671628565
     656.3673115410273340       0.9461790231978289
     656.3675116744497018       0.9380327527023409
     656.3677118078719559       0.9649120859473783
     656.3679119412942100       0.9069258725452340
     656.3681120747164641       0.9536303451921500
     656.3683122081388319       0.9887847513235486
     656.3685123415610860       0.9722706236617988
     656.3687124749833401       0.9960513418818400
     656.3689126084055943       1.0083638584274466
     656.3691127418278484       0.9224752636719085
     656.3693128752502162       0.9990993637702225
     656.3695130086724703       0.9188721773799442
     656.3697131420947244       0.9164726599779561
     656.3699132755169785       0.9906935978823371
     656.3701134089393463       0.8827138331561717
     656.3703135423616004       0.9606352465973024
     656.3705136757838545       0.9907670174132460
     656.3707138092061086       0.9945159185548964
     656.3709139426284764       1.0187725654464024
     656.3711140760507305       1.0148600422138918
     656.3713142094729847       1.0101381570266779
     656.3715143428952388       1.0268090698238177
     656.3717144763176066       1.0288690265565834
     656.3719146097398607       1.0179931676522325
     656.3721147431621148       0.9646211301585956
     656.3723148765843689       1.0664668401377719
     656.3725150100067367       0.9796355263158546
     656.3727151434289908       0.9817298421090773
     656.3729152768512449       0.9820524024084920
     656.3731154102734990       0.9035682916991790
     656.3733155436958668       1.0503653894888343
     656.3735156771181209       0.8707562983711785
     656.3737158105403751       0.9682550668259011
     656.3739159439626292       1.0057152637033642
     656.3741160773849970       0.9502100266191820
     656.3743162108072511       1.0167213236360664
     656.3745163442295052       0.9543307761756399
     656.3747164776517593       1.0407066709209316
     656.3749166110740134       1.0080263684125383
     656.3751167444963812       0.9992084129809131
     656.3753168779186353       0.9472822833542627
     656.3755170113408894       0.9906696235775467
     656.3757171447631436       1.0477991141717706
     656.3759172781855113       1.0389554494369988
     656.3761174116077655       0.9604554815559209
     656.3763175450300196       0.9875850488102969
     656.3765176784522737       1.0951338656065761
     656.3767178118746415       0.9871562845377621
     656.3769179452968956       0.9518633577797894
     656.3771180787191497       0.9308121407077166
     656.3773182121414038       1.0151197005856929
     656.3775183455637716       1.0095715837699717
     656.3777184789860257       1.0106422097948904
     656.3779186124082798       0.9990487550277143
     656.3781187458305340       1.0668634913760302
     656.3783188792529018       1.0091066400862003
     656.3785190126751559       1.1127092031092416
     656.3787191460974100       0.9549411733854586
     656.3789192795196641       1.0053432717234678
     656.3791194129420319       1.0259467086385812
     656.3793195463642860       0.9612985358608931
     656.3795196797865401       1.0220037927408767
     656.3797198132087942       0.9318453074221176
     656.3799199466311620       0.8633344829462100
     656.3801200800534161       0.9954306252611625
     656.3803202134756702       1.0713300241002295
     656.3805203468979244       1.0224172383472774
     656.3807204803201785       1.0413667403544680
     656.3809206137425463       0.9567578877446812
     656.3811207471648004       1.0527635321626370
     656.3813208805870545       0.9100332325172878
     656.3815210140093086       1.0901715518552479
     656.3817211474316764       1.0654537436664184
     656.3819212808539305       0.9594825195581503
     656.3821214142761846       1.0220234902987453
     656.3823215476984387       0.9954107050032247
     656.3825216811208065       1.0988667728457704
     656.3827218145430606       0.9928293991739773
     656.3829219479653148       0.9875570342366169
     656.3831220813875689       1.0031912109565120
     656.3833222148099367       1.0078253033235878
     656.3835223482321908       1.1105858448344548
     656.3837224816544449       1.0706771185396786
     656.3839226150766990       1.0950211594626096
     656.3841227484990668       1.0343682956696933
     656.3843228819213209       0.9707311142027801
     656.3845230153435750       0.9603924637623953
     656.3847231487658291       0.9338862531068485
     656.3849232821881969       1.1221758989825754
     656.3851234156104510       0.9916335795949658
     656.3853235490327052       1.0124636373079026
     656.3855236824549593       0.9849070117634909
     656.3857238158772134       0.9443516214365573
     656.3859239492995812       1.0024759028185368
     656.3861240827218353       1.0063691242473218
     656.3863242161440894       1.0835276978005131
     656.3865243495663435       0.9466042732492053
     656.3867244829887113       0.9982614297106982
     656.3869246164109654       0.9965883295009889
     656.3871247498332195       1.0259050574113622
     656.3873248832554737       0.9575580653789920
     656.3875250166778414       0.9932134573223722
     656.3877251501000956       1.0532163938932293
     656.3879252835223497       1.0245113967811292
     656.3881254169446038       0.9463283418861725
     656.3883255503669716       0.9891914054214608
     656.3885256837892257       1.0676996111485222
     656.3887258172114798       1.0070143947102945
     656.3889259506337339       0.9304889887375394
     656.3891260840561017       0.9897528290609261
     656.3893262174783558       0.9703149702301135
     656.3895263509006099       0.9558711387147115
     656.3897264843228641       0.9929971732149836
     656.3899266177452319       1.0135538345168056
     656.3901267511674860       0.9986025384835712
     656.3903268845897401       1.0508213341219022
     656.3905270180119942       0.9634987562882877
     656.3907271514343620       1.0699807032934445
     656.3909272848566161       0.9942915961140567
     656.3911274182788702       1.0411251895125666
     656.3913275517011243       1.0787486955520715
     656.3915276851233784       1.0147405294699541
     656.3917278185457462       0.9949579806997053
     656.3919279519680003       1.0064390772021401
     656.3921280853902545       1.0460221394895886
     656.3923282188125086       1.0187702961265617
     656.3925283522348764       0.9379039928316781
     656.3927284856571305       1.0612547472119136
     656.3929286190793846       1.0359182879328594
     656.3931287525016387       0.9818143714219242
     656.3933288859240065       1.0630400851368842
     656.3935290193462606       1.0780189409851988
     656.3937291527685147       0.9773058444261523
     656.3939292861907688       0.9697485212236624
     656.3941294196131366       1.0280858483165489
     656.3943295530353907       0.8905018195509903
     656.3945296864576449       0.9681954011321062
     656.3947298198798990       0.9950886159203943
     656.3949299533022668       0.9110552147030828
     656.3951300867245209       1.0500640086829662
     656.3953302201467750       1.1014000400900841
     656.3955303535690291       0.9939191467128693
     656.3957304869913969       1.0352158397436142
     656.3959306204136510       1.0620508156716824
     656.3961307538359051       1.0464653447270393
     656.3963308872581592       1.0162566062062979
     656.3965310206804133       0.9495488293468952
     656.3967311541027811       0.9425527490675449
     656.3969312875250353       1.0499131493270397
     656.3971314209472894       1.0996899604797363
     656.3973315543695435       1.0403079092502594
     656.3975316877919113       1.0634075775742531
     656.3977318212141654       0.9112724289298058
     656.3979319546364195       0.9382165856659412
     656.3981320880586736       1.0183561425656080
     656.3983322214810414       1.0233703032135963
     656.3985323549032955       1.0401027612388134
     656.3987324883255496       0.9815015681087971
     656.3989326217478038       0.9169012233614922
     656.3991327551701715       0.9471608512103558
     656.3993328885924257       0.9964140553493053
     656.3995330220146798       0.9066001251339912
     656.3997331554369339       1.0004424002545420
     656.3999332888593017       0.9837207384407520
     656.4001334222815558       1.0837513804435730
     656.4003335557038099       1.0343657881021500
     656.4005336891260640       1.0110237468034029
     656.4007338225484318       0.9991322327405214
     656.4009339559706859       1.0333771891891956
     656.4011340893929400       1.0449595041573048
     656.4013342228151942       0.9964459203183651
     656.4015343562375620       0.8982406482100487
     656.4017344896598161       1.0299754496663809
     656.4019346230820702       1.1086089611053467
     656.4021347565043243       0.8715003281831741
     656.4023348899265784       0.9851645976305008
     656.4025350233489462       0.9678961373865604
     656.4027351567712003       1.0544813983142376
     656.4029352901934544       0.9958436470478773
     656.4031354236157085       1.0667045116424561
     656.4033355570380763       0.9690623246133327
     656.4035356904603304       0.9754669163376093
     656.4037358238825846       1.0975655168294907
     656.4039359573048387       0.8750265091657639
     656.4041360907272065       0.9844842907041311
     656.4043362241494606       0.9310458898544312
     656.4045363575717147       1.0164496507495642
     656.4047364909939688       0.9588405340909958
     656.4049366244163366       0.9949568500742316
     656.4051367578385907       1.0300831142812967
     656.4053368912608448       0.9311045855283737
     656.4055370246830989       1.0244927722960711
     656.4057371581054667       1.0148829892277718
     656.4059372915277208       1.0224508736282587
     656.4061374249499750       1.0290990062057972
     656.4063375583722291       0.9787119124084711
     656.4065376917945969       1.0343765839934349
     656.4067378252168510       1.0696239396929741
     656.4069379586391051       0.9956282880157232
     656.4071380920613592       0.9737999234348536
     656.4073382254836133       1.0610423795878887
     656.4075383589059811       1.0095641920343041
     656.4077384923282352       0.9674977250397205
     656.4079386257504893       1.0274726580828428
     656.4081387591727434       1.0150726409628987
     656.4083388925951112       0.9457756280899048
     656.4085390260173654       1.0915252193808556
     656.4087391594396195       0.9728158377110958
     656.4089392928618736       0.9509044364094734
     656.4091394262842414       0.9692882299423218
     656.4093395597064955       0.9988099720794708
     656.4095396931287496       1.0672788023948669
     656.4097398265510037       0.9867285145446658
     656.4099399599733715       0.8761905655264854
     656.4101400933956256       1.0089898966252804
     656.4103402268178797       1.0635129734873772
     656.4105403602401339       1.0084020150825381
     656.4107404936625016       0.9724083486944437
     656.4109406270847558       0.9387365020811558
     656.4111407605070099       1.0219641383737326
     656.4113408939292640       0.9622328802943230
     656.4115410273516318       0.9382546469569206
     656.4117411607738859       1.0379552841186523
     656.4119412941961400       0.9875699123367667
     656.4121414276183941       0.9620156325399876
     656.4123415610407619       0.9932003528811038
     656.4125416944630160       0.9413582310080528
     656.4127418278852701       1.0233451202511787
     656.4129419613075243       1.0357503294944763
     656.4131420947297784       1.0603131167590618
     656.4133422281521462       0.9378034509718418
     656.4135423615744003       1.0345419645309448
     656.4137424949966544       1.0129141425713897
     656.4139426284189085       1.0174578707665205
     656.4141427618412763       0.9649849571287632
     656.4143428952635304       1.0078141707926989
     656.4145430286857845       0.9320800080895424
     656.4147431621080386       0.9965267677325755
     656.4149432955304064       0.9787659253925085
     656.4151434289526605       1.0516754575073719
     656.4153435623749147       0.9071314409375191
     656.4155436957971688       1.0298557430505753
     656.4157438292195366       1.0180044323205948
     656.4159439626417907       1.0109758516773582
     656.4161440960640448       1.0660929083824158
     656.4163442294862989       0.9243842735886574
     656.4165443629086667       0.9479913413524628
     656.4167444963309208       0.9678152687847614
     656.4169446297531749       0.9808040373027325
     656.4171447631754290       0.9817164558917284
     656.4173448965977968       1.0732968002557755
     656.4175450300200509       0.9613204151391983
     656.4177451634423051       1.0637566223740578
     656.4179452968645592       1.0108616380020976
     656.4181454302869270       0.9531570747494698
     656.4183455637091811       0.9845692869275808
     656.4185456971314352       0.9790999572724104
     656.4187458305536893       0.9928171872161329
     656.4189459639759434       0.9796299822628498
     656.4191460973983112       1.0265888031572104
     656.4193462308205653       0.9957047463394701
     656.4195463642428194       1.0464941076934338
     656.4197464976650735       1.0309489872306585
     656.4199466310874413       0.9553201533854008
     656.4201467645096955       0.9290150627493858
     656.4203468979319496       0.9944402026012540
     656.4205470313542037       0.8881043419241905
     656.4207471647765715       1.1056795120239258
     656.4209472981988256       1.0175472777336836
     656.4211474316210797       0.9973845577333122
     656.4213475650433338       1.0315639339387417
     656.4215476984657016       1.0229739826172590
     656.4217478318879557       0.9313743710517883
     656.4219479653102098       1.0045141945593059
     656.4221480987324640       0.9920460255816579
     656.4223482321548317       0.9405591487884521
     656.4225483655770859       0.9931175545789301
     656.4227484989993400       1.0519086979329586
     656.4229486324215941       1.0438020154833794
     656.4231487658439619       1.0109319603070617
     656.4233488992662160       1.0011075994698331
     656.4235490326884701       1.0057173147797585
     656.4237491661107242       0.9440302066504955
     656.4239492995329783       1.0444857701659203
     656.4241494329553461       1.0080885291099548
     656.4243495663776002       1.0114730438217521
     656.4245496997998544       0.9856081288307905
     656.4247498332221085       0.9863351164385676
     656.4249499666444763       0.9584897123277187
     656.4251501000667304       0.9861617609858513
     656.4253502334889845       0.9858797146007419
     656.4255503669112386       0.9924337677657604
     656.4257505003336064       1.0368568450212479
     656.4259506337558605       0.9954191991128027
     656.4261507671781146       0.9571213461458683
     656.4263509006003687       0.9976264587603509
     656.4265510340227365       1.0062770247459412
     656.4267511674449906       1.0444580391049385
     656.4269513008672448       0.9977852290030569
     656.4271514342894989       0.9545209519565105
     656.4273515677118667       1.0191938690841198
     656.4275517011341208       0.9661044962704182
     656.4277518345563749       0.9653780236840248
     656.4279519679786290       0.9783440828323364
     656.4281521014009968       0.9041191264986992
     656.4283522348232509       0.9727116245776415
     656.4285523682455050       1.0567559562623501
     656.4287525016677591       1.0130994385108352
     656.4289526350901269       1.0481603257358074
     656.4291527685123810       0.8514439314603806
     656.4293529019346352       1.0747460126876831
     656.4295530353568893       1.0547684915363789
     656.4297531687791434       1.0122335003688931
     656.4299533022015112       1.0545260198414326
     656.4301534356237653       1.0328403711318970
     656.4303535690460194       1.0211968757212162
     656.4305537024682735       1.0427833497524261
     656.4307538358906413       0.9141378924250603
     656.4309539693128954       0.9608118124306202
     656.4311541027351495       0.9100511893630028
     656.4313542361574036       0.9638722985982895
     656.4315543695797714       1.0884517580270767
     656.4317545030020256       0.9283050373196602
     656.4319546364242797       1.0631077587604523
     656.4321547698465338       0.8851748481392860
     656.4323549032689016       0.9444571435451508
     656.4325550366911557       1.0144284684211016
     656.4327551701134098       0.9808353669941425
     656.4329553035356639       0.9727776516228914
     656.4331554369580317       1.0362464897334576
     656.4333555703802858       1.0100074307993054
     656.4335557038025399       1.0430095382034779
     656.4337558372247940       0.9492677375674248
     656.4339559706471618       1.0000270002983598
     656.4341561040694160       0.9561824053525925
     656.4343562374916701       1.0132420873269439
     656.4345563709139242       0.9253849089145660
     656.4347565043361783       0.9784025810658932
     656.4349566377585461       0.9875711994245648
     656.4351567711808002       1.0412575677037239
     656.4353569046030543       1.0139347855001688
     656.4355570380253084       0.9823011811822653
     656.4357571714476762       0.9463894255459309
     656.4359573048699303       0.9978313215542585
     656.4361574382921845       0.9666937366127968
     656.4363575717144386       1.0249907355755568
     656.4365577051368064       1.0245797708630562
     656.4367578385590605       0.9692992959171534
     656.4369579719813146       0.9835853725671768
     656.4371581054035687       0.9547682292759418
     656.4373582388259365       0.9399009048938751
     656.4375583722481906       0.9398072957992554
     656.4377585056704447       1.0201888922601938
     656.4379586390926988       1.0060340040363371
     656.4381587725150666       0.9922084347344935
     656.4383589059373207       1.0047310716472566
     656.4385590393595749       0.9063524976372719
     656.4387591727818290       1.0032035093754530
     656.4389593062041968       1.0131758851930499
     656.4391594396264509       0.9387977644801140
     656.4393595730487050       1.0059807328507304
     656.4395597064709591       0.9711597617715597
     656.4397598398933269       1.0783887133002281
     656.4399599733155810       0.9596295021474361
     656.4401601067378351       0.9275645837187767
     656.4403602401600892       1.0391355678439140
     656.4405603735823433       1.0227590557187796
     656.4407605070047111       1.0498978197574615
     656.4409606404269653       0.9194761961698532
     656.4411607738492194       1.0473890751600266
     656.4413609072714735       0.9951583859510720
     656.4415610406938413       0.8782416209578514
     656.4417611741160954       1.0307196956127882
     656.4419613075383495       0.9893674012273550
     656.4421614409606036       0.9436266906559467
     656.4423615743829714       0.9795632455497980
     656.4425617078052255       1.0241573192179203
     656.4427618412274796       0.9625639095902443
     656.4429619746497337       1.0122114717960358
     656.4431621080721015       0.9537574313580990
     656.4433622414943557       0.9642675295472145
     656.4435623749166098       0.9766671340912580
     656.4437625083388639       1.0774405002593994
     656.4439626417612317       0.9662987440824509
     656.4441627751834858       1.0488895550370216
     656.4443629086057399       0.9632177688181400
     656.4445630420279940       0.9730438441038132
     656.4447631754503618       0.9860531771555543
     656.4449633088726159       0.9515550322830677
     656.4451634422948700       1.0098870918154716
     656.4453635757171241       1.0093238456174731
     656.4455637091393783       0.9886888200417161
     656.4457638425617461       0.9873846648260951
     656.4459639759840002       0.9909059340134263
     656.4461641094062543       0.9406958743929863
     656.4463642428285084       1.0157610941678286
     656.4465643762508762       1.0349007658660412
     656.4467645096731303       1.0156819447875023
     656.4469646430953844       0.9963635897729546
     656.4471647765176385       1.0133305108174682
     656.4473649099400063       1.0159059464931488
     656.4475650433622604       1.0645053014159203
     656.4477651767845146       1.0316381566226482
     656.4479653102067687       1.0093551147729158
     656.4481654436291365       1.0791490972042084
     656.4483655770513906       0.9509827159345150
     656.4485657104736447       0.9640254154801369
     656.4487658438958988       0.8981994390487671
     656.4489659773182666       0.9884994523599744
     656.4491661107405207       1.0277876742184162
     656.4493662441627748       0.9578774832189083
     656.4495663775850289       0.9939484093338251
     656.4497665110073967       0.9779419619590044
     656.4499666444296508       1.1180259361863136
     656.4501667778519050       0.9023213088512421
     656.4503669112741591       0.9676065705716610
     656.4505670446965269       1.0663612112402916
     656.4507671781187810       0.9625004120171070
     656.4509673115410351       1.0479851663112640
     656.4511674449632892       0.9813359975814819
     656.4513675783855433       0.9849632428959012
     656.4515677118079111       0.9387193731963634
     656.4517678452301652       1.0544079914689064
     656.4519679786524193       1.0509186945855618
     656.4521681120746734       1.0309868790209293
     656.4523682454970412       1.0302460286766291
     656.4525683789192954       1.0116972839459777
     656.4527685123415495       1.0373966470360756
     656.4529686457638036       0.9938722932711244
     656.4531687791861714       0.9799686465412378
     656.4533689126084255       0.9559510312974453
     656.4535690460306796       1.0097639989107847
     656.4537691794529337       0.9978184243664145
     656.4539693128753015       0.9871835438534617
     656.4541694462975556       1.0534650981426239
     656.4543695797198097       1.0812010392546654
     656.4545697131420638       1.0282626003026962
     656.4547698465644316       1.0841509848833084
     656.4549699799866858       0.9313031733036041
     656.4551701134089399       1.0002041999541689
     656.4553702468311940       0.9578340090811253
     656.4555703802535618       1.0095447599887848
     656.4557705136758159       1.0386977568268776
     656.4559706470980700       0.9352943822741508
     656.4561707805203241       0.9688547719269991
     656.4563709139425782       1.0157672986388206
     656.4565710473649460       0.9723168872296810
     656.4567711807872001       0.9660812132060528
     656.4569713142094542       1.0898167714476585
     656.4571714476317084       1.0872870162129402
     656.4573715810540762       1.0625524371862411
     656.4575717144763303       1.0063327485695481
     656.4577718478985844       0.9126143902540207
     656.4579719813208385       0.9758243281394243
     656.4581721147432063       0.9396712593734264
     656.4583722481654604       1.0443069860339165
     656.4585723815877145       0.9759482126682997
     656.4587725150099686       1.0600603334605694
     656.4589726484323364       0.9844149276614189
     656.4591727818545905       0.9886963013559580
     656.4593729152768447       0.9408943243324757
     656.4595730486990988       1.0199372377246618
     656.4597731821214666       0.9681527875363827
     656.4599733155437207       0.9627884477376938
     656.4601734489659748       0.9577331617474556
     656.4603735823882289       1.0552735887467861
     656.4605737158105967       1.0777179747819901
     656.4607738492328508       1.0230938736349344
     656.4609739826551049       0.9679059870541096
     656.4611741160773590       1.0127314003184438
     656.4613742494997268       0.9155660867691040
     656.4615743829219809       0.9169610589742661
     656.4617745163442351       0.9786723926663399
     656.4619746497664892       1.0565872266888618
     656.4621747831887433       0.9613937847316265
     656.4623749166111111       1.0679956004023552
     656.4625750500333652       0.9892092943191528
     656.4627751834556193       0.9222937375307083
     656.4629753168778734       1.0235628765076399
     656.4631754503002412       1.0098397079855204
     656.4633755837224953       0.8687202930450439
     656.4635757171447494       1.1073509231209755
     656.4637758505670035       0.9153342172503471
     656.4639759839893713       0.8930378630757332
     656.4641761174116255       1.0092502236366272
     656.4643762508338796       0.9831591080874205
     656.4645763842561337       1.0215603541582823
     656.4647765176785015       0.9466078281402588
     656.4649766511007556       0.9122404530644417
     656.4651767845230097       1.0322558134794235
     656.4653769179452638       0.9854754069820046
     656.4655770513676316       0.9739284534007311
     656.4657771847898857       1.0150932660326362
     656.4659773182121398       1.0342409238219261
     656.4661774516343939       0.9796157609671354
     656.4663775850567617       0.9252022355794907
     656.4665777184790159       1.0047512948513031
     656.4667778519012700       0.9915085453540087
     656.4669779853235241       1.0513661392033100
     656.4671781187458919       0.9510019831359386
     656.4673782521681460       1.0079326704144478
     656.4675783855904001       1.0483843088150024
     656.4677785190126542       0.9804775584489107
     656.4679786524349083       0.9819722734391689
     656.4681787858572761       1.0069256201386452
     656.4683789192795302       1.0343617759644985
     656.4685790527017843       1.0592767894268036
     656.4687791861240385       1.0393694601953030
     656.4689793195464063       1.0854614526033401
     656.4691794529686604       1.0293001867830753
     656.4693795863909145       0.9953462746925652
     656.4695797198131686       0.9888449795544147
     656.4697798532355364       1.0321974158287048
     656.4699799866577905       0.9816328845918179
     656.4701801200800446       0.9094682931900024
     656.4703802535022987       1.0684848427772522
     656.4705803869246665       1.0140060558915138
     656.4707805203469206       0.9566259235143661
     656.4709806537691748       1.0392888039350510
     656.4711807871914289       0.9766874872148037
     656.4713809206137967       1.0349179953336716
     656.4715810540360508       0.9926427244208753
     656.4717811874583049       1.0683708116412163
     656.4719813208805590       0.9923262395896018
     656.4721814543029268       0.9613628238439560
     656.4723815877251809       1.0381359197199345
     656.4725817211474350       0.9714653007686138
     656.4727818545696891       1.1195919662714005
     656.4729819879919432       1.0124156000092626
     656.4731821214143110       0.9577137827873230
     656.4733822548365652       1.0186973623931408
     656.4735823882588193       0.9993200975586660
     656.4737825216810734       1.0274518914520741
     656.4739826551034412       0.8986234068870544
     656.4741827885256953       1.0376183837652206
     656.4743829219479494       0.9993158613797277
     656.4745830553702035       1.0230647474527359
     656.4747831887925713       0.9721476901322603
     656.4749833222148254       0.9578185528516769
     656.4751834556370795       0.9701060466468334
     656.4753835890593336       0.9488167874515057
     656.4755837224817014       1.0304783266037703
     656.4757838559039556       1.0810529217123985
     656.4759839893262097       1.0438364595174789
     656.4761841227484638       0.9396214298903942
     656.4763842561708316       0.9292530193924904
     656.4765843895930857       1.0627207085490227
     656.4767845230153398       1.0056770439259708
     656.4769846564375939       1.0750435516238213
     656.4771847898599617       0.9850522661581635
     656.4773849232822158       1.0337254293262959
     656.4775850567044699       1.0055379918776453
     656.4777851901267240       1.0405781567096710
     656.4779853235490918       0.9537246264517307
     656.4781854569713460       0.9463894180953503
     656.4783855903936001       1.0474918037652969
     656.4785857238158542       0.9427748508751392
     656.4787858572381083       0.9622065722942352
     656.4789859906604761       0.9377568475902081
     656.4791861240827302       1.0006396449171007
     656.4793862575049843       1.0542302690446377
     656.4795863909272384       0.9717643279582262
     656.4797865243496062       1.0258787106722593
     656.4799866577718603       0.9804052598774433
     656.4801867911941144       0.8662161976099014
     656.4803869246163686       1.0133042773231864
     656.4805870580387364       1.0348711423575878
     656.4807871914609905       0.9839948453009129
     656.4809873248832446       1.0029164736624807
     656.4811874583054987       0.9744757823646069
     656.4813875917278665       1.0320822298526764
     656.4815877251501206       0.9977842175867409
     656.4817878585723747       1.0018750763265416
     656.4819879919946288       1.0491543561220169
     656.4821881254169966       1.0520150326192379
     656.4823882588392507       1.0503513924777508
     656.4825883922615049       1.1327256113290787
     656.4827885256837590       1.0335464105010033
     656.4829886591061268       1.0091016273945570
     656.4831887925283809       0.9652575664222240
     656.4833889259506350       0.9772892072796822
     656.4835890593728891       0.9756382592022419
     656.4837891927951432       0.9918832974508405
     656.4839893262175110       1.1112373992800713
     656.4841894596397651       0.9804463256150484
     656.4843895930620192       0.9828531648963690
     656.4845897264842733       0.9838636852800846
     656.4847898599066411       0.9545949436724186
     656.4849899933288953       1.0999220982193947
     656.4851901267511494       0.9843043666332960
     656.4853902601734035       1.0314004234969616
     656.4855903935957713       0.9523439891636372
     656.4857905270180254       1.0020771517883986
     656.4859906604402795       1.0237093716859818
     656.4861907938625336       0.9784595463424921
     656.4863909272849014       0.9969158323947340
     656.4865910607071555       1.0418221615254879
     656.4867911941294096       1.0279541444033384
     656.4869913275516637       0.9921998851932585
     656.4871914609740315       1.0009056936833076
     656.4873915943962857       0.9896775428205729
     656.4875917278185398       1.0382027365267277
     656.4877918612407939       1.0195146612823009
     656.4879919946631617       1.1082908436655998
     656.4881921280854158       0.9720577951520681
     656.4883922615076699       1.0127851832658052
     656.4885923949299240       0.9722346421331167
     656.4887925283522918       0.9863725798204541
     656.4889926617745459       0.9728302713483572
     656.4891927951968000       1.0610756576061249
     656.4893929286190541       1.0105164265260100
     656.4895930620413083       0.9411953017115593
     656.4897931954636761       0.9727032352238894
     656.4899933288859302       1.0473461821675301
     656.4901934623081843       1.0364937521517277
     656.4903935957304384       0.9884782722219825
     656.4905937291528062       0.9561724811792374
     656.4907938625750603       0.9693504776805639
     656.4909939959973144       0.9272594228386879
     656.4911941294195685       1.0866267457604408
     656.4913942628419363       1.0538891144096851
     656.4915943962641904       0.9845886761322618
     656.4917945296864445       0.9872110690921545
     656.4919946631086987       1.0552538521587849
     656.4921947965310665       0.9862056346610188
     656.4923949299533206       1.0623905062675476
     656.4925950633755747       0.9329611286520958
     656.4927951967978288       0.9854452395811677
     656.4929953302201966       0.9904014859348536
     656.4931954636424507       0.9564661569893360
     656.4933955970647048       0.9520335234701633
     656.4935957304869589       1.0327294841408730
     656.4937958639093267       1.0841104611754417
     656.4939959973315808       1.1017348989844322
     656.4941961307538350       1.0106995617970824
     656.4943962641760891       1.0366006083786488
     656.4945963975983432       1.0799220353364944
     656.4947965310207110       1.0227997079491615
     656.4949966644429651       0.9985461033647880
     656.4951967978652192       0.9937228797934949
     656.4953969312874733       0.9812159799039364
     656.4955970647098411       1.0011572154471651
     656.4957971981320952       1.0365666747093201
     656.4959973315543493       0.9037374481558800
     656.4961974649766034       0.9984499715501443
     656.4963975983989712       0.9358629062771797
     656.4965977318212254       1.0156031502410769
     656.4967978652434795       1.0615134611725807
     656.4969979986657336       0.9448042213916779
     656.4971981320881014       1.0584084466099739
     656.4973982655103555       0.9951020404696465
     656.4975983989326096       1.0064238579943776
     656.4977985323548637       1.0123171163722873
     656.4979986657772315       0.9664847850799561
     656.4981987991994856       0.9388007707893848
     656.4983989326217397       1.0013192734913900
     656.4985990660439938       0.9953053351491690
     656.4987991994663616       0.9761547427624464
     656.4989993328886158       0.9612642712891102
     656.4991994663108699       0.9723947700113058
     656.4993995997331240       0.9679738171398640
     656.4995997331554918       1.0121255451813340
     656.4997998665777459       0.9173626229166985
     656.5000000000000000       0.9325926974415779
