     656.2000000000000455       1.0322247110307217
     656.2002001334222996       1.0882992744445801
     656.2004002668445537       0.9782357905060053
     656.2006004002669215       1.0061019454151392
     656.2008005336891756       1.1084439679980278
     656.2010006671114297       0.9976579640060663
     656.2012008005336838       1.0020010336302221
     656.2014009339560516       0.8755968585610390
     656.2016010673783057       1.0327805541455746
     656.2018012008005599       1.0075665414333344
     656.2020013342228140       1.0891138911247253
     656.2022014676451818       0.9960803156718612
     656.2024016010674359       1.0382284782826900
     656.2026017344896900       0.9565230794250965
     656.2028018679119441       1.0316793583333492
     656.2030020013343119       1.0021921165753156
     656.2032021347565660       1.0234461091458797
     656.2034022681788201       1.0027816293295473
     656.2036024016010742       0.9439186938107014
     656.2038025350234420       1.0730516761541367
     656.2040026684456961       0.9538838677108288
     656.2042028018679503       1.0889983549714088
     656.2044029352902044       0.9908573413267732
     656.2046030687125722       0.9574311561882496
     656.2048032021348263       1.0143043324351311
     656.2050033355570804       1.0241470485925674
     656.2052034689793345       0.9823829680681229
     656.2054036024017023       0.9214228466153145
     656.2056037358239564       0.8917687311768532
     656.2058038692462105       1.0129628451541066
     656.2060040026684646       1.0327819399535656
     656.2062041360907187       1.0005094279767945
     656.2064042695130865       1.0764272585511208
     656.2066044029353407       0.9617567993700504
     656.2068045363575948       0.9254637956619263
     656.2070046697798489       0.9519711770117283
     656.2072048032022167       1.0546245984733105
     656.2074049366244708       0.9991966456291266
     656.2076050700467249       0.9586887620389462
     656.2078052034689790       0.9891325691714883
     656.2080053368913468       0.9456990100443363
     656.2082054703136009       0.9850992690771818
     656.2084056037358550       1.0338140018284321
     656.2086057371581092       0.9639489017426968
     656.2088058705804769       1.0047765146009624
     656.2090060040027311       0.9605148285627365
     656.2092061374249852       1.0791343301534653
     656.2094062708472393       0.9497797675430775
     656.2096064042696071       0.9808152057230473
     656.2098065376918612       0.9180868268013000
     656.2100066711141153       1.1005670055747032
     656.2102068045363694       1.0794756114482880
     656.2104069379587372       0.9868227103725076
     656.2106070713809913       1.0186764523386955
     656.2108072048032454       0.9532045274972916
     656.2110073382254996       0.9779058862477541
     656.2112074716477537       0.9705530647188425
     656.2114076050701215       0.9231559634208679
     656.2116077384923756       0.8897846341133118
     656.2118078719146297       0.9601735807955265
     656.2120080053368838       1.0360292308032513
     656.2122081387592516       0.9706740938127041
     656.2124082721815057       1.0337429642677307
     656.2126084056037598       1.1258738636970520
     656.2128085390260139       1.0023669486399740
     656.2130086724483817       1.0145077733322978
     656.2132088058706358       1.1178196817636490
     656.2134089392928900       1.0421874187886715
     656.2136090727151441       1.0301523357629776
     656.2138092061375119       1.0350923500955105
     656.2140093395597660       0.9665476419031620
     656.2142094729820201       0.9712370932102203
     656.2144096064042742       0.9905779566615820
     656.2146097398266420       1.0270338337868452
     656.2148098732488961       0.9947122321464121
     656.2150100066711502       1.0499164350330830
     656.2152101400934043       0.9578309282660484
     656.2154102735157721       1.0346692726016045
     656.2156104069380262       0.9580501206219196
     656.2158105403602804       1.0561026707291603
     656.2160106737825345       1.0051633697003126
     656.2162108072049023       1.0148225622251630
     656.2164109406271564       0.9429902769625187
     656.2166110740494105       0.8891909494996071
     656.2168112074716646       0.9640080817043781
     656.2170113408939187       1.0244307480752468
     656.2172114743162865       0.8900606408715248
     656.2174116077385406       0.9410262890160084
     656.2176117411607947       0.9578911326825619
     656.2178118745830488       0.9912902973592281
     656.2180120080054166       1.0369816236197948
     656.2182121414276708       0.9159097671508789
     656.2184122748499249       1.0845793411135674
     656.2186124082721790       1.0088487742468715
     656.2188125416945468       1.0169023070484400
     656.2190126751168009       0.9497710354626179
     656.2192128085390550       1.0160154979676008
     656.2194129419613091       1.0115789277479053
     656.2196130753836769       1.0081480173394084
     656.2198132088059310       0.9201105833053589
     656.2200133422281851       1.0412249192595482
     656.2202134756504392       1.0027689030393958
     656.2204136090728070       0.9993701060884632
     656.2206137424950612       0.9344874620437622
     656.2208138759173153       1.0693877860903740
     656.2210140093395694       0.9879397107288241
     656.2212141427619372       0.9262185916304588
     656.2214142761841913       0.9704705867916346
     656.2216144096064454       1.0640851482748985
     656.2218145430286995       0.9632587358355522
     656.2220146764509536       0.9417119733989239
     656.2222148098733214       1.0954314917325974
     656.2224149432955755       0.8750168159604073
     656.2226150767178297       1.0335645079612732
     656.2228152101400838       0.9766667596995831
     656.2230153435624516       0.9510211385786533
     656.2232154769847057       1.0275764763355255
     656.2234156104069598       1.0980405732989311
     656.2236157438292139       0.9810880590230227
     656.2238158772515817       1.0016419200692326
     656.2240160106738358       0.9580687545239925
     656.2242161440960899       1.0015504526672885
     656.2244162775183440       0.9476393200457096
     656.2246164109407118       1.0680584833025932
     656.2248165443629659       0.9825814943760633
     656.2250166777852201       1.0290735121816397
     656.2252168112074742       0.9763998109847307
     656.2254169446298420       1.0356473214924335
     656.2256170780520961       1.0301802456378937
     656.2258172114743502       0.9703836459666491
     656.2260173448966043       0.9675173796713352
     656.2262174783189721       1.0306246671825647
     656.2264176117412262       1.0166932120919228
     656.2266177451634803       0.9620263874530792
     656.2268178785857344       1.0751725658774376
     656.2270180120081022       0.9753693658858538
     656.2272181454303563       0.9387857429683208
     656.2274182788526105       1.0085930135101080
     656.2276184122748646       0.9613970406353474
     656.2278185456971187       0.9941492751240730
     656.2280186791194865       0.9876677496358752
     656.2282188125417406       1.0192890185862780
     656.2284189459639947       0.9298088029026985
     656.2286190793862488       1.0250494368374348
     656.2288192128086166       0.9790695700794458
     656.2290193462308707       0.9517228715121746
     656.2292194796531248       0.9638189151883125
     656.2294196130753789       1.0345821753144264
     656.2296197464977467       1.0581059232354164
     656.2298198799200009       0.9051808193325996
     656.2300200133422550       0.9934888272546232
     656.2302201467645091       0.9609395153820515
     656.2304202801868769       1.0462924093008041
     656.2306204136091310       0.9094494357705116
     656.2308205470313851       1.0102229239419103
     656.2310206804536392       0.9390214793384075
     656.2312208138760070       1.0854380205273628
     656.2314209472982611       1.0489849559962749
     656.2316210807205152       0.9844560399651527
     656.2318212141427693       1.0528639666736126
     656.2320213475651371       0.9854046581313014
     656.2322214809873913       1.0636806711554527
     656.2324216144096454       1.0145798576995730
     656.2326217478318995       0.9828120339661837
     656.2328218812541536       0.9085619226098061
     656.2330220146765214       0.9534546472132206
     656.2332221480987755       1.0521660409867764
     656.2334222815210296       1.0217939633876085
     656.2336224149432837       1.0198565777391195
     656.2338225483656515       0.9649694040417671
     656.2340226817879056       1.0723291262984276
     656.2342228152101598       1.0133558036759496
     656.2344229486324139       1.0055904383771122
     656.2346230820547817       0.9905234379693866
     656.2348232154770358       0.9638810493052006
     656.2350233488992899       1.0511442609131336
     656.2352234823215440       1.0066575403325260
     656.2354236157439118       1.0117497844621539
     656.2356237491661659       0.8969014659523964
     656.2358238825884200       1.0379072614014149
     656.2360240160106741       0.9459092654287815
     656.2362241494330419       1.1304194629192352
     656.2364242828552960       0.9582554586231709
     656.2366244162775502       1.0276844240725040
     656.2368245496998043       0.9431605264544487
     656.2370246831221721       1.0274036675691605
     656.2372248165444262       1.0067615672014654
     656.2374249499666803       0.9642519317567348
     656.2376250833889344       0.9359751790761948
     656.2378252168113022       1.0404403060674667
     656.2380253502335563       1.0631933063268661
     656.2382254836558104       1.0498716048896313
     656.2384256170780645       1.0880462303757668
     656.2386257505003186       0.9467544257640839
     656.2388258839226864       1.0066772433929145
     656.2390260173449406       1.0093604428693652
     656.2392261507671947       0.9535954520106316
     656.2394262841894488       1.0270857661962509
     656.2396264176118166       0.9847592189908028
     656.2398265510340707       1.0798478499054909
     656.2400266844563248       1.0143731730058789
     656.2402268178785789       0.9978498662821949
     656.2404269513009467       1.0301608778536320
     656.2406270847232008       0.9269925802946091
     656.2408272181454549       1.0427489764988422
     656.2410273515677090       0.9744274467229843
     656.2412274849900768       0.9378338269889355
     656.2414276184123310       1.0635274425148964
     656.2416277518345851       0.9977536492515355
     656.2418278852568392       0.9592943675816059
     656.2420280186792070       0.9524969272315502
     656.2422281521014611       0.9837679807096720
     656.2424282855237152       1.0229741837829351
     656.2426284189459693       0.9845146443694830
     656.2428285523683371       1.0281070452183485
     656.2430286857905912       1.0088626435026526
     656.2432288192128453       1.0452309362590313
     656.2434289526350994       1.0218613520264626
     656.2436290860574672       0.9464537240564823
     656.2438292194797214       1.0075152539648116
     656.2440293529019755       1.0477953776717186
     656.2442294863242296       0.9123323559761047
     656.2444296197464837       0.9609503261744976
     656.2446297531688515       0.9503674656152725
     656.2448298865911056       1.0392036102712154
     656.2450300200133597       1.0031762700527906
     656.2452301534356138       1.0929561331868172
     656.2454302868579816       1.0845438539981842
     656.2456304202802357       0.9926880118437111
     656.2458305537024899       1.0633055269718170
     656.2460306871247440       0.9975443009752780
     656.2462308205471118       1.0227721985429525
     656.2464309539693659       0.9581987857818604
     656.2466310873916200       1.1156180500984192
     656.2468312208138741       0.9794013574719429
     656.2470313542362419       1.0068137058988214
     656.2472314876584960       1.0331455059349537
     656.2474316210807501       1.0514295361936092
     656.2476317545030042       0.9941138387657702
     656.2478318879253720       1.0180727690458298
     656.2480320213476261       1.0898499265313148
     656.2482321547698803       0.9659328050911427
     656.2484322881921344       0.9482386223971844
     656.2486324216145022       0.9781578462570906
     656.2488325550367563       1.0136251291260123
     656.2490326884590104       1.0589581727981567
     656.2492328218812645       1.0747544243931770
     656.2494329553035186       1.0826886296272278
     656.2496330887258864       1.0531118027865887
     656.2498332221481405       0.8873307481408119
     656.2500333555703946       0.9082605093717575
     656.2502334889926487       1.0320980250835419
     656.2504336224150165       1.1028237864375114
     656.2506337558372707       0.9348996728658676
     656.2508338892595248       0.9676612950861454
     656.2510340226817789       0.9568657651543617
     656.2512341561041467       0.9265003278851509
     656.2514342895264008       0.9571758247911930
     656.2516344229486549       1.0297031309455633
     656.2518345563709090       0.9565611369907856
     656.2520346897932768       1.0507029965519905
     656.2522348232155309       0.9675932340323925
     656.2524349566377850       1.0108528183773160
     656.2526350900600391       0.9838404078036547
     656.2528352234824069       1.0246687028557062
     656.2530353569046611       1.0394783131778240
     656.2532354903269152       0.9801235310733318
     656.2534356237491693       0.9859337881207466
     656.2536357571715371       1.0375164411962032
     656.2538358905937912       0.9353955611586571
     656.2540360240160453       0.9934240751899779
     656.2542361574382994       0.9695929903537035
     656.2544362908606672       0.9506756663322449
     656.2546364242829213       1.1170190200209618
     656.2548365577051754       0.9863740932196379
     656.2550366911274295       1.0011680537136272
     656.2552368245496837       1.0102720251306891
     656.2554369579720515       1.0566715300083160
     656.2556370913943056       1.0771851316094398
     656.2558372248165597       1.0234372038394213
     656.2560373582388138       0.9872993156313896
     656.2562374916611816       1.0166040044277906
     656.2564376250834357       0.9900086196139455
     656.2566377585056898       0.9962783823721111
     656.2568378919279439       1.0064775417558849
     656.2570380253503117       1.0526804998517036
     656.2572381587725658       0.9398314058780670
     656.2574382921948200       0.8822167366743088
     656.2576384256170741       1.0398663803935051
     656.2578385590394419       1.0515801496803761
     656.2580386924616960       0.9997689846641151
     656.2582388258839501       0.9288365095853806
     656.2584389593062042       0.9848721921443939
     656.2586390927285720       0.9524019584059715
     656.2588392261508261       0.9808798972517252
     656.2590393595730802       0.9650274850428104
     656.2592394929953343       0.9939452935941517
     656.2594396264177021       0.9873810159042478
     656.2596397598399562       1.0113720670342445
     656.2598398932622104       0.9792579021304846
     656.2600400266844645       1.0556020811200142
     656.2602401601067186       1.0180137138813734
     656.2604402935290864       0.9625676423311234
     656.2606404269513405       1.0283587612211704
     656.2608405603735946       0.9581257067620754
     656.2610406937958487       1.0380269438028336
     656.2612408272182165       1.0420022085309029
     656.2614409606404706       1.0684642866253853
     656.2616410940627247       1.0016768362838775
     656.2618412274849788       1.0885643213987350
     656.2620413609073466       1.0474600009620190
     656.2622414943296008       1.0367355123162270
     656.2624416277518549       1.0216733105480671
     656.2626417611741090       1.0489646755158901
     656.2628418945964768       1.0449911542236805
     656.2630420280187309       1.0259935259819031
     656.2632421614409850       1.0114847784861922
     656.2634422948632391       1.0795963555574417
     656.2636424282856069       0.9519635438919067
     656.2638425617078610       0.9396840520203114
     656.2640426951301151       0.9815623927861452
     656.2642428285523692       0.9627057053148746
     656.2644429619747370       1.0227206367999315
     656.2646430953969912       1.0081102559342980
     656.2648432288192453       1.0087352758273482
     656.2650433622414994       1.0326588638126850
     656.2652434956638672       0.9692414700984955
     656.2654436290861213       1.0927102193236351
     656.2656437625083754       1.0279309209436178
     656.2658438959306295       1.0485392734408379
     656.2660440293528836       0.9520518928766251
     656.2662441627752514       0.9805822186172009
     656.2664442961975055       0.9201857298612595
     656.2666444296197596       0.9933524657972157
     656.2668445630420138       0.9901261888444424
     656.2670446964643816       1.0154914353042841
     656.2672448298866357       1.0519293360412121
     656.2674449633088898       1.0727887004613876
     656.2676450967311439       0.9654309935867786
     656.2678452301535117       1.0846081599593163
     656.2680453635757658       0.9522713311016560
     656.2682454969980199       1.0027356864884496
     656.2684456304202740       0.9662756621837616
     656.2686457638426418       0.9344767034053802
     656.2688458972648959       0.8960355147719383
     656.2690460306871501       1.0259811412543058
     656.2692461641094042       1.0206881090998650
     656.2694462975317720       1.0917239412665367
     656.2696464309540261       1.0364774651825428
     656.2698465643762802       1.0086168320849538
     656.2700466977985343       1.0249691214412451
     656.2702468312209021       0.9500544704496861
     656.2704469646431562       0.9494052752852440
     656.2706470980654103       1.0432871729135513
     656.2708472314876644       1.0526019521057606
     656.2710473649099185       1.0353767909109592
     656.2712474983322863       1.0186523161828518
     656.2714476317545405       0.9956367239356041
     656.2716477651767946       1.0350144095718861
     656.2718478985990487       1.0305217485874891
     656.2720480320214165       1.0124457804486156
     656.2722481654436706       0.9159956872463226
     656.2724482988659247       0.9863908039405942
     656.2726484322881788       1.0020520414691418
     656.2728485657105466       1.0210047978907824
     656.2730486991328007       1.0294122286140919
     656.2732488325550548       0.9454487673938274
     656.2734489659773089       0.9834027476608753
     656.2736490993996767       1.0677001252770424
     656.2738492328219309       0.9566711597144604
     656.2740493662441850       0.9836808480322361
     656.2742494996664391       1.0447878092527390
     656.2744496330888069       0.9923862856812775
     656.2746497665110610       1.0165515430271626
     656.2748498999333151       0.9947708607651293
     656.2750500333555692       1.0022323867306113
     656.2752501667779370       1.0208144467324018
     656.2754503002001911       0.9782646168023348
     656.2756504336224452       0.9988549449481070
     656.2758505670446993       1.0787155851721764
     656.2760507004670671       0.9755522068589926
     656.2762508338893213       1.0746797025203705
     656.2764509673115754       1.0244278423488140
     656.2766511007338295       1.0357002466917038
     656.2768512341560836       0.9915193496271968
     656.2770513675784514       1.0510033033788204
     656.2772515010007055       0.9341190233826637
     656.2774516344229596       0.9656828083097935
     656.2776517678452137       0.9989448176929727
     656.2778519012675815       1.0292050037533045
     656.2780520346898356       0.9967080710921437
     656.2782521681120897       1.0428263433277607
     656.2784523015343439       0.9834120348095894
     656.2786524349567117       0.9901039749383926
     656.2788525683789658       0.9652337580919266
     656.2790527018012199       1.0545323789119720
     656.2792528352234740       0.9463241435587406
     656.2794529686458418       1.0435898005962372
     656.2796531020680959       1.0331248119473457
     656.2798532354903500       0.9746557082980871
     656.2800533689126041       0.8945652022957802
     656.2802535023349719       1.0687289535999298
     656.2804536357572260       1.0421769507229328
     656.2806537691794802       0.9393866248428822
     656.2808539026017343       1.0687942802906036
     656.2810540360241021       1.0523844026029110
     656.2812541694463562       0.9406654872000217
     656.2814543028686103       1.0496120452880859
     656.2816544362908644       1.0571533218026161
     656.2818545697131185       0.9359538331627846
     656.2820547031354863       1.0548913888633251
     656.2822548365577404       1.0314202569425106
     656.2824549699799945       0.9233349412679672
     656.2826551034022486       1.0903945192694664
     656.2828552368246164       0.9849536651745439
     656.2830553702468706       0.9996772001322825
     656.2832555036691247       0.9741229880601168
     656.2834556370913788       0.9537937194108963
     656.2836557705137466       0.9972570242825896
     656.2838559039360007       1.0137817710638046
     656.2840560373582548       0.9949580789543688
     656.2842561707805089       1.0379422865808010
     656.2844563042028767       1.0098171019926667
     656.2846564376251308       1.0864477977156639
     656.2848565710473849       1.0321225933730602
     656.2850567044696390       0.9606454707682133
     656.2852568378920068       1.0152749512344599
     656.2854569713142610       1.0484283342957497
     656.2856571047365151       1.0482384972274303
     656.2858572381587692       1.0388124920427799
     656.2860573715811370       0.9874276639893651
     656.2862575050033911       1.0429707355797291
     656.2864576384256452       1.0030943411402404
     656.2866577718478993       0.9423699714243412
     656.2868579052702671       0.9972131124231964
     656.2870580386925212       0.9516286365687847
     656.2872581721147753       1.0482606589794159
     656.2874583055370294       1.0039409981109202
     656.2876584389592836       0.9527342207729816
     656.2878585723816514       0.8877879008650780
     656.2880587058039055       1.0080148940905929
     656.2882588392261596       0.9465639032423496
     656.2884589726484137       1.0783759802579880
     656.2886591060707815       0.9242884069681168
     656.2888592394930356       0.9477022215723991
     656.2890593729152897       1.0499495193362236
     656.2892595063375438       1.0159826930612326
     656.2894596397599116       1.0704024955630302
     656.2896597731821657       0.9715294633060694
     656.2898599066044198       0.9128660634160042
     656.2900600400266740       1.0290363468229771
     656.2902601734490418       1.0529085211455822
     656.2904603068712959       1.0014376463368535
     656.2906604402935500       0.9485907442867756
     656.2908605737158041       1.0378622189164162
     656.2910607071381719       1.0438534542918205
     656.2912608405604260       0.9677209816873074
     656.2914609739826801       1.1390670388936996
     656.2916611074049342       1.0266128331422806
     656.2918612408273020       0.9945496204309165
     656.2920613742495561       0.9735932201147079
     656.2922615076718103       0.9474917463958263
     656.2924616410940644       0.9599888622760773
     656.2926617745164322       0.9992321469471790
     656.2928619079386863       0.9886226598173380
     656.2930620413609404       1.0475835762917995
     656.2932621747831945       0.9982851033564657
     656.2934623082054486       1.0352322347462177
     656.2936624416278164       1.0385533981025219
     656.2938625750500705       0.9979131254367530
     656.2940627084723246       0.9884854936972260
     656.2942628418945787       1.0537132918834686
     656.2944629753169465       0.9765799958258867
     656.2946631087392007       1.0487795323133469
     656.2948632421614548       1.0266330242156982
     656.2950633755837089       1.0138344941660762
     656.2952635090060767       1.1050610542297363
     656.2954636424283308       1.0020988127216697
     656.2956637758505849       1.0147219300270081
     656.2958639092728390       0.9997734128264710
     656.2960640426952068       1.0775369629263878
     656.2962641761174609       0.9570813551545143
     656.2964643095397150       1.0678909346461296
     656.2966644429619691       0.9604487009346485
     656.2968645763843369       0.9946865001693368
     656.2970647098065911       0.9750134032219648
     656.2972648432288452       0.9688754733651876
     656.2974649766510993       1.0259936396032572
     656.2976651100734671       1.0553629510104656
     656.2978652434957212       0.9147824719548225
     656.2980653769179753       0.9844482364133000
     656.2982655103402294       1.0107304938137531
     656.2984656437624835       1.0566240623593330
     656.2986657771848513       1.0628432035446167
     656.2988659106071054       1.0246666651219130
     656.2990660440293595       1.0159301795065403
     656.2992661774516137       1.1353111714124680
     656.2994663108739815       1.0492547228932381
     656.2996664442962356       1.0055579836480319
     656.2998665777184897       0.9691301882266998
     656.3000667111407438       0.9612255357205868
     656.3002668445631116       0.9924816912971437
     656.3004669779853657       0.9762469921261072
     656.3006671114076198       0.9766396880149841
     656.3008672448298739       0.9766751471906900
     656.3010673782522417       0.9776625260710716
     656.3012675116744958       0.9563038423657417
     656.3014676450967499       1.0463154688477516
     656.3016677785190041       0.9986289000371471
     656.3018679119413719       0.9312375038862228
     656.3020680453636260       0.9937847135588527
     656.3022681787858801       1.0186930652707815
     656.3024683122081342       0.9536544568836689
     656.3026684456305020       1.0453350283205509
     656.3028685790527561       0.9977156564127654
     656.3030687124750102       0.9899762542918324
     656.3032688458972643       1.0703593716025352
     656.3034689793196321       0.9753733221441507
     656.3036691127418862       1.0815242454409599
     656.3038692461641403       1.0001607543090358
     656.3040693795863945       1.1147584319114685
     656.3042695130086486       1.0308508314192295
     656.3044696464310164       0.8996727839112282
     656.3046697798532705       0.9802821949124336
     656.3048699132755246       1.0095926625654101
     656.3050700466977787       1.0160673689097166
     656.3052701801201465       1.0550713911652565
     656.3054703135424006       1.0975773483514786
     656.3056704469646547       0.9747603535652161
     656.3058705803869088       0.9870548220351338
     656.3060707138092766       1.0112770078703761
     656.3062708472315308       0.9980038565117866
     656.3064709806537849       1.0434373170137405
     656.3066711140760390       1.0046111731790006
     656.3068712474984068       0.9778211656957865
     656.3070713809206609       1.0411020666360855
     656.3072715143429150       1.0021307144779712
     656.3074716477651691       0.9792550746351480
     656.3076717811875369       0.9615181274712086
     656.3078719146097910       1.0735605284571648
     656.3080720480320451       0.9629119187593460
     656.3082721814542992       1.0634348392486572
     656.3084723148766670       0.9660049565136433
     656.3086724482989212       1.0649507343769073
     656.3088725817211753       1.0305848307907581
     656.3090727151434294       1.0074920654296875
     656.3092728485656835       0.9572145864367485
     656.3094729819880513       0.9522106908261776
     656.3096731154103054       1.0332956425845623
     656.3098732488325595       0.9477760717272758
     656.3100733822548136       1.0564747452735901
     656.3102735156771814       1.0075478116050363
     656.3104736490994355       0.9193349555134773
     656.3106737825216896       0.9049161151051521
     656.3108739159439438       1.0193643346428871
     656.3110740493663116       1.0065298317931592
     656.3112741827885657       1.0034594261087477
     656.3114743162108198       0.9790804088115692
     656.3116744496330739       1.0022386780474335
     656.3118745830554417       0.9971364107914269
     656.3120747164776958       0.9630350358784199
     656.3122748498999499       1.0191077161580324
     656.3124749833222040       0.9619166180491447
     656.3126751167445718       0.9595082588493824
     656.3128752501668259       1.0100646121427417
     656.3130753835890800       1.0419533103704453
     656.3132755170113342       1.0299632437527180
     656.3134756504337020       1.1441324651241302
     656.3136757838559561       0.9277379587292671
     656.3138759172782102       0.9166544750332832
     656.3140760507004643       1.0826846584677696
     656.3142761841228321       1.0016404197085649
     656.3144763175450862       0.9455519430339336
     656.3146764509673403       0.9631374441087246
     656.3148765843895944       0.9970357224810869
     656.3150767178118485       0.9895775718614459
     656.3152768512342163       1.0436870232224464
     656.3154769846564704       1.0219320785254240
     656.3156771180787246       1.0305816773325205
     656.3158772515009787       0.9184787943959236
     656.3160773849233465       0.9799909330904484
     656.3162775183456006       0.9457618705928326
     656.3164776517678547       0.9822052065283060
     656.3166777851901088       0.9424836151301861
     656.3168779186124766       0.9911648295819759
     656.3170780520347307       0.9824477545917034
     656.3172781854569848       0.9472576975822449
     656.3174783188792389       1.0634719580411911
     656.3176784523016067       1.0510002188384533
     656.3178785857238609       1.0323590599000454
     656.3180787191461150       1.0830688402056694
     656.3182788525683691       1.0121143208816648
     656.3184789859907369       0.8872930854558945
     656.3186791194129910       0.9175248965620995
     656.3188792528352451       0.9952499852515757
     656.3190793862574992       0.9911123160272837
     656.3192795196798670       0.9780984539538622
     656.3194796531021211       1.0464502684772015
     656.3196797865243752       1.0934343636035919
     656.3198799199466293       1.0446244254708290
     656.3200800533688835       0.9396348111331463
     656.3202801867912513       1.0205623842775822
     656.3204803202135054       1.0343102626502514
     656.3206804536357595       1.0044342572800815
     656.3208805870580136       1.0142583576962352
     656.3210807204803814       0.9884732337668538
     656.3212808539026355       1.0397298149764538
     656.3214809873248896       1.0025710661429912
     656.3216811207471437       0.9193549752235413
     656.3218812541695115       1.0405576713383198
     656.3220813875917656       0.9669922441244125
     656.3222815210140197       0.8814015835523605
     656.3224816544362739       0.9510878957808018
     656.3226817878586417       0.9260120317339897
     656.3228819212808958       0.9894062150269747
     656.3230820547031499       1.0657595023512840
     656.3232821881254040       0.9589632377028465
     656.3234823215477718       1.0589021146297455
     656.3236824549700259       1.0153184635564685
     656.3238825883922800       0.9743280224502087
     656.3240827218145341       1.0555060468614101
     656.3242828552369019       1.1369268447160721
     656.3244829886591560       1.0373260192573071
     656.3246831220814101       1.0023446877021343
     656.3248832555036643       0.9151511415839195
     656.3250833889260321       1.0105063747614622
     656.3252835223482862       0.9516113921999931
     656.3254836557705403       0.9512421488761902
     656.3256837891927944       0.9660302214324474
     656.3258839226150485       0.9723899383097887
     656.3260840560374163       1.0276089590042830
     656.3262841894596704       0.9488967992365360
     656.3264843228819245       1.0408452153205872
     656.3266844563041786       0.9666810519993305
     656.3268845897265464       1.0243757851421833
     656.3270847231488005       1.0779057368636131
     656.3272848565710547       0.9770928416401148
     656.3274849899933088       1.0271523147821426
     656.3276851234156766       0.9699787497520447
     656.3278852568379307       0.9736646376550198
     656.3280853902601848       1.0284161064773798
     656.3282855236824389       1.0322056375443935
     656.3284856571048067       0.9724215120077133
     656.3286857905270608       0.9295422509312630
     656.3288859239493149       0.9396465420722961
     656.3290860573715690       1.0848111659288406
     656.3292861907939368       0.9234048202633858
     656.3294863242161910       0.9212195575237274
     656.3296864576384451       0.9818669501692057
     656.3298865910606992       0.9963704303372651
     656.3300867244830670       1.0444661714136600
     656.3302868579053211       1.0008726040250622
     656.3304869913275752       1.0187928266823292
     656.3306871247498293       1.0309606343507767
     656.3308872581721971       0.8956590145826340
     656.3310873915944512       0.9681529738008976
     656.3312875250167053       0.9497779197990894
     656.3314876584389594       0.9416489712893963
     656.3316877918612136       0.9817490968853235
     656.3318879252835814       1.0378290638327599
     656.3320880587058355       1.0581606812775135
     656.3322881921280896       0.9416106678545475
     656.3324883255503437       0.9631015993654728
     656.3326884589727115       1.0151311922818422
     656.3328885923949656       1.0344321131706238
     656.3330887258172197       1.1181337982416153
     656.3332888592394738       0.9860118525102735
     656.3334889926618416       0.9585175551474094
     656.3336891260840957       1.0322240442037582
     656.3338892595063498       1.0471996478736401
     656.3340893929286040       1.0182236265391111
     656.3342895263509718       1.0063889436423779
     656.3344896597732259       1.0307022091001272
     656.3346897931954800       1.0735465139150620
     656.3348899266177341       1.0337184481322765
     656.3350900600401019       0.9958658101968467
     656.3352901934623560       1.0403455868363380
     656.3354903268846101       0.9895065864548087
     656.3356904603068642       0.9818694479763508
     656.3358905937292320       1.0759377107024193
     656.3360907271514861       1.0242450814694166
     656.3362908605737402       1.0306192692369223
     656.3364909939959944       0.9965464379638433
     656.3366911274182485       1.0362808778882027
     656.3368912608406163       1.0671971216797829
     656.3370913942628704       0.9156457707285881
     656.3372915276851245       1.0097135491669178
     656.3374916611073786       1.0092728994786739
     656.3376917945297464       1.0408347211778164
     656.3378919279520005       0.9974373001605272
     656.3380920613742546       0.9514901302754879
     656.3382921947965087       1.0354504361748695
     656.3384923282188765       1.0306502673774958
     656.3386924616411306       1.0739618167281151
     656.3388925950633848       0.9832230675965548
     656.3390927284856389       0.9801620319485664
     656.3392928619080067       1.1009924560785294
     656.3394929953302608       1.0279351919889450
     656.3396931287525149       1.0357397869229314
     656.3398932621747690       1.0507295504212375
     656.3400933955971368       0.9823797587305303
     656.3402935290193909       1.1129133254289620
     656.3404936624416450       0.9936906248331060
     656.3406937958638991       0.9650019817054257
     656.3408939292862669       0.9243197739124276
     656.3410940627085211       1.0162269752472606
     656.3412941961307752       0.9521423093974541
     656.3414943295530293       0.9540681019425320
     656.3416944629753971       1.0877429619431389
     656.3418945963976512       0.9522955939173540
     656.3420947298199053       0.9595350660383468
     656.3422948632421594       0.9165052250027313
     656.3424949966644135       1.0289222691207622
     656.3426951300867813       1.0124615114181499
     656.3428952635090354       1.0127790002151251
     656.3430953969312895       0.9864484155549039
     656.3432955303535437       0.8998234048483492
     656.3434956637759115       1.0075054774057568
     656.3436957971981656       0.9765787497158088
     656.3438959306204197       0.9192429557435852
     656.3440960640426738       0.9591788388778911
     656.3442961974650416       1.0390732698128500
     656.3444963308872957       0.9423034898916695
     656.3446964643095498       1.0614593885810391
     656.3448965977318039       1.0493682138581133
     656.3450967311541717       0.9746199119778383
     656.3452968645764258       1.0020563290372773
     656.3454969979986799       0.9637236371521088
     656.3456971314209341       1.0884899273352378
     656.3458972648433019       1.0608773715566007
     656.3460973982655560       0.9972712909483216
     656.3462975316878101       1.0048162042647968
     656.3464976651100642       1.0393276139471070
     656.3466977985324320       0.9838176387427474
     656.3468979319546861       1.1080312355151436
     656.3470980653769402       1.0008975574248489
     656.3472981987991943       0.9386344736010035
     656.3474983322214484       0.9647245850980067
     656.3476984656438162       0.9413220468294929
     656.3478985990660703       0.9799851638840079
     656.3480987324883245       1.0174579947514588
     656.3482988659105786       1.0015463542063787
     656.3484989993329464       0.9588420711303596
     656.3486991327552005       0.9981849124258905
     656.3488992661774546       0.9116960512787698
     656.3490993995997087       1.0679799802571714
     656.3492995330220765       0.9258557209848112
     656.3494996664443306       0.9854888522659934
     656.3496997998665847       0.9758240192266951
     656.3498999332888388       1.0586520089301406
     656.3501000667112066       1.1267927575304761
     656.3503002001334607       0.9189151460819425
     656.3505003335557149       0.9085983276116575
     656.3507004669779690       0.9714655110164711
     656.3509006004003368       1.0111232547962890
     656.3511007338225909       1.0430625100648330
     656.3513008672448450       0.8984587380974625
     656.3515010006670991       0.9982537762938228
     656.3517011340894669       1.0174785042267418
     656.3519012675117210       1.0447856108021623
     656.3521014009339751       1.0467831959033040
     656.3523015343562292       0.9513130739789135
     656.3525016677785970       1.0109497095739930
     656.3527018012008512       1.0533009849431632
     656.3529019346231053       0.9918261773840831
     656.3531020680453594       1.1308367791104206
     656.3533022014676135       1.0105661921227251
     656.3535023348899813       0.8709764612221279
     656.3537024683122354       1.0783138538972610
     656.3539026017344895       0.9403274209658004
     656.3541027351567436       1.0103059362001423
     656.3543028685791114       0.9605296842569457
     656.3545030020013655       0.9397342142264800
     656.3547031354236196       0.8962444439075054
     656.3549032688458738       1.0091783466778144
     656.3551034022682416       0.9805242590382894
     656.3553035356904957       0.9892258912782079
     656.3555036691127498       0.9333179874584342
     656.3557038025350039       1.0406135475158034
     656.3559039359573717       1.0338549048172334
     656.3561040693796258       1.0722630717122654
     656.3563042028018799       1.0467856976167935
     656.3565043362241340       0.9925714985661993
     656.3567044696465018       0.9694449452971178
     656.3569046030687559       1.0579544834185644
     656.3571047364910100       0.9511036419473619
     656.3573048699132642       0.9395463113134542
     656.3575050033356320       1.0072214918084248
     656.3577051367578861       1.0856721931606563
     656.3579052701801402       0.9941521206662104
     656.3581054036023943       1.0366654750352247
     656.3583055370246484       1.0328675773652565
     656.3585056704470162       1.0741115341730396
     656.3587058038692703       1.0543856649239638
     656.3589059372915244       0.9101411792874524
     656.3591060707137785       0.9869874162907667
     656.3593062041361463       0.9587633508946334
     656.3595063375584004       1.0948053649746612
     656.3597064709806546       1.0585210683064563
     656.3599066044029087       1.0038858508945843
     656.3601067378252765       0.9483796410488967
     656.3603068712475306       1.0219930104499175
     656.3605070046697847       1.0389657822594056
     656.3607071380920388       1.0461042142741914
     656.3609072715144066       0.9910070862406419
     656.3611074049366607       1.0218192506587545
     656.3613075383589148       0.9101524634095529
     656.3615076717811689       1.0081445347669586
     656.3617078052035367       1.0407681122096868
     656.3619079386257908       0.9842180659962156
     656.3621080720480450       1.0423075863342699
     656.3623082054702991       0.9952866697492488
     656.3625083388926669       0.9767765993681105
     656.3627084723149210       1.0011964507417679
     656.3629086057371751       0.9586137329137447
     656.3631087391594292       1.0031429536629783
     656.3633088725817970       1.0305121924272795
     656.3635090060040511       1.0115161688015577
     656.3637091394263052       0.9748412073763200
     656.3639092728485593       0.9482814179592615
     656.3641094062708135       0.9226868437951371
     656.3643095396931813       1.0029357287774094
     656.3645096731154354       1.0016473556997303
     656.3647098065376895       0.9182474966813812
     656.3649099399599436       0.9459257014211392
     656.3651100733823114       0.9603127439508213
     656.3653102068045655       0.9298848542569594
     656.3655103402268196       0.9459859228435687
     656.3657104736490737       0.9558739654915502
     656.3659106070714415       0.9675725729919975
     656.3661107404936956       0.8990114787595128
     656.3663108739159497       0.9317619030501223
     656.3665110073382039       0.9370188621083835
     656.3667111407605717       0.9193548189373012
     656.3669112741828258       0.9229945170107111
     656.3671114076050799       0.9035984857873616
     656.3673115410273340       0.9134948563243929
     656.3675116744497018       0.9403264592273261
     656.3677118078719559       0.8916599394509664
     656.3679119412942100       0.9356723274726397
     656.3681120747164641       0.9176403997300970
     656.3683122081388319       0.9403429045821922
     656.3685123415610860       0.9089864303602323
     656.3687124749833401       0.8657808053336097
     656.3689126084055943       0.8990724068491476
     656.3691127418278484       0.9466947088158024
     656.3693128752502162       0.8149860308021283
     656.3695130086724703       0.9090994524543862
     656.3697131420947244       0.9327649070797698
     656.3699132755169785       0.8456268021340891
     656.3701134089393463       0.7844306790066340
     656.3703135423616004       0.8929887857955340
     656.3705136757838545       0.8633664641974708
     656.3707138092061086       0.7217560837125433
     656.3709139426284764       0.8697515783364123
     656.3711140760507305       0.8252609942188065
     656.3713142094729847       0.8577712940056446
     656.3715143428952388       0.8598937020257993
     656.3717144763176066       0.7642452384575247
     656.3719146097398607       0.7916550333729675
     656.3721147431621148       0.8573931547243494
     656.3723148765843689       0.7559894122332637
     656.3725150100067367       0.8349584281926934
     656.3727151434289908       0.8120599158991333
     656.3729152768512449       0.8066437730948133
     656.3731154102734990       0.8197435340502365
     656.3733155436958668       0.8127627452546745
     656.3735156771181209       0.8356054319469424
     656.3737158105403751       0.7596097226779311
     656.3739159439626292       0.8471302239553985
     656.3741160773849970       0.8048783517930935
     656.3743162108072511       0.7148482887760775
     656.3745163442295052       0.7991552296974664
     656.3747164776517593       0.8356178200501501
     656.3749166110740134       0.8218365983199657
     656.3751167444963812       0.8806672967716045
     656.3753168779186353       0.8285085713343542
     656.3755170113408894       0.8904395838239755
     656.3757171447631436       0.8427522938845767
     656.3759172781855113       0.8319457317573081
     656.3761174116077655       0.9512874380233712
     656.3763175450300196       0.8732523229960520
     656.3765176784522737       0.8986912671677663
     656.3767178118746415       0.8547688533302791
     656.3769179452968956       0.8801598274957106
     656.3771180787191497       0.8886099719429222
     656.3773182121414038       0.8662711304378664
     656.3775183455637716       0.8220652668911282
     656.3777184789860257       0.9205305762202824
     656.3779186124082798       1.0323190943206371
     656.3781187458305340       0.9413908137355482
     656.3783188792529018       0.9955291000021975
     656.3785190126751559       0.9258748864000650
     656.3787191460974100       0.9336074299602588
     656.3789192795196641       0.8933838590957304
     656.3791194129420319       0.9631338790516470
     656.3793195463642860       1.0169064334470512
     656.3795196797865401       0.9762206837212246
     656.3797198132087942       0.9340351318411684
     656.3799199466311620       0.9231674287858866
     656.3801200800534161       0.9701047705579784
     656.3803202134756702       0.9691986585408745
     656.3805203468979244       0.9765376469487782
     656.3807204803201785       0.8613888003136415
     656.3809206137425463       0.9369062641364506
     656.3811207471648004       0.9907335388719607
     656.3813208805870545       1.0420291239783213
     656.3815210140093086       0.8716047048872041
     656.3817211474316764       0.9160591382778007
     656.3819212808539305       0.9446250719773017
     656.3821214142761846       1.1204594787205908
     656.3823215476984387       0.8630645874183849
     656.3825216811208065       0.9042113477142655
     656.3827218145430606       0.9506947278038606
     656.3829219479653148       1.0197374940547665
     656.3831220813875689       0.9174277631091305
     656.3833222148099367       1.0503058340077538
     656.3835223482321908       0.9770965333915723
     656.3837224816544449       0.9402608796850978
     656.3839226150766990       0.9499286892112939
     656.3841227484990668       1.0062571242946463
     656.3843228819213209       0.9742835328259072
     656.3845230153435750       0.9895678106115416
     656.3847231487658291       1.0644979857314039
     656.3849232821881969       1.0407928191269575
     656.3851234156104510       1.0321426857063272
     656.3853235490327052       0.9706958003340409
     656.3855236824549593       1.0695100612270156
     656.3857238158772134       1.0138836787722338
     656.3859239492995812       1.0720201008171593
     656.3861240827218353       1.0811321801834324
     656.3863242161440894       0.9998530138968730
     656.3865243495663435       0.9841867587055112
     656.3867244829887113       0.9688188688611590
     656.3869246164109654       1.0234150337497703
     656.3871247498332195       0.9839723213287667
     656.3873248832554737       0.9383394171647182
     656.3875250166778414       1.0557867647752470
     656.3877251501000956       1.0246428410360968
     656.3879252835223497       0.9294939172535890
     656.3881254169446038       0.9528652057948471
     656.3883255503669716       0.9642339122480584
     656.3885256837892257       0.8782471581184410
     656.3887258172114798       1.0359555206603610
     656.3889259506337339       1.0041510706568306
     656.3891260840561017       1.0018726329075993
     656.3893262174783558       0.9671087653183369
     656.3895263509006099       0.9540211285487027
     656.3897264843228641       0.9833732697492367
     656.3899266177452319       1.0153525516798310
     656.3901267511674860       0.9503012930517118
     656.3903268845897401       1.0174650716099396
     656.3905270180119942       1.0400833715575222
     656.3907271514343620       0.9089740377106656
     656.3909272848566161       1.0044010414712792
     656.3911274182788702       1.0491120970511472
     656.3913275517011243       0.9433231968304331
     656.3915276851233784       0.9996332174958242
     656.3917278185457462       1.0144429655976019
     656.3919279519680003       1.0563937438818582
     656.3921280853902545       0.9914133614818308
     656.3923282188125086       0.9415703694653568
     656.3925283522348764       1.0355229863037059
     656.3927284856571305       0.9390578896274245
     656.3929286190793846       0.9542143077231628
     656.3931287525016387       0.9526549922123726
     656.3933288859240065       0.9455260436469193
     656.3935290193462606       0.9773405351235320
     656.3937291527685147       1.0410811732962686
     656.3939292861907688       0.9131115519731997
     656.3941294196131366       1.0704506386305994
     656.3943295530353907       1.0020927118407092
     656.3945296864576449       1.0127679726513850
     656.3947298198798990       0.9178733454187198
     656.3949299533022668       0.9617985964077599
     656.3951300867245209       1.0070349666153207
     656.3953302201467750       0.9140070053704731
     656.3955303535690291       1.0070634681231041
     656.3957304869913969       1.0436095634030003
     656.3959306204136510       1.0073965881852067
     656.3961307538359051       0.9666461840517956
     656.3963308872581592       0.9123642143307117
     656.3965310206804133       1.0377598011608784
     656.3967311541027811       0.9936145179607992
     656.3969312875250353       0.9695958928797237
     656.3971314209472894       1.0065717869036681
     656.3973315543695435       0.9341286403338196
     656.3975316877919113       1.0118025407359252
     656.3977318212141654       0.9645244357964307
     656.3979319546364195       0.9939107277952727
     656.3981320880586736       0.9656197721662920
     656.3983322214810414       1.0157693006132105
     656.3985323549032955       0.9360679012832832
     656.3987324883255496       1.0941862983544552
     656.3989326217478038       0.9871968783891931
     656.3991327551701715       0.9355828388508521
     656.3993328885924257       1.0482398047311141
     656.3995330220146798       1.0246613174151133
     656.3997331554369339       1.0404254793744157
     656.3999332888593017       1.0140836862578082
     656.4001334222815558       0.9862751718418699
     656.4003335557038099       1.0652241632205950
     656.4005336891260640       0.9429658539496492
     656.4007338225484318       1.0570668093791720
     656.4009339559706859       1.0797023698639263
     656.4011340893929400       1.0431159287657126
     656.4013342228151942       0.9256125315999960
     656.4015343562375620       0.9805655237270566
     656.4017344896598161       1.0427467934775594
     656.4019346230820702       1.0317145846775975
     656.4021347565043243       0.9424514472478931
     656.4023348899265784       1.0045048794705222
     656.4025350233489462       0.9541740715500979
     656.4027351567712003       0.9303820207713163
     656.4029352901934544       1.0071196383795344
     656.4031354236157085       0.9897756492718169
     656.4033355570380763       0.9705861080437292
     656.4035356904603304       1.0017791029531096
     656.4037358238825846       1.0425879433750824
     656.4039359573048387       0.9821334425359772
     656.4041360907272065       1.0603967308997979
     656.4043362241494606       0.9660337157547386
     656.4045363575717147       0.9148890525102557
     656.4047364909939688       0.9673012830316980
     656.4049366244163366       0.9380319938063595
     656.4051367578385907       0.9795064739882928
     656.4053368912608448       0.9588892646133887
     656.4055370246830989       0.9632233642041675
     656.4057371581054667       1.0390639156103130
     656.4059372915277208       1.0277402140200134
     656.4061374249499750       0.9740737136453388
     656.4063375583722291       0.9767638612538575
     656.4065376917945969       1.0133922966197133
     656.4067378252168510       0.9511270336806773
     656.4069379586391051       0.9939147196710110
     656.4071380920613592       1.0504246726632118
     656.4073382254836133       1.0057123568840325
     656.4075383589059811       1.0156269073486328
     656.4077384923282352       1.0192278828471899
     656.4079386257504893       0.9589730650186539
     656.4081387591727434       1.0343263782560825
     656.4083388925951112       0.9396799020469189
     656.4085390260173654       1.1074153110384941
     656.4087391594396195       1.0308224558830261
     656.4089392928618736       1.0765522941946983
     656.4091394262842414       1.0356115214526653
     656.4093395597064955       0.9808403458446264
     656.4095396931287496       1.0188500322401524
     656.4097398265510037       0.8883647322654724
     656.4099399599733715       0.9607959501445293
     656.4101400933956256       1.0144295664504170
     656.4103402268178797       1.0212511774152517
     656.4105403602401339       0.9166768565773964
     656.4107404936625016       1.0811332091689110
     656.4109406270847558       0.9602414667606354
     656.4111407605070099       0.9089334905147552
     656.4113408939292640       0.9762272369116545
     656.4115410273516318       0.9261264875531197
     656.4117411607738859       1.0071976571343839
     656.4119412941961400       0.9666985347867012
     656.4121414276183941       0.9471011646091938
     656.4123415610407619       1.0475661680102348
     656.4125416944630160       0.9618257023394108
     656.4127418278852701       1.0208579413592815
     656.4129419613075243       1.0158441439270973
     656.4131420947297784       0.9557709693908691
     656.4133422281521462       1.0889571532607079
     656.4135423615744003       0.9719990659505129
     656.4137424949966544       1.1105528697371483
     656.4139426284189085       0.8990119695663452
     656.4141427618412763       0.9952691211365163
     656.4143428952635304       0.9834926761686802
     656.4145430286857845       0.9797793142497540
     656.4147431621080386       0.9994871104718186
     656.4149432955304064       0.9637554809451103
     656.4151434289526605       1.0501842610538006
     656.4153435623749147       0.9735564757138491
     656.4155436957971688       0.9551180042326450
     656.4157438292195366       0.9402459561824799
     656.4159439626417907       1.0251282453536987
     656.4161440960640448       0.9675663001835346
     656.4163442294862989       1.0152389304712415
     656.4165443629086667       1.0301948674023151
     656.4167444963309208       1.0205982495099306
     656.4169446297531749       0.9863628223538399
     656.4171447631754290       1.0767519697546959
     656.4173448965977968       1.1540084034204483
     656.4175450300200509       0.9484118744730949
     656.4177451634423051       0.9857257157564163
     656.4179452968645592       0.9749366939067841
     656.4181454302869270       0.9823665488511324
     656.4183455637091811       0.9697739128023386
     656.4185456971314352       0.9956306652165949
     656.4187458305536893       1.0035317183937877
     656.4189459639759434       1.0891492888331413
     656.4191460973983112       1.0476796478033066
     656.4193462308205653       1.0365327671170235
     656.4195463642428194       1.0250193178653717
     656.4197464976650735       0.9649729169905186
     656.4199466310874413       1.1007439643144608
     656.4201467645096955       0.9156847298145294
     656.4203468979319496       0.9976743536535650
     656.4205470313542037       0.9784039221704006
     656.4207471647765715       0.9679549448192120
     656.4209472981988256       1.0295483600348234
     656.4211474316210797       0.9847063124179840
     656.4213475650433338       0.9481080994009972
     656.4215476984657016       1.0090070664882660
     656.4217478318879557       0.9330624416470528
     656.4219479653102098       0.9340273514389992
     656.4221480987324640       0.9521572403609753
     656.4223482321548317       0.9105370417237282
     656.4225483655770859       0.9871881688013673
     656.4227484989993400       1.0680671781301498
     656.4229486324215941       1.0354832671582699
     656.4231487658439619       0.9451035894453526
     656.4233488992662160       1.0465471222996712
     656.4235490326884701       1.0796676650643349
     656.4237491661107242       1.0821256563067436
     656.4239492995329783       0.8962931632995605
     656.4241494329553461       0.9540501907467842
     656.4243495663776002       0.9800170492380857
     656.4245496997998544       0.9487796649336815
     656.4247498332221085       0.9739618897438049
     656.4249499666444763       1.0238777957856655
     656.4251501000667304       1.0448072552680969
     656.4253502334889845       0.9301895201206207
     656.4255503669112386       1.0222421661019325
     656.4257505003336064       1.0037275885697454
     656.4259506337558605       1.0144651969894767
     656.4261507671781146       1.0028011936228722
     656.4263509006003687       0.9883511671796441
     656.4265510340227365       0.9428224898874760
     656.4267511674449906       1.0613161437213421
     656.4269513008672448       1.0247832778841257
     656.4271514342894989       0.9948539421893656
     656.4273515677118667       0.9660786315798759
     656.4275517011341208       1.0098898373544216
     656.4277518345563749       1.0871969163417816
     656.4279519679786290       1.1295211017131805
     656.4281521014009968       0.9452177584171295
     656.4283522348232509       0.9318928942084312
     656.4285523682455050       0.9618611671030521
     656.4287525016677591       0.9273508265614510
     656.4289526350901269       0.9738490898162127
     656.4291527685123810       1.0431717298924923
     656.4293529019346352       1.0293647032231092
     656.4295530353568893       0.9458203352987766
     656.4297531687791434       1.0269837025552988
     656.4299533022015112       0.9492670521140099
     656.4301534356237653       1.0197269748896360
     656.4303535690460194       0.9728096686303616
     656.4305537024682735       1.0156813617795706
     656.4307538358906413       0.9856291990727186
     656.4309539693128954       0.9782703332602978
     656.4311541027351495       0.9887212011963129
     656.4313542361574036       1.0484708547592163
     656.4315543695797714       0.9551488794386387
     656.4317545030020256       0.9589136131107807
     656.4319546364242797       1.0191768836230040
     656.4321547698465338       0.9403486140072346
     656.4323549032689016       0.9787146337330341
     656.4325550366911557       1.0335158184170723
     656.4327551701134098       0.9966498774010688
     656.4329553035356639       0.9261177703738213
     656.4331554369580317       1.0330677889287472
     656.4333555703802858       1.1188079267740250
     656.4335557038025399       1.0332213006913662
     656.4337558372247940       1.0013704838929698
     656.4339559706471618       0.9801359716802835
     656.4341561040694160       0.9878902779892087
     656.4343562374916701       0.8862216472625732
     656.4345563709139242       1.0505008809268475
     656.4347565043361783       1.0487272515892982
     656.4349566377585461       1.0698176771402359
     656.4351567711808002       0.9630726911127567
     656.4353569046030543       1.0395611114799976
     656.4355570380253084       0.9403784982860088
     656.4357571714476762       1.0016696861712262
     656.4359573048699303       0.9562531299889088
     656.4361574382921845       1.0303121991455555
     656.4363575717144386       0.9809264000505209
     656.4365577051368064       0.9249474406242371
     656.4367578385590605       1.0119855245575309
     656.4369579719813146       0.9307198971509933
     656.4371581054035687       0.9355554357171059
     656.4373582388259365       0.9384849295020103
     656.4375583722481906       0.9176766350865364
     656.4377585056704447       1.0277411527931690
     656.4379586390926988       0.9179737716913223
     656.4381587725150666       1.0304991062730551
     656.4383589059373207       1.0558417215943336
     656.4385590393595749       1.0022416124120355
     656.4387591727818290       1.0466451123356819
     656.4389593062041968       1.0456107296049595
     656.4391594396264509       0.9589135497808456
     656.4393595730487050       0.9159666970372200
     656.4395597064709591       1.0907779783010483
     656.4397598398933269       1.0059111053124070
     656.4399599733155810       0.9880331167951226
     656.4401601067378351       0.9805217199027538
     656.4403602401600892       1.0617122948169708
     656.4405603735823433       0.9796497467905283
     656.4407605070047111       0.9519976116716862
     656.4409606404269653       0.8982790932059288
     656.4411607738492194       0.9658339992165565
     656.4413609072714735       0.9869324248284101
     656.4415610406938413       0.9908113004639745
     656.4417611741160954       1.0661869719624519
     656.4419613075383495       0.9796481393277645
     656.4421614409606036       0.9829769525676966
     656.4423615743829714       0.9879613248631358
     656.4425617078052255       1.0285583045333624
     656.4427618412274796       1.0093340901657939
     656.4429619746497337       1.0507624447345734
     656.4431621080721015       1.0178919304162264
     656.4433622414943557       0.9490135312080383
     656.4435623749166098       1.0374781042337418
     656.4437625083388639       0.9768098425120115
     656.4439626417612317       1.0063003287650645
     656.4441627751834858       1.0168994888663292
     656.4443629086057399       0.9504661783576012
     656.4445630420279940       1.0095451045781374
     656.4447631754503618       0.9178054109215736
     656.4449633088726159       0.9499707557260990
     656.4451634422948700       0.9976097382605076
     656.4453635757171241       1.0950969532132149
     656.4455637091393783       0.9637504704296589
     656.4457638425617461       1.0296369045972824
     656.4459639759840002       0.9828279800713062
     656.4461641094062543       0.9662753008306026
     656.4463642428285084       1.0267274379730225
     656.4465643762508762       0.9531987421214581
     656.4467645096731303       1.0239251609891653
     656.4469646430953844       0.9684432893991470
     656.4471647765176385       1.0104480497539043
     656.4473649099400063       0.9907856443896890
     656.4475650433622604       1.0639738366007805
     656.4477651767845146       0.9723858647048473
     656.4479653102067687       1.0588431656360626
     656.4481654436291365       1.0604602359235287
     656.4483655770513906       1.0099102398380637
     656.4485657104736447       1.0388262234628201
     656.4487658438958988       1.0097090732306242
     656.4489659773182666       1.0170688163489103
     656.4491661107405207       1.0683595165610313
     656.4493662441627748       1.0401580482721329
     656.4495663775850289       0.9922550958581269
     656.4497665110073967       1.0513109937310219
     656.4499666444296508       1.1099437698721886
     656.4501667778519050       1.0449591130018234
     656.4503669112741591       0.9984810329042375
     656.4505670446965269       1.0620810166001320
     656.4507671781187810       0.9523403979837894
     656.4509673115410351       1.0642860457301140
     656.4511674449632892       0.9163828343153000
     656.4513675783855433       0.9833553899079561
     656.4515677118079111       1.0821930542588234
     656.4517678452301652       1.0513703040778637
     656.4519679786524193       0.9987038177205250
     656.4521681120746734       0.9437101222574711
     656.4523682454970412       0.9954502484761178
     656.4525683789192954       1.0061118383891881
     656.4527685123415495       0.9650224633514881
     656.4529686457638036       1.0508777387440205
     656.4531687791861714       1.0081389183178544
     656.4533689126084255       1.0043717632070184
     656.4535690460306796       1.0439263544976711
     656.4537691794529337       1.1132100746035576
     656.4539693128753015       1.0585318580269814
     656.4541694462975556       0.9825788568705320
     656.4543695797198097       1.0372428409755230
     656.4545697131420638       0.9395407624542713
     656.4547698465644316       1.0287212114781141
     656.4549699799866858       1.0970496162772179
     656.4551701134089399       1.0236364062875509
     656.4553702468311940       0.9505197219550610
     656.4555703802535618       1.0234190113842487
     656.4557705136758159       0.8994365334510803
     656.4559706470980700       1.0359557606279850
     656.4561707805203241       0.9782538320869207
     656.4563709139425782       1.0215464439243078
     656.4565710473649460       1.0416468940675259
     656.4567711807872001       1.0111724464222789
     656.4569713142094542       1.0313139297068119
     656.4571714476317084       0.9675883129239082
     656.4573715810540762       1.0251847803592682
     656.4575717144763303       1.0149812344461679
     656.4577718478985844       1.0079762190580368
     656.4579719813208385       1.0037218858487904
     656.4581721147432063       0.9368800371885300
     656.4583722481654604       1.0599084310233593
     656.4585723815877145       0.9759089294821024
     656.4587725150099686       1.0893997177481651
     656.4589726484323364       0.9919135142117739
     656.4591727818545905       1.0550760403275490
     656.4593729152768447       0.9795975647866726
     656.4595730486990988       1.0751702114939690
     656.4597731821214666       0.9648784585297108
     656.4599733155437207       1.0762188062071800
     656.4601734489659748       1.0747185125946999
     656.4603735823882289       1.0259817969053984
     656.4605737158105967       0.9191561564803123
     656.4607738492328508       0.9430224932730198
     656.4609739826551049       1.0483985058963299
     656.4611741160773590       0.9646319486200809
     656.4613742494997268       0.9242664352059364
     656.4615743829219809       1.0018893560627475
     656.4617745163442351       1.0113402577117085
     656.4619746497664892       1.0057676532305777
     656.4621747831887433       1.0322193838655949
     656.4623749166111111       1.0044946339912713
     656.4625750500333652       1.0422145053744316
     656.4627751834556193       0.9318973645567894
     656.4629753168778734       0.9019642993807793
     656.4631754503002412       1.0208349190652370
     656.4633755837224953       1.0135014178231359
     656.4635757171447494       0.9605917595326900
     656.4637758505670035       0.9783302266150713
     656.4639759839893713       1.0427630357444286
     656.4641761174116255       0.9792936909943819
     656.4643762508338796       0.9221814423799515
     656.4645763842561337       1.0054327649995685
     656.4647765176785015       1.0496081113815308
     656.4649766511007556       1.0178601946681738
     656.4651767845230097       1.1392417401075363
     656.4653769179452638       0.9877932006493211
     656.4655770513676316       0.9910717317834496
     656.4657771847898857       0.9306559264659882
     656.4659773182121398       0.9706750269979239
     656.4661774516343939       1.0380680710077286
     656.4663775850567617       0.9887871239334345
     656.4665777184790159       0.9529203735291958
     656.4667778519012700       1.0440262146294117
     656.4669779853235241       0.9215186983346939
     656.4671781187458919       1.0465516373515129
     656.4673782521681460       1.0581204965710640
     656.4675783855904001       0.9385185837745667
     656.4677785190126542       1.0539542697370052
     656.4679786524349083       1.0121894115582108
     656.4681787858572761       0.9587060138583183
     656.4683789192795302       1.0601909756660461
     656.4685790527017843       0.9078632071614265
     656.4687791861240385       0.9520977064967155
     656.4689793195464063       0.9771438483148813
     656.4691794529686604       1.0113459238782525
     656.4693795863909145       0.9778778888285160
     656.4695797198131686       1.1337684541940689
     656.4697798532355364       1.0082361875101924
     656.4699799866577905       0.9450098872184753
     656.4701801200800446       1.0432470217347145
     656.4703802535022987       0.9543882645666599
     656.4705803869246665       0.9733544234186411
     656.4707805203469206       1.0611550770699978
     656.4709806537691748       1.0108006475493312
     656.4711807871914289       0.9294483736157417
     656.4713809206137967       1.0738499090075493
     656.4715810540360508       0.9995253969391342
     656.4717811874583049       0.9527639783918858
     656.4719813208805590       1.0068950089626014
     656.4721814543029268       1.0213237330317497
     656.4723815877251809       0.9416438341140747
     656.4725817211474350       0.9100997000932693
     656.4727818545696891       1.0120137874037027
     656.4729819879919432       1.0522318556904793
     656.4731821214143110       0.9092636778950691
     656.4733822548365652       1.0644430294632912
     656.4735823882588193       0.9032904505729675
     656.4737825216810734       1.0672183260321617
     656.4739826551034412       1.0269294474273920
     656.4741827885256953       0.9752235561609268
     656.4743829219479494       1.0236988943070173
     656.4745830553702035       1.0455385930836201
     656.4747831887925713       1.0298360977321863
     656.4749833222148254       1.0263059940189123
     656.4751834556370795       1.0476929210126400
     656.4753835890593336       1.0068171746097505
     656.4755837224817014       0.9596288688480854
     656.4757838559039556       0.9773380346596241
     656.4759839893262097       0.8907264843583107
     656.4761841227484638       0.9384223110973835
     656.4763842561708316       0.9556296989321709
     656.4765843895930857       0.9252021908760071
     656.4767845230153398       1.0112969400361180
     656.4769846564375939       1.1083317548036575
     656.4771847898599617       1.0077232704497874
     656.4773849232822158       1.1492096930742264
     656.4775850567044699       1.0426514260470867
     656.4777851901267240       0.9873335091397166
     656.4779853235490918       0.9840941838920116
     656.4781854569713460       0.9790800753980875
     656.4783855903936001       0.9861682960763574
     656.4785857238158542       1.0285100322216749
     656.4787858572381083       1.0099023850634694
     656.4789859906604761       0.9835415724664927
     656.4791861240827302       0.9629572667181492
     656.4793862575049843       1.0215924773365259
     656.4795863909272384       0.9400134272873402
     656.4797865243496062       1.0534688532352448
     656.4799866577718603       0.8826959803700447
     656.4801867911941144       0.9887008406221867
     656.4803869246163686       1.0291029494255781
     656.4805870580387364       1.0456162653863430
     656.4807871914609905       0.9891514200717211
     656.4809873248832446       1.0577420853078365
     656.4811874583054987       1.0626086592674255
     656.4813875917278665       0.9742207583039999
     656.4815877251501206       1.0259666200727224
     656.4817878585723747       1.0114167416468263
     656.4819879919946288       0.9950473615899682
     656.4821881254169966       0.9852313222363591
     656.4823882588392507       1.0072566368617117
     656.4825883922615049       1.0662031993269920
     656.4827885256837590       1.0270328428596258
     656.4829886591061268       1.0349195934832096
     656.4831887925283809       1.0036770117003471
     656.4833889259506350       0.9872694136574864
     656.4835890593728891       0.9470658637583256
     656.4837891927951432       0.9945128345862031
     656.4839893262175110       1.0978876650333405
     656.4841894596397651       1.0422605797648430
     656.4843895930620192       1.0205391235649586
     656.4845897264842733       0.9936540462076664
     656.4847898599066411       0.9638850837945938
     656.4849899933288953       0.9584229066967964
     656.4851901267511494       0.9481806159019470
     656.4853902601734035       1.0470700748264790
     656.4855903935957713       1.0199801009148359
     656.4857905270180254       1.0411445721983910
     656.4859906604402795       1.0573062896728516
     656.4861907938625336       1.1040206328034401
     656.4863909272849014       0.9476771578192711
     656.4865910607071555       0.9961645000148565
     656.4867911941294096       1.0499904491007328
     656.4869913275516637       0.9215353727340698
     656.4871914609740315       0.9990519976126961
     656.4873915943962857       1.0167941674590111
     656.4875917278185398       0.9927939386107028
     656.4877918612407939       0.9070342257618904
     656.4879919946631617       0.8717605620622635
     656.4881921280854158       0.9729453139007092
     656.4883922615076699       1.0539932958781719
     656.4885923949299240       0.9693598207086325
     656.4887925283522918       1.0383229963481426
     656.4889926617745459       1.0098958695307374
     656.4891927951968000       0.9779548868536949
     656.4893929286190541       0.9510154239833355
     656.4895930620413083       0.9927115915343165
     656.4897931954636761       0.9575130455195904
     656.4899933288859302       1.0179907195270061
     656.4901934623081843       1.0450192429125309
     656.4903935957304384       0.9651271887123585
     656.4905937291528062       1.0067293005995452
     656.4907938625750603       1.0733570903539658
     656.4909939959973144       0.9413788504898548
     656.4911941294195685       1.0541063547134399
     656.4913942628419363       0.9766402617096901
     656.4915943962641904       1.0535442419350147
     656.4917945296864445       0.9404826983809471
     656.4919946631086987       1.0164609905332327
     656.4921947965310665       1.1031764671206474
     656.4923949299533206       0.9694440774619579
     656.4925950633755747       0.9215469136834145
     656.4927951967978288       1.0556263998150826
     656.4929953302201966       0.9326191172003746
     656.4931954636424507       0.9788202196359634
     656.4933955970647048       1.0099634630605578
     656.4935957304869589       1.1187232509255409
     656.4937958639093267       1.0922913253307343
     656.4939959973315808       0.9685115255415440
     656.4941961307538350       1.0178689546883106
     656.4943962641760891       0.9807992726564407
     656.4945963975983432       0.9699206147342920
     656.4947965310207110       0.9996668109088205
     656.4949966644429651       0.9830214586108923
     656.4951967978652192       0.9731066282838583
     656.4953969312874733       0.9579448252916336
     656.4955970647098411       0.9639951847493649
     656.4957971981320952       1.0458076409995556
     656.4959973315543493       1.0150987608358264
     656.4961974649766034       0.9733161870390177
     656.4963975983989712       1.0329626016318798
     656.4965977318212254       0.9781817346811295
     656.4967978652434795       0.9887588415294886
     656.4969979986657336       1.0159895326942205
     656.4971981320881014       0.9873355859890580
     656.4973982655103555       0.9993757074698806
     656.4975983989326096       1.0119932768866420
     656.4977985323548637       1.0486886166036129
     656.4979986657772315       0.9637897945940495
     656.4981987991994856       1.0915801972150803
     656.4983989326217397       1.0363396219909191
     656.4985990660439938       0.9095821231603622
     656.4987991994663616       0.9324520155787468
     656.4989993328886158       0.9077601358294487
     656.4991994663108699       0.9568531997501850
     656.4993995997331240       1.0300300624221563
     656.4995997331554918       0.9914361564442515
     656.4997998665777459       0.9914621738716960
     656.5000000000000000       0.9821043293923140
