     656.2000000000000455       0.9417942576110363
     656.2002001334222996       1.0224315375089645
     656.2004002668445537       1.1130077987909317
     656.2006004002669215       1.0671984106302261
     656.2008005336891756       0.9347434490919113
     656.2010006671114297       0.9593602865934372
     656.2012008005336838       1.1219152212142944
     656.2014009339560516       1.0493892170488834
     656.2016010673783057       1.0267303343862295
     656.2018012008005599       1.0157000478357077
     656.2020013342228140       0.9290982857346535
     656.2022014676451818       0.9340491145849228
     656.2024016010674359       0.9766855631023645
     656.2026017344896900       1.0003217929915991
     656.2028018679119441       0.9734259750694036
     656.2030020013343119       1.0000611811628914
     656.2032021347565660       0.9347318187355995
     656.2034022681788201       0.9053973630070686
     656.2036024016010742       0.9846723107621074
     656.2038025350234420       1.0090006394311786
     656.2040026684456961       1.0819342061877251
     656.2042028018679503       1.0255604144185781
     656.2044029352902044       0.9628735780715942
     656.2046030687125722       0.9289086237549782
     656.2048032021348263       0.9222686886787415
     656.2050033355570804       1.0148346712812781
     656.2052034689793345       1.0211043227463961
     656.2054036024017023       1.0016390836099163
     656.2056037358239564       1.0109471334144473
     656.2058038692462105       0.8854411467909813
     656.2060040026684646       1.0222286488860846
     656.2062041360907187       0.9737859666347504
     656.2064042695130865       1.0109115745872259
     656.2066044029353407       0.9367167353630066
     656.2068045363575948       1.0870922356843948
     656.2070046697798489       1.0454257987439632
     656.2072048032022167       0.9716871194541454
     656.2074049366244708       1.0506852567195892
     656.2076050700467249       1.0225009284913540
     656.2078052034689790       1.0535356067121029
     656.2080053368913468       0.9861000711098313
     656.2082054703136009       0.9820029586553574
     656.2084056037358550       1.0019166440470144
     656.2086057371581092       0.9976309165358543
     656.2088058705804769       1.0388447083532810
     656.2090060040027311       1.0284538660198450
     656.2092061374249852       0.9996567715425044
     656.2094062708472393       0.9344687983393669
     656.2096064042696071       0.9388618804514408
     656.2098065376918612       1.0614523664116859
     656.2100066711141153       1.0290849208831787
     656.2102068045363694       1.1068000718951225
     656.2104069379587372       0.9245970621705055
     656.2106070713809913       0.9514737874269485
     656.2108072048032454       1.0355997495353222
     656.2110073382254996       1.0236753560602665
     656.2112074716477537       0.9978684766683728
     656.2114076050701215       1.0469438023865223
     656.2116077384923756       1.0218840185552835
     656.2118078719146297       1.0679566711187363
     656.2120080053368838       1.0094729354605079
     656.2122081387592516       1.0262164957821369
     656.2124082721815057       0.9711410850286484
     656.2126084056037598       0.9657048806548119
     656.2128085390260139       0.9799155015498400
     656.2130086724483817       0.9952567433938384
     656.2132088058706358       1.0869716256856918
     656.2134089392928900       1.0109552219510078
     656.2136090727151441       0.9430667869746685
     656.2138092061375119       0.9726295173168182
     656.2140093395597660       1.0366226546466351
     656.2142094729820201       1.0399391949176788
     656.2144096064042742       0.9635675884783268
     656.2146097398266420       1.0063060983084142
     656.2148098732488961       1.0140956705436110
     656.2150100066711502       0.9882648214697838
     656.2152101400934043       0.9883733289316297
     656.2154102735157721       0.9692420382052660
     656.2156104069380262       1.0222240854054689
     656.2158105403602804       1.0454610995948315
     656.2160106737825345       1.0660220310091972
     656.2162108072049023       1.0162706132978201
     656.2164109406271564       0.9747372772544622
     656.2166110740494105       0.9691743571311235
     656.2168112074716646       0.9852823615074158
     656.2170113408939187       0.8878339007496834
     656.2172114743162865       0.9308022335171700
     656.2174116077385406       1.0484481826424599
     656.2176117411607947       0.8902903571724892
     656.2178118745830488       0.9214716926217079
     656.2180120080054166       1.0604055710136890
     656.2182121414276708       1.0034196078777313
     656.2184122748499249       0.8609851896762848
     656.2186124082721790       1.0348809137940407
     656.2188125416945468       0.9493066072463989
     656.2190126751168009       0.9950736407190561
     656.2192128085390550       0.9550317376852036
     656.2194129419613091       1.0162333454936743
     656.2196130753836769       0.9627293013036251
     656.2198132088059310       1.0538099519908428
     656.2200133422281851       0.9722168259322643
     656.2202134756504392       0.9627724774181843
     656.2204136090728070       1.0582738481462002
     656.2206137424950612       0.9383740350604057
     656.2208138759173153       0.9807101134210825
     656.2210140093395694       0.9895933717489243
     656.2212141427619372       1.0169848911464214
     656.2214142761841913       0.8859134539961815
     656.2216144096064454       1.0505151040852070
     656.2218145430286995       1.0562487021088600
     656.2220146764509536       0.9518453776836395
     656.2222148098733214       1.1167082786560059
     656.2224149432955755       0.9788560364395380
     656.2226150767178297       1.0842708498239517
     656.2228152101400838       1.0310966800898314
     656.2230153435624516       1.0306919049471617
     656.2232154769847057       0.9881251007318497
     656.2234156104069598       0.9812266249209642
     656.2236157438292139       0.9832870978862047
     656.2238158772515817       1.0673087835311890
     656.2240160106738358       1.0663869604468346
     656.2242161440960899       0.9646002091467381
     656.2244162775183440       1.0442213006317616
     656.2246164109407118       1.0280967354774475
     656.2248165443629659       0.9695233665406704
     656.2250166777852201       1.0308718532323837
     656.2252168112074742       0.9794425144791603
     656.2254169446298420       0.9817596338689327
     656.2256170780520961       1.0369877181947231
     656.2258172114743502       1.0792481824755669
     656.2260173448966043       1.0164704043418169
     656.2262174783189721       0.9636465497314930
     656.2264176117412262       0.9933852702379227
     656.2266177451634803       1.0175594165921211
     656.2268178785857344       0.9964018254540861
     656.2270180120081022       0.9720725473016500
     656.2272181454303563       0.9984690273413435
     656.2274182788526105       0.8773284330964088
     656.2276184122748646       0.9639354646205902
     656.2278185456971187       1.0259224660694599
     656.2280186791194865       1.0197988003492355
     656.2282188125417406       1.0651270598173141
     656.2284189459639947       0.9439714178442955
     656.2286190793862488       1.0595398955047131
     656.2288192128086166       1.0345076285302639
     656.2290193462308707       1.0193701740354300
     656.2292194796531248       1.0348596721887589
     656.2294196130753789       1.0291099045425653
     656.2296197464977467       1.0559913516044617
     656.2298198799200009       1.0484754443168640
     656.2300200133422550       1.0067365295253694
     656.2302201467645091       0.9313532784581184
     656.2304202801868769       1.0727282240986824
     656.2306204136091310       0.9970282928552479
     656.2308205470313851       0.9036008343100548
     656.2310206804536392       0.9570663906633854
     656.2312208138760070       0.9715559538453817
     656.2314209472982611       0.9199889376759529
     656.2316210807205152       0.9910306185483932
     656.2318212141427693       1.0034009215887636
     656.2320213475651371       1.0204446520656347
     656.2322214809873913       1.0473666414618492
     656.2324216144096454       1.0504913926124573
     656.2326217478318995       0.9794741217046976
     656.2328218812541536       1.0695896148681641
     656.2330220146765214       1.0768062248826027
     656.2332221480987755       1.0482500605285168
     656.2334222815210296       1.0641968250274658
     656.2336224149432837       1.0406799800693989
     656.2338225483656515       1.0557328052818775
     656.2340226817879056       0.9571845978498459
     656.2342228152101598       0.9663502573966980
     656.2344229486324139       0.9827177245169878
     656.2346230820547817       1.0002250791294500
     656.2348232154770358       1.0652325525879860
     656.2350233488992899       1.0961375385522842
     656.2352234823215440       1.0173582416027784
     656.2354236157439118       1.0240307636559010
     656.2356237491661659       0.9798339139670134
     656.2358238825884200       1.0667267367243767
     656.2360240160106741       0.9485805071890354
     656.2362241494330419       0.9478953368961811
     656.2364242828552960       1.0031444660853595
     656.2366244162775502       0.9673173651099205
     656.2368245496998043       0.9850960122421384
     656.2370246831221721       0.9833333604037762
     656.2372248165444262       0.9606669284403324
     656.2374249499666803       1.0390664897859097
     656.2376250833889344       0.9937338544987142
     656.2378252168113022       1.0320474617183208
     656.2380253502335563       1.0132496301084757
     656.2382254836558104       0.9856330333277583
     656.2384256170780645       1.0360752306878567
     656.2386257505003186       1.0723519250750542
     656.2388258839226864       0.9907924411818385
     656.2390260173449406       0.9944717031903565
     656.2392261507671947       1.0077877244912088
     656.2394262841894488       1.0266255643218756
     656.2396264176118166       1.0465001501142979
     656.2398265510340707       0.8840112462639809
     656.2400266844563248       0.8911001905798912
     656.2402268178785789       1.0180419199168682
     656.2404269513009467       0.9890617849305272
     656.2406270847232008       1.0898611769080162
     656.2408272181454549       1.0542639493942261
     656.2410273515677090       0.9578694142401218
     656.2412274849900768       1.0398701317608356
     656.2414276184123310       0.9741313997656107
     656.2416277518345851       0.9078535661101341
     656.2418278852568392       1.0125890914350748
     656.2420280186792070       0.9889110298827291
     656.2422281521014611       0.9524326659739017
     656.2424282855237152       0.9739545192569494
     656.2426284189459693       1.0958532318472862
     656.2428285523683371       1.0376501567661762
     656.2430286857905912       0.9916556924581528
     656.2432288192128453       1.0004359197337180
     656.2434289526350994       1.0778521522879601
     656.2436290860574672       0.9328686445951462
     656.2438292194797214       1.1545430421829224
     656.2440293529019755       1.1103414222598076
     656.2442294863242296       0.9769210461527109
     656.2444296197464837       0.9857259495183825
     656.2446297531688515       0.9947636150754988
     656.2448298865911056       0.9381342157721519
     656.2450300200133597       1.0110266981646419
     656.2452301534356138       1.0343544892966747
     656.2454302868579816       0.9752088766545057
     656.2456304202802357       0.9551284201443195
     656.2458305537024899       0.8839691281318665
     656.2460306871247440       0.9180725365877151
     656.2462308205471118       0.9466372057795525
     656.2464309539693659       1.0242448430508375
     656.2466310873916200       0.8964259251952171
     656.2468312208138741       1.0365649089217186
     656.2470313542362419       1.0219772774726152
     656.2472314876584960       1.0507405102252960
     656.2474316210807501       0.9901428585872054
     656.2476317545030042       0.9852068275213242
     656.2478318879253720       0.9837531298398972
     656.2480320213476261       0.9787826184183359
     656.2482321547698803       1.0089522814378142
     656.2484322881921344       0.9710013531148434
     656.2486324216145022       0.9736228138208389
     656.2488325550367563       1.0298488084226847
     656.2490326884590104       0.9188764989376068
     656.2492328218812645       0.9919716976583004
     656.2494329553035186       1.0144025525078177
     656.2496330887258864       1.0876103639602661
     656.2498332221481405       0.9213279411196709
     656.2500333555703946       1.0245865527540445
     656.2502334889926487       0.9526530802249908
     656.2504336224150165       0.9527985267341137
     656.2506337558372707       1.0220288615673780
     656.2508338892595248       1.0074732447974384
     656.2510340226817789       0.9443826861679554
     656.2512341561041467       1.0073799001984298
     656.2514342895264008       0.9443373903632164
     656.2516344229486549       0.9791267011314631
     656.2518345563709090       1.0327401384711266
     656.2520346897932768       1.0003983429633081
     656.2522348232155309       1.0659196227788925
     656.2524349566377850       0.9909790093079209
     656.2526350900600391       1.0066163935698569
     656.2528352234824069       1.0297874752432108
     656.2530353569046611       1.0262724887579679
     656.2532354903269152       0.9329731166362762
     656.2534356237491693       0.9861951973289251
     656.2536357571715371       1.0919557064771652
     656.2538358905937912       1.0098146889358759
     656.2540360240160453       0.9440427906811237
     656.2542361574382994       0.9747839123010635
     656.2544362908606672       1.0672401934862137
     656.2546364242829213       1.0317131504416466
     656.2548365577051754       1.0576909184455872
     656.2550366911274295       1.0465922802686691
     656.2552368245496837       1.0215637702494860
     656.2554369579720515       1.0791187509894371
     656.2556370913943056       0.8504375964403152
     656.2558372248165597       0.9957052068784833
     656.2560373582388138       1.0271188467741013
     656.2562374916611816       0.9783457051962614
     656.2564376250834357       0.9507413133978844
     656.2566377585056898       1.0468790791928768
     656.2568378919279439       0.9594054780900478
     656.2570380253503117       0.9337489530444145
     656.2572381587725658       1.0446611493825912
     656.2574382921948200       1.0698262825608253
     656.2576384256170741       0.9808362033218145
     656.2578385590394419       1.0427779592573643
     656.2580386924616960       1.1195027604699135
     656.2582388258839501       0.9584288299083710
     656.2584389593062042       1.0625418648123741
     656.2586390927285720       0.9473080076277256
     656.2588392261508261       0.9603046514093876
     656.2590393595730802       1.1015262380242348
     656.2592394929953343       1.0523960180580616
     656.2594396264177021       1.0133921457454562
     656.2596397598399562       1.0381188802421093
     656.2598398932622104       0.9497852027416229
     656.2600400266844645       1.0551294349133968
     656.2602401601067186       1.0398144461214542
     656.2604402935290864       1.0435128323733807
     656.2606404269513405       0.9543332271277905
     656.2608405603735946       1.0947815477848053
     656.2610406937958487       0.9549233242869377
     656.2612408272182165       1.0175029318779707
     656.2614409606404706       1.0033424820285290
     656.2616410940627247       1.0147057175636292
     656.2618412274849788       1.0109024867415428
     656.2620413609073466       1.0452363900840282
     656.2622414943296008       0.9806349314749241
     656.2624416277518549       0.9526838995516300
     656.2626417611741090       1.0219837334007025
     656.2628418945964768       1.0190752148628235
     656.2630420280187309       0.8844709470868111
     656.2632421614409850       1.0021789437159896
     656.2634422948632391       1.0777540132403374
     656.2636424282856069       0.9493774995207787
     656.2638425617078610       1.0041347253136337
     656.2640426951301151       1.0587718747556210
     656.2642428285523692       0.9775736276060343
     656.2644429619747370       1.1040385887026787
     656.2646430953969912       1.0896380692720413
     656.2648432288192453       1.0083431294187903
     656.2650433622414994       1.0366429947316647
     656.2652434956638672       1.0442014932632446
     656.2654436290861213       0.9929139837622643
     656.2656437625083754       1.0075149834156036
     656.2658438959306295       1.0126678468659520
     656.2660440293528836       1.0066085876896977
     656.2662441627752514       0.9530291184782982
     656.2664442961975055       1.0221368614584208
     656.2666444296197596       1.0194029156118631
     656.2668445630420138       0.9653065726161003
     656.2670446964643816       1.0493494383990765
     656.2672448298866357       0.9714668206870556
     656.2674449633088898       0.9673423580825329
     656.2676450967311439       0.9899154836311936
     656.2678452301535117       0.9412499852478504
     656.2680453635757658       1.0156360622495413
     656.2682454969980199       0.9793899301439524
     656.2684456304202740       1.0028349019121379
     656.2686457638426418       0.9692630469799042
     656.2688458972648959       0.9942639344371855
     656.2690460306871501       0.9904826125130057
     656.2692461641094042       0.9645949453115463
     656.2694462975317720       0.9689253661781549
     656.2696464309540261       1.0024506291374564
     656.2698465643762802       1.0018359381938353
     656.2700466977985343       0.9783733114600182
     656.2702468312209021       1.0390043258666992
     656.2704469646431562       0.9689268469810486
     656.2706470980654103       1.0530208311975002
     656.2708472314876644       1.0046414411626756
     656.2710473649099185       0.9985376362456009
     656.2712474983322863       0.9995240487041883
     656.2714476317545405       0.9815549049526453
     656.2716477651767946       1.0443463735282421
     656.2718478985990487       1.0102106276899576
     656.2720480320214165       0.9529408328235149
     656.2722481654436706       0.9279229417443275
     656.2724482988659247       1.0584380142390728
     656.2726484322881788       0.9762686453759670
     656.2728485657105466       1.0409340672194958
     656.2730486991328007       1.0005739220068790
     656.2732488325550548       0.9367637857794762
     656.2734489659773089       0.9645957984030247
     656.2736490993996767       1.0036006562877446
     656.2738492328219309       0.9412959739565849
     656.2740493662441850       1.0531226955354214
     656.2742494996664391       1.0598044358193874
     656.2744496330888069       1.0657982900738716
     656.2746497665110610       1.0618407391011715
     656.2748498999333151       0.9803007040172815
     656.2750500333555692       1.0011032125912607
     656.2752501667779370       1.0521874688565731
     656.2754503002001911       0.9229395762085915
     656.2756504336224452       0.9576159231364727
     656.2758505670446993       0.9991981199127622
     656.2760507004670671       1.0173950605094433
     656.2762508338893213       0.9747395925223827
     656.2764509673115754       0.9759057331830263
     656.2766511007338295       1.0254738610237837
     656.2768512341560836       1.0196999255567789
     656.2770513675784514       1.0573730282485485
     656.2772515010007055       1.0580049119889736
     656.2774516344229596       1.0331722870469093
     656.2776517678452137       0.9823456499725580
     656.2778519012675815       0.9591807462275028
     656.2780520346898356       0.9251589626073837
     656.2782521681120897       1.0718020126223564
     656.2784523015343439       0.9232648387551308
     656.2786524349567117       1.0059267543256283
     656.2788525683789658       1.0073356679640710
     656.2790527018012199       0.9352313652634621
     656.2792528352234740       0.9292409420013428
     656.2794529686458418       1.0025214876513928
     656.2796531020680959       1.0419774651527405
     656.2798532354903500       1.0561687946319580
     656.2800533689126041       0.9984831786714494
     656.2802535023349719       0.9927881923504174
     656.2804536357572260       0.9635912962257862
     656.2806537691794802       1.0365734547376633
     656.2808539026017343       0.9239335954189301
     656.2810540360241021       0.9906198550015688
     656.2812541694463562       0.9739870186895132
     656.2814543028686103       1.0669082105159760
     656.2816544362908644       0.9944733767770231
     656.2818545697131185       0.9889433514326811
     656.2820547031354863       1.0694961920380592
     656.2822548365577404       0.9924870645627379
     656.2824549699799945       0.9147822931408881
     656.2826551034022486       1.0089395577087998
     656.2828552368246164       1.0229107830673454
     656.2830553702468706       0.9540687352418896
     656.2832555036691247       1.0569032803177829
     656.2834556370913788       1.0176361333578818
     656.2836557705137466       1.0383700095117083
     656.2838559039360007       1.0130200432613479
     656.2840560373582548       1.0021249931305625
     656.2842561707805089       0.9794874954968659
     656.2844563042028767       0.9048883095383595
     656.2846564376251308       0.9590081796050000
     656.2848565710473849       1.0342204682528866
     656.2850567044696390       0.9093275517225108
     656.2852568378920068       0.9922728976234562
     656.2854569713142610       0.9562781639396803
     656.2856571047365151       0.9571638293563820
     656.2858572381587692       1.0483964867889153
     656.2860573715811370       1.0662120431660540
     656.2862575050033911       1.0204063951967597
     656.2864576384256452       0.9807126149532932
     656.2866577718478993       1.0625999644395434
     656.2868579052702671       1.0094388369466136
     656.2870580386925212       1.0184403713785795
     656.2872581721147753       0.9762835316350275
     656.2874583055370294       1.0927351787672412
     656.2876584389592836       0.9766727797667134
     656.2878585723816514       1.0060972482868935
     656.2880587058039055       1.0350665412802820
     656.2882588392261596       0.9802606943937429
     656.2884589726484137       1.0115779293619909
     656.2886591060707815       0.9769060648863196
     656.2888592394930356       1.1229086890655355
     656.2890593729152897       0.9681966118287905
     656.2892595063375438       1.0536823682169443
     656.2894596397599116       0.9999099325279488
     656.2896597731821657       0.9963666635412251
     656.2898599066044198       1.0195949728671305
     656.2900600400266740       0.9938717157317249
     656.2902601734490418       1.0234536266164704
     656.2904603068712959       1.0527846289380485
     656.2906604402935500       1.0843702849585579
     656.2908605737158041       0.9376281383790745
     656.2910607071381719       1.0745797076872581
     656.2912608405604260       1.0278413641572901
     656.2914609739826801       0.9914899829942551
     656.2916611074049342       1.0130290476537498
     656.2918612408273020       1.0284075157902453
     656.2920613742495561       0.9308845447845729
     656.2922615076718103       1.0146654211163653
     656.2924616410940644       0.9689750640103232
     656.2926617745164322       1.0670813776585817
     656.2928619079386863       0.9842471427846184
     656.2930620413609404       1.0184056769310830
     656.2932621747831945       1.0278587721598134
     656.2934623082054486       1.0909074779387273
     656.2936624416278164       1.0121342025076423
     656.2938625750500705       1.0512125678006656
     656.2940627084723246       1.0104756012265665
     656.2942628418945787       1.0050800488901772
     656.2944629753169465       0.9650780639607826
     656.2946631087392007       0.9865802129986124
     656.2948632421614548       0.9750343391596887
     656.2950633755837089       0.9928895225208775
     656.2952635090060767       0.9873875644082392
     656.2954636424283308       0.9771920302134525
     656.2956637758505849       1.0150717192048559
     656.2958639092728390       1.0015023362610229
     656.2960640426952068       0.9805988252889657
     656.2962641761174609       1.0157923756859539
     656.2964643095397150       0.9803635636463849
     656.2966644429619691       1.0331120912232010
     656.2968645763843369       0.9756307446134959
     656.2970647098065911       0.9994864586793950
     656.2972648432288452       1.0366954625054761
     656.2974649766510993       1.0013184258321837
     656.2976651100734671       0.8952213668138128
     656.2978652434957212       0.9892723517177533
     656.2980653769179753       1.0240523142123865
     656.2982655103402294       1.0616959915570572
     656.2984656437624835       0.9836973854097516
     656.2986657771848513       0.9758231419114148
     656.2988659106071054       0.9758052130130982
     656.2990660440293595       1.0400920805193663
     656.2992661774516137       0.9737555889722421
     656.2994663108739815       0.9702679681188147
     656.2996664442962356       1.0487565750303454
     656.2998665777184897       0.9946854457617172
     656.3000667111407438       1.0100364288704660
     656.3002668445631116       0.9322519895059658
     656.3004669779853657       1.0193610627365095
     656.3006671114076198       1.0450283577454413
     656.3008672448298739       1.0050099216122554
     656.3010673782522417       1.0378322344612441
     656.3012675116744958       1.1324067274289156
     656.3014676450967499       1.0802265073261010
     656.3016677785190041       1.0422785412605680
     656.3018679119413719       0.9224752022158461
     656.3020680453636260       1.0167450165353120
     656.3022681787858801       0.9841394622750657
     656.3024683122081342       0.9489421330883792
     656.3026684456305020       0.9997921065398769
     656.3028685790527561       0.9499161703883662
     656.3030687124750102       1.0129131676529586
     656.3032688458972643       1.0526999050889756
     656.3034689793196321       0.9993818659348810
     656.3036691127418862       1.0573690987351623
     656.3038692461641403       0.9646344630139569
     656.3040693795863945       0.9851743276816257
     656.3042695130086486       1.0677308741166831
     656.3044696464310164       0.9420049495214495
     656.3046697798532705       0.9944070078326557
     656.3048699132755246       0.9784608205967895
     656.3050700466977787       1.0052084655767863
     656.3052701801201465       0.9982262039732943
     656.3054703135424006       0.9731639042254738
     656.3056704469646547       1.0345673502611461
     656.3058705803869088       1.0424581501641803
     656.3060707138092766       1.0193037665914044
     656.3062708472315308       1.0123041534416068
     656.3064709806537849       0.9753873804972016
     656.3066711140760390       0.9887190515123385
     656.3068712474984068       0.9864632927191627
     656.3070713809206609       0.8912916913007366
     656.3072715143429150       0.9828691128927425
     656.3074716477651691       0.9648989078659047
     656.3076717811875369       0.9399118261002506
     656.3078719146097910       0.9204618306247612
     656.3080720480320451       1.0437118672743642
     656.3082721814542992       0.8658948342740533
     656.3084723148766670       1.0241882389054586
     656.3086724482989212       0.9805462852287196
     656.3088725817211753       0.8861150596883308
     656.3090727151434294       0.9729039915123645
     656.3092728485656835       0.9630639995809921
     656.3094729819880513       0.9591410668550993
     656.3096731154103054       0.9984743065344002
     656.3098732488325595       1.0344725222556137
     656.3100733822548136       0.8986898562473910
     656.3102735156771814       0.9067264212654685
     656.3104736490994355       0.9553857425682998
     656.3106737825216896       0.9919802155490103
     656.3108739159439438       0.9134987026685276
     656.3110740493663116       0.8996769621853195
     656.3112741827885657       0.8363513347607247
     656.3114743162108198       0.7384962462563982
     656.3116744496330739       0.8651776198593832
     656.3118745830554417       0.8757713858837228
     656.3120747164776958       0.8532157708465556
     656.3122748498999499       0.9144604251431173
     656.3124749833222040       0.9510089999372748
     656.3126751167445718       0.8582146841983919
     656.3128752501668259       0.8660586687445951
     656.3130753835890800       0.8801653484825216
     656.3132755170113342       0.9231640614908593
     656.3134756504337020       0.7354749798848170
     656.3136757838559561       0.8789080923469115
     656.3138759172782102       0.8799831887126377
     656.3140760507004643       0.8830258265275599
     656.3142761841228321       0.8508807669490723
     656.3144763175450862       0.7638453051940349
     656.3146764509673403       0.8417545167262843
     656.3148765843895944       0.7789410994344272
     656.3150767178118485       0.8713559963997310
     656.3152768512342163       0.8287907990297075
     656.3154769846564704       0.8049740406308722
     656.3156771180787246       0.8364938217930404
     656.3158772515009787       0.8116909450921554
     656.3160773849233465       0.7696613132917787
     656.3162775183456006       0.7214993004644474
     656.3164776517678547       0.7495517728217900
     656.3166777851901088       0.8694679653337959
     656.3168779186124766       0.8455875362913710
     656.3170780520347307       0.8976979050568293
     656.3172781854569848       0.8082483568141150
     656.3174783188792389       0.7849155698220511
     656.3176784523016067       0.7987847709550178
     656.3178785857238609       0.8050623409019833
     656.3180787191461150       0.8299982196056197
     656.3182788525683691       0.7256164351797635
     656.3184789859907369       0.8328609797631068
     656.3186791194129910       0.8125704160229255
     656.3188792528352451       0.8456459062450045
     656.3190793862574992       0.8939749585023428
     656.3192795196798670       0.8278449475482547
     656.3194796531021211       0.9530769087298245
     656.3196797865243752       0.8139832135783540
     656.3198799199466293       0.8994208622465385
     656.3200800533688835       0.9206631053985100
     656.3202801867912513       0.8657539478372127
     656.3204803202135054       0.8256440506101147
     656.3206804536357595       0.9388927848645531
     656.3208805870580136       0.8831365278042040
     656.3210807204803814       0.8668830267402050
     656.3212808539026355       0.8675493744590428
     656.3214809873248896       0.8457779641576354
     656.3216811207471437       0.9781535466613430
     656.3218812541695115       1.0103126273396734
     656.3220813875917656       0.9970953147751780
     656.3222815210140197       1.0000089918292672
     656.3224816544362739       0.9816752950215109
     656.3226817878586417       1.0001518351330350
     656.3228819212808958       0.8499568848219454
     656.3230820547031499       0.9945813109169872
     656.3232821881254040       0.9866981647763033
     656.3234823215477718       1.0219723923201756
     656.3236824549700259       1.0005198533509048
     656.3238825883922800       1.0261698573853750
     656.3240827218145341       0.9803006139533963
     656.3242828552369019       0.8907994184828529
     656.3244829886591560       1.0511624306788923
     656.3246831220814101       1.0106723652862009
     656.3248832555036643       0.9719659841635582
     656.3250833889260321       0.9561478378764263
     656.3252835223482862       0.9422935373104656
     656.3254836557705403       1.0038685038148463
     656.3256837891927944       1.0110843194549970
     656.3258839226150485       0.9978914717521584
     656.3260840560374163       1.0616140882984744
     656.3262841894596704       1.0276824373375464
     656.3264843228819245       0.9632237248451934
     656.3266844563041786       0.9120494405086617
     656.3268845897265464       0.9300164523612188
     656.3270847231488005       1.0185672051745309
     656.3272848565710547       1.0644935224260383
     656.3274849899933088       0.9857222458549809
     656.3276851234156766       1.0603874300083609
     656.3278852568379307       0.9155152520559239
     656.3280853902601848       0.9229133839948563
     656.3282855236824389       1.0064360395980256
     656.3284856571048067       0.9670523369427926
     656.3286857905270608       1.0557144670227072
     656.3288859239493149       1.0489640988528830
     656.3290860573715690       0.9764772969108174
     656.3292861907939368       1.0046111109666584
     656.3294863242161910       0.9994426597279045
     656.3296864576384451       0.9563980039604933
     656.3298865910606992       0.9964856238841284
     656.3300867244830670       1.0387265279957987
     656.3302868579053211       0.9717993655553465
     656.3304869913275752       1.0444570180190360
     656.3306871247498293       1.0704390875226097
     656.3308872581721971       0.9736988034237325
     656.3310873915944512       0.9658977656642734
     656.3312875250167053       1.0124679888179005
     656.3314876584389594       1.0030209680036613
     656.3316877918612136       0.9607382218022317
     656.3318879252835814       1.0712323557447059
     656.3320880587058355       0.9802415793338006
     656.3322881921280896       0.9641029717284618
     656.3324883255503437       1.0287328038325998
     656.3326884589727115       1.0278603528804133
     656.3328885923949656       1.0203100294111325
     656.3330887258172197       1.0019352890574931
     656.3332888592394738       1.0449974056923537
     656.3334889926618416       0.9875135456108693
     656.3336891260840957       0.9959087042438468
     656.3338892595063498       0.9216000608197356
     656.3340893929286040       0.9912840182432257
     656.3342895263509718       0.9699092750044578
     656.3344896597732259       0.9948910105585486
     656.3346897931954800       0.9635731805381157
     656.3348899266177341       0.9783655008371533
     656.3350900600401019       1.0150133574303606
     656.3352901934623560       0.9396756841267735
     656.3354903268846101       0.9663216117314984
     656.3356904603068642       0.9137724393838820
     656.3358905937292320       1.0216434116060129
     656.3360907271514861       0.9704066843969467
     656.3362908605737402       1.0058378110529278
     656.3364909939959944       0.9769647292055561
     656.3366911274182485       1.0478734513349330
     656.3368912608406163       0.9579641264578830
     656.3370913942628704       0.9320119900460196
     656.3372915276851245       0.9657090383895269
     656.3374916611073786       0.9757343738238926
     656.3376917945297464       1.0247517067111720
     656.3378919279520005       1.0045514183129645
     656.3380920613742546       1.1128784966775678
     656.3382921947965087       1.0241049562063473
     656.3384923282188765       0.9764376402937822
     656.3386924616411306       1.0011444211761673
     656.3388925950633848       1.0114495512523636
     656.3390927284856389       1.0359963299787209
     656.3392928619080067       0.9203518896972851
     656.3394929953302608       1.0239698994921420
     656.3396931287525149       1.0143975063578865
     656.3398932621747690       0.9954578837772488
     656.3400933955971368       0.9899850930498643
     656.3402935290193909       1.0599207630775846
     656.3404936624416450       1.0302723237424090
     656.3406937958638991       0.9976611822933158
     656.3408939292862669       0.9150597816134826
     656.3410940627085211       0.9366200857345808
     656.3412941961307752       0.9974172047368001
     656.3414943295530293       1.0156678218406276
     656.3416944629753971       1.0442323570233092
     656.3418945963976512       0.9827761536367712
     656.3420947298199053       0.9792037958724352
     656.3422948632421594       1.0656547545363553
     656.3424949966644135       0.9933568573751502
     656.3426951300867813       1.0650961994595760
     656.3428952635090354       1.0298414714255411
     656.3430953969312895       0.9279224201766020
     656.3432955303535437       1.0211418736532991
     656.3434956637759115       1.0364888608318390
     656.3436957971981656       1.0382393933735288
     656.3438959306204197       1.0041418019613291
     656.3440960640426738       1.0134042371015817
     656.3442961974650416       1.0053319018299933
     656.3444963308872957       0.9828613735711390
     656.3446964643095498       0.9347617998702387
     656.3448965977318039       0.9781002029764815
     656.3450967311541717       0.9878720240659268
     656.3452968645764258       1.0594829209143186
     656.3454969979986799       0.9154882729049547
     656.3456971314209341       0.9163316786286483
     656.3458972648433019       1.0249592829493783
     656.3460973982655560       1.0842097401617661
     656.3462975316878101       1.0649321451782290
     656.3464976651100642       0.9547872841357574
     656.3466977985324320       1.0572740994393408
     656.3468979319546861       0.9629854261874868
     656.3470980653769402       0.9807859361171529
     656.3472981987991943       1.0501026101410258
     656.3474983322214484       1.0011191334342495
     656.3476984656438162       0.9731685072183549
     656.3478985990660703       1.0417518466711004
     656.3480987324883245       1.0407938770949814
     656.3482988659105786       1.0241878312081081
     656.3484989993329464       0.9725325219333160
     656.3486991327552005       0.9426826946437351
     656.3488992661774546       0.9371079429984087
     656.3490993995997087       0.9717533998191353
     656.3492995330220765       0.9367649555206297
     656.3494996664443306       1.1028717085719109
     656.3496997998665847       0.9234831556677817
     656.3498999332888388       1.1006027609109879
     656.3501000667112066       1.0033941201400012
     656.3503002001334607       0.9620329029858112
     656.3505003335557149       0.9617193154990673
     656.3507004669779690       0.9369712769985199
     656.3509006004003368       1.0083163017407060
     656.3511007338225909       1.0418461970984936
     656.3513008672448450       1.0218176972121000
     656.3515010006670991       1.0256935860961676
     656.3517011340894669       1.0401829592883587
     656.3519012675117210       1.0299733188003302
     656.3521014009339751       1.0324539430439472
     656.3523015343562292       1.0323669426143169
     656.3525016677785970       1.0169156622141600
     656.3527018012008512       1.0614289939403534
     656.3529019346231053       1.0104041518643498
     656.3531020680453594       0.9900718228891492
     656.3533022014676135       0.9932230636477470
     656.3535023348899813       1.0573996081948280
     656.3537024683122354       0.9798075128346682
     656.3539026017344895       0.9723592903465033
     656.3541027351567436       1.0341856591403484
     656.3543028685791114       1.0098808547481894
     656.3545030020013655       1.0429143682122231
     656.3547031354236196       0.9621776863932610
     656.3549032688458738       0.9434550330042839
     656.3551034022682416       0.9224323183298111
     656.3553035356904957       0.9774651471525431
     656.3555036691127498       1.0159066058695316
     656.3557038025350039       0.9230958297848701
     656.3559039359573717       1.0087053049355745
     656.3561040693796258       0.8885594680905342
     656.3563042028018799       0.9503774978220463
     656.3565043362241340       1.0755147784948349
     656.3567044696465018       1.0482194535434246
     656.3569046030687559       0.9203718230128288
     656.3571047364910100       0.9795330315828323
     656.3573048699132642       1.0064854347147048
     656.3575050033356320       1.0583679191768169
     656.3577051367578861       1.0318965390324593
     656.3579052701801402       0.9380515739321709
     656.3581054036023943       0.9792814794927835
     656.3583055370246484       0.9494016878306866
     656.3585056704470162       0.8901466801762581
     656.3587058038692703       0.9800848010927439
     656.3589059372915244       1.0030194327700883
     656.3591060707137785       0.8947038501501083
     656.3593062041361463       1.0450024418532848
     656.3595063375584004       1.0380509011447430
     656.3597064709806546       0.9879318634048104
     656.3599066044029087       0.8747898489236832
     656.3601067378252765       0.9894502367824316
     656.3603068712475306       1.0341492407023907
     656.3605070046697847       0.8757456988096237
     656.3607071380920388       1.0406589396297932
     656.3609072715144066       0.9748181607574224
     656.3611074049366607       1.0637150779366493
     656.3613075383589148       1.0847570523619652
     656.3615076717811689       0.9812975637614727
     656.3617078052035367       1.0078554609790444
     656.3619079386257908       1.0389364808797836
     656.3621080720480450       0.9297104850411415
     656.3623082054702991       0.9010467305779457
     656.3625083388926669       0.9952922509983182
     656.3627084723149210       0.9628681167960167
     656.3629086057371751       1.0410570651292801
     656.3631087391594292       0.9785733651369810
     656.3633088725817970       1.0594744049012661
     656.3635090060040511       1.0655692741274834
     656.3637091394263052       0.9687365032732487
     656.3639092728485593       1.0266010798513889
     656.3641094062708135       0.9645492471754551
     656.3643095396931813       1.0586168952286243
     656.3645096731154354       1.0988907590508461
     656.3647098065376895       1.0538724176585674
     656.3649099399599436       1.1484496444463730
     656.3651100733823114       1.0002202872856287
     656.3653102068045655       0.9344176426529884
     656.3655103402268196       0.9907214688137174
     656.3657104736490737       1.1358670890331268
     656.3659106070714415       0.9545921944081783
     656.3661107404936956       0.9643378071486950
     656.3663108739159497       0.9086031243205070
     656.3665110073382039       0.9874503808096051
     656.3667111407605717       0.9252406954765320
     656.3669112741828258       0.9908663732931018
     656.3671114076050799       0.9940225244499743
     656.3673115410273340       1.0174472983926535
     656.3675116744497018       0.9635650031268597
     656.3677118078719559       0.9915514029562473
     656.3679119412942100       0.9491967484354973
     656.3681120747164641       0.9881628984585404
     656.3683122081388319       0.9549092613160610
     656.3685123415610860       1.0213227309286594
     656.3687124749833401       1.0413959138095379
     656.3689126084055943       0.9028225392103195
     656.3691127418278484       0.9943079194054008
     656.3693128752502162       1.0649122074246407
     656.3695130086724703       1.0013754720566794
     656.3697131420947244       0.9457027539610863
     656.3699132755169785       0.9544632062315941
     656.3701134089393463       1.0436736755073071
     656.3703135423616004       0.9732699636369944
     656.3705136757838545       0.9779640156775713
     656.3707138092061086       0.9642609097063541
     656.3709139426284764       1.0106986677274108
     656.3711140760507305       0.9396151416003704
     656.3713142094729847       0.9814966786652803
     656.3715143428952388       0.9774290993809700
     656.3717144763176066       1.0085561582818627
     656.3719146097398607       1.0229379162192345
     656.3721147431621148       1.0426441244781017
     656.3723148765843689       0.9472273774445057
     656.3725150100067367       1.0951511934399605
     656.3727151434289908       1.0177107956260443
     656.3729152768512449       1.0194879360496998
     656.3731154102734990       0.9563328363001347
     656.3733155436958668       0.9606453739106655
     656.3735156771181209       0.9401173777878284
     656.3737158105403751       1.0780624896287918
     656.3739159439626292       0.9876581039279699
     656.3741160773849970       0.9852287825196981
     656.3743162108072511       0.9500034935772419
     656.3745163442295052       1.0091568371281028
     656.3747164776517593       0.9577131755650043
     656.3749166110740134       1.0551085472106934
     656.3751167444963812       0.9833562113344669
     656.3753168779186353       1.0035770174581558
     656.3755170113408894       0.9832640849053860
     656.3757171447631436       1.0172844380140305
     656.3759172781855113       1.0422813817858696
     656.3761174116077655       1.0516316369175911
     656.3763175450300196       0.9851196361705661
     656.3765176784522737       1.0769750773906708
     656.3767178118746415       0.9595342725515366
     656.3769179452968956       0.9468059539794922
     656.3771180787191497       0.9958786424249411
     656.3773182121414038       1.0528581999242306
     656.3775183455637716       1.1184429153800011
     656.3777184789860257       0.9595872052013874
     656.3779186124082798       0.9881625426933169
     656.3781187458305340       1.0459573678672314
     656.3783188792529018       1.0159100871533155
     656.3785190126751559       0.9692680984735489
     656.3787191460974100       1.0056961840018630
     656.3789192795196641       1.0282944329082966
     656.3791194129420319       0.9142873510718346
     656.3793195463642860       0.9640537686645985
     656.3795196797865401       0.9793567769229412
     656.3797198132087942       1.0574941821396351
     656.3799199466311620       0.9293345063924789
     656.3801200800534161       1.0049598840996623
     656.3803202134756702       0.9563415981829166
     656.3805203468979244       1.0595102719962597
     656.3807204803201785       1.0547874569892883
     656.3809206137425463       1.0639571174979210
     656.3811207471648004       0.9612552113831043
     656.3813208805870545       0.9200676381587982
     656.3815210140093086       0.9171872884035110
     656.3817211474316764       0.9657520093023777
     656.3819212808539305       1.0669153854250908
     656.3821214142761846       0.9413887485861778
     656.3823215476984387       0.9040991440415382
     656.3825216811208065       1.0632509961724281
     656.3827218145430606       1.0079507818445563
     656.3829219479653148       1.0942798107862473
     656.3831220813875689       0.9445554800331593
     656.3833222148099367       1.0265098419040442
     656.3835223482321908       1.0409321300685406
     656.3837224816544449       0.9813540354371071
     656.3839226150766990       1.0203297603875399
     656.3841227484990668       0.9653778262436390
     656.3843228819213209       1.0180245470255613
     656.3845230153435750       1.1029935851693153
     656.3847231487658291       1.0415540784597397
     656.3849232821881969       0.9804287012666464
     656.3851234156104510       1.0464665517210960
     656.3853235490327052       1.0600158385932446
     656.3855236824549593       0.9150090813636780
     656.3857238158772134       1.1473786681890488
     656.3859239492995812       1.1168424636125565
     656.3861240827218353       1.0395841896533966
     656.3863242161440894       1.0552872233092785
     656.3865243495663435       1.0249519348144531
     656.3867244829887113       1.0497169755399227
     656.3869246164109654       1.0653431788086891
     656.3871247498332195       0.9851788775995374
     656.3873248832554737       0.9581214375793934
     656.3875250166778414       1.0775455161929131
     656.3877251501000956       1.0680319517850876
     656.3879252835223497       0.9473846144974232
     656.3881254169446038       0.9687198400497437
     656.3883255503669716       0.9769988600164652
     656.3885256837892257       1.0492662861943245
     656.3887258172114798       0.9727815352380276
     656.3889259506337339       0.9035532251000404
     656.3891260840561017       1.0369380526244640
     656.3893262174783558       1.0373386926949024
     656.3895263509006099       1.0022760962601751
     656.3897264843228641       1.0653531178832054
     656.3899266177452319       1.0601495578885078
     656.3901267511674860       1.0560943074524403
     656.3903268845897401       0.9586720578372478
     656.3905270180119942       0.9584318585693836
     656.3907271514343620       1.0801767632365227
     656.3909272848566161       0.9043766632676125
     656.3911274182788702       0.9582513980567455
     656.3913275517011243       0.9418002106249332
     656.3915276851233784       0.9911564486101270
     656.3917278185457462       0.9669889658689499
     656.3919279519680003       1.0782599598169327
     656.3921280853902545       0.9405996724963188
     656.3923282188125086       1.0021170054096729
     656.3925283522348764       0.9676849842071533
     656.3927284856571305       0.8812498524785042
     656.3929286190793846       1.0904467329382896
     656.3931287525016387       0.9850844796746969
     656.3933288859240065       1.0041879313066602
     656.3935290193462606       0.9946307698264718
     656.3937291527685147       1.0591019205749035
     656.3939292861907688       1.0109083298593760
     656.3941294196131366       1.0760752037167549
     656.3943295530353907       1.0013481656787917
     656.3945296864576449       0.9643791653215885
     656.3947298198798990       0.9768652245402336
     656.3949299533022668       1.0205114427953959
     656.3951300867245209       0.8678228408098221
     656.3953302201467750       1.0448396950960159
     656.3955303535690291       0.9472399763762951
     656.3957304869913969       1.0123226316645741
     656.3959306204136510       0.9610432386398315
     656.3961307538359051       1.0648608058691025
     656.3963308872581592       0.9332344457507133
     656.3965310206804133       1.0256618987768888
     656.3967311541027811       1.0437514856457710
     656.3969312875250353       1.0750353485345840
     656.3971314209472894       1.0335646830499172
     656.3973315543695435       1.0299474280327559
     656.3975316877919113       0.9588711597025394
     656.3977318212141654       0.9788405392318964
     656.3979319546364195       0.9512688554823399
     656.3981320880586736       1.0042831636965275
     656.3983322214810414       0.9930485589429736
     656.3985323549032955       0.9768659863620996
     656.3987324883255496       1.0186242628842592
     656.3989326217478038       1.0267077833414078
     656.3991327551701715       1.0290190856903791
     656.3993328885924257       0.9631121642887592
     656.3995330220146798       1.0084066502749920
     656.3997331554369339       1.0580031648278236
     656.3999332888593017       0.9560339860618114
     656.4001334222815558       0.9372842013835907
     656.4003335557038099       0.9933629026636481
     656.4005336891260640       1.0229088552296162
     656.4007338225484318       0.9954752670601010
     656.4009339559706859       1.0079450560733676
     656.4011340893929400       1.0060610636137426
     656.4013342228151942       0.9970073888543993
     656.4015343562375620       0.9693435635417700
     656.4017344896598161       1.0001403795176884
     656.4019346230820702       0.9901344338431954
     656.4021347565043243       0.9685177691280842
     656.4023348899265784       1.0045045623555779
     656.4025350233489462       1.0672157481312752
     656.4027351567712003       1.0511699877679348
     656.4029352901934544       0.9710158370435238
     656.4031354236157085       1.0815965607762337
     656.4033355570380763       1.0559016130864620
     656.4035356904603304       1.0243679862469435
     656.4037358238825846       1.0071960943751037
     656.4039359573048387       1.0161996986716986
     656.4041360907272065       1.0348004400730133
     656.4043362241494606       0.9374755918979645
     656.4045363575717147       1.0326723419129848
     656.4047364909939688       1.0495443753898144
     656.4049366244163366       1.0686424523591995
     656.4051367578385907       1.0087146554142237
     656.4053368912608448       0.9664140269160271
     656.4055370246830989       1.0137969255447388
     656.4057371581054667       1.1093651801347733
     656.4059372915277208       1.0354283973574638
     656.4061374249499750       0.9509299956262112
     656.4063375583722291       1.0168099664151669
     656.4065376917945969       0.9220411553978920
     656.4067378252168510       1.0142936781048775
     656.4069379586391051       1.0282305013388395
     656.4071380920613592       0.9355834200978279
     656.4073382254836133       1.0329127199947834
     656.4075383589059811       1.0455332808196545
     656.4077384923282352       1.0262031741440296
     656.4079386257504893       1.0421439036726952
     656.4081387591727434       1.0428280495107174
     656.4083388925951112       1.0246060863137245
     656.4085390260173654       1.0847177058458328
     656.4087391594396195       1.0832308456301689
     656.4089392928618736       0.9808783493936062
     656.4091394262842414       1.0808793753385544
     656.4093395597064955       1.0035834421869367
     656.4095396931287496       1.0150202885270119
     656.4097398265510037       1.0357379391789436
     656.4099399599733715       0.9926595874130726
     656.4101400933956256       0.9541809000074863
     656.4103402268178797       0.9617712087929249
     656.4105403602401339       0.9206052124500275
     656.4107404936625016       1.0075823226943612
     656.4109406270847558       0.9506690539419651
     656.4111407605070099       0.9512762166559696
     656.4113408939292640       1.0267539080232382
     656.4115410273516318       1.0312175545841455
     656.4117411607738859       0.9428156353533268
     656.4119412941961400       1.0130376070737839
     656.4121414276183941       1.0425828322768211
     656.4123415610407619       0.9923094050027430
     656.4125416944630160       0.9802314806729555
     656.4127418278852701       1.0083189532160759
     656.4129419613075243       1.0274371262639761
     656.4131420947297784       1.0718443021178246
     656.4133422281521462       0.9701632801443338
     656.4135423615744003       1.0135741401463747
     656.4137424949966544       1.0361569374799728
     656.4139426284189085       0.9802895449101925
     656.4141427618412763       1.0705361440777779
     656.4143428952635304       0.9377745501697063
     656.4145430286857845       1.0599851198494434
     656.4147431621080386       0.9614197053015232
     656.4149432955304064       1.0359640866518021
     656.4151434289526605       0.9485962577164173
     656.4153435623749147       1.0247347261756659
     656.4155436957971688       0.9486865699291229
     656.4157438292195366       1.0057403324171901
     656.4159439626417907       0.9336443394422531
     656.4161440960640448       0.9614602178335190
     656.4163442294862989       0.9591949135065079
     656.4165443629086667       1.0087284669280052
     656.4167444963309208       1.0460005663335323
     656.4169446297531749       0.9767404813319445
     656.4171447631754290       0.8797061890363693
     656.4173448965977968       0.9806740526109934
     656.4175450300200509       0.9174008816480637
     656.4177451634423051       0.9271095469594002
     656.4179452968645592       0.9987460909178481
     656.4181454302869270       1.0843728110194206
     656.4183455637091811       1.0179198123514652
     656.4185456971314352       1.0563557930290699
     656.4187458305536893       1.0257010404020548
     656.4189459639759434       1.1004148870706558
     656.4191460973983112       0.9772092420607805
     656.4193462308205653       1.0020919411908835
     656.4195463642428194       1.0094978539273143
     656.4197464976650735       0.9536491371691227
     656.4199466310874413       0.9580732621252537
     656.4201467645096955       0.9748843070119619
     656.4203468979319496       1.0143756167963147
     656.4205470313542037       0.9845888018608093
     656.4207471647765715       1.0150056919082999
     656.4209472981988256       0.9235226660966873
     656.4211474316210797       1.0613797493278980
     656.4213475650433338       1.0289229806512594
     656.4215476984657016       0.9793316368013620
     656.4217478318879557       1.0556276254355907
     656.4219479653102098       1.0196148585528135
     656.4221480987324640       0.9117051661014557
     656.4223482321548317       0.8762204274535179
     656.4225483655770859       1.0131742851808667
     656.4227484989993400       1.0150388553738594
     656.4229486324215941       1.0958579555153847
     656.4231487658439619       0.9558885507285595
     656.4233488992662160       1.0518033206462860
     656.4235490326884701       1.0293831657618284
     656.4237491661107242       0.9624633677303791
     656.4239492995329783       0.9658204652369022
     656.4241494329553461       1.0407711453735828
     656.4243495663776002       1.0105701638385653
     656.4245496997998544       1.0133043853566051
     656.4247498332221085       1.0153071573004127
     656.4249499666444763       0.9970403250772506
     656.4251501000667304       1.0667747259140015
     656.4253502334889845       0.9443137682974339
     656.4255503669112386       0.8992243260145187
     656.4257505003336064       1.0262296926230192
     656.4259506337558605       1.0025378833524883
     656.4261507671781146       0.9991164499078877
     656.4263509006003687       0.9990172680700198
     656.4265510340227365       0.8953243494033813
     656.4267511674449906       1.0307349171489477
     656.4269513008672448       1.0546559169888496
     656.4271514342894989       1.0120771778747439
     656.4273515677118667       1.0315344445407391
     656.4275517011341208       0.9981691874563694
     656.4277518345563749       0.9380083568394184
     656.4279519679786290       1.0037803803570569
     656.4281521014009968       1.1542356163263321
     656.4283522348232509       1.0032683745957911
     656.4285523682455050       0.9615498818457127
     656.4287525016677591       1.0132599044591188
     656.4289526350901269       0.9865153832361102
     656.4291527685123810       0.9750244934111834
     656.4293529019346352       1.0439866073429585
     656.4295530353568893       1.0713207945227623
     656.4297531687791434       1.0544182956218719
     656.4299533022015112       1.0174770522862673
     656.4301534356237653       1.0194736775010824
     656.4303535690460194       0.9974811407737434
     656.4305537024682735       1.0343194082379341
     656.4307538358906413       1.0143255768343806
     656.4309539693128954       1.0229097735136747
     656.4311541027351495       1.0267969463020563
     656.4313542361574036       0.9637295044958591
     656.4315543695797714       0.9508379884064198
     656.4317545030020256       0.9219915568828583
     656.4319546364242797       0.9937329650856555
     656.4321547698465338       1.0651250630617142
     656.4323549032689016       1.0306270178407431
     656.4325550366911557       1.0408528484404087
     656.4327551701134098       0.9007002189755440
     656.4329553035356639       0.9734812434762716
     656.4331554369580317       1.0019323168089613
     656.4333555703802858       0.9865263178944588
     656.4335557038025399       1.0362428463995457
     656.4337558372247940       1.0275328215211630
     656.4339559706471618       1.0348558723926544
     656.4341561040694160       1.0616398863494396
     656.4343562374916701       0.9925088128075004
     656.4345563709139242       0.9968282226473093
     656.4347565043361783       1.0370815657079220
     656.4349566377585461       1.0201710741966963
     656.4351567711808002       0.9516250938177109
     656.4353569046030543       1.0908390358090401
     656.4355570380253084       1.0723510533571243
     656.4357571714476762       1.0548904538154602
     656.4359573048699303       0.9492376446723938
     656.4361574382921845       1.0032950656022877
     656.4363575717144386       0.9963239852804691
     656.4365577051368064       1.0110734747722745
     656.4367578385590605       0.9371064677834511
     656.4369579719813146       0.9623273052275181
     656.4371581054035687       1.0897600278258324
     656.4373582388259365       0.9548655003309250
     656.4375583722481906       0.9866775227710605
     656.4377585056704447       0.9674083665013313
     656.4379586390926988       1.0425354726612568
     656.4381587725150666       1.0356239378452301
     656.4383589059373207       0.9966551701072603
     656.4385590393595749       0.9653425700962543
     656.4387591727818290       1.0370960645377636
     656.4389593062041968       0.9814684186130762
     656.4391594396264509       0.9859712570905685
     656.4393595730487050       1.0110555235296488
     656.4395597064709591       0.9830044005066156
     656.4397598398933269       1.0008143477025442
     656.4399599733155810       1.0094311339780688
     656.4401601067378351       0.9652900025248528
     656.4403602401600892       0.9734161905944347
     656.4405603735823433       1.0064347670413554
     656.4407605070047111       0.9544250257313251
     656.4409606404269653       1.0831069126725197
     656.4411607738492194       1.0230665411800146
     656.4413609072714735       1.0614092610776424
     656.4415610406938413       1.0372699610888958
     656.4417611741160954       0.9617465920746326
     656.4419613075383495       0.9812354631721973
     656.4421614409606036       1.0300484951585531
     656.4423615743829714       0.9673457629978657
     656.4425617078052255       1.0201638527214527
     656.4427618412274796       1.0560447238385677
     656.4429619746497337       1.0419419817626476
     656.4431621080721015       0.9928320324979722
     656.4433622414943557       1.0100656738504767
     656.4435623749166098       1.0686034336686134
     656.4437625083388639       0.9797435365617275
     656.4439626417612317       1.0937049016356468
     656.4441627751834858       0.9940772624686360
     656.4443629086057399       0.9982084603980184
     656.4445630420279940       1.0476049147546291
     656.4447631754503618       1.0686092525720596
     656.4449633088726159       0.9281111657619476
     656.4451634422948700       0.9946651682257652
     656.4453635757171241       1.0635869130492210
     656.4455637091393783       1.0056876433081925
     656.4457638425617461       0.9563580453395844
     656.4459639759840002       1.0131598999723792
     656.4461641094062543       0.9792303219437599
     656.4463642428285084       1.0260093007236719
     656.4465643762508762       0.9793996680527925
     656.4467645096731303       0.9353852495551109
     656.4469646430953844       1.0592747628688812
     656.4471647765176385       1.0837208777666092
     656.4473649099400063       1.0517586134374142
     656.4475650433622604       1.0150468572974205
     656.4477651767845146       1.0027184090577066
     656.4479653102067687       1.0446955040097237
     656.4481654436291365       1.0301447603851557
     656.4483655770513906       1.0139541728422046
     656.4485657104736447       1.0234338026493788
     656.4487658438958988       1.0791030228137970
     656.4489659773182666       0.9088196307420731
     656.4491661107405207       1.0015655320603400
     656.4493662441627748       1.0048969141207635
     656.4495663775850289       0.9061103239655495
     656.4497665110073967       1.0302142538130283
     656.4499666444296508       1.0057541271671653
     656.4501667778519050       0.9892287086695433
     656.4503669112741591       0.9974469097796828
     656.4505670446965269       1.0167312603443861
     656.4507671781187810       0.9602954983711243
     656.4509673115410351       1.0766981169581413
     656.4511674449632892       0.9827250987291336
     656.4513675783855433       1.0074764275923371
     656.4515677118079111       1.0307018291205168
     656.4517678452301652       1.0000881466403371
     656.4519679786524193       0.9831754323095083
     656.4521681120746734       0.9496561177074909
     656.4523682454970412       1.0682340934872627
     656.4525683789192954       0.9348998144268990
     656.4527685123415495       0.9997505450446624
     656.4529686457638036       1.0046726996079087
     656.4531687791861714       1.0449571311473846
     656.4533689126084255       1.0056311502121389
     656.4535690460306796       1.0910753682255745
     656.4537691794529337       1.0286490228027105
     656.4539693128753015       0.9581953771412373
     656.4541694462975556       1.0565032549202442
     656.4543695797198097       1.0017681375611573
     656.4545697131420638       1.1091321036219597
     656.4547698465644316       0.9214161708950996
     656.4549699799866858       0.9590646661818027
     656.4551701134089399       0.9549993462860584
     656.4553702468311940       1.0249642785638571
     656.4555703802535618       0.9733837563544512
     656.4557705136758159       0.9300954863429070
     656.4559706470980700       1.0024447506293654
     656.4561707805203241       0.9588154368102551
     656.4563709139425782       0.9220728799700737
     656.4565710473649460       0.9867490390315652
     656.4567711807872001       0.9868183312937617
     656.4569713142094542       0.9887136863544583
     656.4571714476317084       0.9661203362047672
     656.4573715810540762       0.9940411355346441
     656.4575717144763303       0.9231923744082451
     656.4577718478985844       0.9918815223500133
     656.4579719813208385       1.0247413497418165
     656.4581721147432063       0.9597358182072639
     656.4583722481654604       1.0317128524184227
     656.4585723815877145       0.9187227264046669
     656.4587725150099686       1.0285217892378569
     656.4589726484323364       0.9170194268226624
     656.4591727818545905       1.0079152071848512
     656.4593729152768447       1.0033298328053206
     656.4595730486990988       0.9742321930825710
     656.4597731821214666       1.0045803296379745
     656.4599733155437207       1.0632394030690193
     656.4601734489659748       0.9900544332340360
     656.4603735823882289       1.0407288037240505
     656.4605737158105967       1.0671923533082008
     656.4607738492328508       1.0326411537826061
     656.4609739826551049       0.9758503679186106
     656.4611741160773590       1.0758641585707664
     656.4613742494997268       1.0199993606656790
     656.4615743829219809       1.0840956494212151
     656.4617745163442351       1.0662875324487686
     656.4619746497664892       0.9235530644655228
     656.4621747831887433       1.0130123123526573
     656.4623749166111111       0.9779942948371172
     656.4625750500333652       0.9930041236802936
     656.4627751834556193       1.1036914587020874
     656.4629753168778734       1.0071134842000902
     656.4631754503002412       0.9808344412595034
     656.4633755837224953       0.9120542705059052
     656.4635757171447494       0.9294607639312744
     656.4637758505670035       1.0067870081402361
     656.4639759839893713       0.9024297669529915
     656.4641761174116255       0.9982894720742479
     656.4643762508338796       1.0783287957310677
     656.4645763842561337       1.0104574253782630
     656.4647765176785015       1.0122953047975898
     656.4649766511007556       1.0263382736593485
     656.4651767845230097       0.9395593143999577
     656.4653769179452638       0.9722342453896999
     656.4655770513676316       1.0220818109810352
     656.4657771847898857       0.9474448859691620
     656.4659773182121398       0.9762521330267191
     656.4661774516343939       1.0202686395496130
     656.4663775850567617       1.0006964259664528
     656.4665777184790159       0.9555904753506184
     656.4667778519012700       1.0261603482067585
     656.4669779853235241       1.0397667251527309
     656.4671781187458919       0.9247396066784859
     656.4673782521681460       0.9920123238116503
     656.4675783855904001       1.0958736985921860
     656.4677785190126542       1.0551525615155697
     656.4679786524349083       1.1057223901152611
     656.4681787858572761       0.9588288478553295
     656.4683789192795302       0.9851427348330617
     656.4685790527017843       0.9794074315577745
     656.4687791861240385       1.0383369401097298
     656.4689793195464063       0.9388404190540314
     656.4691794529686604       0.9704113695770502
     656.4693795863909145       0.9879382895305753
     656.4695797198131686       0.9014854952692986
     656.4697798532355364       0.9831089563667774
     656.4699799866577905       1.0721540749073029
     656.4701801200800446       0.9968451468739659
     656.4703802535022987       0.9463635683059692
     656.4705803869246665       0.9534336216747761
     656.4707805203469206       0.9350105598568916
     656.4709806537691748       1.0126632992178202
     656.4711807871914289       1.0594327040016651
     656.4713809206137967       1.0609645061194897
     656.4715810540360508       0.9556903019547462
     656.4717811874583049       1.0104380277916789
     656.4719813208805590       0.9480822607874870
     656.4721814543029268       0.9970262853894383
     656.4723815877251809       1.0106817632913589
     656.4725817211474350       0.9540502503514290
     656.4727818545696891       0.9970203607808799
     656.4729819879919432       1.0009139621979557
     656.4731821214143110       1.0346832908689976
     656.4733822548365652       1.0443204008042812
     656.4735823882588193       1.0223215874284506
     656.4737825216810734       0.9536832273006439
     656.4739826551034412       0.9705877397209406
     656.4741827885256953       1.0015283728716895
     656.4743829219479494       0.9257010444998741
     656.4745830553702035       1.0553608834743500
     656.4747831887925713       1.0041672042571008
     656.4749833222148254       1.0196447279304266
     656.4751834556370795       1.0029710405506194
     656.4753835890593336       1.0269886460155249
     656.4755837224817014       0.9911051513627172
     656.4757838559039556       0.9825304504483938
     656.4759839893262097       0.9795447755604982
     656.4761841227484638       0.9620500355958939
     656.4763842561708316       0.9663268066942692
     656.4765843895930857       0.9854516163468361
     656.4767845230153398       1.0675580501556396
     656.4769846564375939       1.0055164517834783
     656.4771847898599617       1.0544203110039234
     656.4773849232822158       0.9488545656204224
     656.4775850567044699       1.0594849996268749
     656.4777851901267240       0.9035027846693993
     656.4779853235490918       1.0780688151717186
     656.4781854569713460       1.0536506250500679
     656.4783855903936001       1.0656080618500710
     656.4785857238158542       1.0510803051292896
     656.4787858572381083       0.9702512137591839
     656.4789859906604761       1.0036343464162201
     656.4791861240827302       0.9871031427755952
     656.4793862575049843       1.0375107005238533
     656.4795863909272384       0.9779123309999704
     656.4797865243496062       0.9949511196464300
     656.4799866577718603       1.0738459005951881
     656.4801867911941144       0.9966285109985620
     656.4803869246163686       1.0256085842847824
     656.4805870580387364       0.9801489487290382
     656.4807871914609905       1.0741756483912468
     656.4809873248832446       0.8964032530784607
     656.4811874583054987       0.9990490350755863
     656.4813875917278665       0.9842762127518654
     656.4815877251501206       0.9737011250108480
     656.4817878585723747       0.9983807551907375
     656.4819879919946288       0.8934729918837547
     656.4821881254169966       1.0168234221637249
     656.4823882588392507       0.9803176335990429
     656.4825883922615049       1.0224804189056158
     656.4827885256837590       0.9849585052579641
     656.4829886591061268       1.0846162959933281
     656.4831887925283809       0.9121323749423027
     656.4833889259506350       0.9713304135948420
     656.4835890593728891       0.9454628340899944
     656.4837891927951432       0.9990333499154076
     656.4839893262175110       0.9845659462735057
     656.4841894596397651       1.0406015180051327
     656.4843895930620192       0.9256734177470207
     656.4845897264842733       0.9835626725107431
     656.4847898599066411       0.9368879795074463
     656.4849899933288953       0.9621242657303810
     656.4851901267511494       0.9634322598576546
     656.4853902601734035       0.9344256594777107
     656.4855903935957713       0.8769586905837059
     656.4857905270180254       1.0452076084911823
     656.4859906604402795       0.9816937632858753
     656.4861907938625336       1.0701286345720291
     656.4863909272849014       1.0404049418866634
     656.4865910607071555       1.0489321611821651
     656.4867911941294096       0.9210890978574753
     656.4869913275516637       1.0795648619532585
     656.4871914609740315       1.0351927205920219
     656.4873915943962857       1.0153023852035403
     656.4875917278185398       0.9511424824595451
     656.4877918612407939       1.0533476434648037
     656.4879919946631617       0.9242900386452675
     656.4881921280854158       1.0825423300266266
     656.4883922615076699       1.0086216824129224
     656.4885923949299240       0.9634828716516495
     656.4887925283522918       1.0133576188236475
     656.4889926617745459       0.9746225140988827
     656.4891927951968000       0.9834385551512241
     656.4893929286190541       1.0097498157992959
     656.4895930620413083       0.9998327010398498
     656.4897931954636761       0.9434039108455181
     656.4899933288859302       0.9982633718755096
     656.4901934623081843       1.0051890285685658
     656.4903935957304384       1.0363717377185822
     656.4905937291528062       0.9497864283621311
     656.4907938625750603       0.9519901908934116
     656.4909939959973144       1.0459056943655014
     656.4911941294195685       0.9926202585920691
     656.4913942628419363       1.0105653554201126
     656.4915943962641904       0.9780139103531837
     656.4917945296864445       1.0019327615154907
     656.4919946631086987       1.0296058934181929
     656.4921947965310665       0.9698983542621136
     656.4923949299533206       1.0270481016486883
     656.4925950633755747       1.0642348825931549
     656.4927951967978288       0.9322480708360672
     656.4929953302201966       1.0188903305679560
     656.4931954636424507       0.9711805302649736
     656.4933955970647048       1.0023802549112588
     656.4935957304869589       0.9236980676651001
     656.4937958639093267       0.9403588175773621
     656.4939959973315808       1.0097231920808554
     656.4941961307538350       1.0694911330938339
     656.4943962641760891       0.9478352069854736
     656.4945963975983432       0.9678530730307102
     656.4947965310207110       0.9061681106686592
     656.4949966644429651       1.0151818785816431
     656.4951967978652192       1.0099750813096762
     656.4953969312874733       0.9634357877075672
     656.4955970647098411       1.0468274168670177
     656.4957971981320952       0.9584427960216999
     656.4959973315543493       0.9223289489746094
     656.4961974649766034       1.0455932877957821
     656.4963975983989712       0.9858953058719635
     656.4965977318212254       0.9655150398612022
     656.4967978652434795       0.9428767897188663
     656.4969979986657336       1.1031673178076744
     656.4971981320881014       1.0407886020839214
     656.4973982655103555       1.0138335246592760
     656.4975983989326096       0.9834119733422995
     656.4977985323548637       1.0254366546869278
     656.4979986657772315       0.9561839587986469
     656.4981987991994856       1.0780099034309387
     656.4983989326217397       1.0613658204674721
     656.4985990660439938       0.9887140328064561
     656.4987991994663616       0.9975241404026747
     656.4989993328886158       0.9888516562059522
     656.4991994663108699       1.0114320470020175
     656.4993995997331240       1.0153556019067764
     656.4995997331554918       1.0403401255607605
     656.4997998665777459       0.9742386955767870
     656.5000000000000000       0.9942351449280977
