     656.2000000000000455       0.8995238319039345
     656.2002001334222996       0.9421001672744751
     656.2004002668445537       0.9115054085850716
     656.2006004002669215       1.0147860003635287
     656.2008005336891756       0.9608630612492561
     656.2010006671114297       1.0142604336142540
     656.2012008005336838       0.8772396817803383
     656.2014009339560516       1.0047665904276073
     656.2016010673783057       1.0674412474036217
     656.2018012008005599       1.0327467210590839
     656.2020013342228140       0.9878015229478478
     656.2022014676451818       1.0295064598321915
     656.2024016010674359       0.9983693972462788
     656.2026017344896900       1.0100964605808258
     656.2028018679119441       1.0040841470472515
     656.2030020013343119       0.8776625767350197
     656.2032021347565660       0.9585105478763580
     656.2034022681788201       1.0169980283826590
     656.2036024016010742       0.9455785155296326
     656.2038025350234420       1.0114248720929027
     656.2040026684456961       0.9766201060265303
     656.2042028018679503       1.0464518293738365
     656.2044029352902044       1.0308059398084879
     656.2046030687125722       0.9608584642410278
     656.2048032021348263       0.9669379033148289
     656.2050033355570804       0.9728194680064917
     656.2052034689793345       1.0710760280489922
     656.2054036024017023       1.1252385079860687
     656.2056037358239564       0.9816339239478111
     656.2058038692462105       0.9968164744786918
     656.2060040026684646       0.9558880068361759
     656.2062041360907187       1.0714732930064201
     656.2064042695130865       1.1262633204460144
     656.2066044029353407       1.0387485288083553
     656.2068045363575948       1.0777579471468925
     656.2070046697798489       1.0425286963582039
     656.2072048032022167       0.9888241970911622
     656.2074049366244708       0.9566088020801544
     656.2076050700467249       1.0813019946217537
     656.2078052034689790       0.9547440074384212
     656.2080053368913468       1.0920976325869560
     656.2082054703136009       1.0554995238780975
     656.2084056037358550       0.9359475746750832
     656.2086057371581092       1.0000523221497133
     656.2088058705804769       0.9702282864600420
     656.2090060040027311       1.0582468882203102
     656.2092061374249852       1.0672297477722168
     656.2094062708472393       0.9621593877673149
     656.2096064042696071       0.9374152198433876
     656.2098065376918612       0.9572126306593418
     656.2100066711141153       0.9584960974752903
     656.2102068045363694       0.9787580613046885
     656.2104069379587372       0.9648600257933140
     656.2106070713809913       0.8944783583283424
     656.2108072048032454       1.0526844225823879
     656.2110073382254996       0.9953576936386526
     656.2112074716477537       1.0385544858872890
     656.2114076050701215       0.8728187531232834
     656.2116077384923756       1.0241307690739632
     656.2118078719146297       1.0031171499285847
     656.2120080053368838       1.0585536956787109
     656.2122081387592516       1.0053801480680704
     656.2124082721815057       1.0126007422804832
     656.2126084056037598       1.0676170960068703
     656.2128085390260139       1.0426497869193554
     656.2130086724483817       0.9827230963855982
     656.2132088058706358       1.0026313520502299
     656.2134089392928900       1.0443177372217178
     656.2136090727151441       1.1305347234010696
     656.2138092061375119       0.9330300465226173
     656.2140093395597660       0.9408123902976513
     656.2142094729820201       0.9861073372885585
     656.2144096064042742       1.0544268600642681
     656.2146097398266420       0.9533150307834148
     656.2148098732488961       0.9822450168430805
     656.2150100066711502       0.9464504607021809
     656.2152101400934043       0.9640761725604534
     656.2154102735157721       0.9702795166522264
     656.2156104069380262       0.9556664824485779
     656.2158105403602804       0.9944539656862617
     656.2160106737825345       0.9937865128740668
     656.2162108072049023       1.0866818949580193
     656.2164109406271564       1.0915315002202988
     656.2166110740494105       0.9571575783193111
     656.2168112074716646       1.0022657045628875
     656.2170113408939187       0.9302949234843254
     656.2172114743162865       1.0396083258092403
     656.2174116077385406       0.9712158702313900
     656.2176117411607947       0.9638752713799477
     656.2178118745830488       0.9636522941291332
     656.2180120080054166       1.0175106357783079
     656.2182121414276708       0.9857513112947345
     656.2184122748499249       1.0002957528922707
     656.2186124082721790       0.9490896090865135
     656.2188125416945468       1.0141128217801452
     656.2190126751168009       1.0469548180699348
     656.2192128085390550       0.9987934409873560
     656.2194129419613091       1.0565112121403217
     656.2196130753836769       1.0463741682469845
     656.2198132088059310       1.0618278868496418
     656.2200133422281851       1.0223380625247955
     656.2202134756504392       0.9083757698535919
     656.2204136090728070       0.9223225563764572
     656.2206137424950612       1.0237752906978130
     656.2208138759173153       0.9184208065271378
     656.2210140093395694       0.9995153434574604
     656.2212141427619372       1.0576107390224934
     656.2214142761841913       0.9506544247269630
     656.2216144096064454       1.0141392368823290
     656.2218145430286995       1.0155251761898398
     656.2220146764509536       1.0137132676318288
     656.2222148098733214       1.0291631519794464
     656.2224149432955755       1.0356440246105194
     656.2226150767178297       1.0709094628691673
     656.2228152101400838       1.0840636342763901
     656.2230153435624516       1.0712756738066673
     656.2232154769847057       1.0053480048663914
     656.2234156104069598       1.0004284425231162
     656.2236157438292139       0.9666039980947971
     656.2238158772515817       1.0390459410846233
     656.2240160106738358       0.9444720484316349
     656.2242161440960899       0.9672209583222866
     656.2244162775183440       1.0477202869951725
     656.2246164109407118       1.0512263737618923
     656.2248165443629659       0.9590037204325199
     656.2250166777852201       1.0314928106963634
     656.2252168112074742       1.0886116474866867
     656.2254169446298420       1.0401401966810226
     656.2256170780520961       0.9535746946930885
     656.2258172114743502       0.9321636930108070
     656.2260173448966043       1.0238038916140795
     656.2262174783189721       0.9719043783843517
     656.2264176117412262       0.9946333249099553
     656.2266177451634803       1.0474988482892513
     656.2268178785857344       0.9845054131001234
     656.2270180120081022       0.9859557775780559
     656.2272181454303563       1.0452916584908962
     656.2274182788526105       1.0429869629442692
     656.2276184122748646       0.9809109829366207
     656.2278185456971187       0.9907930521294475
     656.2280186791194865       0.9590309746563435
     656.2282188125417406       0.9688721094280481
     656.2284189459639947       0.9185192063450813
     656.2286190793862488       0.9771058503538370
     656.2288192128086166       1.0228342432528734
     656.2290193462308707       1.0221090745180845
     656.2292194796531248       0.9977488969452679
     656.2294196130753789       1.0321886762976646
     656.2296197464977467       0.9420111514627934
     656.2298198799200009       1.0199509300291538
     656.2300200133422550       0.9541455470025539
     656.2302201467645091       0.9820915479212999
     656.2304202801868769       1.0768438801169395
     656.2306204136091310       0.9946955768391490
     656.2308205470313851       0.9426240064203739
     656.2310206804536392       0.9677143990993500
     656.2312208138760070       0.9732045624405146
     656.2314209472982611       1.0813087746500969
     656.2316210807205152       0.9530461356043816
     656.2318212141427693       0.9983669843059033
     656.2320213475651371       1.0378446169197559
     656.2322214809873913       0.9599604047834873
     656.2324216144096454       1.0425228476524353
     656.2326217478318995       1.0282698404043913
     656.2328218812541536       1.0284224897623062
     656.2330220146765214       0.9825687203556299
     656.2332221480987755       0.9587992765009403
     656.2334222815210296       1.0068574766628444
     656.2336224149432837       1.0019039817852899
     656.2338225483656515       0.9271585717797279
     656.2340226817879056       1.0081265605986118
     656.2342228152101598       1.0414330884814262
     656.2344229486324139       0.9030351042747498
     656.2346230820547817       1.0532082729041576
     656.2348232154770358       0.9245111942291260
     656.2350233488992899       1.0348648689687252
     656.2352234823215440       1.0754915699362755
     656.2354236157439118       1.0402926132082939
     656.2356237491661659       1.0062710330821574
     656.2358238825884200       0.9547692090272903
     656.2360240160106741       0.9181315600872040
     656.2362241494330419       1.0964103266596794
     656.2364242828552960       0.9050240740180016
     656.2366244162775502       1.0628667026758194
     656.2368245496998043       0.9468592442572117
     656.2370246831221721       1.0276230461895466
     656.2372248165444262       1.0382631123065948
     656.2374249499666803       1.0397618114948273
     656.2376250833889344       1.0067015993408859
     656.2378252168113022       0.9678137339651585
     656.2380253502335563       1.1196306869387627
     656.2382254836558104       0.9866333333775401
     656.2384256170780645       0.8930245265364647
     656.2386257505003186       0.9108031615614891
     656.2388258839226864       1.0278165526688099
     656.2390260173449406       0.9970088878180832
     656.2392261507671947       0.9502716362476349
     656.2394262841894488       0.9724380932748318
     656.2396264176118166       1.0756904780864716
     656.2398265510340707       1.0200565457344055
     656.2400266844563248       1.0097486525774002
     656.2402268178785789       0.9779823832213879
     656.2404269513009467       0.9894629819318652
     656.2406270847232008       1.0533100143074989
     656.2408272181454549       1.0700522139668465
     656.2410273515677090       0.9803347326815128
     656.2412274849900768       1.0589123778045177
     656.2414276184123310       1.0461221411824226
     656.2416277518345851       0.9692691024392843
     656.2418278852568392       1.0740294978022575
     656.2420280186792070       0.9770413246005774
     656.2422281521014611       1.0721376463770866
     656.2424282855237152       0.9906560340896249
     656.2426284189459693       0.9494943022727966
     656.2428285523683371       1.0362190119922161
     656.2430286857905912       0.9577828869223595
     656.2432288192128453       1.0349644087255001
     656.2434289526350994       1.0774362161755562
     656.2436290860574672       0.9734412338584661
     656.2438292194797214       0.9977844136301428
     656.2440293529019755       1.0392719507217407
     656.2442294863242296       0.9173773825168610
     656.2444296197464837       1.0163537282496691
     656.2446297531688515       0.9365790039300919
     656.2448298865911056       0.9942396255210042
     656.2450300200133597       1.0644046664237976
     656.2452301534356138       0.9725316874682903
     656.2454302868579816       0.9832809530198574
     656.2456304202802357       1.0069818743504584
     656.2458305537024899       0.9637583866715431
     656.2460306871247440       0.9640090018510818
     656.2462308205471118       0.9972750400193036
     656.2464309539693659       0.9251830950379372
     656.2466310873916200       1.0323951952159405
     656.2468312208138741       0.9925010837614536
     656.2470313542362419       0.9579390212893486
     656.2472314876584960       1.0420092456042767
     656.2474316210807501       1.0145903751254082
     656.2476317545030042       1.0354025475680828
     656.2478318879253720       0.9252438247203827
     656.2480320213476261       1.0393949747085571
     656.2482321547698803       1.0557093210518360
     656.2484322881921344       1.0246400665491819
     656.2486324216145022       1.0149499950930476
     656.2488325550367563       1.0187506955116987
     656.2490326884590104       1.0070302947424352
     656.2492328218812645       0.9949127854779363
     656.2494329553035186       1.0263279434293509
     656.2496330887258864       0.9993392730248161
     656.2498332221481405       0.9647968001663685
     656.2500333555703946       0.9843664299696684
     656.2502334889926487       1.0883442237973213
     656.2504336224150165       1.0845766887068748
     656.2506337558372707       0.9885389823466539
     656.2508338892595248       1.1130694672465324
     656.2510340226817789       1.0808407664299011
     656.2512341561041467       0.9771598465740681
     656.2514342895264008       0.9384137727320194
     656.2516344229486549       0.9652816615998745
     656.2518345563709090       1.0082138981670141
     656.2520346897932768       0.9601987339556217
     656.2522348232155309       0.9732968453317881
     656.2524349566377850       1.0306239109486341
     656.2526350900600391       0.9864616962149739
     656.2528352234824069       0.9759141411632299
     656.2530353569046611       1.0269364621490240
     656.2532354903269152       0.8753578737378120
     656.2534356237491693       0.9947248864918947
     656.2536357571715371       0.9884535036981106
     656.2538358905937912       1.0931531488895416
     656.2540360240160453       0.9729731772094965
     656.2542361574382994       1.0102361580356956
     656.2544362908606672       0.9706486016511917
     656.2546364242829213       0.9969088162761182
     656.2548365577051754       1.0298181921243668
     656.2550366911274295       1.0082830395549536
     656.2552368245496837       0.9411677308380604
     656.2554369579720515       1.0564251728355885
     656.2556370913943056       0.9660953581333160
     656.2558372248165597       1.1154576092958450
     656.2560373582388138       1.0550517998635769
     656.2562374916611816       1.1097570210695267
     656.2564376250834357       0.9760304186493158
     656.2566377585056898       0.9973720817361027
     656.2568378919279439       0.9775718078017235
     656.2570380253503117       0.9072156026959419
     656.2572381587725658       0.9873622432351112
     656.2574382921948200       0.9952371590770781
     656.2576384256170741       0.9950930699706078
     656.2578385590394419       0.9919470287859440
     656.2580386924616960       0.9946687929332256
     656.2582388258839501       1.0260057449340820
     656.2584389593062042       0.9761196598410606
     656.2586390927285720       0.9949724497273564
     656.2588392261508261       0.9611575193703175
     656.2590393595730802       1.0327395051717758
     656.2592394929953343       1.0864209160208702
     656.2594396264177021       1.0003996710875072
     656.2596397598399562       1.0581376813352108
     656.2598398932622104       0.9608074836432934
     656.2600400266844645       1.0178888179361820
     656.2602401601067186       1.0037920128088444
     656.2604402935290864       0.9410106353461742
     656.2606404269513405       1.0542589612305164
     656.2608405603735946       1.0693384408950806
     656.2610406937958487       1.0230065304785967
     656.2612408272182165       0.9336853623390198
     656.2614409606404706       0.9380164332687855
     656.2616410940627247       0.9433195590972900
     656.2618412274849788       0.9971991698257625
     656.2620413609073466       0.9846030408516526
     656.2622414943296008       0.9804946556687355
     656.2624416277518549       1.0527317188680172
     656.2626417611741090       1.0017806759569794
     656.2628418945964768       0.9992251463700086
     656.2630420280187309       0.9864382026717067
     656.2632421614409850       1.0080605633556843
     656.2634422948632391       0.9902797136455774
     656.2636424282856069       1.0163415875285864
     656.2638425617078610       0.9918030509725213
     656.2640426951301151       0.9581899531185627
     656.2642428285523692       1.0656576380133629
     656.2644429619747370       1.0676748678088188
     656.2646430953969912       0.9482250548899174
     656.2648432288192453       0.9191304817795753
     656.2650433622414994       1.0545376800000668
     656.2652434956638672       1.0202698465436697
     656.2654436290861213       1.0091588711366057
     656.2656437625083754       1.0682840198278427
     656.2658438959306295       1.0129579175263643
     656.2660440293528836       1.0622994974255562
     656.2662441627752514       1.0647416040301323
     656.2664442961975055       0.9956651539541781
     656.2666444296197596       0.9957221108488739
     656.2668445630420138       1.0206587128341198
     656.2670446964643816       1.0427404306828976
     656.2672448298866357       0.9678516872227192
     656.2674449633088898       0.9313780739903450
     656.2676450967311439       0.9347227364778519
     656.2678452301535117       0.9950551451183856
     656.2680453635757658       0.9934851899743080
     656.2682454969980199       0.9371439293026924
     656.2684456304202740       0.9566899575293064
     656.2686457638426418       0.9998724256438436
     656.2688458972648959       1.0635309740900993
     656.2690460306871501       1.0280936267226934
     656.2692461641094042       1.0289678405970335
     656.2694462975317720       0.9475791752338409
     656.2696464309540261       1.0698423609137535
     656.2698465643762802       0.9703871421515942
     656.2700466977985343       0.9434153959155083
     656.2702468312209021       0.9172883331775665
     656.2704469646431562       0.9469032324850559
     656.2706470980654103       0.9911500448361039
     656.2708472314876644       1.0657797083258629
     656.2710473649099185       0.9505677483975887
     656.2712474983322863       0.9406617507338524
     656.2714476317545405       1.0119244558736682
     656.2716477651767946       1.0417009331285954
     656.2718478985990487       1.0367131158709526
     656.2720480320214165       1.1173913851380348
     656.2722481654436706       0.9945184071548283
     656.2724482988659247       0.9654511511325836
     656.2726484322881788       1.0341310612857342
     656.2728485657105466       1.0138680310919881
     656.2730486991328007       1.0005478152888827
     656.2732488325550548       0.9722425136715174
     656.2734489659773089       0.9452023692429066
     656.2736490993996767       1.0883719548583031
     656.2738492328219309       1.0268349945545197
     656.2740493662441850       0.9361123517155647
     656.2742494996664391       1.0430922470986843
     656.2744496330888069       0.9006555899977684
     656.2746497665110610       1.0973659455776215
     656.2748498999333151       1.0348595902323723
     656.2750500333555692       1.0481375716626644
     656.2752501667779370       0.9473640955984592
     656.2754503002001911       0.9495800919830799
     656.2756504336224452       0.9525217115879059
     656.2758505670446993       1.0758229121565819
     656.2760507004670671       0.9762151502072811
     656.2762508338893213       1.0537517182528973
     656.2764509673115754       1.0186004471033812
     656.2766511007338295       1.0034467552322894
     656.2768512341560836       0.9535789266228676
     656.2770513675784514       1.1555026173591614
     656.2772515010007055       1.0488713756203651
     656.2774516344229596       1.0409142114222050
     656.2776517678452137       0.8952019289135933
     656.2778519012675815       0.9718471486121416
     656.2780520346898356       0.9583043940365314
     656.2782521681120897       1.0829595401883125
     656.2784523015343439       0.9938094438984990
     656.2786524349567117       1.1564634442329407
     656.2788525683789658       0.9564140625298023
     656.2790527018012199       1.0189003366976976
     656.2792528352234740       1.0125948283821344
     656.2794529686458418       1.0158532094210386
     656.2796531020680959       1.0390090011060238
     656.2798532354903500       0.9898478407412767
     656.2800533689126041       1.0498967058956623
     656.2802535023349719       0.9993224128265865
     656.2804536357572260       1.1303403824567795
     656.2806537691794802       0.9932890855707228
     656.2808539026017343       1.0059262174181640
     656.2810540360241021       0.9910805644467473
     656.2812541694463562       1.0686891898512840
     656.2814543028686103       0.9868392255157232
     656.2816544362908644       1.0299769137054682
     656.2818545697131185       1.0015424353769049
     656.2820547031354863       1.0756611526012421
     656.2822548365577404       0.9965335037559271
     656.2824549699799945       1.0319271646440029
     656.2826551034022486       1.1244542375206947
     656.2828552368246164       0.9742669109255075
     656.2830553702468706       1.0443402193486691
     656.2832555036691247       1.0337411910295486
     656.2834556370913788       1.0733344331383705
     656.2836557705137466       1.0248492155224085
     656.2838559039360007       1.0550029985606670
     656.2840560373582548       1.0321856066584587
     656.2842561707805089       1.1239978596568108
     656.2844563042028767       0.9221322014927864
     656.2846564376251308       1.0836423933506012
     656.2848565710473849       1.0344186052680016
     656.2850567044696390       0.9855582993477581
     656.2852568378920068       1.0086015425622459
     656.2854569713142610       0.9654406420886512
     656.2856571047365151       0.9468971788883203
     656.2858572381587692       1.0730595663189879
     656.2860573715811370       0.9486720673739896
     656.2862575050033911       0.9832070153206565
     656.2864576384256452       1.0319056175649135
     656.2866577718478993       1.0316691659390878
     656.2868579052702671       1.0972245559096265
     656.2870580386925212       1.0473514981567753
     656.2872581721147753       1.0193364191800200
     656.2874583055370294       0.9898481117561230
     656.2876584389592836       1.0414064228534361
     656.2878585723816514       1.0047852704300979
     656.2880587058039055       0.9815065879374018
     656.2882588392261596       1.0147496284915940
     656.2884589726484137       1.0049948692320239
     656.2886591060707815       1.0444741956887396
     656.2888592394930356       0.9814516697075711
     656.2890593729152897       1.0383998379106623
     656.2892595063375438       0.9676118083291484
     656.2894596397599116       1.0624522045245048
     656.2896597731821657       1.0685151368365748
     656.2898599066044198       1.0887844488004919
     656.2900600400266740       1.0120285591082361
     656.2902601734490418       0.9938184581656836
     656.2904603068712959       0.9814418628754864
     656.2906604402935500       0.9883619155654139
     656.2908605737158041       0.9562395028656118
     656.2910607071381719       0.9704587608415479
     656.2912608405604260       0.9498519487453753
     656.2914609739826801       0.9767354000044127
     656.2916611074049342       0.9714261460608108
     656.2918612408273020       1.0855099185686048
     656.2920613742495561       1.0341198629775361
     656.2922615076718103       0.9800236596470180
     656.2924616410940644       1.0783806963112368
     656.2926617745164322       1.0782478672978644
     656.2928619079386863       0.9665688496685916
     656.2930620413609404       1.0279307361128804
     656.2932621747831945       1.0344653682495326
     656.2934623082054486       0.9335502676086059
     656.2936624416278164       1.0034500878067187
     656.2938625750500705       1.0122042274117247
     656.2940627084723246       1.0170474218501155
     656.2942628418945787       1.0096650943778305
     656.2944629753169465       1.0713467412075131
     656.2946631087392007       1.0570683615929686
     656.2948632421614548       1.0235058207452230
     656.2950633755837089       0.9874606536802450
     656.2952635090060767       1.0036979326390207
     656.2954636424283308       1.0042776492626335
     656.2956637758505849       0.9092004236706419
     656.2958639092728390       0.9995300011467214
     656.2960640426952068       0.9536589050319221
     656.2962641761174609       1.0840415092474860
     656.2964643095397150       1.0338337261265722
     656.2966644429619691       0.9832568309691140
     656.2968645763843369       1.0074730054527916
     656.2970647098065911       0.9405139056409637
     656.2972648432288452       1.0104941319749419
     656.2974649766510993       0.9605626879692142
     656.2976651100734671       0.9168496676878397
     656.2978652434957212       1.0246586988826794
     656.2980653769179753       1.0386319031388833
     656.2982655103402294       1.0280396757727264
     656.2984656437624835       0.8946413197621591
     656.2986657771848513       1.0066127030909455
     656.2988659106071054       1.0123739997020933
     656.2990660440293595       1.0648907849810461
     656.2992661774516137       0.8963618075033303
     656.2994663108739815       1.1039169713297894
     656.2996664442962356       1.0437601336464124
     656.2998665777184897       1.0984712283684672
     656.3000667111407438       0.9822734814089775
     656.3002668445631116       0.9779661244651698
     656.3004669779853657       0.8950262393994064
     656.3006671114076198       0.9822654376314981
     656.3008672448298739       0.9601326245892280
     656.3010673782522417       1.0850036429265466
     656.3012675116744958       1.0104497279360807
     656.3014676450967499       1.0191913237596750
     656.3016677785190041       0.9900024088640327
     656.3018679119413719       0.9673046104717965
     656.3020680453636260       0.9320035183723275
     656.3022681787858801       0.9352021750194972
     656.3024683122081342       0.9256212476565071
     656.3026684456305020       1.0384740678332927
     656.3028685790527561       0.9584170586568718
     656.3030687124750102       0.9112478663620051
     656.3032688458972643       1.0156359095214107
     656.3034689793196321       1.0832049436173561
     656.3036691127418862       1.0337170829399662
     656.3038692461641403       0.9440418083246618
     656.3040693795863945       0.9897122712976771
     656.3042695130086486       1.0015646833664702
     656.3044696464310164       1.0303862448154764
     656.3046697798532705       0.9976376007729756
     656.3048699132755246       0.9469669341756340
     656.3050700466977787       1.0308165591689233
     656.3052701801201465       0.9649542103922919
     656.3054703135424006       1.0202698199646638
     656.3056704469646547       0.9439055082532505
     656.3058705803869088       1.0630558069886094
     656.3060707138092766       1.0196261406555791
     656.3062708472315308       0.9906665531898434
     656.3064709806537849       1.0255631656541420
     656.3066711140760390       1.0152891057575535
     656.3068712474984068       0.9527584775860275
     656.3070713809206609       0.9191550975152930
     656.3072715143429150       1.0135567759103246
     656.3074716477651691       0.9883949093160357
     656.3076717811875369       1.0312820170207895
     656.3078719146097910       0.9752068215053478
     656.3080720480320451       1.0924458408387654
     656.3082721814542992       1.0118374044996961
     656.3084723148766670       1.0235263343764256
     656.3086724482989212       0.9166802704888802
     656.3088725817211753       1.0361258466567140
     656.3090727151434294       0.9088433440208595
     656.3092728485656835       1.0166374552327371
     656.3094729819880513       1.0482995095118923
     656.3096731154103054       0.9885870900129287
     656.3098732488325595       0.9753749798313117
     656.3100733822548136       1.0506000315373363
     656.3102735156771814       1.0831145704628291
     656.3104736490994355       0.9343746735431064
     656.3106737825216896       1.0271549702934442
     656.3108739159439438       0.9403223500561303
     656.3110740493663116       0.9810503009750593
     656.3112741827885657       1.0233672529718509
     656.3114743162108198       0.9829026857818647
     656.3116744496330739       0.9717016367106253
     656.3118745830554417       0.9269834840101725
     656.3120747164776958       0.9264787841563095
     656.3122748498999499       1.0185388602032783
     656.3124749833222040       0.9094145223712587
     656.3126751167445718       1.0303368631859782
     656.3128752501668259       0.9173908499413362
     656.3130753835890800       0.9524764193857651
     656.3132755170113342       0.9444484142704983
     656.3134756504337020       0.9370084092216991
     656.3136757838559561       0.9166256648512042
     656.3138759172782102       0.9040013271189169
     656.3140760507004643       0.9358620922589028
     656.3142761841228321       0.8707279393645437
     656.3144763175450862       0.8426040483071200
     656.3146764509673403       0.8887913327416214
     656.3148765843895944       0.7616452319245866
     656.3150767178118485       0.8887730466031256
     656.3152768512342163       0.8099134404693096
     656.3154769846564704       0.9367085612982536
     656.3156771180787246       0.8413113531802532
     656.3158772515009787       0.7640775624349496
     656.3160773849233465       0.9179919553658669
     656.3162775183456006       0.8000554119259918
     656.3164776517678547       0.9077199622884686
     656.3166777851901088       0.8216059700551612
     656.3168779186124766       0.7937684859026221
     656.3170780520347307       0.8584341765791530
     656.3172781854569848       0.8025961043706324
     656.3174783188792389       0.7821802987870992
     656.3176784523016067       0.7865573063502846
     656.3178785857238609       0.7783753232392157
     656.3180787191461150       0.9279353148771822
     656.3182788525683691       0.8074515713286612
     656.3184789859907369       0.8480229392591500
     656.3186791194129910       0.8002401970928767
     656.3188792528352451       0.8052704803815054
     656.3190793862574992       0.8809632525642174
     656.3192795196798670       0.8028801899714006
     656.3194796531021211       0.7454200509462361
     656.3196797865243752       0.8041995190459855
     656.3198799199466293       0.7444516758193767
     656.3200800533688835       0.8381495529274398
     656.3202801867912513       0.8093607556994961
     656.3204803202135054       0.7623098850275192
     656.3206804536357595       0.9141649739274462
     656.3208805870580136       0.8099800349961973
     656.3210807204803814       0.9228739256916199
     656.3212808539026355       0.7831487248589738
     656.3214809873248896       0.8392715947280551
     656.3216811207471437       0.8835465158171942
     656.3218812541695115       0.8379376218286543
     656.3220813875917656       0.8583065222778108
     656.3222815210140197       0.9438406482639367
     656.3224816544362739       0.9336507263090220
     656.3226817878586417       0.9451031823464184
     656.3228819212808958       0.8648314027317020
     656.3230820547031499       0.9631265612125038
     656.3232821881254040       0.8757369477278785
     656.3234823215477718       0.9429199084377634
     656.3236824549700259       1.0059180729226658
     656.3238825883922800       1.0483763286869476
     656.3240827218145341       0.8367941078415321
     656.3242828552369019       0.8993245407849928
     656.3244829886591560       1.0023030456569018
     656.3246831220814101       0.9922531321540575
     656.3248832555036643       0.9607074284887130
     656.3250833889260321       0.9904169774922280
     656.3252835223482862       1.0181529647870438
     656.3254836557705403       0.9380580065942240
     656.3256837891927944       0.9319004598884368
     656.3258839226150485       0.9743260438959331
     656.3260840560374163       1.0180494722914659
     656.3262841894596704       1.0226623271350483
     656.3264843228819245       0.9999645378877371
     656.3266844563041786       0.9437159417009662
     656.3268845897265464       0.9952602133813653
     656.3270847231488005       0.9148361551842507
     656.3272848565710547       0.9542450987631356
     656.3274849899933088       0.9702641209132556
     656.3276851234156766       0.9478481680043319
     656.3278852568379307       1.0213457801948391
     656.3280853902601848       1.0565711034890533
     656.3282855236824389       0.9168959886714503
     656.3284856571048067       0.9264270403162571
     656.3286857905270608       1.0397357446077640
     656.3288859239493149       1.0203458151926657
     656.3290860573715690       0.9880665357234676
     656.3292861907939368       1.0052209179271401
     656.3294863242161910       0.9136912451391181
     656.3296864576384451       1.0271116140969729
     656.3298865910606992       0.9140103151354882
     656.3300867244830670       0.9887394948170303
     656.3302868579053211       0.9645749492263384
     656.3304869913275752       1.0650209467907941
     656.3306871247498293       0.9749423287562039
     656.3308872581721971       1.0289709982463506
     656.3310873915944512       0.9483546231719385
     656.3312875250167053       1.1009511241227219
     656.3314876584389594       0.9321949877611174
     656.3316877918612136       1.0130346792325358
     656.3318879252835814       1.0028607578897342
     656.3320880587058355       1.0236899601574350
     656.3322881921280896       1.0236009629933562
     656.3324883255503437       0.9262228955422812
     656.3326884589727115       0.9005554244150894
     656.3328885923949656       0.9800332781431297
     656.3330887258172197       1.0026128590921712
     656.3332888592394738       1.0344633017698188
     656.3334889926618416       0.9701137423009528
     656.3336891260840957       1.0597984109601897
     656.3338892595063498       0.9588471935872070
     656.3340893929286040       1.0048025558556963
     656.3342895263509718       1.0293133204719886
     656.3344896597732259       0.9625706847579641
     656.3346897931954800       0.9679270420654065
     656.3348899266177341       1.0187030483418598
     656.3350900600401019       0.9799429014318042
     656.3352901934623560       1.0040370329220227
     656.3354903268846101       0.9137039485422903
     656.3356904603068642       1.0263217464813061
     656.3358905937292320       0.9514263559543880
     656.3360907271514861       1.0587482052489916
     656.3362908605737402       0.9959276414074930
     656.3364909939959944       0.9433149439629275
     656.3366911274182485       0.9456612221953399
     656.3368912608406163       0.9645453368942134
     656.3370913942628704       0.9826222734072074
     656.3372915276851245       0.9639132326585643
     656.3374916611073786       1.0579873037948633
     656.3376917945297464       1.0526334068274921
     656.3378919279520005       1.0698733028819118
     656.3380920613742546       1.0520372106103844
     656.3382921947965087       1.0048769219119413
     656.3384923282188765       1.0657310997174352
     656.3386924616411306       0.9884319826791034
     656.3388925950633848       1.0175817582093452
     656.3390927284856389       1.0025986214572855
     656.3392928619080067       1.0633294406093303
     656.3394929953302608       0.9600147339266246
     656.3396931287525149       0.9493955798665297
     656.3398932621747690       0.9675758948525277
     656.3400933955971368       0.9454699412972354
     656.3402935290193909       0.9771205974829505
     656.3404936624416450       1.0387081256247364
     656.3406937958638991       1.0051991015055259
     656.3408939292862669       0.9592965332519480
     656.3410940627085211       0.9839143622134677
     656.3412941961307752       0.9525395193423499
     656.3414943295530293       0.9358085363232588
     656.3416944629753971       0.8800029676010603
     656.3418945963976512       1.0465415769297315
     656.3420947298199053       1.0007351302235452
     656.3422948632421594       1.0041207522390634
     656.3424949966644135       1.0355073748420989
     656.3426951300867813       0.9770067782155040
     656.3428952635090354       1.0131263291480852
     656.3430953969312895       1.0042224549436722
     656.3432955303535437       0.9421323717082438
     656.3434956637759115       1.0057508721481609
     656.3436957971981656       0.9611887406548232
     656.3438959306204197       1.0479330715801090
     656.3440960640426738       1.0051433232505096
     656.3442961974650416       0.9459689369861943
     656.3444963308872957       1.0373753419979359
     656.3446964643095498       1.0242099221054739
     656.3448965977318039       0.9245815127555758
     656.3450967311541717       1.1061778813219234
     656.3452968645764258       0.9266736432637473
     656.3454969979986799       0.9326804056569405
     656.3456971314209341       0.9724348243187830
     656.3458972648433019       1.0709557607672000
     656.3460973982655560       0.9812580402871200
     656.3462975316878101       0.9823885019819697
     656.3464976651100642       0.9953603385913210
     656.3466977985324320       1.0084602702384848
     656.3468979319546861       1.0155603587610473
     656.3470980653769402       1.0740004405367460
     656.3472981987991943       1.0020300927563706
     656.3474983322214484       1.0141816632816423
     656.3476984656438162       0.9781951885666447
     656.3478985990660703       1.0131079657000532
     656.3480987324883245       0.9425466954706201
     656.3482988659105786       0.9615963622926359
     656.3484989993329464       1.0340348295866546
     656.3486991327552005       0.9967407204675806
     656.3488992661774546       0.9274031966924248
     656.3490993995997087       0.9707383364438724
     656.3492995330220765       0.9730663411319062
     656.3494996664443306       1.0796574875712261
     656.3496997998665847       1.0021421208511949
     656.3498999332888388       0.9434239305555761
     656.3501000667112066       0.9733571074902971
     656.3503002001334607       1.0005001731333296
     656.3505003335557149       0.9290665611624700
     656.3507004669779690       0.9987465832382428
     656.3509006004003368       0.9384911470115177
     656.3511007338225909       0.9496422037482256
     656.3513008672448450       1.0140439113602038
     656.3515010006670991       1.1169846802949903
     656.3517011340894669       0.9494877792894839
     656.3519012675117210       1.0030838465318084
     656.3521014009339751       1.1289257854223251
     656.3523015343562292       0.9726447220891714
     656.3525016677785970       1.0383711233735085
     656.3527018012008512       0.9194966182112694
     656.3529019346231053       1.0097897956147790
     656.3531020680453594       0.9794366005808115
     656.3533022014676135       0.9341580048203468
     656.3535023348899813       1.0611185543239117
     656.3537024683122354       0.9699529204517603
     656.3539026017344895       1.0656052157282829
     656.3541027351567436       0.9382611252367496
     656.3543028685791114       0.9625049270689487
     656.3545030020013655       0.9823892936110497
     656.3547031354236196       0.9457147642970085
     656.3549032688458738       1.0507652461528778
     656.3551034022682416       0.9411975033581257
     656.3553035356904957       0.9800954852253199
     656.3555036691127498       1.0648096650838852
     656.3557038025350039       1.0900412872433662
     656.3559039359573717       1.0805852860212326
     656.3561040693796258       1.0404525548219681
     656.3563042028018799       0.9936573361046612
     656.3565043362241340       0.9914574138820171
     656.3567044696465018       1.1342125087976456
     656.3569046030687559       1.0305320154875517
     656.3571047364910100       0.9490015096962452
     656.3573048699132642       1.0200712960213423
     656.3575050033356320       0.9981138275470585
     656.3577051367578861       0.9525262154638767
     656.3579052701801402       0.9926152029074728
     656.3581054036023943       0.9604423493146896
     656.3583055370246484       1.0380438417196274
     656.3585056704470162       0.9500572867691517
     656.3587058038692703       1.1050320640206337
     656.3589059372915244       1.0226549301296473
     656.3591060707137785       0.9593255408108234
     656.3593062041361463       0.9960937355645001
     656.3595063375584004       0.9721110761165619
     656.3597064709806546       1.0202440097928047
     656.3599066044029087       1.0621215067803860
     656.3601067378252765       0.9783245697617531
     656.3603068712475306       0.9717978890985250
     656.3605070046697847       1.1502298116683960
     656.3607071380920388       1.0087976064532995
     656.3609072715144066       0.9255200549960136
     656.3611074049366607       1.0240480359643698
     656.3613075383589148       1.0518994331359863
     656.3615076717811689       1.0494343750178814
     656.3617078052035367       0.9614761807024479
     656.3619079386257908       0.9420823082327843
     656.3621080720480450       1.0532397143542767
     656.3623082054702991       1.0008211418171413
     656.3625083388926669       0.9279439002275467
     656.3627084723149210       0.9270341694355011
     656.3629086057371751       1.0222638398408890
     656.3631087391594292       0.9998493714811048
     656.3633088725817970       1.1225753203034401
     656.3635090060040511       1.0519897416234016
     656.3637091394263052       1.0843458101153374
     656.3639092728485593       1.0062198708765209
     656.3641094062708135       0.9933793745003641
     656.3643095396931813       1.0786780416965485
     656.3645096731154354       0.9315483868122101
     656.3647098065376895       0.9886062685400248
     656.3649099399599436       0.9628396816551685
     656.3651100733823114       1.0296832621097565
     656.3653102068045655       0.9235777854919434
     656.3655103402268196       1.1031563058495522
     656.3657104736490737       1.1008602008223534
     656.3659106070714415       0.9678549803793430
     656.3661107404936956       0.9451744370162487
     656.3663108739159497       1.0024511639494449
     656.3665110073382039       1.0326713621616364
     656.3667111407605717       0.9743630737066269
     656.3669112741828258       0.9405657872557640
     656.3671114076050799       0.9702935069799423
     656.3673115410273340       1.0537518821656704
     656.3675116744497018       0.8947022557258606
     656.3677118078719559       1.0551949143409729
     656.3679119412942100       0.9634811356663704
     656.3681120747164641       1.0597610138356686
     656.3683122081388319       0.9213806763291359
     656.3685123415610860       1.0227281507104635
     656.3687124749833401       0.9156863391399384
     656.3689126084055943       1.0613463297486305
     656.3691127418278484       1.0353715382516384
     656.3693128752502162       0.9787870794534683
     656.3695130086724703       1.0923156365752220
     656.3697131420947244       1.0958023369312286
     656.3699132755169785       1.0240174066275358
     656.3701134089393463       0.9342056438326836
     656.3703135423616004       0.9661692604422569
     656.3705136757838545       1.0428548865020275
     656.3707138092061086       0.9232538491487503
     656.3709139426284764       1.1188366785645485
     656.3711140760507305       0.9306627139449120
     656.3713142094729847       1.0099217882379889
     656.3715143428952388       0.9834631290286779
     656.3717144763176066       1.0418494641780853
     656.3719146097398607       1.0745273679494858
     656.3721147431621148       0.9703318774700165
     656.3723148765843689       0.9782737642526627
     656.3725150100067367       1.0093566989526153
     656.3727151434289908       0.9536716975271702
     656.3729152768512449       1.0589931905269623
     656.3731154102734990       0.9936160636134446
     656.3733155436958668       1.0450918786227703
     656.3735156771181209       0.9577491618692875
     656.3737158105403751       1.0644550770521164
     656.3739159439626292       1.0059697874821723
     656.3741160773849970       0.9467433691024780
     656.3743162108072511       1.0011092036729679
     656.3745163442295052       1.0518563948571682
     656.3747164776517593       1.0165801495313644
     656.3749166110740134       1.0999963805079460
     656.3751167444963812       1.0208499878644943
     656.3753168779186353       1.0380228869616985
     656.3755170113408894       1.0534970238804817
     656.3757171447631436       1.0200021713972092
     656.3759172781855113       1.0211449954658747
     656.3761174116077655       0.9644051678478718
     656.3763175450300196       0.9501020684838295
     656.3765176784522737       0.9129130765795708
     656.3767178118746415       1.0741188973188400
     656.3769179452968956       1.0313315577805042
     656.3771180787191497       0.9862135723233223
     656.3773182121414038       1.0703268870711327
     656.3775183455637716       0.9548184163868427
     656.3777184789860257       1.0610606186091900
     656.3779186124082798       0.9617322832345963
     656.3781187458305340       0.9620313085615635
     656.3783188792529018       1.0298404600471258
     656.3785190126751559       1.0364237092435360
     656.3787191460974100       0.9731257203966379
     656.3789192795196641       0.9423419870436192
     656.3791194129420319       0.9368742257356644
     656.3793195463642860       1.0387924611568451
     656.3795196797865401       0.9891941044479609
     656.3797198132087942       0.9275418147444725
     656.3799199466311620       0.9702540505677462
     656.3801200800534161       0.9555491395294666
     656.3803202134756702       0.9426279701292515
     656.3805203468979244       1.0013670441694558
     656.3807204803201785       1.0046959803439677
     656.3809206137425463       1.0174956377595663
     656.3811207471648004       1.0250472612679005
     656.3813208805870545       0.9983592276694253
     656.3815210140093086       0.9351565912365913
     656.3817211474316764       1.0120687810704112
     656.3819212808539305       0.9533761851489544
     656.3821214142761846       0.9355821684002876
     656.3823215476984387       1.0405303128063679
     656.3825216811208065       1.0032686349004507
     656.3827218145430606       1.0085098147392273
     656.3829219479653148       0.8885291591286659
     656.3831220813875689       1.0574537813663483
     656.3833222148099367       0.9717404805123806
     656.3835223482321908       1.0665289685130119
     656.3837224816544449       0.9624348133802414
     656.3839226150766990       0.8904892206192017
     656.3841227484990668       1.0198992062360048
     656.3843228819213209       1.0445461645722389
     656.3845230153435750       0.9774715024977922
     656.3847231487658291       1.0533421337604523
     656.3849232821881969       0.9891769569367170
     656.3851234156104510       1.0248392894864082
     656.3853235490327052       0.9337094649672508
     656.3855236824549593       0.9948994391597807
     656.3857238158772134       1.0437818840146065
     656.3859239492995812       0.9135008528828621
     656.3861240827218353       1.0225828513503075
     656.3863242161440894       1.0115366606041789
     656.3865243495663435       0.9175992980599403
     656.3867244829887113       1.1069866567850113
     656.3869246164109654       1.0052790837362409
     656.3871247498332195       1.1213170811533928
     656.3873248832554737       0.9484234936535358
     656.3875250166778414       0.9056782275438309
     656.3877251501000956       1.0277733858674765
     656.3879252835223497       0.9556886702775955
     656.3881254169446038       1.0059374882839620
     656.3883255503669716       0.9919440010562539
     656.3885256837892257       1.0237384624779224
     656.3887258172114798       1.0315485820174217
     656.3889259506337339       0.9303770661354065
     656.3891260840561017       0.9786456245929003
     656.3893262174783558       1.0364264845848083
     656.3895263509006099       0.9728323370218277
     656.3897264843228641       1.0352181009948254
     656.3899266177452319       1.0147910071536899
     656.3901267511674860       0.9443234615027905
     656.3903268845897401       0.9958917708136141
     656.3905270180119942       1.0182505715638399
     656.3907271514343620       1.0076340544037521
     656.3909272848566161       1.0204541422426701
     656.3911274182788702       1.0125261349603534
     656.3913275517011243       0.9823821224272251
     656.3915276851233784       1.1126483306288719
     656.3917278185457462       0.9784742835909128
     656.3919279519680003       0.9665574878454208
     656.3921280853902545       1.0976061299443245
     656.3923282188125086       1.0324473530054092
     656.3925283522348764       1.0143284695222974
     656.3927284856571305       0.9965878999792039
     656.3929286190793846       1.0480124317109585
     656.3931287525016387       1.0274893343448639
     656.3933288859240065       1.0596920438110828
     656.3935290193462606       0.9898417545482516
     656.3937291527685147       0.9364651888608932
     656.3939292861907688       1.0216735359281301
     656.3941294196131366       1.0233717169612646
     656.3943295530353907       0.9700241591781378
     656.3945296864576449       1.0063118957914412
     656.3947298198798990       0.8954624906182289
     656.3949299533022668       1.0715940073132515
     656.3951300867245209       0.9131228774785995
     656.3953302201467750       1.0013857147423550
     656.3955303535690291       1.0059294779784977
     656.3957304869913969       1.0483159534633160
     656.3959306204136510       0.9674423448741436
     656.3961307538359051       1.0450536198914051
     656.3963308872581592       1.0486827604472637
     656.3965310206804133       1.0388530530035496
     656.3967311541027811       0.9892815425992012
     656.3969312875250353       1.0883446410298347
     656.3971314209472894       1.0242683030664921
     656.3973315543695435       0.9601386375725269
     656.3975316877919113       0.9714358747005463
     656.3977318212141654       1.0021135637070984
     656.3979319546364195       0.9741350822150707
     656.3981320880586736       0.9669824950397015
     656.3983322214810414       0.9646820016205311
     656.3985323549032955       0.9664671011269093
     656.3987324883255496       0.9617977514863014
     656.3989326217478038       0.9225625842809677
     656.3991327551701715       1.0010488064726815
     656.3993328885924257       1.0234840288758278
     656.3995330220146798       0.8812757208943367
     656.3997331554369339       1.0084181474521756
     656.3999332888593017       0.9759805109351873
     656.4001334222815558       1.0372862704098225
     656.4003335557038099       0.9617515429854393
     656.4005336891260640       1.0776698291301727
     656.4007338225484318       0.9664016626775265
     656.4009339559706859       1.0168959386646748
     656.4011340893929400       0.9823908638209105
     656.4013342228151942       1.0071583739481866
     656.4015343562375620       1.0589257143437862
     656.4017344896598161       0.8775374367833138
     656.4019346230820702       0.9763381741940975
     656.4021347565043243       0.9375654458999634
     656.4023348899265784       0.9797324147075415
     656.4025350233489462       0.9844488184899092
     656.4027351567712003       0.9901937944814563
     656.4029352901934544       1.0103448256850243
     656.4031354236157085       0.9110993817448616
     656.4033355570380763       0.9355963245034218
     656.4035356904603304       1.0634844675660133
     656.4037358238825846       0.9252297654747963
     656.4039359573048387       1.0318043977022171
     656.4041360907272065       0.9811872821301222
     656.4043362241494606       1.1011159941554070
     656.4045363575717147       0.9643513038754463
     656.4047364909939688       0.9720304869115353
     656.4049366244163366       0.9896955108270049
     656.4051367578385907       0.9949478986673057
     656.4053368912608448       0.9511187523603439
     656.4055370246830989       0.9753592349588871
     656.4057371581054667       1.0284854602068663
     656.4059372915277208       1.0303096976131201
     656.4061374249499750       1.0470776259899139
     656.4063375583722291       0.9245048835873604
     656.4065376917945969       1.0812147706747055
     656.4067378252168510       0.9579154327511787
     656.4069379586391051       1.0246952008455992
     656.4071380920613592       1.0418218448758125
     656.4073382254836133       1.0487311780452728
     656.4075383589059811       0.9774738252162933
     656.4077384923282352       1.0267199035733938
     656.4079386257504893       1.0207943189889193
     656.4081387591727434       1.0360433198511600
     656.4083388925951112       0.9561142213642597
     656.4085390260173654       1.0327211692929268
     656.4087391594396195       0.9634844250977039
     656.4089392928618736       0.9487256221473217
     656.4091394262842414       1.0426420792937279
     656.4093395597064955       0.9885057900100946
     656.4095396931287496       0.9961829541716725
     656.4097398265510037       1.0833340585231781
     656.4099399599733715       0.9479475133121014
     656.4101400933956256       0.9629883952438831
     656.4103402268178797       1.0118968598544598
     656.4105403602401339       1.0306487977504730
     656.4107404936625016       1.0391327850520611
     656.4109406270847558       1.0022598530631512
     656.4111407605070099       1.0159464292228222
     656.4113408939292640       0.9480994641780853
     656.4115410273516318       0.9417239762842655
     656.4117411607738859       0.9827092923223972
     656.4119412941961400       0.9195763319730759
     656.4121414276183941       0.9503531940281391
     656.4123415610407619       1.0608732067048550
     656.4125416944630160       0.9979886813089252
     656.4127418278852701       0.9557586871087551
     656.4129419613075243       1.0655576214194298
     656.4131420947297784       0.9411986172199249
     656.4133422281521462       0.9031100049614906
     656.4135423615744003       1.0597135610878468
     656.4137424949966544       1.0376629941165447
     656.4139426284189085       0.9718524906784296
     656.4141427618412763       0.9876983184367418
     656.4143428952635304       1.0586976073682308
     656.4145430286857845       0.9010230079293251
     656.4147431621080386       1.0017466787248850
     656.4149432955304064       0.9985701000550762
     656.4151434289526605       0.9538793899118900
     656.4153435623749147       0.9945376836694777
     656.4155436957971688       0.9478272907435894
     656.4157438292195366       0.9993996120756492
     656.4159439626417907       0.9840729851275682
     656.4161440960640448       0.9532066956162453
     656.4163442294862989       1.0285063330084085
     656.4165443629086667       1.0119753098115325
     656.4167444963309208       1.0143445124849677
     656.4169446297531749       1.0743873342871666
     656.4171447631754290       0.9522635564208031
     656.4173448965977968       1.0023339700419456
     656.4175450300200509       1.0975653529167175
     656.4177451634423051       1.0922161266207695
     656.4179452968645592       0.9483117870986462
     656.4181454302869270       0.9191051796078682
     656.4183455637091811       0.9157965332269669
     656.4185456971314352       1.0072149760089815
     656.4187458305536893       0.9544299729168415
     656.4189459639759434       0.9785670712590218
     656.4191460973983112       1.0162621419876814
     656.4193462308205653       0.9812503866851330
     656.4195463642428194       0.9888654546812177
     656.4197464976650735       0.9671756885945797
     656.4199466310874413       0.8973976150155067
     656.4201467645096955       1.0639650747179985
     656.4203468979319496       0.9507558047771454
     656.4205470313542037       0.9960154690779746
     656.4207471647765715       1.0540118627250195
     656.4209472981988256       0.9881557105109096
     656.4211474316210797       0.9885723637416959
     656.4213475650433338       1.0304216872900724
     656.4215476984657016       0.9589660353958607
     656.4217478318879557       0.9670929796993732
     656.4219479653102098       0.9695402141660452
     656.4221480987324640       1.0050322995521128
     656.4223482321548317       1.0483312383294106
     656.4225483655770859       0.9989388079848140
     656.4227484989993400       0.9596099741756916
     656.4229486324215941       0.9983324274653569
     656.4231487658439619       1.0398354269564152
     656.4233488992662160       0.9477496072649956
     656.4235490326884701       0.9759903140366077
     656.4237491661107242       1.0099404631182551
     656.4239492995329783       0.9649414457380772
     656.4241494329553461       1.0252635013312101
     656.4243495663776002       1.0648612305521965
     656.4245496997998544       1.0187446344643831
     656.4247498332221085       1.0316350422799587
     656.4249499666444763       1.0501304976642132
     656.4251501000667304       0.9595467187464237
     656.4253502334889845       0.9946473618037999
     656.4255503669112386       0.9703350421041250
     656.4257505003336064       1.0721502974629402
     656.4259506337558605       0.9751796647906303
     656.4261507671781146       0.9164607301354408
     656.4263509006003687       1.0445441119372845
     656.4265510340227365       0.9548577889800072
     656.4267511674449906       1.0093339448794723
     656.4269513008672448       0.8947899788618088
     656.4271514342894989       1.0469345189630985
     656.4273515677118667       0.9190561473369598
     656.4275517011341208       0.9805401097983122
     656.4277518345563749       1.0874555632472038
     656.4279519679786290       1.0636222958564758
     656.4281521014009968       1.0092264134436846
     656.4283522348232509       0.9350933134555817
     656.4285523682455050       1.0215956121683121
     656.4287525016677591       1.0001221489510499
     656.4289526350901269       1.0519715659320354
     656.4291527685123810       0.9431610815227032
     656.4293529019346352       0.9434446319937706
     656.4295530353568893       0.9746792335063219
     656.4297531687791434       0.9958340143784881
     656.4299533022015112       0.9976181271485984
     656.4301534356237653       1.0187871381640434
     656.4303535690460194       1.1054040119051933
     656.4305537024682735       0.9771485645323992
     656.4307538358906413       0.9456623680889606
     656.4309539693128954       0.9997783874423476
     656.4311541027351495       1.0355938374996185
     656.4313542361574036       1.0370758660137653
     656.4315543695797714       0.9414917938411236
     656.4317545030020256       0.9548951126635075
     656.4319546364242797       0.9537028819322586
     656.4321547698465338       1.1298168450593948
     656.4323549032689016       0.9767662379890680
     656.4325550366911557       1.0117720430716872
     656.4327551701134098       0.9859458254650235
     656.4329553035356639       0.9760653674602509
     656.4331554369580317       0.9903340321034193
     656.4333555703802858       1.0895087942481041
     656.4335557038025399       1.0406879782676697
     656.4337558372247940       0.9616507701575756
     656.4339559706471618       1.1064584776759148
     656.4341561040694160       0.9763090331107378
     656.4343562374916701       1.0386607237160206
     656.4345563709139242       0.9643449485301971
     656.4347565043361783       0.9684400036931038
     656.4349566377585461       1.0022042936179787
     656.4351567711808002       0.9717777762562037
     656.4353569046030543       1.0409785024821758
     656.4355570380253084       0.9359704777598381
     656.4357571714476762       1.0428599044680595
     656.4359573048699303       0.9996846409048885
     656.4361574382921845       1.0211930684745312
     656.4363575717144386       0.9201158955693245
     656.4365577051368064       1.0385580323636532
     656.4367578385590605       0.8911545947194099
     656.4369579719813146       1.0616960115730762
     656.4371581054035687       0.9696493092924356
     656.4373582388259365       0.9236851856112480
     656.4375583722481906       0.9947320451028645
     656.4377585056704447       1.0196289829909801
     656.4379586390926988       0.9424860700964928
     656.4381587725150666       0.9564727991819382
     656.4383589059373207       0.9913316788151860
     656.4385590393595749       0.9119033664464951
     656.4387591727818290       0.9859482618048787
     656.4389593062041968       1.0358284749090672
     656.4391594396264509       0.9912759987637401
     656.4393595730487050       0.9161287620663643
     656.4395597064709591       0.9551957435905933
     656.4397598398933269       1.0641128048300743
     656.4399599733155810       1.0959753394126892
     656.4401601067378351       0.9695137348026037
     656.4403602401600892       0.9753651693463326
     656.4405603735823433       1.0396361872553825
     656.4407605070047111       1.1149996444582939
     656.4409606404269653       0.9572099521756172
     656.4411607738492194       0.9396228119730949
     656.4413609072714735       1.0021406167652458
     656.4415610406938413       0.9888561395928264
     656.4417611741160954       0.9481866694986820
     656.4419613075383495       0.9724917132407427
     656.4421614409606036       1.0288630928844213
     656.4423615743829714       1.1084841042757034
     656.4425617078052255       0.8835112303495407
     656.4427618412274796       1.0194789394736290
     656.4429619746497337       1.0501308813691139
     656.4431621080721015       1.0425419621169567
     656.4433622414943557       1.0990797281265259
     656.4435623749166098       1.0478690229356289
     656.4437625083388639       1.0024735722690821
     656.4439626417612317       1.0237920694053173
     656.4441627751834858       1.0617350824177265
     656.4443629086057399       1.0829704701900482
     656.4445630420279940       0.9517928436398506
     656.4447631754503618       1.0222973544150591
     656.4449633088726159       0.9504455812275410
     656.4451634422948700       1.0796983763575554
     656.4453635757171241       1.0684518292546272
     656.4455637091393783       1.0044209510087967
     656.4457638425617461       1.0209433343261480
     656.4459639759840002       1.0321400314569473
     656.4461641094062543       1.0217020865529776
     656.4463642428285084       1.0030390773899853
     656.4465643762508762       0.9626299813389778
     656.4467645096731303       1.0839078053832054
     656.4469646430953844       0.9125987216830254
     656.4471647765176385       0.9532244950532913
     656.4473649099400063       1.0116359516978264
     656.4475650433622604       0.9918196825310588
     656.4477651767845146       1.0759021118283272
     656.4479653102067687       1.0568910613656044
     656.4481654436291365       0.9991980038466863
     656.4483655770513906       0.9773984700441360
     656.4485657104736447       1.0749242678284645
     656.4487658438958988       0.9938784674741328
     656.4489659773182666       0.9570568315684795
     656.4491661107405207       1.0073038795962930
     656.4493662441627748       0.9603788182139397
     656.4495663775850289       1.0568485669791698
     656.4497665110073967       1.0318735204637051
     656.4499666444296508       0.9754269346594810
     656.4501667778519050       0.9975046974141151
     656.4503669112741591       0.8774704188108444
     656.4505670446965269       1.0339110791683197
     656.4507671781187810       0.9768371358513832
     656.4509673115410351       1.0969664379954338
     656.4511674449632892       1.0306909959763288
     656.4513675783855433       0.9690129570662975
     656.4515677118079111       0.9979167359415442
     656.4517678452301652       0.9694709628820419
     656.4519679786524193       1.0903976336121559
     656.4521681120746734       0.9373539835214615
     656.4523682454970412       1.0335608087480068
     656.4525683789192954       0.9676421359181404
     656.4527685123415495       1.0148416236042976
     656.4529686457638036       1.0508215203881264
     656.4531687791861714       0.9769598953425884
     656.4533689126084255       1.0046805278398097
     656.4535690460306796       0.9374332651495934
     656.4537691794529337       0.9803535770624876
     656.4539693128753015       1.0745761096477509
     656.4541694462975556       1.0471772253513336
     656.4543695797198097       0.9766351226717234
     656.4545697131420638       0.9449642337858677
     656.4547698465644316       1.0307646822184324
     656.4549699799866858       0.9744783286005259
     656.4551701134089399       0.9676180221140385
     656.4553702468311940       1.0337913781404495
     656.4555703802535618       0.9751988071948290
     656.4557705136758159       0.9963352340273559
     656.4559706470980700       1.0681889280676842
     656.4561707805203241       0.9707011282444000
     656.4563709139425782       1.0900960490107536
     656.4565710473649460       0.9967649385798723
     656.4567711807872001       0.9628057442605495
     656.4569713142094542       1.0380267091095448
     656.4571714476317084       0.9646007902920246
     656.4573715810540762       0.9803950451314449
     656.4575717144763303       1.0487587861716747
     656.4577718478985844       0.9915979038923979
     656.4579719813208385       0.9474186636507511
     656.4581721147432063       1.0479260496795177
     656.4583722481654604       1.0589792020618916
     656.4585723815877145       1.0405826419591904
     656.4587725150099686       1.0932443663477898
     656.4589726484323364       1.0315529964864254
     656.4591727818545905       1.0017015163321048
     656.4593729152768447       0.9146581888198853
     656.4595730486990988       0.9560590274631977
     656.4597731821214666       1.0171585846692324
     656.4599733155437207       0.9909204915165901
     656.4601734489659748       1.0665565729141235
     656.4603735823882289       0.9642053358256817
     656.4605737158105967       1.0313869491219521
     656.4607738492328508       1.0070225051604211
     656.4609739826551049       1.0350204370915890
     656.4611741160773590       0.9661679938435555
     656.4613742494997268       1.0398356243968010
     656.4615743829219809       1.0218599811196327
     656.4617745163442351       0.9999897302559475
     656.4619746497664892       0.9908881578594446
     656.4621747831887433       0.9374758228659630
     656.4623749166111111       1.0242829527705908
     656.4625750500333652       0.9687536526471376
     656.4627751834556193       0.9664521552622318
     656.4629753168778734       1.0001121258246712
     656.4631754503002412       0.9482511170208454
     656.4633755837224953       0.9776325561106205
     656.4635757171447494       1.0171906072646379
     656.4637758505670035       1.0245491098612547
     656.4639759839893713       0.9947937116958201
     656.4641761174116255       1.0857660025358200
     656.4643762508338796       0.9792634043842554
     656.4645763842561337       1.0463430099189281
     656.4647765176785015       1.0454949252307415
     656.4649766511007556       0.9773580785840750
     656.4651767845230097       1.0510206408798695
     656.4653769179452638       1.1056329980492592
     656.4655770513676316       0.9884612234309316
     656.4657771847898857       1.0271298494189978
     656.4659773182121398       0.9937742403708398
     656.4661774516343939       1.0032849211711437
     656.4663775850567617       1.0409418419003487
     656.4665777184790159       1.0799283236265182
     656.4667778519012700       0.9681880846619606
     656.4669779853235241       0.9452932178974152
     656.4671781187458919       1.0200518053025007
     656.4673782521681460       0.9049258679151535
     656.4675783855904001       1.0351573787629604
     656.4677785190126542       1.0574845559895039
     656.4679786524349083       1.0363108478486538
     656.4681787858572761       1.0395720340311527
     656.4683789192795302       0.9752909559756517
     656.4685790527017843       0.9398570582270622
     656.4687791861240385       0.9552257470786572
     656.4689793195464063       0.9965572091750801
     656.4691794529686604       1.1303000301122665
     656.4693795863909145       0.9531630650162697
     656.4695797198131686       1.0643569156527519
     656.4697798532355364       1.0506394989788532
     656.4699799866577905       1.0046475445851684
     656.4701801200800446       0.9638610668480396
     656.4703802535022987       0.9621928110718727
     656.4705803869246665       0.9793774504214525
     656.4707805203469206       1.0230198651552200
     656.4709806537691748       1.0364572890102863
     656.4711807871914289       0.9396357238292694
     656.4713809206137967       0.9884224329143763
     656.4715810540360508       1.0086931036785245
     656.4717811874583049       1.0082570398226380
     656.4719813208805590       1.0290879365056753
     656.4721814543029268       1.0389100722968578
     656.4723815877251809       1.0432934574782848
     656.4725817211474350       1.0020633852109313
     656.4727818545696891       1.0162748377770185
     656.4729819879919432       0.9311855733394623
     656.4731821214143110       1.1110770031809807
     656.4733822548365652       1.0722541213035583
     656.4735823882588193       0.9430579878389835
     656.4737825216810734       1.0095224231481552
     656.4739826551034412       1.0006595531012863
     656.4741827885256953       0.9902052059769630
     656.4743829219479494       1.0521227903664112
     656.4745830553702035       1.0734897777438164
     656.4747831887925713       1.0391713455319405
     656.4749833222148254       1.0339266546070576
     656.4751834556370795       1.0128735275939107
     656.4753835890593336       1.0590948835015297
     656.4755837224817014       0.9940466857515275
     656.4757838559039556       0.9964306906331331
     656.4759839893262097       1.0456568896770477
     656.4761841227484638       1.0121509088203311
     656.4763842561708316       0.9312872961163521
     656.4765843895930857       0.9223999008536339
     656.4767845230153398       0.9894077852368355
     656.4769846564375939       0.9766819048672915
     656.4771847898599617       1.0660032182931900
     656.4773849232822158       1.0789683386683464
     656.4775850567044699       1.0419281087815762
     656.4777851901267240       1.0718514919281006
     656.4779853235490918       0.9938147109933197
     656.4781854569713460       0.9856645474210382
     656.4783855903936001       1.0596194639801979
     656.4785857238158542       0.9656042978167534
     656.4787858572381083       1.0402875356376171
     656.4789859906604761       1.0192072819918394
     656.4791861240827302       0.9668229669332504
     656.4793862575049843       0.9996103751182090
     656.4795863909272384       0.9614008255302906
     656.4797865243496062       0.9897700641304255
     656.4799866577718603       0.9410562627017498
     656.4801867911941144       0.9734424669295549
     656.4803869246163686       0.9750769603997469
     656.4805870580387364       1.0404967218637466
     656.4807871914609905       1.0062253135256469
     656.4809873248832446       1.1048165187239647
     656.4811874583054987       0.9660428799688816
     656.4813875917278665       1.0042919316329062
     656.4815877251501206       1.0601262822747231
     656.4817878585723747       0.9159615412354469
     656.4819879919946288       0.9949015788733959
     656.4821881254169966       0.9557813443243504
     656.4823882588392507       1.0430653095245361
     656.4825883922615049       1.0326752886176109
     656.4827885256837590       1.0014907553559169
     656.4829886591061268       0.9846054641529918
     656.4831887925283809       1.0873977392911911
     656.4833889259506350       0.9658694379031658
     656.4835890593728891       0.9818373825401068
     656.4837891927951432       0.9223148748278618
     656.4839893262175110       0.9632448554039001
     656.4841894596397651       0.9449057206511497
     656.4843895930620192       0.9795245341956615
     656.4845897264842733       0.9569584690034389
     656.4847898599066411       0.9421979226171970
     656.4849899933288953       0.9845286682248116
     656.4851901267511494       0.9696085918694735
     656.4853902601734035       1.0065647670999169
     656.4855903935957713       1.0391890816390514
     656.4857905270180254       0.9437902458012104
     656.4859906604402795       0.9930622717365623
     656.4861907938625336       0.9917113669216633
     656.4863909272849014       1.0562354885041714
     656.4865910607071555       0.9843436237424612
     656.4867911941294096       0.9569612592458725
     656.4869913275516637       0.9856126010417938
     656.4871914609740315       0.9334960356354713
     656.4873915943962857       1.0416893474757671
     656.4875917278185398       1.0298556834459305
     656.4877918612407939       0.9470021314918995
     656.4879919946631617       0.9291922971606255
     656.4881921280854158       0.9722173474729061
     656.4883922615076699       0.9746777378022671
     656.4885923949299240       1.0637286975979805
     656.4887925283522918       1.0421218238770962
     656.4889926617745459       0.9423069842159748
     656.4891927951968000       0.9400018192827702
     656.4893929286190541       1.0086174225434661
     656.4895930620413083       0.9999569372630503
     656.4897931954636761       1.0359964780509472
     656.4899933288859302       0.9448276944458485
     656.4901934623081843       0.9684121496975422
     656.4903935957304384       0.9925726018846035
     656.4905937291528062       0.9747629854828119
     656.4907938625750603       1.0046637728810310
     656.4909939959973144       0.9528618752956390
     656.4911941294195685       0.9355182051658630
     656.4913942628419363       1.0403346009552479
     656.4915943962641904       0.9487492181360722
     656.4917945296864445       1.0071695083752275
     656.4919946631086987       1.0166994091123343
     656.4921947965310665       1.0812347829341888
     656.4923949299533206       0.9699436444789171
     656.4925950633755747       0.9996319758647587
     656.4927951967978288       0.9923910298384726
     656.4929953302201966       0.9948126734234393
     656.4931954636424507       0.9213955178856850
     656.4933955970647048       1.0377975739538670
     656.4935957304869589       0.9400398917496204
     656.4937958639093267       1.0141691071912646
     656.4939959973315808       1.0327378027141094
     656.4941961307538350       0.9717761632055044
     656.4943962641760891       1.0347292646765709
     656.4945963975983432       0.9560373164713383
     656.4947965310207110       0.9694819841533899
     656.4949966644429651       1.0197552647441626
     656.4951967978652192       0.9217295721173286
     656.4953969312874733       1.0232959501445293
     656.4955970647098411       0.9547025747597218
     656.4957971981320952       0.9436006583273411
     656.4959973315543493       0.9858851758763194
     656.4961974649766034       1.0219175070524216
     656.4963975983989712       1.0223346818238497
     656.4965977318212254       1.0699952468276024
     656.4967978652434795       0.9173098728060722
     656.4969979986657336       0.9793352317065001
     656.4971981320881014       0.9579971395432949
     656.4973982655103555       0.9627949707210064
     656.4975983989326096       0.9937003953382373
     656.4977985323548637       1.0538455061614513
     656.4979986657772315       0.9483139626681805
     656.4981987991994856       1.0343623794615269
     656.4983989326217397       0.9538643099367619
     656.4985990660439938       1.0016690921038389
     656.4987991994663616       0.9863643990829587
     656.4989993328886158       0.9738362245261669
     656.4991994663108699       0.9930902705527842
     656.4993995997331240       1.0215246584266424
     656.4995997331554918       0.9044975712895393
     656.4997998665777459       1.0249377992004156
     656.5000000000000000       1.0726035162806511
