     656.2000000000000455       0.9931638203561306
     656.2002001334222996       0.8987693265080452
     656.2004002668445537       0.9526723176240921
     656.2006004002669215       1.0218854174017906
     656.2008005336891756       1.1595076173543930
     656.2010006671114297       1.0599512122571468
     656.2012008005336838       1.0740520879626274
     656.2014009339560516       0.9120798781514168
     656.2016010673783057       0.9042240902781487
     656.2018012008005599       0.9028394147753716
     656.2020013342228140       0.9922273647971451
     656.2022014676451818       1.0977909043431282
     656.2024016010674359       1.0129519021138549
     656.2026017344896900       0.9511141516268253
     656.2028018679119441       1.0157161951065063
     656.2030020013343119       1.0730651542544365
     656.2032021347565660       1.0056311539374292
     656.2034022681788201       1.0601675286889076
     656.2036024016010742       1.0478128492832184
     656.2038025350234420       1.0100131649523973
     656.2040026684456961       1.1067297011613846
     656.2042028018679503       1.0026287189684808
     656.2044029352902044       0.9705749992281199
     656.2046030687125722       0.9513908475637436
     656.2048032021348263       1.0141013339161873
     656.2050033355570804       0.9973318073898554
     656.2052034689793345       0.9493596255779266
     656.2054036024017023       1.0395799241960049
     656.2056037358239564       1.0546778626739979
     656.2058038692462105       1.0426452755928040
     656.2060040026684646       0.9874114319682121
     656.2062041360907187       1.0276091638952494
     656.2064042695130865       1.1082887575030327
     656.2066044029353407       1.0292647872120142
     656.2068045363575948       1.0075047882273793
     656.2070046697798489       1.0844719707965851
     656.2072048032022167       1.0007739869179204
     656.2074049366244708       0.9917155932635069
     656.2076050700467249       1.0384373813867569
     656.2078052034689790       1.0220149736851454
     656.2080053368913468       0.9936980581842363
     656.2082054703136009       0.9536745250225067
     656.2084056037358550       0.9612718857824802
     656.2086057371581092       0.9865784198045731
     656.2088058705804769       1.0330604203045368
     656.2090060040027311       1.0103421062231064
     656.2092061374249852       1.0094353398308158
     656.2094062708472393       1.0469425953924656
     656.2096064042696071       0.9733930043876171
     656.2098065376918612       0.9669945500791073
     656.2100066711141153       1.0453197956085205
     656.2102068045363694       1.0002913408097811
     656.2104069379587372       0.9812873620539904
     656.2106070713809913       0.9938456495292485
     656.2108072048032454       1.0734535828232765
     656.2110073382254996       1.0363932177424431
     656.2112074716477537       1.0617841146886349
     656.2114076050701215       1.0575128756463528
     656.2116077384923756       1.0538794063031673
     656.2118078719146297       1.0696670636534691
     656.2120080053368838       1.0838687643408775
     656.2122081387592516       1.0181031655520201
     656.2124082721815057       1.0066603082232177
     656.2126084056037598       0.9653545506298542
     656.2128085390260139       1.0773945376276970
     656.2130086724483817       0.9632139652967453
     656.2132088058706358       1.0524959824979305
     656.2134089392928900       1.0300044473260641
     656.2136090727151441       1.0554938688874245
     656.2138092061375119       1.0299115367233753
     656.2140093395597660       0.9652213454246521
     656.2142094729820201       1.0664091333746910
     656.2144096064042742       1.0462718941271305
     656.2146097398266420       1.0007197285885923
     656.2148098732488961       1.0465878322720528
     656.2150100066711502       0.9379455856978893
     656.2152101400934043       1.0091312285512686
     656.2154102735157721       1.0304419305175543
     656.2156104069380262       1.0419722162187099
     656.2158105403602804       1.0084393592551351
     656.2160106737825345       1.0371772646903992
     656.2162108072049023       1.0237680058926344
     656.2164109406271564       1.0437891595065594
     656.2166110740494105       1.0550631359219551
     656.2168112074716646       0.9353715553879738
     656.2170113408939187       0.9758599605411291
     656.2172114743162865       0.9574219956994057
     656.2174116077385406       1.0663434639573097
     656.2176117411607947       0.9709406550973654
     656.2178118745830488       0.9521036855876446
     656.2180120080054166       1.1002368554472923
     656.2182121414276708       0.9760379698127508
     656.2184122748499249       0.9055374488234520
     656.2186124082721790       0.9854769213125110
     656.2188125416945468       0.9428723566234112
     656.2190126751168009       1.0192331094294786
     656.2192128085390550       1.0279057063162327
     656.2194129419613091       1.0195547938346863
     656.2196130753836769       0.9904181947931647
     656.2198132088059310       0.9850654760375619
     656.2200133422281851       0.9906830750405788
     656.2202134756504392       0.9296094849705696
     656.2204136090728070       1.0436922982335091
     656.2206137424950612       0.9421085119247437
     656.2208138759173153       1.0020507699809968
     656.2210140093395694       0.9379652850329876
     656.2212141427619372       1.0221183728426695
     656.2214142761841913       1.0288568045943975
     656.2216144096064454       1.0500585846602917
     656.2218145430286995       1.0296594239771366
     656.2220146764509536       0.9892943231388927
     656.2222148098733214       1.0186889618635178
     656.2224149432955755       1.0550735555589199
     656.2226150767178297       1.0594709217548370
     656.2228152101400838       0.9426278099417686
     656.2230153435624516       0.9726936984807253
     656.2232154769847057       1.0085849277675152
     656.2234156104069598       1.0118369190022349
     656.2236157438292139       0.9068690016865730
     656.2238158772515817       1.0408715792000294
     656.2240160106738358       1.0047534131444991
     656.2242161440960899       1.0557686649262905
     656.2244162775183440       1.0130463438108563
     656.2246164109407118       0.9256151989102364
     656.2248165443629659       1.0721213072538376
     656.2250166777852201       0.9962269142270088
     656.2252168112074742       0.9906758442521095
     656.2254169446298420       1.1180213689804077
     656.2256170780520961       0.9753630403429270
     656.2258172114743502       0.9889661446213722
     656.2260173448966043       1.0004468803235795
     656.2262174783189721       1.0076022483408451
     656.2264176117412262       0.9776547960937023
     656.2266177451634803       1.0162286255508661
     656.2268178785857344       1.1123116835951805
     656.2270180120081022       0.9913698313757777
     656.2272181454303563       0.8842422142624855
     656.2274182788526105       1.0005863210535608
     656.2276184122748646       1.0851995572447777
     656.2278185456971187       0.9492976590991020
     656.2280186791194865       1.0485168993473053
     656.2282188125417406       0.9752352163195610
     656.2284189459639947       0.9636197276413441
     656.2286190793862488       1.0022479563485831
     656.2288192128086166       0.9891341179609299
     656.2290193462308707       1.0343906842172146
     656.2292194796531248       1.0127054592594504
     656.2294196130753789       0.9531550742685795
     656.2296197464977467       0.9876094125211239
     656.2298198799200009       0.9965010054875165
     656.2300200133422550       0.9662914313375950
     656.2302201467645091       1.0415547788143158
     656.2304202801868769       0.9642679840326309
     656.2306204136091310       0.9779544044286013
     656.2308205470313851       0.9995910035795532
     656.2310206804536392       0.9816993270069361
     656.2312208138760070       1.0100034633651376
     656.2314209472982611       1.0636722072958946
     656.2316210807205152       0.9279740005731583
     656.2318212141427693       0.9525023326277733
     656.2320213475651371       1.0761668607592583
     656.2322214809873913       0.9872004119679332
     656.2324216144096454       0.9312337785959244
     656.2326217478318995       0.9455745704472065
     656.2328218812541536       0.9702031761407852
     656.2330220146765214       0.9757814183831215
     656.2332221480987755       1.0081318542361259
     656.2334222815210296       0.9663428068161011
     656.2336224149432837       1.0165962390601635
     656.2338225483656515       1.0169682055711746
     656.2340226817879056       0.9572911225259304
     656.2342228152101598       0.9442867748439312
     656.2344229486324139       0.9299184381961823
     656.2346230820547817       1.0514486543834209
     656.2348232154770358       0.9765104353427887
     656.2350233488992899       1.0677877068519592
     656.2352234823215440       1.0282624866813421
     656.2354236157439118       0.9697628822177649
     656.2356237491661659       0.9773790277540684
     656.2358238825884200       0.9818650577217340
     656.2360240160106741       0.9276152923703194
     656.2362241494330419       1.0707847699522972
     656.2364242828552960       1.0479609034955502
     656.2366244162775502       0.9111313000321388
     656.2368245496998043       0.9378657676279545
     656.2370246831221721       0.9926472953520715
     656.2372248165444262       1.0171207375824451
     656.2374249499666803       1.0680978819727898
     656.2376250833889344       1.0855652168393135
     656.2378252168113022       1.0665151700377464
     656.2380253502335563       1.0052119898609817
     656.2382254836558104       1.0078607490286231
     656.2384256170780645       0.9111307039856911
     656.2386257505003186       1.0757785663008690
     656.2388258839226864       0.9364188760519028
     656.2390260173449406       1.0405571199953556
     656.2392261507671947       1.0455608405172825
     656.2394262841894488       1.0158141534775496
     656.2396264176118166       0.9703112244606018
     656.2398265510340707       0.9402745477855206
     656.2400266844563248       0.9646354950964451
     656.2402268178785789       1.0816658586263657
     656.2404269513009467       1.1071268543601036
     656.2406270847232008       0.9918233649805188
     656.2408272181454549       1.0335528291761875
     656.2410273515677090       1.0515286922454834
     656.2412274849900768       0.9523738808929920
     656.2414276184123310       0.9884231379255652
     656.2416277518345851       1.0113112432882190
     656.2418278852568392       0.9705295432358980
     656.2420280186792070       0.9972984977066517
     656.2422281521014611       1.0657218769192696
     656.2424282855237152       0.8799488618969917
     656.2426284189459693       1.0854312926530838
     656.2428285523683371       0.9405235163867474
     656.2430286857905912       0.9764906968921423
     656.2432288192128453       1.0481997989118099
     656.2434289526350994       0.9597287364304066
     656.2436290860574672       0.9694579709321260
     656.2438292194797214       0.9647983536124229
     656.2440293529019755       1.0574827305972576
     656.2442294863242296       1.0332180932164192
     656.2444296197464837       0.9486881792545319
     656.2446297531688515       1.0761787295341492
     656.2448298865911056       0.9725440088659525
     656.2450300200133597       1.0452481172978878
     656.2452301534356138       0.9533979408442974
     656.2454302868579816       0.9451280757784843
     656.2456304202802357       1.0203517731279135
     656.2458305537024899       1.0862409994006157
     656.2460306871247440       1.0356928631663322
     656.2462308205471118       1.1063721179962158
     656.2464309539693659       1.0583597384393215
     656.2466310873916200       0.9164645075798035
     656.2468312208138741       0.9895169995725155
     656.2470313542362419       1.0470939986407757
     656.2472314876584960       1.0133706703782082
     656.2474316210807501       1.0650780797004700
     656.2476317545030042       0.9571927078068256
     656.2478318879253720       0.9196953251957893
     656.2480320213476261       0.9710067678242922
     656.2482321547698803       0.9606787003576756
     656.2484322881921344       1.0341317057609558
     656.2486324216145022       0.9748417157679796
     656.2488325550367563       0.9710019938647747
     656.2490326884590104       0.9408320002257824
     656.2492328218812645       0.9549662061035633
     656.2494329553035186       0.9436426199972630
     656.2496330887258864       0.9507640935480595
     656.2498332221481405       0.9729322660714388
     656.2500333555703946       0.9290213957428932
     656.2502334889926487       1.0023910610470921
     656.2504336224150165       0.9320590794086456
     656.2506337558372707       1.0143969794735312
     656.2508338892595248       0.9308913797140121
     656.2510340226817789       0.9300853684544563
     656.2512341561041467       0.8875639066100121
     656.2514342895264008       0.9545643031597137
     656.2516344229486549       0.9434775896370411
     656.2518345563709090       1.0561730749905109
     656.2520346897932768       0.9775533676147461
     656.2522348232155309       1.0555052421987057
     656.2524349566377850       1.0512148812413216
     656.2526350900600391       1.0361809246242046
     656.2528352234824069       0.9484302401542664
     656.2530353569046611       1.0073279514908791
     656.2532354903269152       0.9124426618218422
     656.2534356237491693       0.9285283982753754
     656.2536357571715371       0.9861922217532992
     656.2538358905937912       1.0773734077811241
     656.2540360240160453       0.9431914612650871
     656.2542361574382994       0.9328819438815117
     656.2544362908606672       0.9548936970531940
     656.2546364242829213       0.9948203791864216
     656.2548365577051754       1.0880862921476364
     656.2550366911274295       0.9985490383114666
     656.2552368245496837       1.0198524128645658
     656.2554369579720515       0.9590559750795364
     656.2556370913943056       0.9884309777989984
     656.2558372248165597       0.9674265868961811
     656.2560373582388138       1.0018966756761074
     656.2562374916611816       0.9975934645626694
     656.2564376250834357       1.0295226704329252
     656.2566377585056898       0.9215470626950264
     656.2568378919279439       1.0307788792997599
     656.2570380253503117       0.9821681994944811
     656.2572381587725658       0.9028307422995567
     656.2574382921948200       0.9535171724855900
     656.2576384256170741       0.9899444943293929
     656.2578385590394419       1.0351763926446438
     656.2580386924616960       0.9704557899385691
     656.2582388258839501       0.9785559009760618
     656.2584389593062042       0.9924736698158085
     656.2586390927285720       1.0369759164750576
     656.2588392261508261       0.9899021061137319
     656.2590393595730802       0.9590241797268391
     656.2592394929953343       0.9933107607066631
     656.2594396264177021       1.1276310086250305
     656.2596397598399562       0.9928445820696652
     656.2598398932622104       0.9664833135902882
     656.2600400266844645       0.9801715891808271
     656.2602401601067186       1.0576601289212704
     656.2604402935290864       0.9069705456495285
     656.2606404269513405       1.0677215978503227
     656.2608405603735946       0.9872925784438848
     656.2610406937958487       0.9906674437224865
     656.2612408272182165       1.0270035415887833
     656.2614409606404706       0.9094584137201309
     656.2616410940627247       1.0359865650534630
     656.2618412274849788       0.9791361652314663
     656.2620413609073466       0.9649282135069370
     656.2622414943296008       0.9528589360415936
     656.2624416277518549       0.9959342987276614
     656.2626417611741090       0.9818297307938337
     656.2628418945964768       1.0121136903762817
     656.2630420280187309       0.9711222313344479
     656.2632421614409850       1.0314268507063389
     656.2634422948632391       0.9970470119733363
     656.2636424282856069       1.0552478320896626
     656.2638425617078610       1.0936717465519905
     656.2640426951301151       1.0036026597954333
     656.2642428285523692       1.0090183774009347
     656.2644429619747370       1.0096436236053705
     656.2646430953969912       0.9459130950272083
     656.2648432288192453       1.0149058997631073
     656.2650433622414994       0.9599086903035641
     656.2652434956638672       0.9688530527055264
     656.2654436290861213       0.9890162935480475
     656.2656437625083754       1.0034860577434301
     656.2658438959306295       0.9323821887373924
     656.2660440293528836       0.9042329862713814
     656.2662441627752514       1.0489049814641476
     656.2664442961975055       1.0030500644352287
     656.2666444296197596       1.0768364593386650
     656.2668445630420138       0.8807297423481941
     656.2670446964643816       0.9783023484051228
     656.2672448298866357       1.0884532481431961
     656.2674449633088898       1.0248769018799067
     656.2676450967311439       1.0067015285603702
     656.2678452301535117       1.0565568692982197
     656.2680453635757658       1.0556689873337746
     656.2682454969980199       1.0331792049109936
     656.2684456304202740       0.9770440235733986
     656.2686457638426418       1.0436752438545227
     656.2688458972648959       0.9596889019012451
     656.2690460306871501       0.8749366849660873
     656.2692461641094042       0.9674639739096165
     656.2694462975317720       1.1566709131002426
     656.2696464309540261       0.9846025509759784
     656.2698465643762802       0.9345647022128105
     656.2700466977985343       1.0300384517759085
     656.2702468312209021       1.0526176579296589
     656.2704469646431562       0.9922761810012162
     656.2706470980654103       1.0107263056561351
     656.2708472314876644       0.9288632050156593
     656.2710473649099185       1.0710548833012581
     656.2712474983322863       1.0798619985580444
     656.2714476317545405       0.9625840075314045
     656.2716477651767946       0.9366579428315163
     656.2718478985990487       0.9992927712155506
     656.2720480320214165       1.0937047228217125
     656.2722481654436706       1.0172068644315004
     656.2724482988659247       0.9577659033238888
     656.2726484322881788       1.0419907979667187
     656.2728485657105466       1.0157819520682096
     656.2730486991328007       0.9302952736616135
     656.2732488325550548       0.9533415399491787
     656.2734489659773089       1.0205785539001226
     656.2736490993996767       1.0402406863868237
     656.2738492328219309       1.0787842497229576
     656.2740493662441850       1.0503758303821087
     656.2742494996664391       1.0128474002704024
     656.2744496330888069       0.9871140047907829
     656.2746497665110610       0.9747124426066875
     656.2748498999333151       1.0048286388628185
     656.2750500333555692       1.0201573912054300
     656.2752501667779370       1.0343039222061634
     656.2754503002001911       1.1013162136077881
     656.2756504336224452       1.0034274142235518
     656.2758505670446993       1.0270345937460661
     656.2760507004670671       0.9765235036611557
     656.2762508338893213       0.9909525131806731
     656.2764509673115754       0.9996445224096533
     656.2766511007338295       0.8938356637954712
     656.2768512341560836       1.0330702327191830
     656.2770513675784514       1.0087944893166423
     656.2772515010007055       1.0257827322930098
     656.2774516344229596       0.9232902601361275
     656.2776517678452137       0.9744506031274796
     656.2778519012675815       0.9909872766584158
     656.2780520346898356       0.9545876756310463
     656.2782521681120897       1.0326213948428631
     656.2784523015343439       0.9697857741266489
     656.2786524349567117       1.0088057769462466
     656.2788525683789658       0.9909844957292080
     656.2790527018012199       0.9665162153542042
     656.2792528352234740       1.0418775081634521
     656.2794529686458418       1.0539016425609589
     656.2796531020680959       1.0267513040453196
     656.2798532354903500       1.1024816408753395
     656.2800533689126041       1.0341123118996620
     656.2802535023349719       0.9837576691061258
     656.2804536357572260       1.0470977239310741
     656.2806537691794802       1.0292570684105158
     656.2808539026017343       0.9976262610871345
     656.2810540360241021       0.9951608097180724
     656.2812541694463562       1.0950342714786530
     656.2814543028686103       0.9671477414667606
     656.2816544362908644       0.9462579227983952
     656.2818545697131185       1.0259497053921223
     656.2820547031354863       0.9977377434261143
     656.2822548365577404       1.0468999668955803
     656.2824549699799945       1.0350660420954227
     656.2826551034022486       1.0456369146704674
     656.2828552368246164       1.0278629940003157
     656.2830553702468706       0.9962820678483695
     656.2832555036691247       1.0280889570713043
     656.2834556370913788       1.0243624970316887
     656.2836557705137466       0.9755603801459074
     656.2838559039360007       1.0052989437244833
     656.2840560373582548       0.9767983015626669
     656.2842561707805089       1.0740567371249199
     656.2844563042028767       0.9693416412919760
     656.2846564376251308       0.9830030929297209
     656.2848565710473849       1.0002888680028263
     656.2850567044696390       1.0694654360413551
     656.2852568378920068       1.0577067434787750
     656.2854569713142610       1.0281484760344028
     656.2856571047365151       0.9710907004773617
     656.2858572381587692       1.0031510328408331
     656.2860573715811370       1.0883252918720245
     656.2862575050033911       0.9604183398187160
     656.2864576384256452       0.9830615390092134
     656.2866577718478993       1.0446609184145927
     656.2868579052702671       1.0441329553723335
     656.2870580386925212       1.0665430128574371
     656.2872581721147753       0.9527021124958992
     656.2874583055370294       0.9867435852065682
     656.2876584389592836       1.0244538690894842
     656.2878585723816514       0.9280938878655434
     656.2880587058039055       1.0238966308534145
     656.2882588392261596       0.9506417550146580
     656.2884589726484137       1.0299642365425825
     656.2886591060707815       0.9090224057435989
     656.2888592394930356       1.0125259226188064
     656.2890593729152897       1.0787523314356804
     656.2892595063375438       0.9381361640989780
     656.2894596397599116       1.0190958548337221
     656.2896597731821657       1.0428773872554302
     656.2898599066044198       0.9675780571997166
     656.2900600400266740       1.0306346323341131
     656.2902601734490418       1.0010657281382009
     656.2904603068712959       0.9497501179575920
     656.2906604402935500       1.0080628618597984
     656.2908605737158041       0.9812802840024233
     656.2910607071381719       0.9462405368685722
     656.2912608405604260       0.9962165798060596
     656.2914609739826801       1.0926225706934929
     656.2916611074049342       0.9620085209608078
     656.2918612408273020       0.9590741209685802
     656.2920613742495561       1.1002533808350563
     656.2922615076718103       1.0218302067369223
     656.2924616410940644       1.0164013039320707
     656.2926617745164322       1.0392981842160225
     656.2928619079386863       0.9647499397397041
     656.2930620413609404       1.0901439636945724
     656.2932621747831945       0.9964814225677401
     656.2934623082054486       1.0694192945957184
     656.2936624416278164       0.9752845205366611
     656.2938625750500705       1.1082044765353203
     656.2940627084723246       1.0365155935287476
     656.2942628418945787       1.0118287047371268
     656.2944629753169465       1.1129132136702538
     656.2946631087392007       1.0412841141223907
     656.2948632421614548       1.0338542088866234
     656.2950633755837089       1.0617543645203114
     656.2952635090060767       1.0355440638959408
     656.2954636424283308       0.9464198052883148
     656.2956637758505849       1.0445336177945137
     656.2958639092728390       1.0539278499782085
     656.2960640426952068       1.0493461750447750
     656.2962641761174609       0.9476571865379810
     656.2964643095397150       0.8511785268783569
     656.2966644429619691       0.9996651423862204
     656.2968645763843369       0.9581318534910679
     656.2970647098065911       1.0320394821465015
     656.2972648432288452       1.0175374951213598
     656.2974649766510993       1.0724716708064079
     656.2976651100734671       0.9608939886093140
     656.2978652434957212       1.0162142850458622
     656.2980653769179753       1.0040734047070146
     656.2982655103402294       1.0175423733890057
     656.2984656437624835       0.9661316536366938
     656.2986657771848513       0.9893229911103844
     656.2988659106071054       0.9377143383026121
     656.2990660440293595       0.9749805480241772
     656.2992661774516137       0.9685986973345275
     656.2994663108739815       1.0390761457383626
     656.2996664442962356       1.0097111528739324
     656.2998665777184897       1.0547851324081405
     656.3000667111407438       0.9911667602136708
     656.3002668445631116       0.9263596162199940
     656.3004669779853657       0.9269335865974375
     656.3006671114076198       1.0253144986927434
     656.3008672448298739       1.1051306277513393
     656.3010673782522417       0.9124621152877642
     656.3012675116744958       1.0448298342525715
     656.3014676450967499       1.0215931553393243
     656.3016677785190041       0.9672185406088303
     656.3018679119413719       1.0836868882178492
     656.3020680453636260       1.0082656359298896
     656.3022681787858801       0.9440315067766466
     656.3024683122081342       1.0059433095154779
     656.3026684456305020       1.0660482123490724
     656.3028685790527561       1.0599441640074079
     656.3030687124750102       0.9992867760003881
     656.3032688458972643       1.0089474553232107
     656.3034689793196321       1.0268234740928075
     656.3036691127418862       0.9947298285530447
     656.3038692461641403       0.9893970051750518
     656.3040693795863945       0.9617967642801314
     656.3042695130086486       0.9819598272382664
     656.3044696464310164       1.0299090035174614
     656.3046697798532705       0.9632687196015406
     656.3048699132755246       0.9506720863113584
     656.3050700466977787       1.0551580153168207
     656.3052701801201465       0.9459918141032431
     656.3054703135424006       1.0151970488485853
     656.3056704469646547       0.9615085310586237
     656.3058705803869088       1.0409867688112915
     656.3060707138092766       0.9728732759746719
     656.3062708472315308       1.0346097646416110
     656.3064709806537849       1.0971118730902907
     656.3066711140760390       1.0559908520874282
     656.3068712474984068       1.1143287415767604
     656.3070713809206609       0.9910230155452032
     656.3072715143429150       1.0170129585032561
     656.3074716477651691       1.0225277140425888
     656.3076717811875369       0.9779903630944783
     656.3078719146097910       1.0601784565735661
     656.3080720480320451       1.0409333043968929
     656.3082721814542992       0.9372622928135473
     656.3084723148766670       0.9544308692382970
     656.3086724482989212       1.0375681263455350
     656.3088725817211753       0.9878182718212908
     656.3090727151434294       1.0502107577375610
     656.3092728485656835       1.0143911001674835
     656.3094729819880513       0.8971716913095820
     656.3096731154103054       0.9946424686707448
     656.3098732488325595       1.0612332545180234
     656.3100733822548136       1.0131107402225705
     656.3102735156771814       0.9934383978049338
     656.3104736490994355       0.9719587780776920
     656.3106737825216896       1.0589452981212315
     656.3108739159439438       0.9177711810549987
     656.3110740493663116       0.9837790195979101
     656.3112741827885657       0.9788108018361493
     656.3114743162108198       1.0478245694940629
     656.3116744496330739       1.0626485835203470
     656.3118745830554417       0.9357746980901115
     656.3120747164776958       1.0027317424367101
     656.3122748498999499       0.9769899783069996
     656.3124749833222040       0.9727819033615203
     656.3126751167445718       1.0540032204805709
     656.3128752501668259       0.9755675985912601
     656.3130753835890800       0.9327581485171100
     656.3132755170113342       0.9983042218261423
     656.3134756504337020       0.9796435475254245
     656.3136757838559561       1.0558986063504667
     656.3138759172782102       0.9813510641511074
     656.3140760507004643       1.0434947766767695
     656.3142761841228321       1.0182729786861391
     656.3144763175450862       1.0317878950260546
     656.3146764509673403       0.9533991649647322
     656.3148765843895944       1.0318965640047684
     656.3150767178118485       1.0790436898782625
     656.3152768512342163       1.0130903028163663
     656.3154769846564704       1.0300357660288546
     656.3156771180787246       1.0135752826993882
     656.3158772515009787       0.9686641225659484
     656.3160773849233465       1.0571425773407848
     656.3162775183456006       0.9963939610452869
     656.3164776517678547       1.0437588866101981
     656.3166777851901088       0.9138254161619898
     656.3168779186124766       1.0402791768370632
     656.3170780520347307       0.9618117623774223
     656.3172781854569848       0.9960675857291936
     656.3174783188792389       0.8920129137702290
     656.3176784523016067       1.0182293173449661
     656.3178785857238609       0.9989060690771963
     656.3180787191461150       1.0191363727221572
     656.3182788525683691       1.0002808195836188
     656.3184789859907369       1.1162511287904930
     656.3186791194129910       1.0111740644014162
     656.3188792528352451       0.9844967859752942
     656.3190793862574992       1.0310973311134433
     656.3192795196798670       0.9731471605845967
     656.3194796531021211       1.0264849810471872
     656.3196797865243752       0.9780492402289674
     656.3198799199466293       1.0165309347814211
     656.3200800533688835       1.0773141567608449
     656.3202801867912513       0.9840245192171524
     656.3204803202135054       1.0186385472704460
     656.3206804536357595       1.0276374232545280
     656.3208805870580136       1.1223873028836588
     656.3210807204803814       1.1231065441998664
     656.3212808539026355       1.0554945899978625
     656.3214809873248896       0.9916402656394004
     656.3216811207471437       0.9384015750493766
     656.3218812541695115       1.0116717458591651
     656.3220813875917656       0.9788951948962458
     656.3222815210140197       0.9088791187082588
     656.3224816544362739       1.0306162970470416
     656.3226817878586417       0.9528023222970059
     656.3228819212808958       0.9882314963974754
     656.3230820547031499       1.0274082533537601
     656.3232821881254040       0.9700407170537997
     656.3234823215477718       1.0354987936946745
     656.3236824549700259       0.9654830755847122
     656.3238825883922800       1.0020586757694860
     656.3240827218145341       1.0303268563995314
     656.3242828552369019       0.9912453446168951
     656.3244829886591560       0.9990956111572034
     656.3246831220814101       1.0211391554057416
     656.3248832555036643       0.8806362165413922
     656.3250833889260321       0.9256473357057112
     656.3252835223482862       1.0106388592964155
     656.3254836557705403       0.8510146024597526
     656.3256837891927944       0.8908491707679116
     656.3258839226150485       0.9676282031764699
     656.3260840560374163       0.9524179135350211
     656.3262841894596704       0.9885464909484255
     656.3264843228819245       0.9140849362539891
     656.3266844563041786       0.9531258966044686
     656.3268845897265464       0.8454464442343584
     656.3270847231488005       0.8594896922552149
     656.3272848565710547       0.9310189863652001
     656.3274849899933088       0.8729150392527972
     656.3276851234156766       0.9039758456575131
     656.3278852568379307       0.9213644509923979
     656.3280853902601848       0.9817113325583304
     656.3282855236824389       0.8976831711929212
     656.3284856571048067       0.8122333468664162
     656.3286857905270608       0.8069919661463537
     656.3288859239493149       0.8560986516849973
     656.3290860573715690       0.7410555767700248
     656.3292861907939368       0.8767416367213094
     656.3294863242161910       0.8016483572820537
     656.3296864576384451       0.8428252673020397
     656.3298865910606992       0.7854958842803825
     656.3300867244830670       0.7289636663621114
     656.3302868579053211       0.8643952714355219
     656.3304869913275752       0.8795846705198680
     656.3306871247498293       0.9055385389551249
     656.3308872581721971       0.8277654350264712
     656.3310873915944512       0.8440954598713611
     656.3312875250167053       0.8058261011541801
     656.3314876584389594       0.8355828773038383
     656.3316877918612136       0.8129808255755984
     656.3318879252835814       0.8128593515055633
     656.3320880587058355       0.8362360697380221
     656.3322881921280896       0.7823295492202991
     656.3324883255503437       0.8174348386579814
     656.3326884589727115       0.8604626354118883
     656.3328885923949656       0.7720805215649896
     656.3330887258172197       0.8032802720277984
     656.3332888592394738       0.8350538758724634
     656.3334889926618416       0.7739929148005199
     656.3336891260840957       0.7636149392193071
     656.3338892595063498       0.8397420135032196
     656.3340893929286040       0.9161904304090981
     656.3342895263509718       0.8292029034234106
     656.3344896597732259       0.8326088297557996
     656.3346897931954800       0.8973606412745163
     656.3348899266177341       0.8390605770343388
     656.3350900600401019       0.8433068883113316
     656.3352901934623560       0.7846929646686196
     656.3354903268846101       0.8461267801768269
     656.3356904603068642       0.8268809879908277
     656.3358905937292320       0.8349312423926339
     656.3360907271514861       0.8734413874324306
     656.3362908605737402       0.9722718794793280
     656.3364909939959944       0.8799657977471572
     656.3366911274182485       0.8650609321913602
     656.3368912608406163       0.8767173500460378
     656.3370913942628704       0.9705436790657134
     656.3372915276851245       0.8753966280138409
     656.3374916611073786       0.9252215060575513
     656.3376917945297464       0.9098768343057089
     656.3378919279520005       0.9075660862989652
     656.3380920613742546       0.9425709987925199
     656.3382921947965087       0.9440721302863225
     656.3384923282188765       1.0206640275242642
     656.3386924616411306       0.9414464231431776
     656.3388925950633848       0.9148801081353005
     656.3390927284856389       0.9836113727094697
     656.3392928619080067       0.9603162180628972
     656.3394929953302608       0.9306223206187809
     656.3396931287525149       0.9498760849036653
     656.3398932621747690       0.9972995760810449
     656.3400933955971368       1.0084938165878161
     656.3402935290193909       1.0100715113342744
     656.3404936624416450       1.0055308681372770
     656.3406937958638991       0.9593938504155570
     656.3408939292862669       0.9470446984476013
     656.3410940627085211       0.9378684813656120
     656.3412941961307752       0.9698322250404686
     656.3414943295530293       1.0500984426916047
     656.3416944629753971       0.9976836333871523
     656.3418945963976512       0.9367830542541576
     656.3420947298199053       1.0618135707699032
     656.3422948632421594       0.9753899403957222
     656.3424949966644135       1.0310903634684969
     656.3426951300867813       0.9736035796850242
     656.3428952635090354       0.9979806689206646
     656.3430953969312895       1.0125350933444108
     656.3432955303535437       1.0811899260320721
     656.3434956637759115       1.0313318863385499
     656.3436957971981656       1.0148694275602392
     656.3438959306204197       1.0136448827617732
     656.3440960640426738       1.0028324171287477
     656.3442961974650416       0.9653946750779131
     656.3444963308872957       1.0283494337483905
     656.3446964643095498       1.0127016896001395
     656.3448965977318039       0.9978232358229239
     656.3450967311541717       1.0209409268782526
     656.3452968645764258       0.9174612717649866
     656.3454969979986799       1.0023725528101075
     656.3456971314209341       0.9960770798917832
     656.3458972648433019       1.0081487128341058
     656.3460973982655560       0.9771216597639479
     656.3462975316878101       0.9714185231857883
     656.3464976651100642       0.9605755143564980
     656.3466977985324320       0.9517095734413474
     656.3468979319546861       0.9383344449451281
     656.3470980653769402       0.9342165399988870
     656.3472981987991943       0.9190155153196203
     656.3474983322214484       0.9653854531995590
     656.3476984656438162       1.0575254030863672
     656.3478985990660703       1.0261364465307654
     656.3480987324883245       1.0519044143052314
     656.3482988659105786       1.0275315006499344
     656.3484989993329464       0.9136626993416783
     656.3486991327552005       0.9928214211678477
     656.3488992661774546       1.0364109937803843
     656.3490993995997087       1.0732074726963594
     656.3492995330220765       0.8697097498721468
     656.3494996664443306       1.0521921053575962
     656.3496997998665847       0.9867084332536011
     656.3498999332888388       0.9790853413081785
     656.3501000667112066       1.0666944717410856
     656.3503002001334607       1.0111058035568758
     656.3505003335557149       1.0937879567127538
     656.3507004669779690       0.9463210921037618
     656.3509006004003368       0.9605169891545802
     656.3511007338225909       0.9655119145165232
     656.3513008672448450       0.9510211272148258
     656.3515010006670991       1.0334814337244325
     656.3517011340894669       0.9963958924920365
     656.3519012675117210       1.0193971585364330
     656.3521014009339751       1.0024422947694795
     656.3523015343562292       0.9510343784967134
     656.3525016677785970       1.0480760539404887
     656.3527018012008512       1.0057007210874260
     656.3529019346231053       1.0773776351951501
     656.3531020680453594       0.8967287302838751
     656.3533022014676135       0.8966384928450476
     656.3535023348899813       1.0354749926114022
     656.3537024683122354       1.0702602812616271
     656.3539026017344895       0.8983875984890267
     656.3541027351567436       1.0049319115324251
     656.3543028685791114       0.9636683383804728
     656.3545030020013655       0.9931251343707357
     656.3547031354236196       0.9802204449826519
     656.3549032688458738       1.0071305542385693
     656.3551034022682416       1.0174461282706226
     656.3553035356904957       1.0497582491539172
     656.3555036691127498       0.9521952904142531
     656.3557038025350039       1.0520449187488019
     656.3559039359573717       0.9681129153159310
     656.3561040693796258       1.0036022352838412
     656.3563042028018799       1.0367047726612908
     656.3565043362241340       1.0242953563012371
     656.3567044696465018       0.9943026277863598
     656.3569046030687559       0.9621305344825813
     656.3571047364910100       1.0525066026330308
     656.3573048699132642       0.9764506011049374
     656.3575050033356320       1.0101209437645382
     656.3577051367578861       0.9983055443480048
     656.3579052701801402       0.9623832887027385
     656.3581054036023943       0.9708549881861178
     656.3583055370246484       0.9257178678130618
     656.3585056704470162       0.9812026879977613
     656.3587058038692703       0.9884100770072434
     656.3589059372915244       0.9076832756038203
     656.3591060707137785       0.9921569116155067
     656.3593062041361463       1.0612893178874812
     656.3595063375584004       1.0555683858561709
     656.3597064709806546       1.0567437484767586
     656.3599066044029087       1.1027769595318941
     656.3601067378252765       1.0272895228071386
     656.3603068712475306       0.9798143003103326
     656.3605070046697847       1.0543988011754521
     656.3607071380920388       1.0193424932642654
     656.3609072715144066       1.0774311870325344
     656.3611074049366607       0.9074848070732905
     656.3613075383589148       0.9990316683537498
     656.3615076717811689       0.9294550865884841
     656.3617078052035367       1.1138885393736149
     656.3619079386257908       0.9918802902100680
     656.3621080720480450       1.0617607608436306
     656.3623082054702991       1.0261100288479674
     656.3625083388926669       0.9927377314306217
     656.3627084723149210       0.9773903917520843
     656.3629086057371751       1.0211719460785118
     656.3631087391594292       0.9543136395513828
     656.3633088725817970       0.9503593854606027
     656.3635090060040511       1.0264855511486446
     656.3637091394263052       1.0279070194810571
     656.3639092728485593       0.9883787604048810
     656.3641094062708135       1.0682921782135937
     656.3643095396931813       1.0185422729700786
     656.3645096731154354       0.9867520825937379
     656.3647098065376895       0.9727529101073734
     656.3649099399599436       0.9884854452684516
     656.3651100733823114       0.9279686957597729
     656.3653102068045655       0.9594339318573473
     656.3655103402268196       0.9280032441020011
     656.3657104736490737       0.8934002369642257
     656.3659106070714415       0.9725278969854115
     656.3661107404936956       0.9337125495076180
     656.3663108739159497       1.0364781655371189
     656.3665110073382039       0.9421750716865063
     656.3667111407605717       1.0164512824267149
     656.3669112741828258       0.9903865931555629
     656.3671114076050799       1.0078349141404033
     656.3673115410273340       1.0442522950470448
     656.3675116744497018       0.9445639885962009
     656.3677118078719559       0.9770866427570581
     656.3679119412942100       0.9535055197775364
     656.3681120747164641       1.0897937640547752
     656.3683122081388319       0.9362728521227837
     656.3685123415610860       0.9711960013955832
     656.3687124749833401       0.9732417073100805
     656.3689126084055943       0.9802747908979654
     656.3691127418278484       1.0530076213181019
     656.3693128752502162       0.9976500738412142
     656.3695130086724703       0.9396571218967438
     656.3697131420947244       0.9777465034276247
     656.3699132755169785       0.9866420179605484
     656.3701134089393463       1.0263233967125416
     656.3703135423616004       1.0265689771622419
     656.3705136757838545       1.0436891280114651
     656.3707138092061086       1.0646963715553284
     656.3709139426284764       0.9825156722217798
     656.3711140760507305       1.0834065228700638
     656.3713142094729847       1.0150444060564041
     656.3715143428952388       0.9606147482991219
     656.3717144763176066       1.0252543538808823
     656.3719146097398607       0.8915442600846291
     656.3721147431621148       0.9291340559720993
     656.3723148765843689       1.0670271739363670
     656.3725150100067367       1.0434839986264706
     656.3727151434289908       0.9406416900455952
     656.3729152768512449       1.0030343981925398
     656.3731154102734990       0.9482901915907860
     656.3733155436958668       0.9153869450092316
     656.3735156771181209       0.9375567436218262
     656.3737158105403751       1.1097885891795158
     656.3739159439626292       1.0580939911305904
     656.3741160773849970       0.9936015037819743
     656.3743162108072511       0.9686512649059296
     656.3745163442295052       1.0480174720287323
     656.3747164776517593       1.0232560392469168
     656.3749166110740134       0.9942878452129662
     656.3751167444963812       1.0002366272237850
     656.3753168779186353       1.0165850166231394
     656.3755170113408894       0.9585767090320587
     656.3757171447631436       0.9877900984138250
     656.3759172781855113       0.9562635309994221
     656.3761174116077655       0.9429750666022301
     656.3763175450300196       1.0742129385471344
     656.3765176784522737       0.9676470644772053
     656.3767178118746415       1.0600744076073170
     656.3769179452968956       1.0730098709464073
     656.3771180787191497       1.0341113805770874
     656.3773182121414038       1.0754247531294823
     656.3775183455637716       0.9644951857626438
     656.3777184789860257       1.0023519198875874
     656.3779186124082798       1.0449624769389629
     656.3781187458305340       1.0381634011864662
     656.3783188792529018       1.0147717567160726
     656.3785190126751559       0.9913019733503461
     656.3787191460974100       1.0084967389702797
     656.3789192795196641       1.0705174282193184
     656.3791194129420319       0.9751787167042494
     656.3793195463642860       1.0043339808471501
     656.3795196797865401       1.0204050410538912
     656.3797198132087942       0.9946978003717959
     656.3799199466311620       0.9634525515139103
     656.3801200800534161       0.9723960012197495
     656.3803202134756702       0.9914085129275918
     656.3805203468979244       0.9996693186694756
     656.3807204803201785       1.0145316226407886
     656.3809206137425463       0.9573173113167286
     656.3811207471648004       1.0481329634785652
     656.3813208805870545       0.9980651577934623
     656.3815210140093086       1.0372852496802807
     656.3817211474316764       0.9336622804403305
     656.3819212808539305       1.0248342547565699
     656.3821214142761846       0.9739587064832449
     656.3823215476984387       0.9686305299401283
     656.3825216811208065       0.9964953961316496
     656.3827218145430606       0.9883578717708588
     656.3829219479653148       0.9759449549019337
     656.3831220813875689       1.0030145121272653
     656.3833222148099367       0.9782672245055437
     656.3835223482321908       0.9943348751403391
     656.3837224816544449       1.0095227127894759
     656.3839226150766990       1.0060114092193544
     656.3841227484990668       1.0792104974389076
     656.3843228819213209       0.9619026891887188
     656.3845230153435750       0.9023089930415154
     656.3847231487658291       1.0116481762379408
     656.3849232821881969       0.9995973183831666
     656.3851234156104510       1.0468683801591396
     656.3853235490327052       0.8969317674636841
     656.3855236824549593       0.9987699002958834
     656.3857238158772134       0.8958662822842598
     656.3859239492995812       0.9305879697203636
     656.3861240827218353       1.0150242792442441
     656.3863242161440894       1.0254557225853205
     656.3865243495663435       0.9965936939697713
     656.3867244829887113       0.9762437604367733
     656.3869246164109654       1.0475145243108273
     656.3871247498332195       0.9773325640708208
     656.3873248832554737       1.0341603010892868
     656.3875250166778414       0.9827861506491899
     656.3877251501000956       0.9411259405314922
     656.3879252835223497       1.0519265346229076
     656.3881254169446038       0.9745447747409344
     656.3883255503669716       1.0267989579588175
     656.3885256837892257       0.9926410210318863
     656.3887258172114798       0.9900752427056432
     656.3889259506337339       1.0665261521935463
     656.3891260840561017       0.9808256346732378
     656.3893262174783558       0.9941904176957905
     656.3895263509006099       1.0154852494597435
     656.3897264843228641       0.9423769228160381
     656.3899266177452319       1.0575217679142952
     656.3901267511674860       0.9086385220289230
     656.3903268845897401       0.9846396353095770
     656.3905270180119942       0.9634285755455494
     656.3907271514343620       1.0273894704878330
     656.3909272848566161       0.9368594810366631
     656.3911274182788702       1.0313637070357800
     656.3913275517011243       0.9701080434024334
     656.3915276851233784       0.9454586505889893
     656.3917278185457462       0.9682651199400425
     656.3919279519680003       0.9814797211438417
     656.3921280853902545       0.9157435297966003
     656.3923282188125086       1.0154513744637370
     656.3925283522348764       1.0923322215676308
     656.3927284856571305       0.9710042048245668
     656.3929286190793846       0.9757308084517717
     656.3931287525016387       0.9733427129685879
     656.3933288859240065       1.0651843771338463
     656.3935290193462606       0.9284778609871864
     656.3937291527685147       0.9941693274304271
     656.3939292861907688       1.0052617918699980
     656.3941294196131366       0.9988191267475486
     656.3943295530353907       0.9236674681305885
     656.3945296864576449       1.0403399728238583
     656.3947298198798990       1.0114847039803863
     656.3949299533022668       0.9639054164290428
     656.3951300867245209       1.0306850355118513
     656.3953302201467750       1.0248082187026739
     656.3955303535690291       0.9791328404098749
     656.3957304869913969       0.9891989100724459
     656.3959306204136510       0.9411066398024559
     656.3961307538359051       1.0790769681334496
     656.3963308872581592       1.0796096771955490
     656.3965310206804133       0.9197493270039558
     656.3967311541027811       0.9984896418172866
     656.3969312875250353       0.9527083188295364
     656.3971314209472894       0.9932304457761347
     656.3973315543695435       0.9718699157238007
     656.3975316877919113       1.0291246604174376
     656.3977318212141654       1.0088017908856273
     656.3979319546364195       0.8782858029007912
     656.3981320880586736       0.9345233067870140
     656.3983322214810414       1.0677651464939117
     656.3985323549032955       0.9748697187751532
     656.3987324883255496       0.9423403777182102
     656.3989326217478038       0.9930951534770429
     656.3991327551701715       1.0413311049342155
     656.3993328885924257       1.0762113854289055
     656.3995330220146798       1.0214814394712448
     656.3997331554369339       0.9343387410044670
     656.3999332888593017       1.0161476824432611
     656.4001334222815558       1.0686161220073700
     656.4003335557038099       1.0406552664935589
     656.4005336891260640       1.0904420241713524
     656.4007338225484318       0.9665201641619205
     656.4009339559706859       0.9908931553363800
     656.4011340893929400       0.9673152379691601
     656.4013342228151942       1.0887886062264442
     656.4015343562375620       0.9924724325537682
     656.4017344896598161       1.0391896106302738
     656.4019346230820702       1.0924107059836388
     656.4021347565043243       1.0263438131660223
     656.4023348899265784       0.9939930355176330
     656.4025350233489462       0.9916733000427485
     656.4027351567712003       1.1352159082889557
     656.4029352901934544       0.8782287612557411
     656.4031354236157085       0.9712542835623026
     656.4033355570380763       1.0216872040182352
     656.4035356904603304       1.0219986476004124
     656.4037358238825846       1.0049396054819226
     656.4039359573048387       1.0890966877341270
     656.4041360907272065       0.9714272674173117
     656.4043362241494606       0.9719980917870998
     656.4045363575717147       1.0246197581291199
     656.4047364909939688       0.9682082496583462
     656.4049366244163366       1.0891364142298698
     656.4051367578385907       1.0133843692019582
     656.4053368912608448       1.0222431644797325
     656.4055370246830989       1.0160841662436724
     656.4057371581054667       1.0441858954727650
     656.4059372915277208       1.0417653881013393
     656.4061374249499750       1.0241022277623415
     656.4063375583722291       0.9470929428935051
     656.4065376917945969       0.9781071953475475
     656.4067378252168510       1.0289974343031645
     656.4069379586391051       0.9961914552841336
     656.4071380920613592       0.9771051872521639
     656.4073382254836133       1.0910455435514450
     656.4075383589059811       0.9258411899209023
     656.4077384923282352       0.9194001182913780
     656.4079386257504893       1.0703401416540146
     656.4081387591727434       1.0216775666922331
     656.4083388925951112       0.9960620193742216
     656.4085390260173654       1.0532555058598518
     656.4087391594396195       0.9929261072538793
     656.4089392928618736       0.8981610164046288
     656.4091394262842414       1.0466145873069763
     656.4093395597064955       1.0250438135117292
     656.4095396931287496       1.0402790568768978
     656.4097398265510037       0.9523475989699364
     656.4099399599733715       0.8925607800483704
     656.4101400933956256       1.0421777330338955
     656.4103402268178797       1.0074092037975788
     656.4105403602401339       1.0161978211253881
     656.4107404936625016       1.0551050119102001
     656.4109406270847558       1.0764221251010895
     656.4111407605070099       1.0088145844638348
     656.4113408939292640       1.0021848957985640
     656.4115410273516318       0.9494072683155537
     656.4117411607738859       1.0213416442275047
     656.4119412941961400       0.9689616858959198
     656.4121414276183941       0.9978137167636305
     656.4123415610407619       0.9844991490244865
     656.4125416944630160       0.9557602666318417
     656.4127418278852701       0.9481236226856709
     656.4129419613075243       0.9292332231998444
     656.4131420947297784       1.0369492061436176
     656.4133422281521462       1.0332375168800354
     656.4135423615744003       1.0615400373935699
     656.4137424949966544       0.9887241525575519
     656.4139426284189085       1.0082030808553100
     656.4141427618412763       0.9948940589092672
     656.4143428952635304       1.0094079114496708
     656.4145430286857845       0.9630640521645546
     656.4147431621080386       0.9656908623874187
     656.4149432955304064       1.0519910641014576
     656.4151434289526605       0.9954715673811734
     656.4153435623749147       0.9433028511703014
     656.4155436957971688       0.9867459172382951
     656.4157438292195366       0.9349135085940361
     656.4159439626417907       1.0265217311680317
     656.4161440960640448       1.0957567468285561
     656.4163442294862989       1.0148830758407712
     656.4165443629086667       0.9655562378466129
     656.4167444963309208       1.0151000339537859
     656.4169446297531749       0.9868025975301862
     656.4171447631754290       0.9966850816272199
     656.4173448965977968       1.0772039219737053
     656.4175450300200509       0.9074486345052719
     656.4177451634423051       0.9417597539722919
     656.4179452968645592       0.9918916868045926
     656.4181454302869270       1.0243663843721151
     656.4183455637091811       0.9587818868458271
     656.4185456971314352       0.9952848185785115
     656.4187458305536893       1.0143641829490662
     656.4189459639759434       1.0190565716475248
     656.4191460973983112       1.0054987710900605
     656.4193462308205653       0.9735885858535767
     656.4195463642428194       0.9897055458277464
     656.4197464976650735       1.0312920659780502
     656.4199466310874413       1.0164295416325331
     656.4201467645096955       0.9597776271402836
     656.4203468979319496       1.0597941540181637
     656.4205470313542037       1.0173520129173994
     656.4207471647765715       0.9986059466609731
     656.4209472981988256       0.9936842140741646
     656.4211474316210797       0.9058321490883827
     656.4213475650433338       0.9271018877625465
     656.4215476984657016       1.0805154964327812
     656.4217478318879557       0.9900624444708228
     656.4219479653102098       1.0095221521332860
     656.4221480987324640       0.9831697829067707
     656.4223482321548317       0.9840407054871321
     656.4225483655770859       1.0119940340518951
     656.4227484989993400       1.0252217706292868
     656.4229486324215941       1.0122715728357434
     656.4231487658439619       0.9917169148102403
     656.4233488992662160       1.0192407947033644
     656.4235490326884701       0.9740424714982510
     656.4237491661107242       0.9797030612826347
     656.4239492995329783       1.0832874998450279
     656.4241494329553461       0.9542224593460560
     656.4243495663776002       1.0337722226977348
     656.4245496997998544       0.9991066128131934
     656.4247498332221085       1.0161025114357471
     656.4249499666444763       1.0282639618963003
     656.4251501000667304       0.9893262106925249
     656.4253502334889845       1.0420896522700787
     656.4255503669112386       0.9835649617016315
     656.4257505003336064       0.9139574468135834
     656.4259506337558605       0.9902315102517605
     656.4261507671781146       0.9599583335220814
     656.4263509006003687       0.9366807416081429
     656.4265510340227365       1.1060962453484535
     656.4267511674449906       1.0929213836789131
     656.4269513008672448       1.0326602235436440
     656.4271514342894989       0.9719058834016323
     656.4273515677118667       0.9991367057082243
     656.4275517011341208       1.0126547459512949
     656.4277518345563749       1.0117576261982322
     656.4279519679786290       0.9892533021047711
     656.4281521014009968       1.0110511658713222
     656.4283522348232509       1.0098028583452106
     656.4285523682455050       1.0517551079392433
     656.4287525016677591       0.9095856919884682
     656.4289526350901269       1.0029068572912365
     656.4291527685123810       1.0019005284411833
     656.4293529019346352       1.0155473947525024
     656.4295530353568893       1.0814316794276237
     656.4297531687791434       1.0377004742622375
     656.4299533022015112       1.0615448057651520
     656.4301534356237653       1.0082721104845405
     656.4303535690460194       1.0011503482237458
     656.4305537024682735       0.9285913705825806
     656.4307538358906413       0.9963949390221387
     656.4309539693128954       0.9644607678055763
     656.4311541027351495       0.9624761939048767
     656.4313542361574036       0.9664273560047150
     656.4315543695797714       1.0649062618613243
     656.4317545030020256       1.0138929411768913
     656.4319546364242797       1.0005116980755702
     656.4321547698465338       1.0425937473773956
     656.4323549032689016       1.1039884686470032
     656.4325550366911557       1.0365039333701134
     656.4327551701134098       0.9730083458125591
     656.4329553035356639       1.0251045320183039
     656.4331554369580317       0.9221896603703499
     656.4333555703802858       1.0537906773388386
     656.4335557038025399       0.9825142007321119
     656.4337558372247940       1.0016094647580758
     656.4339559706471618       1.0429297387599945
     656.4341561040694160       0.9783108774572611
     656.4343562374916701       0.9973055212758482
     656.4345563709139242       0.9845802616328001
     656.4347565043361783       0.9044378548860550
     656.4349566377585461       0.9480076469480991
     656.4351567711808002       0.9738080371171236
     656.4353569046030543       0.9994224924594164
     656.4355570380253084       1.0415132008492947
     656.4357571714476762       1.0486476309597492
     656.4359573048699303       1.0738617256283760
     656.4361574382921845       1.0289793945848942
     656.4363575717144386       0.9726882390677929
     656.4365577051368064       1.0689595267176628
     656.4367578385590605       0.9936813605017960
     656.4369579719813146       0.9490161277353764
     656.4371581054035687       1.0048167980276048
     656.4373582388259365       1.0149532826617360
     656.4375583722481906       0.9712086785584688
     656.4377585056704447       1.0535422675311565
     656.4379586390926988       0.9928056178614497
     656.4381587725150666       0.9309424608945847
     656.4383589059373207       0.9696330726146698
     656.4385590393595749       1.0121352607384324
     656.4387591727818290       1.0483093634247780
     656.4389593062041968       0.9939144020900130
     656.4391594396264509       0.9998864655281068
     656.4393595730487050       0.9519673176109791
     656.4395597064709591       0.9909657062962651
     656.4397598398933269       0.9957574196159840
     656.4399599733155810       1.0720487833023071
     656.4401601067378351       0.9375053644180298
     656.4403602401600892       0.9764354061335325
     656.4405603735823433       0.9484202601015568
     656.4407605070047111       0.9465875066816807
     656.4409606404269653       1.0663798153400421
     656.4411607738492194       1.0430200807750225
     656.4413609072714735       0.8946819156408310
     656.4415610406938413       1.0087383259087801
     656.4417611741160954       0.9044154584407806
     656.4419613075383495       1.0176558028906584
     656.4421614409606036       0.9939886648207903
     656.4423615743829714       1.0326842553913593
     656.4425617078052255       1.0311356335878372
     656.4427618412274796       1.0189199782907963
     656.4429619746497337       0.9558420442044735
     656.4431621080721015       0.9742953497916460
     656.4433622414943557       1.1403365880250931
     656.4435623749166098       1.0361513569951057
     656.4437625083388639       1.0318073965609074
     656.4439626417612317       1.0343985669314861
     656.4441627751834858       0.9722283687442541
     656.4443629086057399       0.9680749140679836
     656.4445630420279940       0.9124616906046867
     656.4447631754503618       0.9928752062842250
     656.4449633088726159       1.0048877084627748
     656.4451634422948700       0.9425535500049591
     656.4453635757171241       0.8513681590557098
     656.4455637091393783       1.0269819945096970
     656.4457638425617461       0.9047719910740852
     656.4459639759840002       1.0817638561129570
     656.4461641094062543       0.9971437323838472
     656.4463642428285084       0.9960233950987458
     656.4465643762508762       0.9949438176117837
     656.4467645096731303       1.0167430844157934
     656.4469646430953844       0.9774343762546778
     656.4471647765176385       1.0293390341103077
     656.4473649099400063       0.9254098907113075
     656.4475650433622604       0.9285928755998611
     656.4477651767845146       1.0385717526078224
     656.4479653102067687       1.0410779081285000
     656.4481654436291365       1.0889523252844810
     656.4483655770513906       0.9148684293031693
     656.4485657104736447       0.9652747549116611
     656.4487658438958988       0.9954647952690721
     656.4489659773182666       1.0207952614873648
     656.4491661107405207       1.0294438041746616
     656.4493662441627748       1.0176459308713675
     656.4495663775850289       0.9457838125526905
     656.4497665110073967       1.0544748194515705
     656.4499666444296508       1.0228981319814920
     656.4501667778519050       1.0714013502001762
     656.4503669112741591       1.0342457666993141
     656.4505670446965269       1.0285749137401581
     656.4507671781187810       1.0131012601777911
     656.4509673115410351       1.0176667477935553
     656.4511674449632892       0.9305860772728920
     656.4513675783855433       0.9730722699314356
     656.4515677118079111       0.9878922281786799
     656.4517678452301652       0.9667587876319885
     656.4519679786524193       1.0598757751286030
     656.4521681120746734       0.9654648900032043
     656.4523682454970412       1.0424906834959984
     656.4525683789192954       0.9949729493819177
     656.4527685123415495       0.9443660788238049
     656.4529686457638036       0.9756055008620024
     656.4531687791861714       1.0464987270534039
     656.4533689126084255       1.0423895604908466
     656.4535690460306796       1.0413115769624710
     656.4537691794529337       0.9757641199976206
     656.4539693128753015       1.0156511608511209
     656.4541694462975556       1.0148677751421928
     656.4543695797198097       1.0149040846154094
     656.4545697131420638       1.0160202942788601
     656.4547698465644316       1.0284336935728788
     656.4549699799866858       0.9677255637943745
     656.4551701134089399       1.0346902497112751
     656.4553702468311940       1.0674154460430145
     656.4555703802535618       1.0180495176464319
     656.4557705136758159       0.9447805918753147
     656.4559706470980700       1.0478243790566921
     656.4561707805203241       0.9488997347652912
     656.4563709139425782       0.9888035105541348
     656.4565710473649460       1.0309171713888645
     656.4567711807872001       0.9617769308388233
     656.4569713142094542       1.0544749870896339
     656.4571714476317084       1.0582400150597095
     656.4573715810540762       0.9837178103625774
     656.4575717144763303       1.0228946562856436
     656.4577718478985844       1.0109609663486481
     656.4579719813208385       0.9725130405277014
     656.4581721147432063       1.0119532356038690
     656.4583722481654604       1.0622283890843391
     656.4585723815877145       0.9927828856743872
     656.4587725150099686       0.9465056993067265
     656.4589726484323364       1.1146354004740715
     656.4591727818545905       0.9742086622864008
     656.4593729152768447       1.0206151697784662
     656.4595730486990988       1.1049732938408852
     656.4597731821214666       1.0228355657309294
     656.4599733155437207       1.0739218071103096
     656.4601734489659748       1.0130031211301684
     656.4603735823882289       1.1272118538618088
     656.4605737158105967       1.0005216823192313
     656.4607738492328508       0.9601915776729584
     656.4609739826551049       0.9768537487834692
     656.4611741160773590       0.9876647777855396
     656.4613742494997268       0.9566120654344559
     656.4615743829219809       1.0135683221742511
     656.4617745163442351       0.9748049993067980
     656.4619746497664892       0.9618077538907528
     656.4621747831887433       1.0523965321481228
     656.4623749166111111       1.0363380350172520
     656.4625750500333652       1.0083338459953666
     656.4627751834556193       1.0460395999252796
     656.4629753168778734       0.9676122106611729
     656.4631754503002412       1.0282580982893705
     656.4633755837224953       1.0664407536387444
     656.4635757171447494       1.0098936427384615
     656.4637758505670035       1.0105309383943677
     656.4639759839893713       0.9494653642177582
     656.4641761174116255       1.0090518509969115
     656.4643762508338796       1.0293390452861786
     656.4645763842561337       0.9799278844147921
     656.4647765176785015       1.0009773430647328
     656.4649766511007556       0.9349734634160995
     656.4651767845230097       1.1348923295736313
     656.4653769179452638       0.9655719250440598
     656.4655770513676316       1.0251551307737827
     656.4657771847898857       0.9432196840643883
     656.4659773182121398       1.0423442833125591
     656.4661774516343939       0.9775349646806717
     656.4663775850567617       0.9644517935812473
     656.4665777184790159       0.9856038391590118
     656.4667778519012700       0.9261001423001289
     656.4669779853235241       0.9842156805098057
     656.4671781187458919       0.9456981904804707
     656.4673782521681460       1.0040843379683793
     656.4675783855904001       1.0563492439687252
     656.4677785190126542       1.0085385581478477
     656.4679786524349083       1.0131636178120971
     656.4681787858572761       1.0118220224976540
     656.4683789192795302       0.9858036870136857
     656.4685790527017843       1.0179451443254948
     656.4687791861240385       0.9771657139062881
     656.4689793195464063       1.0901534184813499
     656.4691794529686604       1.0952141806483269
     656.4693795863909145       1.0270839016884565
     656.4695797198131686       1.0125090600922704
     656.4697798532355364       0.9058041274547577
     656.4699799866577905       1.0080334171652794
     656.4701801200800446       1.0000416701295762
     656.4703802535022987       1.0030790928285569
     656.4705803869246665       1.0250228196382523
     656.4707805203469206       0.9968102190177888
     656.4709806537691748       0.9026221185922623
     656.4711807871914289       0.9630012884736061
     656.4713809206137967       0.9559772908687592
     656.4715810540360508       1.0531721413135529
     656.4717811874583049       1.0829082056879997
     656.4719813208805590       0.9891250627115369
     656.4721814543029268       0.9209295883774757
     656.4723815877251809       1.0264213811606169
     656.4725817211474350       0.9595127515494823
     656.4727818545696891       1.1201479583978653
     656.4729819879919432       1.1373177468776703
     656.4731821214143110       0.9930209815502167
     656.4733822548365652       1.0205758940428495
     656.4735823882588193       0.9331169798970222
     656.4737825216810734       0.9739457815885544
     656.4739826551034412       0.8869388923048973
     656.4741827885256953       0.9871306074783206
     656.4743829219479494       0.9910675352439284
     656.4745830553702035       1.0310005098581314
     656.4747831887925713       1.0801237449049950
     656.4749833222148254       1.1160568520426750
     656.4751834556370795       0.9822959005832672
     656.4753835890593336       0.9731819536536932
     656.4755837224817014       1.0870188996195793
     656.4757838559039556       1.0025144012179226
     656.4759839893262097       1.0181958638131618
     656.4761841227484638       0.9875526884570718
     656.4763842561708316       0.9784423802047968
     656.4765843895930857       1.0336251556873322
     656.4767845230153398       1.0042528063058853
     656.4769846564375939       0.9593066051602364
     656.4771847898599617       1.0238264277577400
     656.4773849232822158       1.0439301393926144
     656.4775850567044699       1.0065041570924222
     656.4777851901267240       1.0490387193858624
     656.4779853235490918       1.0007057695183903
     656.4781854569713460       1.0238702483475208
     656.4783855903936001       0.9827785547822714
     656.4785857238158542       1.0510361306369305
     656.4787858572381083       0.9777098093181849
     656.4789859906604761       0.9521042965352535
     656.4791861240827302       0.9883379293605685
     656.4793862575049843       1.0821321532130241
     656.4795863909272384       0.9923137738369405
     656.4797865243496062       1.0219668559730053
     656.4799866577718603       0.9996230399992783
     656.4801867911941144       0.9116588458418846
     656.4803869246163686       1.0682218670845032
     656.4805870580387364       1.0365727767348289
     656.4807871914609905       0.9833582341670990
     656.4809873248832446       1.0213980618864298
     656.4811874583054987       0.9301659613847733
     656.4813875917278665       0.9847145983949304
     656.4815877251501206       0.9877583729103208
     656.4817878585723747       0.9629193209111691
     656.4819879919946288       0.9506871066987514
     656.4821881254169966       0.9851736435666680
     656.4823882588392507       1.0214220918715000
     656.4825883922615049       1.0367486551403999
     656.4827885256837590       0.9256001785397530
     656.4829886591061268       1.0259317457675934
     656.4831887925283809       0.9610218219459057
     656.4833889259506350       0.9505614228546619
     656.4835890593728891       0.9885998675599694
     656.4837891927951432       1.0576957128942013
     656.4839893262175110       1.0340781696140766
     656.4841894596397651       1.1107668504118919
     656.4843895930620192       0.9248568862676620
     656.4845897264842733       0.9737879149615765
     656.4847898599066411       1.0494139902293682
     656.4849899933288953       1.0812267288565636
     656.4851901267511494       0.9598358422517776
     656.4853902601734035       0.9604993201792240
     656.4855903935957713       1.0059941052459180
     656.4857905270180254       0.9846988124772906
     656.4859906604402795       0.9070366844534874
     656.4861907938625336       1.0989513173699379
     656.4863909272849014       1.0084632625803351
     656.4865910607071555       1.0534056387841702
     656.4867911941294096       1.0517593510448933
     656.4869913275516637       1.0636529251933098
     656.4871914609740315       0.9849803745746613
     656.4873915943962857       1.0746593549847603
     656.4875917278185398       1.0141575261950493
     656.4877918612407939       0.9438635520637035
     656.4879919946631617       1.0376860685646534
     656.4881921280854158       1.0336243025958538
     656.4883922615076699       1.0138928368687630
     656.4885923949299240       1.1040468588471413
     656.4887925283522918       1.0898458138108253
     656.4889926617745459       0.9721864070743322
     656.4891927951968000       0.9635119959712029
     656.4893929286190541       1.0621811412274837
     656.4895930620413083       0.9195283725857735
     656.4897931954636761       0.9741056803613901
     656.4899933288859302       1.0057081351988018
     656.4901934623081843       0.9717048946768045
     656.4903935957304384       0.9466856345534325
     656.4905937291528062       1.0645818635821342
     656.4907938625750603       0.8566363602876663
     656.4909939959973144       0.9281013756990433
     656.4911941294195685       1.0049188132397830
     656.4913942628419363       1.0133928284049034
     656.4915943962641904       1.0650723204016685
     656.4917945296864445       1.0319591052830219
     656.4919946631086987       1.0102607011795044
     656.4921947965310665       1.0604288056492805
     656.4923949299533206       0.9844255847856402
     656.4925950633755747       1.0479401536285877
     656.4927951967978288       0.9638712517917156
     656.4929953302201966       1.0565448813140392
     656.4931954636424507       1.0588785819709301
     656.4933955970647048       1.0069930255413055
     656.4935957304869589       0.9026248529553413
     656.4937958639093267       0.9426745884120464
     656.4939959973315808       0.9550249986350536
     656.4941961307538350       0.9808766487985849
     656.4943962641760891       1.0115900840610266
     656.4945963975983432       0.9901150763034821
     656.4947965310207110       0.9327178373932838
     656.4949966644429651       1.0355780534446239
     656.4951967978652192       0.9431220926344395
     656.4953969312874733       1.0101837730035186
     656.4955970647098411       1.0521649532020092
     656.4957971981320952       0.9960890547372401
     656.4959973315543493       0.9955239053815603
     656.4961974649766034       1.0037669141311198
     656.4963975983989712       1.0734496638178825
     656.4965977318212254       1.0248056780546904
     656.4967978652434795       0.9583224430680275
     656.4969979986657336       1.0673728212714195
     656.4971981320881014       0.9336411654949188
     656.4973982655103555       1.0484051145613194
     656.4975983989326096       1.0125557277351618
     656.4977985323548637       0.9238857254385948
     656.4979986657772315       1.0682139247655869
     656.4981987991994856       0.9814180694520473
     656.4983989326217397       0.9672346599400043
     656.4985990660439938       0.9328793361783028
     656.4987991994663616       0.9900999218225479
     656.4989993328886158       1.0160784088075161
     656.4991994663108699       1.1007815375924110
     656.4993995997331240       0.8677891045808792
     656.4995997331554918       1.0139031037688255
     656.4997998665777459       0.9577325507998466
     656.5000000000000000       0.9516884163022041
