     656.2000000000000455       1.0836256295442581
     656.2002001334222996       1.0783427953720093
     656.2004002668445537       0.9322916120290756
     656.2006004002669215       1.0633625611662865
     656.2008005336891756       1.0300619844347239
     656.2010006671114297       1.0311805289238691
     656.2012008005336838       0.9623049683868885
     656.2014009339560516       1.0078300228342414
     656.2016010673783057       0.9748058822005987
     656.2018012008005599       1.0280112531036139
     656.2020013342228140       0.9430771507322788
     656.2022014676451818       1.0215076375752687
     656.2024016010674359       0.9702802989631891
     656.2026017344896900       0.9359842240810394
     656.2028018679119441       1.0354454033076763
     656.2030020013343119       0.9368310868740082
     656.2032021347565660       1.0127440765500069
     656.2034022681788201       1.0276495013386011
     656.2036024016010742       1.0545247681438923
     656.2038025350234420       0.9092926681041718
     656.2040026684456961       0.9768923465162516
     656.2042028018679503       1.0503799393773079
     656.2044029352902044       1.0746215060353279
     656.2046030687125722       1.0046990416012704
     656.2048032021348263       1.0859493240714073
     656.2050033355570804       1.0711758583784103
     656.2052034689793345       1.0035071352031082
     656.2054036024017023       1.0509870424866676
     656.2056037358239564       0.9969757255166769
     656.2058038692462105       0.9266464635729790
     656.2060040026684646       0.9767626803368330
     656.2062041360907187       0.9423488974571228
     656.2064042695130865       1.0149871511384845
     656.2066044029353407       0.9246382266283035
     656.2068045363575948       0.9751910585910082
     656.2070046697798489       0.9814349412918091
     656.2072048032022167       1.0605353191494942
     656.2074049366244708       1.0314653888344765
     656.2076050700467249       1.0083507029339671
     656.2078052034689790       0.9327106475830078
     656.2080053368913468       0.9766742698848248
     656.2082054703136009       1.0381371974945068
     656.2084056037358550       1.0348378978669643
     656.2086057371581092       0.9795047063380480
     656.2088058705804769       0.9592099264264107
     656.2090060040027311       1.0425125211477280
     656.2092061374249852       0.9881819561123848
     656.2094062708472393       1.0917121991515160
     656.2096064042696071       0.9507858492434025
     656.2098065376918612       1.0574050731956959
     656.2100066711141153       0.9492479972541332
     656.2102068045363694       1.0881076231598854
     656.2104069379587372       1.0602612979710102
     656.2106070713809913       0.9801046382635832
     656.2108072048032454       0.9881133604794741
     656.2110073382254996       1.0671506151556969
     656.2112074716477537       0.9325672760605812
     656.2114076050701215       0.9869438391178846
     656.2116077384923756       1.0490519851446152
     656.2118078719146297       1.0098097287118435
     656.2120080053368838       0.9787462335079908
     656.2122081387592516       1.0374206230044365
     656.2124082721815057       1.0159104745835066
     656.2126084056037598       1.0294736083596945
     656.2128085390260139       1.0082266982644796
     656.2130086724483817       1.0836451575160027
     656.2132088058706358       1.0437920950353146
     656.2134089392928900       0.8984615802764893
     656.2136090727151441       1.0451887510716915
     656.2138092061375119       0.9686346016824245
     656.2140093395597660       0.9431368820369244
     656.2142094729820201       1.0096235973760486
     656.2144096064042742       1.0761153325438499
     656.2146097398266420       1.0237066280096769
     656.2148098732488961       0.9943728768266737
     656.2150100066711502       0.9746011588722467
     656.2152101400934043       1.0675507411360741
     656.2154102735157721       0.9672039486467838
     656.2156104069380262       0.9443466179072857
     656.2158105403602804       1.0971922129392624
     656.2160106737825345       0.8310079723596573
     656.2162108072049023       1.0782249942421913
     656.2164109406271564       0.9500703662633896
     656.2166110740494105       0.9855538336560130
     656.2168112074716646       0.9501687884330750
     656.2170113408939187       0.9288247004151344
     656.2172114743162865       1.0006001013680361
     656.2174116077385406       0.9920577453449368
     656.2176117411607947       1.0172396972775459
     656.2178118745830488       0.9903285522013903
     656.2180120080054166       0.9483444094657898
     656.2182121414276708       1.0275128185749054
     656.2184122748499249       0.9833827968686819
     656.2186124082721790       1.0410181134939194
     656.2188125416945468       0.9856980768963695
     656.2190126751168009       1.0654580146074295
     656.2192128085390550       0.9572745524346828
     656.2194129419613091       1.0447645634412766
     656.2196130753836769       1.0025655534118414
     656.2198132088059310       0.9679020904004574
     656.2200133422281851       0.9752156697213650
     656.2202134756504392       0.9557963646948338
     656.2204136090728070       0.8460993617773056
     656.2206137424950612       0.9359470903873444
     656.2208138759173153       1.0298312585800886
     656.2210140093395694       0.9915869412943721
     656.2212141427619372       1.0317041166126728
     656.2214142761841913       1.0490665249526501
     656.2216144096064454       1.0523076057434082
     656.2218145430286995       0.9663887545466423
     656.2220146764509536       1.0397420972585678
     656.2222148098733214       1.0878912135958672
     656.2224149432955755       1.0183267910033464
     656.2226150767178297       0.9748648107051849
     656.2228152101400838       0.9709302783012390
     656.2230153435624516       0.9515685737133026
     656.2232154769847057       0.9396500699222088
     656.2234156104069598       1.0671484023332596
     656.2236157438292139       1.0080339945852757
     656.2238158772515817       1.0059827505610883
     656.2240160106738358       0.9934826893731952
     656.2242161440960899       1.0434049293398857
     656.2244162775183440       1.0701904818415642
     656.2246164109407118       0.9980485263513401
     656.2248165443629659       1.0503716245293617
     656.2250166777852201       0.9997253761102911
     656.2252168112074742       1.0033364088740200
     656.2254169446298420       0.9992373852292076
     656.2256170780520961       0.9753443244844675
     656.2258172114743502       1.1009750962257385
     656.2260173448966043       1.0468842498958111
     656.2262174783189721       0.9839278459548950
     656.2264176117412262       0.9275761917233467
     656.2266177451634803       0.9995774946582969
     656.2268178785857344       1.1072617545723915
     656.2270180120081022       0.9987052093492821
     656.2272181454303563       1.0144675765186548
     656.2274182788526105       1.0013170968741179
     656.2276184122748646       1.0061454311944544
     656.2278185456971187       1.0348494015634060
     656.2280186791194865       1.0553460977971554
     656.2282188125417406       0.9577876552939415
     656.2284189459639947       1.0595492981374264
     656.2286190793862488       0.8981456607580185
     656.2288192128086166       1.0245036724954844
     656.2290193462308707       0.9658023901283741
     656.2292194796531248       1.0040537426248193
     656.2294196130753789       1.0266510453075171
     656.2296197464977467       0.9750303942710161
     656.2298198799200009       1.0512563474476337
     656.2300200133422550       0.9403718449175358
     656.2302201467645091       0.9613434188067913
     656.2304202801868769       1.0954689383506775
     656.2306204136091310       1.0261052995920181
     656.2308205470313851       1.0133327683433890
     656.2310206804536392       1.0125871226191521
     656.2312208138760070       1.0296798199415207
     656.2314209472982611       1.0612385533750057
     656.2316210807205152       0.9371204897761345
     656.2318212141427693       1.0407702401280403
     656.2320213475651371       1.0132068693637848
     656.2322214809873913       0.9808980599045753
     656.2324216144096454       0.9574428163468838
     656.2326217478318995       0.9795167520642281
     656.2328218812541536       1.0084226885810494
     656.2330220146765214       1.0093132629990578
     656.2332221480987755       1.0161089859902859
     656.2334222815210296       1.0105280289426446
     656.2336224149432837       1.0022028039675206
     656.2338225483656515       0.9900128021836281
     656.2340226817879056       1.0311615802347660
     656.2342228152101598       0.9950284557417035
     656.2344229486324139       1.0132450712844729
     656.2346230820547817       1.1039955019950867
     656.2348232154770358       1.0171739552170038
     656.2350233488992899       1.0261975079774857
     656.2352234823215440       1.0142091531306505
     656.2354236157439118       1.0886371433734894
     656.2356237491661659       1.1362821757793427
     656.2358238825884200       1.0137165887281299
     656.2360240160106741       1.0304793268442154
     656.2362241494330419       1.0128266159445047
     656.2364242828552960       1.0556271485984325
     656.2366244162775502       0.9552431739866734
     656.2368245496998043       1.0255994852632284
     656.2370246831221721       0.9832655526697636
     656.2372248165444262       0.9764372538775206
     656.2374249499666803       0.9138314798474312
     656.2376250833889344       1.0319104194641113
     656.2378252168113022       1.0572636686265469
     656.2380253502335563       0.9768392238765955
     656.2382254836558104       1.0365975834429264
     656.2384256170780645       1.0278397854417562
     656.2386257505003186       1.0650978907942772
     656.2388258839226864       1.0406844615936279
     656.2390260173449406       0.9484879970550537
     656.2392261507671947       0.9559359326958656
     656.2394262841894488       1.0014818971976638
     656.2396264176118166       1.0056086210533977
     656.2398265510340707       0.9882313497364521
     656.2400266844563248       1.0525805950164795
     656.2402268178785789       1.0188470836728811
     656.2404269513009467       0.9890053104609251
     656.2406270847232008       1.0446680299937725
     656.2408272181454549       0.9966111481189728
     656.2410273515677090       1.0939295217394829
     656.2412274849900768       0.9696510639041662
     656.2414276184123310       0.9173616245388985
     656.2416277518345851       1.0969140604138374
     656.2418278852568392       0.9568684026598930
     656.2420280186792070       0.9384456276893616
     656.2422281521014611       1.0095129320397973
     656.2424282855237152       0.9812656994909048
     656.2426284189459693       1.0531174652278423
     656.2428285523683371       1.0185028221458197
     656.2430286857905912       1.0603675432503223
     656.2432288192128453       1.0500981397926807
     656.2434289526350994       0.9934512865729630
     656.2436290860574672       1.0021921931765974
     656.2438292194797214       1.0883432552218437
     656.2440293529019755       1.0038856603205204
     656.2442294863242296       0.9183236062526703
     656.2444296197464837       1.0281328447163105
     656.2446297531688515       1.0567598044872284
     656.2448298865911056       1.0122663388028741
     656.2450300200133597       1.0053312545642257
     656.2452301534356138       0.9642906337976456
     656.2454302868579816       0.9858405990526080
     656.2456304202802357       1.0004779869632330
     656.2458305537024899       1.0081118447706103
     656.2460306871247440       0.9875205848366022
     656.2462308205471118       0.8879438117146492
     656.2464309539693659       0.8219258487224579
     656.2466310873916200       1.0682560428977013
     656.2468312208138741       1.0307281520217657
     656.2470313542362419       0.9812640007585287
     656.2472314876584960       0.9505366347730160
     656.2474316210807501       0.9728596527129412
     656.2476317545030042       1.0504895821213722
     656.2478318879253720       0.9541984163224697
     656.2480320213476261       0.9767434969544411
     656.2482321547698803       1.0554655157029629
     656.2484322881921344       0.9731738269329071
     656.2486324216145022       1.0149492938071489
     656.2488325550367563       0.9378252141177654
     656.2490326884590104       0.9684405736625195
     656.2492328218812645       1.0429869443178177
     656.2494329553035186       1.0314646475017071
     656.2496330887258864       0.9987066296162084
     656.2498332221481405       1.0091985948383808
     656.2500333555703946       1.0538076460361481
     656.2502334889926487       1.0699041187763214
     656.2504336224150165       0.9409329593181610
     656.2506337558372707       1.0287670195102692
     656.2508338892595248       1.0619183778762817
     656.2510340226817789       1.0315725244581699
     656.2512341561041467       0.9331879913806915
     656.2514342895264008       1.0404202044010162
     656.2516344229486549       0.9268388748168945
     656.2518345563709090       1.0813417658209801
     656.2520346897932768       1.0027466714382172
     656.2522348232155309       0.9700397420674562
     656.2524349566377850       0.9571923650801182
     656.2526350900600391       1.0008860585512593
     656.2528352234824069       0.9841854665428400
     656.2530353569046611       0.9933494059368968
     656.2532354903269152       1.0430648587644100
     656.2534356237491693       0.9524081312119961
     656.2536357571715371       1.0175694432109594
     656.2538358905937912       1.0887327864766121
     656.2540360240160453       0.9673215635120869
     656.2542361574382994       0.9797889534384012
     656.2544362908606672       0.9346169680356979
     656.2546364242829213       1.0383488200604916
     656.2548365577051754       1.0177771449089050
     656.2550366911274295       1.0251157786697149
     656.2552368245496837       0.9614477641880512
     656.2554369579720515       0.9400157220661640
     656.2556370913943056       1.0257078614085913
     656.2558372248165597       0.9653956145048141
     656.2560373582388138       1.0297604240477085
     656.2562374916611816       0.9419835843145847
     656.2564376250834357       1.0178302470594645
     656.2566377585056898       1.0312350485473871
     656.2568378919279439       1.0127202440053225
     656.2570380253503117       1.0532837100327015
     656.2572381587725658       0.9922936372458935
     656.2574382921948200       1.0502779968082905
     656.2576384256170741       0.9762548655271530
     656.2578385590394419       0.9920821096748114
     656.2580386924616960       0.9765455350279808
     656.2582388258839501       1.0218577720224857
     656.2584389593062042       0.9471244402229786
     656.2586390927285720       1.0278684850782156
     656.2588392261508261       1.0279995501041412
     656.2590393595730802       1.0350229144096375
     656.2592394929953343       1.0236556995660067
     656.2594396264177021       0.8647377043962479
     656.2596397598399562       1.0817558988928795
     656.2598398932622104       1.0229302681982517
     656.2600400266844645       1.0340071767568588
     656.2602401601067186       1.0265212599188089
     656.2604402935290864       0.9902713894844055
     656.2606404269513405       1.0020592508371919
     656.2608405603735946       1.0034654182381928
     656.2610406937958487       1.0411065667867661
     656.2612408272182165       1.0155710307881236
     656.2614409606404706       0.9360093027353287
     656.2616410940627247       0.9637932293117046
     656.2618412274849788       1.0520807690918446
     656.2620413609073466       0.9985948712565005
     656.2622414943296008       1.0059271361678839
     656.2624416277518549       1.0219811275601387
     656.2626417611741090       1.0416003577411175
     656.2628418945964768       1.0968190655112267
     656.2630420280187309       1.0561284832656384
     656.2632421614409850       1.0115581378340721
     656.2634422948632391       0.9702542666345835
     656.2636424282856069       0.9460706152021885
     656.2638425617078610       0.9970963718369603
     656.2640426951301151       0.9736290369182825
     656.2642428285523692       0.9419439472258091
     656.2644429619747370       0.9373334124684334
     656.2646430953969912       1.0234507136046886
     656.2648432288192453       1.0051856837235391
     656.2650433622414994       0.9605672173202038
     656.2652434956638672       0.9765550009906292
     656.2654436290861213       1.0939696654677391
     656.2656437625083754       1.1189692839980125
     656.2658438959306295       0.9957756348885596
     656.2660440293528836       1.0453843064606190
     656.2662441627752514       0.9573845267295837
     656.2664442961975055       1.1059491261839867
     656.2666444296197596       0.9889583159238100
     656.2668445630420138       0.9525974802672863
     656.2670446964643816       1.0127671957015991
     656.2672448298866357       1.0746342614293098
     656.2674449633088898       1.0001042294825311
     656.2676450967311439       0.9465410113334656
     656.2678452301535117       0.9882683241739869
     656.2680453635757658       1.0549631826579571
     656.2682454969980199       1.0791077986359596
     656.2684456304202740       0.9785537142306566
     656.2686457638426418       0.9728542175143957
     656.2688458972648959       1.0165581721812487
     656.2690460306871501       1.0256030801683664
     656.2692461641094042       1.0066604367457330
     656.2694462975317720       0.9048037379980087
     656.2696464309540261       0.9981479934649542
     656.2698465643762802       1.0937256813049316
     656.2700466977985343       1.0361847393214703
     656.2702468312209021       1.0395692549645901
     656.2704469646431562       0.9069373384118080
     656.2706470980654103       0.9998143273842288
     656.2708472314876644       1.0708226412534714
     656.2710473649099185       0.9485234655439854
     656.2712474983322863       0.9423263557255268
     656.2714476317545405       1.0496590174734592
     656.2716477651767946       0.9472737498581409
     656.2718478985990487       1.0873364508152008
     656.2720480320214165       1.0397685058414936
     656.2722481654436706       1.0167381428182125
     656.2724482988659247       0.9702906813472509
     656.2726484322881788       1.0471648238599300
     656.2728485657105466       1.0759895294904709
     656.2730486991328007       0.9612874388694763
     656.2732488325550548       0.9454600140452385
     656.2734489659773089       0.9213144704699516
     656.2736490993996767       1.0004044622182846
     656.2738492328219309       1.1222670078277588
     656.2740493662441850       1.0866487920284271
     656.2742494996664391       1.0012494793627411
     656.2744496330888069       0.9905769778415561
     656.2746497665110610       0.9431199319660664
     656.2748498999333151       1.0120166093111038
     656.2750500333555692       0.9285923019051552
     656.2752501667779370       0.8938151821494102
     656.2754503002001911       0.9864511145278811
     656.2756504336224452       0.9809893388301134
     656.2758505670446993       0.9525524079799652
     656.2760507004670671       1.0030410201288760
     656.2762508338893213       0.9731407929211855
     656.2764509673115754       1.0194600950926542
     656.2766511007338295       1.0460299141705036
     656.2768512341560836       1.0470876917243004
     656.2770513675784514       1.0169188380241394
     656.2772515010007055       1.0449358224868774
     656.2774516344229596       1.0046340110711753
     656.2776517678452137       1.0166490115225315
     656.2778519012675815       0.9839252587407827
     656.2780520346898356       1.0247065071016550
     656.2782521681120897       0.9868123382329941
     656.2784523015343439       1.0440985821187496
     656.2786524349567117       0.9787993226200342
     656.2788525683789658       1.0713988393545151
     656.2790527018012199       1.0045745321549475
     656.2792528352234740       0.9795246142894030
     656.2794529686458418       1.0168092660605907
     656.2796531020680959       1.0795938223600388
     656.2798532354903500       1.0475376099348068
     656.2800533689126041       1.0929973125457764
     656.2802535023349719       1.0545111559331417
     656.2804536357572260       1.0376256294548512
     656.2806537691794802       1.0107559133321047
     656.2808539026017343       1.0488043650984764
     656.2810540360241021       0.9567965827882290
     656.2812541694463562       1.0882984176278114
     656.2814543028686103       1.0809564888477325
     656.2816544362908644       0.9272036701440811
     656.2818545697131185       0.9495097436010838
     656.2820547031354863       1.0384611375629902
     656.2822548365577404       0.9492235183715820
     656.2824549699799945       0.9874059539288282
     656.2826551034022486       1.0946121215820312
     656.2828552368246164       0.9372073784470558
     656.2830553702468706       0.9422845579683781
     656.2832555036691247       0.9838488716632128
     656.2834556370913788       1.0337805226445198
     656.2836557705137466       0.9695522338151932
     656.2838559039360007       1.0772151425480843
     656.2840560373582548       1.0187935046851635
     656.2842561707805089       1.0277191847562790
     656.2844563042028767       1.0290941540151834
     656.2846564376251308       1.0053199254907668
     656.2848565710473849       0.9840450901538134
     656.2850567044696390       1.0271755792200565
     656.2852568378920068       0.9640242047607899
     656.2854569713142610       0.8987229838967323
     656.2856571047365151       0.8868214264512062
     656.2858572381587692       0.9286982491612434
     656.2860573715811370       1.0059825838543475
     656.2862575050033911       0.9495458789169788
     656.2864576384256452       0.9912823559716344
     656.2866577718478993       1.0034180996008217
     656.2868579052702671       0.9392559453845024
     656.2870580386925212       1.0253915283828974
     656.2872581721147753       0.9279028698801994
     656.2874583055370294       0.9941728920675814
     656.2876584389592836       0.9514420293271542
     656.2878585723816514       1.0665863454341888
     656.2880587058039055       1.0696230754256248
     656.2882588392261596       0.9867523815482855
     656.2884589726484137       1.0156927313655615
     656.2886591060707815       0.9657625593245029
     656.2888592394930356       0.9361358657479286
     656.2890593729152897       0.9615322686731815
     656.2892595063375438       1.0922006815671921
     656.2894596397599116       0.9733071271330118
     656.2896597731821657       0.8714139759540558
     656.2898599066044198       0.9514666385948658
     656.2900600400266740       1.0331502780318260
     656.2902601734490418       0.9699414316564798
     656.2904603068712959       0.9688546713441610
     656.2906604402935500       0.8889762237668037
     656.2908605737158041       1.0364928059279919
     656.2910607071381719       0.9259400889277458
     656.2912608405604260       0.9955811752006412
     656.2914609739826801       1.0201149452477694
     656.2916611074049342       0.9938647355884314
     656.2918612408273020       1.0356405340135098
     656.2920613742495561       0.9816185235977173
     656.2922615076718103       0.9482095539569855
     656.2924616410940644       0.9958709748461843
     656.2926617745164322       1.0323929861187935
     656.2928619079386863       1.0134166050702333
     656.2930620413609404       0.9861785480752587
     656.2932621747831945       1.0369452498853207
     656.2934623082054486       1.0510444641113281
     656.2936624416278164       1.0366861559450626
     656.2938625750500705       1.0485535599291325
     656.2940627084723246       0.9962124205194414
     656.2942628418945787       1.0055276718921959
     656.2944629753169465       0.9828047882765532
     656.2946631087392007       1.0129195516929030
     656.2948632421614548       0.9639901146292686
     656.2950633755837089       1.0329576544463634
     656.2952635090060767       0.9406176134943962
     656.2954636424283308       1.0163814984261990
     656.2956637758505849       0.9973125087562947
     656.2958639092728390       0.9350806549191474
     656.2960640426952068       1.0057647982612250
     656.2962641761174609       1.0236548390239473
     656.2964643095397150       1.0882097110152240
     656.2966644429619691       1.0714040026068681
     656.2968645763843369       1.0080745620653022
     656.2970647098065911       1.0566109418869003
     656.2972648432288452       1.0449118167161919
     656.2974649766510993       0.9847816685214603
     656.2976651100734671       1.1041321903467125
     656.2978652434957212       1.0671256557106894
     656.2980653769179753       0.9793867431580905
     656.2982655103402294       1.0160871725529264
     656.2984656437624835       0.9620012864470231
     656.2986657771848513       1.0161634385585416
     656.2988659106071054       0.9429540559648928
     656.2990660440293595       0.9858119795098113
     656.2992661774516137       0.9960913662797554
     656.2994663108739815       0.9832850806413411
     656.2996664442962356       0.9332914426920376
     656.2998665777184897       0.9968384574163925
     656.3000667111407438       0.9830241054291434
     656.3002668445631116       0.9075087234370578
     656.3004669779853657       0.9555317163456948
     656.3006671114076198       0.9828817341461696
     656.3008672448298739       1.0605046860852292
     656.3010673782522417       0.9880101364075429
     656.3012675116744958       1.0335501544134154
     656.3014676450967499       1.0836090817986004
     656.3016677785190041       0.9924718132155534
     656.3018679119413719       0.9616595283027871
     656.3020680453636260       0.9442429840391877
     656.3022681787858801       0.9464526287968655
     656.3024683122081342       0.9448324143546671
     656.3026684456305020       1.0756337120654194
     656.3028685790527561       0.9635042696529525
     656.3030687124750102       1.0533199421141628
     656.3032688458972643       1.0082953524431728
     656.3034689793196321       0.9571168197417541
     656.3036691127418862       0.9701262914935874
     656.3038692461641403       0.9022662710774416
     656.3040693795863945       0.9562292429677341
     656.3042695130086486       0.9900266763977525
     656.3044696464310164       1.0289696129752510
     656.3046697798532705       1.0092764019425047
     656.3048699132755246       0.9682056180109615
     656.3050700466977787       1.0482920200395953
     656.3052701801201465       0.9909635725108142
     656.3054703135424006       0.9384312180537482
     656.3056704469646547       1.0364663957715621
     656.3058705803869088       0.9458730931986254
     656.3060707138092766       1.1032247597130174
     656.3062708472315308       1.0390757269657849
     656.3064709806537849       0.9349738190057416
     656.3066711140760390       0.9710801521604312
     656.3068712474984068       0.9886526483709528
     656.3070713809206609       1.0041051750474148
     656.3072715143429150       0.8948384450163013
     656.3074716477651691       1.0550109730181894
     656.3076717811875369       0.9581084843340447
     656.3078719146097910       0.9151213558004397
     656.3080720480320451       1.0316821403459369
     656.3082721814542992       0.9509296801933957
     656.3084723148766670       0.9548024507885332
     656.3086724482989212       1.0159031343814688
     656.3088725817211753       0.9956628430695201
     656.3090727151434294       0.9663117280532355
     656.3092728485656835       0.9562836260920812
     656.3094729819880513       1.0884973011590957
     656.3096731154103054       0.9615817361388587
     656.3098732488325595       1.0387333661392235
     656.3100733822548136       0.9587545980861590
     656.3102735156771814       1.0469539088436379
     656.3104736490994355       0.9797334352076031
     656.3106737825216896       0.9996339501538821
     656.3108739159439438       1.0582036387920781
     656.3110740493663116       0.9692369496864086
     656.3112741827885657       1.0525276288747221
     656.3114743162108198       0.9888899819589894
     656.3116744496330739       1.0324849038015471
     656.3118745830554417       1.0225707657917604
     656.3120747164776958       0.9524278863406911
     656.3122748498999499       0.9617685696175916
     656.3124749833222040       0.9935451866963909
     656.3126751167445718       0.9465540406178391
     656.3128752501668259       0.9308295785506537
     656.3130753835890800       1.0226631069948675
     656.3132755170113342       1.0385408395324860
     656.3134756504337020       1.0103870769974128
     656.3136757838559561       1.1008177597216824
     656.3138759172782102       1.0035385054293875
     656.3140760507004643       0.9791125522703750
     656.3142761841228321       0.9519342201032620
     656.3144763175450862       0.9970313657263759
     656.3146764509673403       0.9906481401318330
     656.3148765843895944       0.9665978811216011
     656.3150767178118485       0.9975291690608169
     656.3152768512342163       0.8511233390738224
     656.3154769846564704       0.9932498056372305
     656.3156771180787246       1.0278122766465980
     656.3158772515009787       0.8700151169835050
     656.3160773849233465       0.9999272702057773
     656.3162775183456006       0.9166644324069844
     656.3164776517678547       0.9306639001614734
     656.3166777851901088       1.0571270001239241
     656.3168779186124766       0.9997856907402983
     656.3170780520347307       1.0028941955259083
     656.3172781854569848       0.9893374075750746
     656.3174783188792389       1.0150743786093372
     656.3176784523016067       0.9671329503716750
     656.3178785857238609       1.0397752678429950
     656.3180787191461150       1.0254149587635950
     656.3182788525683691       0.9656767421299097
     656.3184789859907369       0.9786801416676979
     656.3186791194129910       0.9797683909831089
     656.3188792528352451       0.9567602494205266
     656.3190793862574992       0.9879090461379786
     656.3192795196798670       0.9459128770188294
     656.3194796531021211       1.0487326115356039
     656.3196797865243752       0.9864142865552384
     656.3198799199466293       0.9751687982733456
     656.3200800533688835       0.8868772972238057
     656.3202801867912513       0.9904579754292183
     656.3204803202135054       0.9596797059407871
     656.3206804536357595       0.9416032169918087
     656.3208805870580136       0.9412409661490402
     656.3210807204803814       0.9191060166753576
     656.3212808539026355       0.9271388840044544
     656.3214809873248896       0.9957800481162140
     656.3216811207471437       0.9759217106282898
     656.3218812541695115       1.0039031328989545
     656.3220813875917656       0.9679324805014632
     656.3222815210140197       1.0057068337110122
     656.3224816544362739       0.9515909908650833
     656.3226817878586417       1.1018039639926362
     656.3228819212808958       0.9150526916042165
     656.3230820547031499       0.9409419679323467
     656.3232821881254040       0.9493174647063168
     656.3234823215477718       0.9615203204357348
     656.3236824549700259       0.8549504308602127
     656.3238825883922800       1.0085843954455673
     656.3240827218145341       0.9983776677799919
     656.3242828552369019       0.8788618204909447
     656.3244829886591560       0.9465112953817983
     656.3246831220814101       0.9448480613934431
     656.3248832555036643       0.8277322127489450
     656.3250833889260321       0.8749599767196169
     656.3252835223482862       0.8658582667211211
     656.3254836557705403       0.7766349875592571
     656.3256837891927944       0.8644052919374052
     656.3258839226150485       0.8748122665928211
     656.3260840560374163       0.8614475879118028
     656.3262841894596704       0.8715718706940572
     656.3264843228819245       0.7269619770728799
     656.3266844563041786       0.8737569392703370
     656.3268845897265464       0.7834492530551964
     656.3270847231488005       0.8127569461802523
     656.3272848565710547       0.7141428109449830
     656.3274849899933088       0.7505377118176904
     656.3276851234156766       0.8260171167371383
     656.3278852568379307       0.8563810183355316
     656.3280853902601848       0.7866537234011224
     656.3282855236824389       0.7497461263050198
     656.3284856571048067       0.7844506142428767
     656.3286857905270608       0.7235381992328138
     656.3288859239493149       0.8494504546816910
     656.3290860573715690       0.8680321947563896
     656.3292861907939368       0.7552759479303177
     656.3294863242161910       0.7557759055802715
     656.3296864576384451       0.8170378290230409
     656.3298865910606992       0.8484241626339337
     656.3300867244830670       0.8250025265743803
     656.3302868579053211       0.7358316528580859
     656.3304869913275752       0.8409903741440443
     656.3306871247498293       0.7884296454343808
     656.3308872581721971       0.8476417589352497
     656.3310873915944512       0.7667950035939962
     656.3312875250167053       0.7899517647395333
     656.3314876584389594       0.8059711259750542
     656.3316877918612136       0.9379862959244797
     656.3318879252835814       0.7140565373058556
     656.3320880587058355       0.8604707719306327
     656.3322881921280896       0.8181082064777132
     656.3324883255503437       0.8574158511907500
     656.3326884589727115       0.8264260243437196
     656.3328885923949656       0.8764339936909533
     656.3330887258172197       0.8481188168065322
     656.3332888592394738       0.8587411785820267
     656.3334889926618416       0.9435158783149887
     656.3336891260840957       0.8947296762631846
     656.3338892595063498       0.9726007457588955
     656.3340893929286040       0.9578568183987050
     656.3342895263509718       0.8956857608505627
     656.3344896597732259       0.9480161801015962
     656.3346897931954800       0.9481240038593881
     656.3348899266177341       0.9082218306146325
     656.3350900600401019       0.9807152756674271
     656.3352901934623560       0.9226915098811544
     656.3354903268846101       0.9503447287489560
     656.3356904603068642       0.8486068069029734
     656.3358905937292320       0.8804934782872075
     656.3360907271514861       1.0189921678450404
     656.3362908605737402       0.9966795509628307
     656.3364909939959944       0.9061942983620682
     656.3366911274182485       0.9166937745301253
     656.3368912608406163       0.9292062633717734
     656.3370913942628704       1.0496812990413540
     656.3372915276851245       1.0729312273629339
     656.3374916611073786       0.9204854504308831
     656.3376917945297464       1.0331147379510077
     656.3378919279520005       1.0355380710440665
     656.3380920613742546       0.9697329259738693
     656.3382921947965087       1.0582826929708853
     656.3384923282188765       1.0859863240740562
     656.3386924616411306       1.0252246463036609
     656.3388925950633848       0.9929472699281382
     656.3390927284856389       0.9728652102453574
     656.3392928619080067       0.9606498858723475
     656.3394929953302608       1.0028950610634224
     656.3396931287525149       0.9256493509837631
     656.3398932621747690       1.0117542530247365
     656.3400933955971368       1.0410016300962543
     656.3402935290193909       0.9135169359132606
     656.3404936624416450       0.9304468718767024
     656.3406937958638991       0.9084993783817932
     656.3408939292862669       1.0370134651252680
     656.3410940627085211       0.9685547076865121
     656.3412941961307752       1.0481121459455598
     656.3414943295530293       0.9376130118851006
     656.3416944629753971       0.9569024764409451
     656.3418945963976512       1.0376023090579600
     656.3420947298199053       1.0311888611145141
     656.3422948632421594       0.9927783742594303
     656.3424949966644135       1.0313767600455974
     656.3426951300867813       1.0951932619206279
     656.3428952635090354       0.9729444450925023
     656.3430953969312895       1.0242064121467584
     656.3432955303535437       1.0230800871536347
     656.3434956637759115       0.8927565454503438
     656.3436957971981656       0.8677395744585045
     656.3438959306204197       1.0336114576885898
     656.3440960640426738       1.0441668771283084
     656.3442961974650416       1.0493793489132073
     656.3444963308872957       0.9515456594215741
     656.3446964643095498       1.0298502156260643
     656.3448965977318039       0.9888465983929152
     656.3450967311541717       1.0889774053946395
     656.3452968645764258       0.9921139103273133
     656.3454969979986799       1.0057499970478272
     656.3456971314209341       0.9725478620445950
     656.3458972648433019       1.0978412341660624
     656.3460973982655560       1.0509152037842950
     656.3462975316878101       0.8571566491306472
     656.3464976651100642       1.0877520878950491
     656.3466977985324320       1.0332908169392681
     656.3468979319546861       0.9917563756552037
     656.3470980653769402       0.9752597657631292
     656.3472981987991943       0.9969486608005133
     656.3474983322214484       0.9323289107160176
     656.3476984656438162       0.9590260249111853
     656.3478985990660703       0.9843572405455444
     656.3480987324883245       1.0218088461492458
     656.3482988659105786       0.8878765608545994
     656.3484989993329464       0.8858445929608958
     656.3486991327552005       1.0691087079167922
     656.3488992661774546       0.9772384077421522
     656.3490993995997087       0.9280993629955251
     656.3492995330220765       1.0213099241040187
     656.3494996664443306       1.0026535896629931
     656.3496997998665847       0.9540148916107535
     656.3498999332888388       1.0872595560777443
     656.3501000667112066       0.9656178988697344
     656.3503002001334607       0.9963111842729109
     656.3505003335557149       0.9857298272760640
     656.3507004669779690       0.9929713025153665
     656.3509006004003368       0.9280576000989579
     656.3511007338225909       1.0081819845433979
     656.3513008672448450       0.9734426198697764
     656.3515010006670991       0.9753229340304622
     656.3517011340894669       0.9644966934281586
     656.3519012675117210       0.9709797473416923
     656.3521014009339751       1.0077176239933829
     656.3523015343562292       0.9120207893249467
     656.3525016677785970       0.9275052523292094
     656.3527018012008512       0.9980439612030247
     656.3529019346231053       1.0185928122145711
     656.3531020680453594       1.0418194603307458
     656.3533022014676135       0.9011331840862297
     656.3535023348899813       0.9325408540612339
     656.3537024683122354       0.9616115449228115
     656.3539026017344895       1.0075767372674158
     656.3541027351567436       0.9524215860672195
     656.3543028685791114       0.9654692181363075
     656.3545030020013655       0.9747224389452879
     656.3547031354236196       0.9319519918654778
     656.3549032688458738       1.0565068234952224
     656.3551034022682416       0.9878149813068454
     656.3553035356904957       0.9789206496043866
     656.3555036691127498       0.9559973067577764
     656.3557038025350039       1.0651698111798713
     656.3559039359573717       0.9715340733033503
     656.3561040693796258       0.9531804397348047
     656.3563042028018799       0.9874092470601561
     656.3565043362241340       1.0185920279292846
     656.3567044696465018       1.0464846491685584
     656.3569046030687559       0.9988450516157329
     656.3571047364910100       1.0481756441230945
     656.3573048699132642       1.0661574006035344
     656.3575050033356320       0.9877984216404883
     656.3577051367578861       0.9628064408875993
     656.3579052701801402       1.0304296463712297
     656.3581054036023943       0.9527825713146723
     656.3583055370246484       1.0170250739894642
     656.3585056704470162       0.9661712832743599
     656.3587058038692703       1.0293612834062484
     656.3589059372915244       1.0069663161409346
     656.3591060707137785       0.9993556719853657
     656.3593062041361463       0.9895892189814438
     656.3595063375584004       0.9928517234510849
     656.3597064709806546       1.0205263737588557
     656.3599066044029087       1.0723165497183413
     656.3601067378252765       0.9759421143680548
     656.3603068712475306       0.9369946047663510
     656.3605070046697847       0.9986823300132407
     656.3607071380920388       1.0312875211238779
     656.3609072715144066       0.9932862720452194
     656.3611074049366607       1.0002116270625230
     656.3613075383589148       1.0110827470198249
     656.3615076717811689       0.9539849646389468
     656.3617078052035367       1.0169004257768381
     656.3619079386257908       1.0574621967971316
     656.3621080720480450       0.9890953311696644
     656.3623082054702991       0.9244032278656956
     656.3625083388926669       1.0149067556485531
     656.3627084723149210       0.9720956441015004
     656.3629086057371751       0.9239981546998023
     656.3631087391594292       1.0308912042528391
     656.3633088725817970       1.0866447985172272
     656.3635090060040511       0.9589128196239471
     656.3637091394263052       0.9815332088619471
     656.3639092728485593       0.9543284960091114
     656.3641094062708135       1.0349962562322617
     656.3643095396931813       0.9769585952162743
     656.3645096731154354       1.0397303029894829
     656.3647098065376895       0.9786699004471302
     656.3649099399599436       0.9298230707645416
     656.3651100733823114       0.9892814224585891
     656.3653102068045655       0.9315862059593201
     656.3655103402268196       0.9694493114948273
     656.3657104736490737       0.9894888205453753
     656.3659106070714415       1.0198872070759535
     656.3661107404936956       1.0232635643333197
     656.3663108739159497       0.9867873461917043
     656.3665110073382039       1.0098405396565795
     656.3667111407605717       0.9267148151993752
     656.3669112741828258       0.9810522180050611
     656.3671114076050799       0.8870388641953468
     656.3673115410273340       1.0420129559934139
     656.3675116744497018       0.9490412883460522
     656.3677118078719559       0.9585199765861034
     656.3679119412942100       1.0366952270269394
     656.3681120747164641       0.9973801628220826
     656.3683122081388319       0.9215406253933907
     656.3685123415610860       1.0338578186929226
     656.3687124749833401       1.0360460504889488
     656.3689126084055943       0.9463487491011620
     656.3691127418278484       0.9843346495181322
     656.3693128752502162       0.9431871287524700
     656.3695130086724703       1.0517935529351234
     656.3697131420947244       1.0915528461337090
     656.3699132755169785       0.9123309329152107
     656.3701134089393463       1.0126910181716084
     656.3703135423616004       0.9926110976375639
     656.3705136757838545       0.9543143995106220
     656.3707138092061086       1.1043554469943047
     656.3709139426284764       1.0668845623731613
     656.3711140760507305       1.0036078714765608
     656.3713142094729847       0.9374648928642273
     656.3715143428952388       0.9554996080696583
     656.3717144763176066       0.9808581825345755
     656.3719146097398607       0.9472656883299351
     656.3721147431621148       1.1152132675051689
     656.3723148765843689       0.9624709151685238
     656.3725150100067367       0.9685643501579762
     656.3727151434289908       0.9703114274889231
     656.3729152768512449       1.0996680930256844
     656.3731154102734990       0.9852956384420395
     656.3733155436958668       0.9463190026581287
     656.3735156771181209       1.0124434204772115
     656.3737158105403751       1.1188164129853249
     656.3739159439626292       0.9870563149452209
     656.3741160773849970       1.0593852177262306
     656.3743162108072511       1.0036917955148965
     656.3745163442295052       0.9179610460996628
     656.3747164776517593       0.9299504235386848
     656.3749166110740134       1.0059747141785920
     656.3751167444963812       0.9580536223948002
     656.3753168779186353       0.9847565591335297
     656.3755170113408894       0.9787954166531563
     656.3757171447631436       0.9994156982284039
     656.3759172781855113       1.0325745455920696
     656.3761174116077655       1.0150925517082214
     656.3763175450300196       1.0452427230775356
     656.3765176784522737       0.9839980695396662
     656.3767178118746415       1.0557827837765217
     656.3769179452968956       0.9438748471438885
     656.3771180787191497       0.9675078801810741
     656.3773182121414038       1.0014414994511753
     656.3775183455637716       0.9479590356349945
     656.3777184789860257       0.9856290994212031
     656.3779186124082798       1.0477221012115479
     656.3781187458305340       0.9243365600705147
     656.3783188792529018       1.0655337274074554
     656.3785190126751559       1.0536027662456036
     656.3787191460974100       1.0085926903411746
     656.3789192795196641       1.0369567759335041
     656.3791194129420319       1.0830268189311028
     656.3793195463642860       1.0642486959695816
     656.3795196797865401       0.9239029511809349
     656.3797198132087942       0.9511857107281685
     656.3799199466311620       0.9235330149531364
     656.3801200800534161       0.9812824297696352
     656.3803202134756702       0.9633427150547504
     656.3805203468979244       1.0614399909973145
     656.3807204803201785       1.0785154402256012
     656.3809206137425463       1.0437568537890911
     656.3811207471648004       1.0251448955386877
     656.3813208805870545       0.9756048675626516
     656.3815210140093086       0.9133537411689758
     656.3817211474316764       0.9615783467888832
     656.3819212808539305       1.0499014295637608
     656.3821214142761846       1.0310518722981215
     656.3823215476984387       0.9367973580956459
     656.3825216811208065       0.9961397710721940
     656.3827218145430606       0.9590963907539845
     656.3829219479653148       1.0424048341810703
     656.3831220813875689       0.9511056765913963
     656.3833222148099367       1.0380681529641151
     656.3835223482321908       0.9721452835947275
     656.3837224816544449       1.0083558922633529
     656.3839226150766990       0.9419188201427460
     656.3841227484990668       1.0447313562035561
     656.3843228819213209       0.9902497464790940
     656.3845230153435750       0.9520864970982075
     656.3847231487658291       0.9309981837868690
     656.3849232821881969       0.9965568112675101
     656.3851234156104510       0.9799901191145182
     656.3853235490327052       1.1082490086555481
     656.3855236824549593       0.9432985410094261
     656.3857238158772134       0.9681762680411339
     656.3859239492995812       0.9959035613574088
     656.3861240827218353       0.9787608552724123
     656.3863242161440894       0.9392839260399342
     656.3865243495663435       0.9830561913549900
     656.3867244829887113       1.0923390612006187
     656.3869246164109654       1.1383330523967743
     656.3871247498332195       1.0421120859682560
     656.3873248832554737       0.9722310174256563
     656.3875250166778414       0.9313118681311607
     656.3877251501000956       0.9624704755842686
     656.3879252835223497       0.9322604835033417
     656.3881254169446038       1.0807024464011192
     656.3883255503669716       0.9290027692914009
     656.3885256837892257       1.0611962042748928
     656.3887258172114798       0.9209498837590218
     656.3889259506337339       1.0220223758369684
     656.3891260840561017       0.9605139419436455
     656.3893262174783558       1.0050782361067832
     656.3895263509006099       0.9801318738609552
     656.3897264843228641       0.9453899860382080
     656.3899266177452319       0.9558506458997726
     656.3901267511674860       0.9197891652584076
     656.3903268845897401       1.0204702131450176
     656.3905270180119942       1.0055376775562763
     656.3907271514343620       1.0194981303066015
     656.3909272848566161       0.8950270041823387
     656.3911274182788702       0.9493708796799183
     656.3913275517011243       1.0166989471763372
     656.3915276851233784       0.9416726157069206
     656.3917278185457462       0.9503755010664463
     656.3919279519680003       0.9413152039051056
     656.3921280853902545       0.9866307983174920
     656.3923282188125086       1.0528528057038784
     656.3925283522348764       1.1201986670494080
     656.3927284856571305       0.9807112365961075
     656.3929286190793846       0.9769217632710934
     656.3931287525016387       0.9921600855886936
     656.3933288859240065       0.9496879763901234
     656.3935290193462606       1.0412589609622955
     656.3937291527685147       1.0676650106906891
     656.3939292861907688       1.0546244382858276
     656.3941294196131366       0.8805347904562950
     656.3943295530353907       0.9370805397629738
     656.3945296864576449       0.9831993971019983
     656.3947298198798990       0.9630905613303185
     656.3949299533022668       0.9373716339468956
     656.3951300867245209       1.0362243726849556
     656.3953302201467750       1.0058965040370822
     656.3955303535690291       1.0430420264601707
     656.3957304869913969       0.9578689374029636
     656.3959306204136510       0.9749691579490900
     656.3961307538359051       0.9914097711443901
     656.3963308872581592       1.0344038493931293
     656.3965310206804133       1.0169155001640320
     656.3967311541027811       0.9805320352315903
     656.3969312875250353       0.8902274817228317
     656.3971314209472894       1.0407625287771225
     656.3973315543695435       0.9950517332181334
     656.3975316877919113       1.0504318438470364
     656.3977318212141654       0.9921908862888813
     656.3979319546364195       1.0297549404203892
     656.3981320880586736       1.0283523090183735
     656.3983322214810414       0.9686036147177219
     656.3985323549032955       0.9556013494729996
     656.3987324883255496       0.9567558728158474
     656.3989326217478038       1.0102270580828190
     656.3991327551701715       1.0963004231452942
     656.3993328885924257       1.0492354407906532
     656.3995330220146798       1.0121269235387444
     656.3997331554369339       1.0720810964703560
     656.3999332888593017       0.9697292838245630
     656.4001334222815558       0.9264115169644356
     656.4003335557038099       0.9516862072050571
     656.4005336891260640       1.0087898811325431
     656.4007338225484318       0.9774100054055452
     656.4009339559706859       0.9851634930819273
     656.4011340893929400       1.0679020360112190
     656.4013342228151942       1.0009327310253866
     656.4015343562375620       0.9913498954847455
     656.4017344896598161       1.0292465742677450
     656.4019346230820702       1.0521653890609741
     656.4021347565043243       0.9763281960040331
     656.4023348899265784       1.0821290910243988
     656.4025350233489462       1.0534556396305561
     656.4027351567712003       1.0219768453389406
     656.4029352901934544       0.9638205319643021
     656.4031354236157085       1.0636434704065323
     656.4033355570380763       1.1288482397794724
     656.4035356904603304       0.9632587172091007
     656.4037358238825846       0.9049619510769844
     656.4039359573048387       0.9719464499503374
     656.4041360907272065       0.9971268675290048
     656.4043362241494606       0.9598337151110172
     656.4045363575717147       0.9530466385185719
     656.4047364909939688       1.0717441365122795
     656.4049366244163366       1.0215932559221983
     656.4051367578385907       1.0127539215609431
     656.4053368912608448       0.9301936924457550
     656.4055370246830989       1.0835231393575668
     656.4057371581054667       0.9225948229432106
     656.4059372915277208       1.0098327267915010
     656.4061374249499750       0.9533086456358433
     656.4063375583722291       0.9801224023103714
     656.4065376917945969       0.9144716337323189
     656.4067378252168510       1.0938130319118500
     656.4069379586391051       1.0824825912714005
     656.4071380920613592       0.9453328251838684
     656.4073382254836133       1.0029275026172400
     656.4075383589059811       1.0278579927980900
     656.4077384923282352       1.0102395825088024
     656.4079386257504893       0.9210458546876907
     656.4081387591727434       1.0403885841369629
     656.4083388925951112       0.9847795069217682
     656.4085390260173654       1.1030158400535583
     656.4087391594396195       0.9719564728438854
     656.4089392928618736       1.0156462024897337
     656.4091394262842414       1.0499828942120075
     656.4093395597064955       0.9756557345390320
     656.4095396931287496       0.9908232763409615
     656.4097398265510037       1.0549428649246693
     656.4099399599733715       1.0128376008942723
     656.4101400933956256       1.0140396924689412
     656.4103402268178797       0.9777794871479273
     656.4105403602401339       1.0128117101266980
     656.4107404936625016       1.0052172639407218
     656.4109406270847558       0.9657369777560234
     656.4111407605070099       1.0046612219884992
     656.4113408939292640       1.0042138765566051
     656.4115410273516318       1.0206243675202131
     656.4117411607738859       1.0337836556136608
     656.4119412941961400       0.9360631704330444
     656.4121414276183941       1.0318412967026234
     656.4123415610407619       0.9589039757847786
     656.4125416944630160       0.8862867429852486
     656.4127418278852701       1.0361164994537830
     656.4129419613075243       1.0024643230717629
     656.4131420947297784       0.9816858693957329
     656.4133422281521462       1.0192231629043818
     656.4135423615744003       0.9440376050770283
     656.4137424949966544       0.9951491001993418
     656.4139426284189085       0.9708466622978449
     656.4141427618412763       1.0461886189877987
     656.4143428952635304       0.9372128099203110
     656.4145430286857845       1.0431250743567944
     656.4147431621080386       0.9988970189588144
     656.4149432955304064       0.9735609646886587
     656.4151434289526605       1.0432490743696690
     656.4153435623749147       1.0581508465111256
     656.4155436957971688       1.0150448828935623
     656.4157438292195366       0.9617250747978687
     656.4159439626417907       1.0142558561637998
     656.4161440960640448       1.0134103195741773
     656.4163442294862989       0.9936882941983640
     656.4165443629086667       0.9644000530242920
     656.4167444963309208       1.0529563799500465
     656.4169446297531749       0.8294945061206818
     656.4171447631754290       1.0803419426083565
     656.4173448965977968       0.9114383086562157
     656.4175450300200509       0.9139916598796844
     656.4177451634423051       0.9615826830267906
     656.4179452968645592       0.9750963393598795
     656.4181454302869270       0.9177758619189262
     656.4183455637091811       0.9359695017337799
     656.4185456971314352       1.0865937098860741
     656.4187458305536893       0.9654405005276203
     656.4189459639759434       0.9965097792446613
     656.4191460973983112       1.0444256439805031
     656.4193462308205653       0.9606694132089615
     656.4195463642428194       1.0159297399222851
     656.4197464976650735       1.0350720137357712
     656.4199466310874413       0.8627480417490005
     656.4201467645096955       0.9779336638748646
     656.4203468979319496       0.9268582537770271
     656.4205470313542037       0.9571157135069370
     656.4207471647765715       0.9755932260304689
     656.4209472981988256       0.9666269086301327
     656.4211474316210797       0.9494947120547295
     656.4213475650433338       1.0534091368317604
     656.4215476984657016       0.9573431350290775
     656.4217478318879557       1.0818003863096237
     656.4219479653102098       0.9847024064511061
     656.4221480987324640       1.0164242070168257
     656.4223482321548317       1.0966127142310143
     656.4225483655770859       0.9249183014035225
     656.4227484989993400       0.9627095684409142
     656.4229486324215941       0.9507453516125679
     656.4231487658439619       0.9389030523598194
     656.4233488992662160       0.9669218547642231
     656.4235490326884701       1.0372057221829891
     656.4237491661107242       0.9042092785239220
     656.4239492995329783       0.9564731158316135
     656.4241494329553461       0.9599626734852791
     656.4243495663776002       0.9936254476197064
     656.4245496997998544       1.0113979559391737
     656.4247498332221085       0.9699927885085344
     656.4249499666444763       1.0371565967798233
     656.4251501000667304       0.9564348198473454
     656.4253502334889845       0.9708885215222836
     656.4255503669112386       0.9845824586227536
     656.4257505003336064       0.9490787424147129
     656.4259506337558605       0.9581448771059513
     656.4261507671781146       0.9662105552852154
     656.4263509006003687       0.9826294276863337
     656.4265510340227365       1.0535634420812130
     656.4267511674449906       0.9870040742680430
     656.4269513008672448       1.0166185833513737
     656.4271514342894989       1.0014611380174756
     656.4273515677118667       0.9255522117018700
     656.4275517011341208       1.0550727061927319
     656.4277518345563749       1.0761295184493065
     656.4279519679786290       0.9770509377121925
     656.4281521014009968       0.9555872343480587
     656.4283522348232509       0.9692101925611496
     656.4285523682455050       1.0238491166383028
     656.4287525016677591       0.9721981287002563
     656.4289526350901269       1.0477129928767681
     656.4291527685123810       1.0261025074869394
     656.4293529019346352       1.0751309245824814
     656.4295530353568893       1.1097604632377625
     656.4297531687791434       1.0837074965238571
     656.4299533022015112       0.9585911072790623
     656.4301534356237653       0.9725189302116632
     656.4303535690460194       0.9478378519415855
     656.4305537024682735       1.0479773394763470
     656.4307538358906413       1.0323597565293312
     656.4309539693128954       1.0513509474694729
     656.4311541027351495       0.9761944338679314
     656.4313542361574036       1.0408201292157173
     656.4315543695797714       0.9020645245909691
     656.4317545030020256       0.9547342248260975
     656.4319546364242797       1.0588648095726967
     656.4321547698465338       1.0017190447542816
     656.4323549032689016       0.9958286182954907
     656.4325550366911557       0.9229066148400307
     656.4327551701134098       0.9579291678965092
     656.4329553035356639       1.0169507768005133
     656.4331554369580317       0.9628380686044693
     656.4333555703802858       1.0048779561184347
     656.4335557038025399       0.9983414536109194
     656.4337558372247940       0.9004363790154457
     656.4339559706471618       1.0103298267349601
     656.4341561040694160       0.9871691269800067
     656.4343562374916701       0.9347270876169205
     656.4345563709139242       1.0406063720583916
     656.4347565043361783       0.9792792666703463
     656.4349566377585461       1.0404747016727924
     656.4351567711808002       0.9843978267163038
     656.4353569046030543       0.9737173579633236
     656.4355570380253084       1.0389961563050747
     656.4357571714476762       1.0501233711838722
     656.4359573048699303       1.1013307571411133
     656.4361574382921845       1.0429774262011051
     656.4363575717144386       1.0398705452680588
     656.4365577051368064       1.0244676377624273
     656.4367578385590605       0.9186039716005325
     656.4369579719813146       0.9826040137559175
     656.4371581054035687       1.0064086676575243
     656.4373582388259365       0.9681155085563660
     656.4375583722481906       1.0317228622734547
     656.4377585056704447       1.0433957688510418
     656.4379586390926988       0.9934017062187195
     656.4381587725150666       1.0259599145501852
     656.4383589059373207       0.9443343989551067
     656.4385590393595749       0.9419418312609196
     656.4387591727818290       1.0020331989508122
     656.4389593062041968       1.0065530762076378
     656.4391594396264509       0.9653393886983395
     656.4393595730487050       0.9542597383260727
     656.4395597064709591       0.8928210809826851
     656.4397598398933269       1.0134678306058049
     656.4399599733155810       0.9599803611636162
     656.4401601067378351       0.9753977004438639
     656.4403602401600892       1.0134746944531798
     656.4405603735823433       1.0124403266236186
     656.4407605070047111       1.0544836707413197
     656.4409606404269653       1.0504727438092232
     656.4411607738492194       1.1012732163071632
     656.4413609072714735       0.9530310928821564
     656.4415610406938413       0.9823654349893332
     656.4417611741160954       0.9555237852036953
     656.4419613075383495       1.0139259519055486
     656.4421614409606036       0.9934348803944886
     656.4423615743829714       1.1406914889812469
     656.4425617078052255       0.9637446142733097
     656.4427618412274796       0.9299571439623833
     656.4429619746497337       0.9741443097591400
     656.4431621080721015       0.9882699009031057
     656.4433622414943557       1.0781005695462227
     656.4435623749166098       1.0017057538498193
     656.4437625083388639       1.0117959557101130
     656.4439626417612317       1.0407216213643551
     656.4441627751834858       1.0058372910134494
     656.4443629086057399       0.9506435617804527
     656.4445630420279940       0.9772872645407915
     656.4447631754503618       1.0789674744009972
     656.4449633088726159       0.9938409128226340
     656.4451634422948700       1.0235343165695667
     656.4453635757171241       1.0362241640686989
     656.4455637091393783       0.9392205886542797
     656.4457638425617461       1.0154306218028069
     656.4459639759840002       0.9380725808441639
     656.4461641094062543       1.0150774391368032
     656.4463642428285084       0.9678281582891941
     656.4465643762508762       0.9895012555643916
     656.4467645096731303       0.9716282729059458
     656.4469646430953844       1.0090069528669119
     656.4471647765176385       0.9293361380696297
     656.4473649099400063       0.9912501359358430
     656.4475650433622604       1.0494308657944202
     656.4477651767845146       1.0102664772421122
     656.4479653102067687       1.0716805011034012
     656.4481654436291365       0.9720744695514441
     656.4483655770513906       1.0495153106749058
     656.4485657104736447       1.0066765584051609
     656.4487658438958988       0.9467519819736481
     656.4489659773182666       1.0220327246934175
     656.4491661107405207       1.0546867065131664
     656.4493662441627748       0.9696668703109026
     656.4495663775850289       1.0002341416256968
     656.4497665110073967       1.0307964626699686
     656.4499666444296508       0.9465608000755310
     656.4501667778519050       0.9779166970402002
     656.4503669112741591       0.9592038467526436
     656.4505670446965269       0.9393396116793156
     656.4507671781187810       1.0318395085632801
     656.4509673115410351       1.0407408103346825
     656.4511674449632892       0.9340158104896545
     656.4513675783855433       1.0152027951553464
     656.4515677118079111       0.9208738356828690
     656.4517678452301652       0.9585290998220444
     656.4519679786524193       1.0706543400883675
     656.4521681120746734       1.0429433807730675
     656.4523682454970412       0.9719824902713299
     656.4525683789192954       0.9605252519249916
     656.4527685123415495       1.0581699125468731
     656.4529686457638036       0.9222623109817505
     656.4531687791861714       0.9751167818903923
     656.4533689126084255       1.0762992501258850
     656.4535690460306796       1.0417027994990349
     656.4537691794529337       0.8910736516118050
     656.4539693128753015       0.9015570580959320
     656.4541694462975556       1.0528397373855114
     656.4543695797198097       0.9771037288010120
     656.4545697131420638       1.0733669921755791
     656.4547698465644316       1.0289265494793653
     656.4549699799866858       1.0018343891715631
     656.4551701134089399       0.9857579255476594
     656.4553702468311940       1.0392446517944336
     656.4555703802535618       1.0321382731199265
     656.4557705136758159       0.9857245208695531
     656.4559706470980700       1.0397289767861366
     656.4561707805203241       0.9635800458490849
     656.4563709139425782       1.0408730320632458
     656.4565710473649460       1.0049866433255374
     656.4567711807872001       0.9267295002937317
     656.4569713142094542       0.9915239037945867
     656.4571714476317084       1.0076866894960403
     656.4573715810540762       1.0169932898133993
     656.4575717144763303       1.0688602402806282
     656.4577718478985844       1.0096370279788971
     656.4579719813208385       0.9224754720926285
     656.4581721147432063       1.0532885156571865
     656.4583722481654604       1.0651103183627129
     656.4585723815877145       1.0188611056655645
     656.4587725150099686       0.9057561755180359
     656.4589726484323364       0.9997308477177285
     656.4591727818545905       0.9447162635624409
     656.4593729152768447       0.9559084922075272
     656.4595730486990988       1.0020721424371004
     656.4597731821214666       0.9684737659990788
     656.4599733155437207       0.9741561133414507
     656.4601734489659748       1.0376884415745735
     656.4603735823882289       0.9903227901086211
     656.4605737158105967       1.0670204386115074
     656.4607738492328508       1.0691087692975998
     656.4609739826551049       1.1415446102619171
     656.4611741160773590       0.9844610616564751
     656.4613742494997268       0.9200281798839569
     656.4615743829219809       1.0543313436210155
     656.4617745163442351       0.9745085109025240
     656.4619746497664892       1.0057911616750062
     656.4621747831887433       0.9533756077289581
     656.4623749166111111       0.9910087827593088
     656.4625750500333652       0.9947690642438829
     656.4627751834556193       0.9613342881202698
     656.4629753168778734       0.9596242010593414
     656.4631754503002412       1.0354464910924435
     656.4633755837224953       1.0183878224343061
     656.4635757171447494       0.9470985159277916
     656.4637758505670035       0.8998907804489136
     656.4639759839893713       0.9439332000911236
     656.4641761174116255       1.0760882049798965
     656.4643762508338796       0.9752748329192400
     656.4645763842561337       0.9891931237652898
     656.4647765176785015       1.0506435409188271
     656.4649766511007556       1.0065439366735518
     656.4651767845230097       0.9964873970020562
     656.4653769179452638       1.0281029324978590
     656.4655770513676316       0.9311481192708015
     656.4657771847898857       0.9271273687481880
     656.4659773182121398       1.0268656816333532
     656.4661774516343939       1.0365556441247463
     656.4663775850567617       0.9990963084273972
     656.4665777184790159       0.9770736973732710
     656.4667778519012700       1.0070463153533638
     656.4669779853235241       1.0383739732205868
     656.4671781187458919       0.9725004751235247
     656.4673782521681460       1.0049257338978350
     656.4675783855904001       0.9769728220999241
     656.4677785190126542       0.9813679680228233
     656.4679786524349083       0.9257591515779495
     656.4681787858572761       0.9680556394159794
     656.4683789192795302       0.9919348526746035
     656.4685790527017843       1.0092193055897951
     656.4687791861240385       1.0119690801948309
     656.4689793195464063       0.9207547456026077
     656.4691794529686604       0.9904606807976961
     656.4693795863909145       1.0324612781405449
     656.4695797198131686       1.0472620390355587
     656.4697798532355364       1.0053019113838673
     656.4699799866577905       0.9744808040559292
     656.4701801200800446       1.0208073873072863
     656.4703802535022987       0.9776980653405190
     656.4705803869246665       0.9981307164998725
     656.4707805203469206       1.0819119140505791
     656.4709806537691748       1.0101782772690058
     656.4711807871914289       0.9973016153089702
     656.4713809206137967       0.9921806510537863
     656.4715810540360508       0.9863606067374349
     656.4717811874583049       1.0203848369419575
     656.4719813208805590       1.0818101838231087
     656.4721814543029268       1.0286675449460745
     656.4723815877251809       0.9904133854433894
     656.4725817211474350       1.0820622593164444
     656.4727818545696891       1.0123868864029646
     656.4729819879919432       1.0693739578127861
     656.4731821214143110       0.9435298070311546
     656.4733822548365652       0.9600212872028351
     656.4735823882588193       1.0288851745426655
     656.4737825216810734       1.0511637218296528
     656.4739826551034412       1.0511007905006409
     656.4741827885256953       1.0165773779153824
     656.4743829219479494       1.0129800811409950
     656.4745830553702035       1.0016556667396799
     656.4747831887925713       1.1119587197899818
     656.4749833222148254       0.9925664043985307
     656.4751834556370795       0.9737917985767126
     656.4753835890593336       0.9514459893107414
     656.4755837224817014       1.0361116901040077
     656.4757838559039556       1.0924242436885834
     656.4759839893262097       0.9531856067478657
     656.4761841227484638       0.9153019040822983
     656.4763842561708316       1.0455787926912308
     656.4765843895930857       1.0347336977720261
     656.4767845230153398       0.9928404600359499
     656.4769846564375939       0.9059222936630249
     656.4771847898599617       0.9362226203083992
     656.4773849232822158       0.9393426179885864
     656.4775850567044699       0.9845269694924355
     656.4777851901267240       0.9515754505991936
     656.4779853235490918       1.0002071683557006
     656.4781854569713460       1.0692570656538010
     656.4783855903936001       0.9646751470863819
     656.4785857238158542       1.0021839251276106
     656.4787858572381083       0.9883041949942708
     656.4789859906604761       1.0031253085471690
     656.4791861240827302       0.9773001689463854
     656.4793862575049843       1.0080917840823531
     656.4795863909272384       0.9585822299122810
     656.4797865243496062       1.0344506055116653
     656.4799866577718603       1.0231905300170183
     656.4801867911941144       1.0614443980157375
     656.4803869246163686       0.9043219462037086
     656.4805870580387364       1.0330454669892788
     656.4807871914609905       0.9879532530903816
     656.4809873248832446       1.0542921014130116
     656.4811874583054987       0.8639250844717026
     656.4813875917278665       1.0679186135530472
     656.4815877251501206       1.0124359633773565
     656.4817878585723747       0.9521407969295979
     656.4819879919946288       0.9707534071058035
     656.4821881254169966       0.9537670984864235
     656.4823882588392507       1.0616854391992092
     656.4825883922615049       0.9687464050948620
     656.4827885256837590       1.0617519691586494
     656.4829886591061268       0.9584209285676479
     656.4831887925283809       1.0521838553249836
     656.4833889259506350       0.9802795555442572
     656.4835890593728891       1.0273978263139725
     656.4837891927951432       1.0398290008306503
     656.4839893262175110       1.0129084903746843
     656.4841894596397651       1.0076235756278038
     656.4843895930620192       1.0458458997309208
     656.4845897264842733       1.0032123599667102
     656.4847898599066411       0.9993200564640574
     656.4849899933288953       0.9899301584810019
     656.4851901267511494       0.9993570121587254
     656.4853902601734035       1.1261951029300690
     656.4855903935957713       1.0264064073562622
     656.4857905270180254       1.0472797043621540
     656.4859906604402795       0.9416532628238201
     656.4861907938625336       1.0142376767471433
     656.4863909272849014       0.9436522014439106
     656.4865910607071555       0.9615692123770714
     656.4867911941294096       0.9926403267309070
     656.4869913275516637       0.9467839710414410
     656.4871914609740315       0.9000547379255295
     656.4873915943962857       1.0357439033687115
     656.4875917278185398       0.8324139267206192
     656.4877918612407939       0.9868367044255137
     656.4879919946631617       0.9884352721273899
     656.4881921280854158       1.0087802028283477
     656.4883922615076699       1.0202071052044630
     656.4885923949299240       0.9548698104918003
     656.4887925283522918       0.9576694853603840
     656.4889926617745459       1.0993948355317116
     656.4891927951968000       1.1177060604095459
     656.4893929286190541       1.0275522153824568
     656.4895930620413083       1.0161846634000540
     656.4897931954636761       1.0773210078477859
     656.4899933288859302       1.0024330986198038
     656.4901934623081843       1.0278467833995819
     656.4903935957304384       0.9347051158547401
     656.4905937291528062       1.0199050400406122
     656.4907938625750603       1.0517813265323639
     656.4909939959973144       0.9394910261034966
     656.4911941294195685       0.9539646022021770
     656.4913942628419363       1.0356787554919720
     656.4915943962641904       0.9927001362666488
     656.4917945296864445       1.0639901980757713
     656.4919946631086987       1.0566196702420712
     656.4921947965310665       0.9667585529386997
     656.4923949299533206       0.9958539125509560
     656.4925950633755747       1.0504220314323902
     656.4927951967978288       0.9710980895906687
     656.4929953302201966       1.0382930748164654
     656.4931954636424507       0.9904941050335765
     656.4933955970647048       0.9698220491409302
     656.4935957304869589       0.8706233650445938
     656.4937958639093267       1.0905638858675957
     656.4939959973315808       1.0122784702107310
     656.4941961307538350       0.9050758108496666
     656.4943962641760891       1.0026003860402852
     656.4945963975983432       0.9469067342579365
     656.4947965310207110       1.0487909391522408
     656.4949966644429651       0.9936409196816385
     656.4951967978652192       1.0147232590243220
     656.4953969312874733       0.9617342427372932
     656.4955970647098411       1.0614039003849030
     656.4957971981320952       0.9641369841992855
     656.4959973315543493       0.9797264207154512
     656.4961974649766034       0.8984365686774254
     656.4963975983989712       0.9436975754797459
     656.4965977318212254       1.0955185815691948
     656.4967978652434795       1.1050918325781822
     656.4969979986657336       1.0152636989951134
     656.4971981320881014       1.0437127873301506
     656.4973982655103555       1.0735218301415443
     656.4975983989326096       1.0542744882404804
     656.4977985323548637       0.9852823019027710
     656.4979986657772315       0.9080357924103737
     656.4981987991994856       1.0560864880681038
     656.4983989326217397       1.0494433119893074
     656.4985990660439938       0.9254585579037666
     656.4987991994663616       0.8933661580085754
     656.4989993328886158       0.9652275852859020
     656.4991994663108699       0.9769668430089951
     656.4993995997331240       1.1140838488936424
     656.4995997331554918       0.9943373459391296
     656.4997998665777459       0.9108256027102470
     656.5000000000000000       1.0153730316087604
