     656.2000000000000455       1.0063979565165937
     656.2002001334222996       0.9791918862611055
     656.2004002668445537       1.0325679294764996
     656.2006004002669215       0.9632986225187778
     656.2008005336891756       0.9870902132242918
     656.2010006671114297       0.9460987634956837
     656.2012008005336838       1.0587014518678188
     656.2014009339560516       0.9998429458064493
     656.2016010673783057       0.9752134233713150
     656.2018012008005599       1.0416571423411369
     656.2020013342228140       1.0363102778792381
     656.2022014676451818       1.0008543193689547
     656.2024016010674359       0.9075639471411705
     656.2026017344896900       0.9330220296978951
     656.2028018679119441       0.8668572008609772
     656.2030020013343119       0.9620057530701160
     656.2032021347565660       0.9598508141934872
     656.2034022681788201       1.0753776207566261
     656.2036024016010742       1.0714939683675766
     656.2038025350234420       1.0628580003976822
     656.2040026684456961       1.1073593422770500
     656.2042028018679503       0.9507296346127987
     656.2044029352902044       0.9963383283466101
     656.2046030687125722       1.0434480011463165
     656.2048032021348263       0.9855319363996387
     656.2050033355570804       0.8904346823692322
     656.2052034689793345       0.9848027005791664
     656.2054036024017023       0.9828177709132433
     656.2056037358239564       1.0624048486351967
     656.2058038692462105       1.0742904171347618
     656.2060040026684646       1.0604656636714935
     656.2062041360907187       1.0018149383831769
     656.2064042695130865       1.0352528505027294
     656.2066044029353407       1.0014329495606944
     656.2068045363575948       1.0389214791357517
     656.2070046697798489       0.9754992052912712
     656.2072048032022167       1.0136632891371846
     656.2074049366244708       1.0223102029412985
     656.2076050700467249       1.0534811131656170
     656.2078052034689790       0.9568720795214176
     656.2080053368913468       0.9871579287573695
     656.2082054703136009       1.0449616573750973
     656.2084056037358550       0.9572152383625507
     656.2086057371581092       1.0607300475239754
     656.2088058705804769       0.9226273596286774
     656.2090060040027311       0.9774600639939308
     656.2092061374249852       1.0842460095882416
     656.2094062708472393       1.0091693596914411
     656.2096064042696071       0.9991955304285511
     656.2098065376918612       0.9284435361623764
     656.2100066711141153       0.8815643861889839
     656.2102068045363694       1.0063391285948455
     656.2104069379587372       0.9690852314233780
     656.2106070713809913       1.0908144861459732
     656.2108072048032454       0.9600037559866905
     656.2110073382254996       1.0028061538469046
     656.2112074716477537       0.9807657580822706
     656.2114076050701215       1.0216177050024271
     656.2116077384923756       1.0011256199795753
     656.2118078719146297       0.9671721681952477
     656.2120080053368838       0.9673918224871159
     656.2122081387592516       0.9754182826727629
     656.2124082721815057       0.9926056838594377
     656.2126084056037598       1.0687254965305328
     656.2128085390260139       1.0129221668466926
     656.2130086724483817       1.0085966149345040
     656.2132088058706358       0.9875637646764517
     656.2134089392928900       0.9795987736433744
     656.2136090727151441       1.0822098776698112
     656.2138092061375119       1.0159221850335598
     656.2140093395597660       0.9863746771588922
     656.2142094729820201       1.0254375617951155
     656.2144096064042742       0.9755546301603317
     656.2146097398266420       0.9532845802605152
     656.2148098732488961       1.0420222841203213
     656.2150100066711502       1.0349673889577389
     656.2152101400934043       1.1754135936498642
     656.2154102735157721       1.0116900568827987
     656.2156104069380262       0.9485506527125835
     656.2158105403602804       1.0853263959288597
     656.2160106737825345       0.9708328414708376
     656.2162108072049023       0.9812831543385983
     656.2164109406271564       1.0094683961942792
     656.2166110740494105       0.9347930550575256
     656.2168112074716646       0.9864859590306878
     656.2170113408939187       1.0261810701340437
     656.2172114743162865       1.0050927628763020
     656.2174116077385406       1.0369562394917011
     656.2176117411607947       0.9402167201042175
     656.2178118745830488       1.0923643931746483
     656.2180120080054166       1.0195203833281994
     656.2182121414276708       0.9400081634521484
     656.2184122748499249       1.0202828608453274
     656.2186124082721790       1.0631690546870232
     656.2188125416945468       1.0834853649139404
     656.2190126751168009       1.1644304841756821
     656.2192128085390550       0.9986002496443689
     656.2194129419613091       0.9902426460757852
     656.2196130753836769       0.9444733671844006
     656.2198132088059310       0.9719298351556063
     656.2200133422281851       0.9595676064491272
     656.2202134756504392       0.9376367926597595
     656.2204136090728070       0.9282248914241791
     656.2206137424950612       1.0562458634376526
     656.2208138759173153       0.9553620293736458
     656.2210140093395694       1.0150992376729846
     656.2212141427619372       1.0409286729991436
     656.2214142761841913       0.9802142921835184
     656.2216144096064454       0.9806549381464720
     656.2218145430286995       1.0097272694110870
     656.2220146764509536       1.0455173067748547
     656.2222148098733214       1.0825049057602882
     656.2224149432955755       0.9468253776431084
     656.2226150767178297       0.9206133335828781
     656.2228152101400838       1.0547940433025360
     656.2230153435624516       1.0054812547750771
     656.2232154769847057       0.9380675069987774
     656.2234156104069598       0.9977072936017066
     656.2236157438292139       0.9721927214413881
     656.2238158772515817       0.9924643826670945
     656.2240160106738358       1.0065437792800367
     656.2242161440960899       0.9606984443962574
     656.2244162775183440       1.0352562181651592
     656.2246164109407118       1.0462853871285915
     656.2248165443629659       0.9429429471492767
     656.2250166777852201       1.0459909141063690
     656.2252168112074742       0.9226574301719666
     656.2254169446298420       1.0250567793846130
     656.2256170780520961       1.0330493561923504
     656.2258172114743502       1.0983818694949150
     656.2260173448966043       1.1070403233170509
     656.2262174783189721       1.0151282399892807
     656.2264176117412262       0.9369539991021156
     656.2266177451634803       0.9415516071021557
     656.2268178785857344       0.9818608146160841
     656.2270180120081022       0.9981208806857467
     656.2272181454303563       1.0511578433215618
     656.2274182788526105       0.9564671181142330
     656.2276184122748646       1.0504784248769283
     656.2278185456971187       0.9860451575368643
     656.2280186791194865       1.0792605504393578
     656.2282188125417406       0.9767892807722092
     656.2284189459639947       1.1159885898232460
     656.2286190793862488       1.0164965726435184
     656.2288192128086166       0.9827025383710861
     656.2290193462308707       1.0053773871622980
     656.2292194796531248       0.9507799744606018
     656.2294196130753789       1.0167780462652445
     656.2296197464977467       0.9082561507821083
     656.2298198799200009       1.0832660049200058
     656.2300200133422550       1.0568201355636120
     656.2302201467645091       0.9485820531845093
     656.2304202801868769       0.9392247125506401
     656.2306204136091310       1.0113550303503871
     656.2308205470313851       1.0895099416375160
     656.2310206804536392       1.0175743494182825
     656.2312208138760070       1.0074378172867000
     656.2314209472982611       0.9938278477638960
     656.2316210807205152       0.9555296003818512
     656.2318212141427693       1.0043423590250313
     656.2320213475651371       1.0422778837382793
     656.2322214809873913       0.9632000923156738
     656.2324216144096454       1.0093921581283212
     656.2326217478318995       1.0757787153124809
     656.2328218812541536       1.0109953768551350
     656.2330220146765214       1.0086538931354880
     656.2332221480987755       0.9916456220671535
     656.2334222815210296       1.0002559236891102
     656.2336224149432837       1.0688014551997185
     656.2338225483656515       1.0721056684851646
     656.2340226817879056       0.9550220184028149
     656.2342228152101598       1.0461266003549099
     656.2344229486324139       1.0681219995021820
     656.2346230820547817       1.0814676657319069
     656.2348232154770358       1.0257271081209183
     656.2350233488992899       1.0341269038617611
     656.2352234823215440       0.9140105918049812
     656.2354236157439118       0.9180328622460365
     656.2356237491661659       1.1179608479142189
     656.2358238825884200       1.0343567095696926
     656.2360240160106741       0.9644606150686741
     656.2362241494330419       1.0481760315597057
     656.2364242828552960       1.0516728833317757
     656.2366244162775502       1.0761200711131096
     656.2368245496998043       0.9662405215203762
     656.2370246831221721       0.9880128391087055
     656.2372248165444262       1.0314997807145119
     656.2374249499666803       1.0845135077834129
     656.2376250833889344       0.9523908197879791
     656.2378252168113022       1.0462352000176907
     656.2380253502335563       1.0557112768292427
     656.2382254836558104       0.9673820398747921
     656.2384256170780645       1.0136608872562647
     656.2386257505003186       1.0281441658735275
     656.2388258839226864       0.9461789056658745
     656.2390260173449406       1.0076535916887224
     656.2392261507671947       1.0020497285295278
     656.2394262841894488       1.0039246040396392
     656.2396264176118166       1.0166080333292484
     656.2398265510340707       1.0709259212017059
     656.2400266844563248       0.9847412165254354
     656.2402268178785789       0.9504287429153919
     656.2404269513009467       1.0223187021911144
     656.2406270847232008       1.0372013300657272
     656.2408272181454549       0.9196898117661476
     656.2410273515677090       1.0586715638637543
     656.2412274849900768       0.9329359903931618
     656.2414276184123310       1.0307733658701181
     656.2416277518345851       0.9751033801585436
     656.2418278852568392       0.9448404535651207
     656.2420280186792070       1.0127355894073844
     656.2422281521014611       0.9305614009499550
     656.2424282855237152       0.9858479453250766
     656.2426284189459693       0.9365391433238983
     656.2428285523683371       0.9816077370196581
     656.2430286857905912       0.9846746781840920
     656.2432288192128453       1.0148029047995806
     656.2434289526350994       1.0669626146554947
     656.2436290860574672       0.9026119112968445
     656.2438292194797214       0.9398137629032135
     656.2440293529019755       0.9902330422773957
     656.2442294863242296       0.9298562183976173
     656.2444296197464837       1.0130580961704254
     656.2446297531688515       0.9786262121051550
     656.2448298865911056       1.0252948701381683
     656.2450300200133597       1.0128953186795115
     656.2452301534356138       1.0072698178701103
     656.2454302868579816       1.0024834112264216
     656.2456304202802357       0.9853184046223760
     656.2458305537024899       1.0171050895005465
     656.2460306871247440       1.0677977874875069
     656.2462308205471118       0.9397636279463768
     656.2464309539693659       1.0053796670399606
     656.2466310873916200       1.0086299264803529
     656.2468312208138741       1.0723170265555382
     656.2470313542362419       1.0862873867154121
     656.2472314876584960       0.9850590201094747
     656.2474316210807501       1.0155404899269342
     656.2476317545030042       1.0964703485369682
     656.2478318879253720       1.0337293744087219
     656.2480320213476261       1.0210477542132139
     656.2482321547698803       0.9458895735442638
     656.2484322881921344       0.9740040097385645
     656.2486324216145022       1.0042063645087183
     656.2488325550367563       0.9931858181953430
     656.2490326884590104       0.9708189032971859
     656.2492328218812645       0.9695873074233532
     656.2494329553035186       0.9358272477984428
     656.2496330887258864       1.0254555325955153
     656.2498332221481405       1.0122770154848695
     656.2500333555703946       1.0253078136593103
     656.2502334889926487       0.9881439702585340
     656.2504336224150165       1.0022806455381215
     656.2506337558372707       1.0092746187001467
     656.2508338892595248       1.0171376913785934
     656.2510340226817789       1.0319994986057281
     656.2512341561041467       0.9365345537662506
     656.2514342895264008       1.0632421597838402
     656.2516344229486549       1.1084759235382080
     656.2518345563709090       1.0074307085014880
     656.2520346897932768       1.0763986483216286
     656.2522348232155309       1.0277121253311634
     656.2524349566377850       1.0456138439476490
     656.2526350900600391       0.9703370295464993
     656.2528352234824069       1.0233482588082552
     656.2530353569046611       1.0530682988464832
     656.2532354903269152       0.9171615168452263
     656.2534356237491693       0.9766191076487303
     656.2536357571715371       0.9824110288172960
     656.2538358905937912       0.9899846734479070
     656.2540360240160453       1.0902061983942986
     656.2542361574382994       0.9894951367750764
     656.2544362908606672       0.9781051743775606
     656.2546364242829213       0.9387562088668346
     656.2548365577051754       0.9740868229418993
     656.2550366911274295       0.9708288330584764
     656.2552368245496837       0.9564632810652256
     656.2554369579720515       0.9991531893610954
     656.2556370913943056       1.0149972094222903
     656.2558372248165597       0.9391148127615452
     656.2560373582388138       1.0520499050617218
     656.2562374916611816       1.0267560277134180
     656.2564376250834357       0.9475881867110729
     656.2566377585056898       1.0181637890636921
     656.2568378919279439       0.8691611438989639
     656.2570380253503117       0.9413098096847534
     656.2572381587725658       0.9558524601161480
     656.2574382921948200       0.9575923271477222
     656.2576384256170741       0.9427809901535511
     656.2578385590394419       0.9780407268553972
     656.2580386924616960       0.9236084520816803
     656.2582388258839501       0.9836461879312992
     656.2584389593062042       1.0203143283724785
     656.2586390927285720       0.9832493662834167
     656.2588392261508261       1.0097504118457437
     656.2590393595730802       0.9032067432999611
     656.2592394929953343       1.0291178878396749
     656.2594396264177021       0.9840421807020903
     656.2596397598399562       0.9960001050494611
     656.2598398932622104       1.0114013021811843
     656.2600400266844645       0.9805307984352112
     656.2602401601067186       0.9551003798842430
     656.2604402935290864       0.9946666462346911
     656.2606404269513405       0.9768976550549269
     656.2608405603735946       0.9840241800993681
     656.2610406937958487       1.0089138140901923
     656.2612408272182165       0.9034465849399567
     656.2614409606404706       1.0374765321612358
     656.2616410940627247       0.9641723409295082
     656.2618412274849788       1.0575516037642956
     656.2620413609073466       0.9892148347571492
     656.2622414943296008       0.9995151755865663
     656.2624416277518549       1.0149278929457068
     656.2626417611741090       1.0627952590584755
     656.2628418945964768       1.0342271924018860
     656.2630420280187309       0.9800179768353701
     656.2632421614409850       1.0690081641077995
     656.2634422948632391       0.9609948247671127
     656.2636424282856069       1.0047344975173473
     656.2638425617078610       0.9953610720112920
     656.2640426951301151       0.9954430405050516
     656.2642428285523692       1.0098741464316845
     656.2644429619747370       0.9974113770294935
     656.2646430953969912       1.0227930471301079
     656.2648432288192453       0.9684786871075630
     656.2650433622414994       0.9888475630432367
     656.2652434956638672       1.1476038992404938
     656.2654436290861213       0.9402746260166168
     656.2656437625083754       0.9491823315620422
     656.2658438959306295       1.0196933411061764
     656.2660440293528836       1.0184834245592356
     656.2662441627752514       1.0610718913376331
     656.2664442961975055       1.0741031020879745
     656.2666444296197596       1.0762002766132355
     656.2668445630420138       0.9570411480963230
     656.2670446964643816       0.9913761829957366
     656.2672448298866357       1.0813550353050232
     656.2674449633088898       0.9846175191923976
     656.2676450967311439       1.0035587386228144
     656.2678452301535117       1.0110146803781390
     656.2680453635757658       0.9675166532397270
     656.2682454969980199       0.9519117474555969
     656.2684456304202740       0.9397320039570332
     656.2686457638426418       0.9338538795709610
     656.2688458972648959       0.9763562325388193
     656.2690460306871501       0.9431244544684887
     656.2692461641094042       1.0200251936912537
     656.2694462975317720       1.0164317954331636
     656.2696464309540261       0.9787390176206827
     656.2698465643762802       0.9642771966755390
     656.2700466977985343       0.9231816232204437
     656.2702468312209021       0.9878291683271527
     656.2704469646431562       1.1185667663812637
     656.2706470980654103       0.9734494742006063
     656.2708472314876644       0.9960460951551795
     656.2710473649099185       0.9646760933101177
     656.2712474983322863       1.0245088953524828
     656.2714476317545405       0.9617776796221733
     656.2716477651767946       1.0495066381990910
     656.2718478985990487       1.0100204804912210
     656.2720480320214165       1.0031950995326042
     656.2722481654436706       1.0150179043412209
     656.2724482988659247       1.0402854904532433
     656.2726484322881788       1.0216949544847012
     656.2728485657105466       1.0546487234532833
     656.2730486991328007       1.0610592849552631
     656.2732488325550548       1.0347124189138412
     656.2734489659773089       1.0660177394747734
     656.2736490993996767       1.0385935939848423
     656.2738492328219309       0.9984349550213665
     656.2740493662441850       0.9762628469616175
     656.2742494996664391       0.9584517404437065
     656.2744496330888069       0.9398095943033695
     656.2746497665110610       0.9974327678792179
     656.2748498999333151       1.0951740369200706
     656.2750500333555692       1.0807026401162148
     656.2752501667779370       0.9994180508074351
     656.2754503002001911       0.9627133645117283
     656.2756504336224452       0.9825039114803076
     656.2758505670446993       1.0678636953234673
     656.2760507004670671       0.9792458601295948
     656.2762508338893213       1.0080582527443767
     656.2764509673115754       1.0866908207535744
     656.2766511007338295       1.0568347536027431
     656.2768512341560836       0.9691556338220835
     656.2770513675784514       0.9787248503416777
     656.2772515010007055       0.9925539218820632
     656.2774516344229596       1.0154664488509297
     656.2776517678452137       0.9475376121699810
     656.2778519012675815       1.0889772251248360
     656.2780520346898356       0.8752703294157982
     656.2782521681120897       1.0400715842843056
     656.2784523015343439       0.9760328922420740
     656.2786524349567117       0.9675375409424305
     656.2788525683789658       0.9967072906438261
     656.2790527018012199       0.9990749385324307
     656.2792528352234740       0.9854299807921052
     656.2794529686458418       1.0483076944947243
     656.2796531020680959       1.0179350376129150
     656.2798532354903500       1.0505388639867306
     656.2800533689126041       0.9623175933957100
     656.2802535023349719       1.0814379155635834
     656.2804536357572260       1.0357019305229187
     656.2806537691794802       1.0722426101565361
     656.2808539026017343       0.9668832011520863
     656.2810540360241021       0.9857664415612817
     656.2812541694463562       0.9053300321102142
     656.2814543028686103       1.0146495047956705
     656.2816544362908644       1.0578795038163662
     656.2818545697131185       1.0605671778321266
     656.2820547031354863       0.9818999841809273
     656.2822548365577404       1.0225861053913832
     656.2824549699799945       0.9667007736861706
     656.2826551034022486       1.0616021528840065
     656.2828552368246164       1.0276987608522177
     656.2830553702468706       0.9934077039361000
     656.2832555036691247       0.9642796181142330
     656.2834556370913788       1.0557968132197857
     656.2836557705137466       1.0150324329733849
     656.2838559039360007       1.0205981768667698
     656.2840560373582548       0.9493245370686054
     656.2842561707805089       1.0863294005393982
     656.2844563042028767       1.0049000019207597
     656.2846564376251308       0.9456861503422260
     656.2848565710473849       1.0915743932127953
     656.2850567044696390       0.9824878536164761
     656.2852568378920068       1.0551996231079102
     656.2854569713142610       1.0744889900088310
     656.2856571047365151       0.9288769066333771
     656.2858572381587692       1.0199186448007822
     656.2860573715811370       1.0006472772220150
     656.2862575050033911       1.0441719815135002
     656.2864576384256452       1.0607452094554901
     656.2866577718478993       0.9987321535591036
     656.2868579052702671       1.0065389759838581
     656.2870580386925212       1.0657922849059105
     656.2872581721147753       0.9824049826711416
     656.2874583055370294       1.1228452548384666
     656.2876584389592836       0.9600491784512997
     656.2878585723816514       0.9350444152951241
     656.2880587058039055       1.0245903749018908
     656.2882588392261596       0.9691923204809427
     656.2884589726484137       0.9667768664658070
     656.2886591060707815       0.9796913098543882
     656.2888592394930356       1.0002408376894891
     656.2890593729152897       1.0634294450283051
     656.2892595063375438       1.0277902167290449
     656.2894596397599116       1.0341295115649700
     656.2896597731821657       1.0904444754123688
     656.2898599066044198       0.9506594836711884
     656.2900600400266740       0.9767928104847670
     656.2902601734490418       0.9793826937675476
     656.2904603068712959       0.9766371771693230
     656.2906604402935500       0.9641036875545979
     656.2908605737158041       0.9808097146451473
     656.2910607071381719       0.9868478057906032
     656.2912608405604260       0.8654382079839706
     656.2914609739826801       1.0196394417434931
     656.2916611074049342       1.0069760144688189
     656.2918612408273020       1.0088509805500507
     656.2920613742495561       0.9777775574475527
     656.2922615076718103       0.9688819963485003
     656.2924616410940644       1.0036065746098757
     656.2926617745164322       1.0203716438263655
     656.2928619079386863       0.9437910430133343
     656.2930620413609404       0.9701710790395737
     656.2932621747831945       1.0012192726135254
     656.2934623082054486       0.9699499066919088
     656.2936624416278164       1.0560216866433620
     656.2938625750500705       0.9586150385439396
     656.2940627084723246       0.9670934118330479
     656.2942628418945787       1.0188512597233057
     656.2944629753169465       0.9048576727509499
     656.2946631087392007       0.9321892410516739
     656.2948632421614548       1.0568837523460388
     656.2950633755837089       0.9026328995823860
     656.2952635090060767       1.0604225173592567
     656.2954636424283308       1.0491188876330853
     656.2956637758505849       0.9631303325295448
     656.2958639092728390       0.9952794457785785
     656.2960640426952068       1.0457902811467648
     656.2962641761174609       1.0424626879394054
     656.2964643095397150       1.0289031807333231
     656.2966644429619691       0.9911727281287313
     656.2968645763843369       1.0241602417081594
     656.2970647098065911       1.0021877344697714
     656.2972648432288452       1.0832155123353004
     656.2974649766510993       1.0564057342708111
     656.2976651100734671       0.9327020123600960
     656.2978652434957212       1.0158590488135815
     656.2980653769179753       0.9539787173271179
     656.2982655103402294       0.9868445843458176
     656.2984656437624835       1.0317190550267696
     656.2986657771848513       0.8703503906726837
     656.2988659106071054       0.9945680387318134
     656.2990660440293595       0.9915684917941689
     656.2992661774516137       0.9930377327837050
     656.2994663108739815       1.0093996683135629
     656.2996664442962356       1.0295994225889444
     656.2998665777184897       0.9075090661644936
     656.3000667111407438       1.0256321616470814
     656.3002668445631116       0.9423067905008793
     656.3004669779853657       0.9914492340758443
     656.3006671114076198       1.0248780008405447
     656.3008672448298739       0.9328865408897400
     656.3010673782522417       1.0260088536888361
     656.3012675116744958       1.0642077252268791
     656.3014676450967499       1.1045854613184929
     656.3016677785190041       1.0066024772822857
     656.3018679119413719       0.9591878838837147
     656.3020680453636260       1.0197318680584431
     656.3022681787858801       1.0852101966738701
     656.3024683122081342       0.9846007525920868
     656.3026684456305020       0.9857145855203271
     656.3028685790527561       0.9904093006625772
     656.3030687124750102       0.9854805255308747
     656.3032688458972643       1.0179121494293213
     656.3034689793196321       0.9960689661093056
     656.3036691127418862       1.0463620796799660
     656.3038692461641403       1.0305813644081354
     656.3040693795863945       1.0276161730289459
     656.3042695130086486       0.9078052863478661
     656.3044696464310164       1.0199136063456535
     656.3046697798532705       1.0611475780606270
     656.3048699132755246       1.0943397954106331
     656.3050700466977787       1.0801102146506310
     656.3052701801201465       1.0072289644740522
     656.3054703135424006       1.0581763759255409
     656.3056704469646547       0.8959301337599754
     656.3058705803869088       1.0698956102132797
     656.3060707138092766       1.0490419529378414
     656.3062708472315308       1.0686951130628586
     656.3064709806537849       0.9116082563996315
     656.3066711140760390       0.9497496075928211
     656.3068712474984068       1.0455117747187614
     656.3070713809206609       1.0077241035178304
     656.3072715143429150       1.0327816568315029
     656.3074716477651691       1.0912838801741600
     656.3076717811875369       0.9168356359004974
     656.3078719146097910       1.0061102104373276
     656.3080720480320451       0.9641720205545425
     656.3082721814542992       1.0162217915058136
     656.3084723148766670       0.9740430917590857
     656.3086724482989212       1.0068687456659973
     656.3088725817211753       0.8845389708876610
     656.3090727151434294       0.9989525087876245
     656.3092728485656835       1.0189785454422235
     656.3094729819880513       1.0645339488983154
     656.3096731154103054       0.9446948505938053
     656.3098732488325595       0.9155673682689667
     656.3100733822548136       1.0845018848776817
     656.3102735156771814       1.0139339705929160
     656.3104736490994355       1.0184310972690582
     656.3106737825216896       0.9226582273840904
     656.3108739159439438       0.9556593783199787
     656.3110740493663116       1.0428571961820126
     656.3112741827885657       0.9894670564681292
     656.3114743162108198       1.0095119886100292
     656.3116744496330739       1.0505623333156109
     656.3118745830554417       0.9488721080124378
     656.3120747164776958       1.0086176553741097
     656.3122748498999499       0.9666483253240585
     656.3124749833222040       1.0693267807364464
     656.3126751167445718       0.8769024610519409
     656.3128752501668259       0.9074953049421310
     656.3130753835890800       0.9678214937448502
     656.3132755170113342       1.0905988067388535
     656.3134756504337020       0.9941007439047098
     656.3136757838559561       1.0576863847672939
     656.3138759172782102       1.0257569793611765
     656.3140760507004643       1.0706950053572655
     656.3142761841228321       0.9610884301364422
     656.3144763175450862       0.9535641334950924
     656.3146764509673403       1.0973597764968872
     656.3148765843895944       0.9249341115355492
     656.3150767178118485       1.0545402765274048
     656.3152768512342163       1.0417101345956326
     656.3154769846564704       0.9809791538864374
     656.3156771180787246       1.0079236188903451
     656.3158772515009787       0.9991922425106168
     656.3160773849233465       1.0009731700993143
     656.3162775183456006       0.9872192787006497
     656.3164776517678547       0.9212717562913895
     656.3166777851901088       0.9912306247279048
     656.3168779186124766       0.9627175182104111
     656.3170780520347307       1.0308503713458776
     656.3172781854569848       0.9909613160416484
     656.3174783188792389       1.0557837784290314
     656.3176784523016067       0.9452740959823132
     656.3178785857238609       0.9921564888209105
     656.3180787191461150       1.0052804024890065
     656.3182788525683691       1.0561462119221687
     656.3184789859907369       1.0030239315237850
     656.3186791194129910       1.0374233983457088
     656.3188792528352451       1.0403982475399971
     656.3190793862574992       0.9989106996217743
     656.3192795196798670       0.9550609663128853
     656.3194796531021211       1.0459462217986584
     656.3196797865243752       0.9817720390856266
     656.3198799199466293       0.9521945454180241
     656.3200800533688835       0.9681367762386799
     656.3202801867912513       1.0038742565084249
     656.3204803202135054       1.0251371599733829
     656.3206804536357595       0.9199962690472603
     656.3208805870580136       1.0399131886661053
     656.3210807204803814       0.9801839012652636
     656.3212808539026355       1.0012773174094036
     656.3214809873248896       1.0065914182923734
     656.3216811207471437       0.9816737156361341
     656.3218812541695115       1.0548999309539795
     656.3220813875917656       1.0650956109166145
     656.3222815210140197       0.9835355598479509
     656.3224816544362739       1.0363814644515514
     656.3226817878586417       1.0042360704392195
     656.3228819212808958       0.9582887813448906
     656.3230820547031499       1.0152360675856471
     656.3232821881254040       0.9966379764955491
     656.3234823215477718       0.9304870739579201
     656.3236824549700259       1.0507884211838245
     656.3238825883922800       0.9460523910820484
     656.3240827218145341       0.9862813604995608
     656.3242828552369019       1.0638807639479637
     656.3244829886591560       1.0220294240862131
     656.3246831220814101       0.9784997273236513
     656.3248832555036643       1.0122550958767533
     656.3250833889260321       0.9711493346840143
     656.3252835223482862       1.0625378265976906
     656.3254836557705403       0.9550394378602505
     656.3256837891927944       1.0095071075484157
     656.3258839226150485       1.0264389459043741
     656.3260840560374163       0.9938416169025004
     656.3262841894596704       0.9086652472615242
     656.3264843228819245       1.0155001981183887
     656.3266844563041786       1.0500533394515514
     656.3268845897265464       0.9559911452233791
     656.3270847231488005       1.0300043206661940
     656.3272848565710547       1.0317664667963982
     656.3274849899933088       1.0190147031098604
     656.3276851234156766       1.0129537349566817
     656.3278852568379307       1.0004568577278405
     656.3280853902601848       0.9876639405265450
     656.3282855236824389       0.9636337980628014
     656.3284856571048067       0.9571573510766029
     656.3286857905270608       0.9918609019368887
     656.3288859239493149       1.0761200115084648
     656.3290860573715690       0.9650222249329090
     656.3292861907939368       0.9925622059963644
     656.3294863242161910       1.0664047822356224
     656.3296864576384451       1.0196740292012691
     656.3298865910606992       1.0327811352908611
     656.3300867244830670       0.9833836592733860
     656.3302868579053211       1.0356829725205898
     656.3304869913275752       1.0243731793016195
     656.3306871247498293       1.0834773555397987
     656.3308872581721971       1.0339172780513763
     656.3310873915944512       1.0072326897643507
     656.3312875250167053       1.0227212831377983
     656.3314876584389594       1.0319838859140873
     656.3316877918612136       1.0231882166117430
     656.3318879252835814       1.0106849316507578
     656.3320880587058355       1.0638728514313698
     656.3322881921280896       0.9204453751444817
     656.3324883255503437       0.9878223380073905
     656.3326884589727115       0.9887287067249417
     656.3328885923949656       0.9908839669078588
     656.3330887258172197       1.0662874877452850
     656.3332888592394738       1.0160251446068287
     656.3334889926618416       1.0352675430476665
     656.3336891260840957       1.0080651193857193
     656.3338892595063498       1.0283421706408262
     656.3340893929286040       0.8950726166367531
     656.3342895263509718       1.1261608600616455
     656.3344896597732259       0.9590497314929962
     656.3346897931954800       1.0587100461125374
     656.3348899266177341       0.8534771502017975
     656.3350900600401019       1.0145214041694999
     656.3352901934623560       1.1086887866258621
     656.3354903268846101       0.9764950554817915
     656.3356904603068642       0.9832490645349026
     656.3358905937292320       0.9622766561806202
     656.3360907271514861       1.0393083319067955
     656.3362908605737402       1.0108038438484073
     656.3364909939959944       1.0160931255668402
     656.3366911274182485       0.9096548780798912
     656.3368912608406163       1.0150699531659484
     656.3370913942628704       1.0042238202877343
     656.3372915276851245       0.9843202456831932
     656.3374916611073786       0.9600348137319088
     656.3376917945297464       1.0355034247040749
     656.3378919279520005       0.8992875441908836
     656.3380920613742546       1.0948785468935966
     656.3382921947965087       0.9672688990831375
     656.3384923282188765       1.0141505943611264
     656.3386924616411306       0.8904324620962143
     656.3388925950633848       1.0536054261028767
     656.3390927284856389       1.0736286863684654
     656.3392928619080067       0.9426015801727772
     656.3394929953302608       0.9820895232260227
     656.3396931287525149       0.9267690852284430
     656.3398932621747690       0.9742487221956252
     656.3400933955971368       1.0239066854119299
     656.3402935290193909       0.9624358490109440
     656.3404936624416450       1.0600690804421897
     656.3406937958638991       1.0315653681755059
     656.3408939292862669       0.9817249048501243
     656.3410940627085211       1.0336011014878734
     656.3412941961307752       0.9737122002989032
     656.3414943295530293       0.9930776036344435
     656.3416944629753971       0.9903224455192635
     656.3418945963976512       0.9419642910361216
     656.3420947298199053       1.0578255243599304
     656.3422948632421594       1.0647562667727308
     656.3424949966644135       0.9926507314666867
     656.3426951300867813       0.9365664348005898
     656.3428952635090354       1.0404084920882664
     656.3430953969312895       0.9577897191046916
     656.3432955303535437       1.0047935978508389
     656.3434956637759115       0.9315044060347868
     656.3436957971981656       0.9677591137585708
     656.3438959306204197       1.0790486261245236
     656.3440960640426738       1.0184283033008503
     656.3442961974650416       1.0617958120994753
     656.3444963308872957       0.9556128457178595
     656.3446964643095498       0.9893573885769209
     656.3448965977318039       0.9758025873431924
     656.3450967311541717       0.9933181223430312
     656.3452968645764258       1.0293179154354486
     656.3454969979986799       0.9985475317748898
     656.3456971314209341       1.0403227247214315
     656.3458972648433019       1.0095565188558331
     656.3460973982655560       1.0445689819587325
     656.3462975316878101       0.9635702557628882
     656.3464976651100642       0.9604798964829764
     656.3466977985324320       1.0070386253772643
     656.3468979319546861       1.0920994579156362
     656.3470980653769402       0.9796013477305837
     656.3472981987991943       1.0053883542943440
     656.3474983322214484       0.8833201898428440
     656.3476984656438162       1.0554820669336835
     656.3478985990660703       1.0201273575928103
     656.3480987324883245       1.0690782736287319
     656.3482988659105786       1.0149731248144183
     656.3484989993329464       1.0052242787655585
     656.3486991327552005       1.0120875637867714
     656.3488992661774546       1.0107715552229957
     656.3490993995997087       1.0343577207678609
     656.3492995330220765       0.9963811614808907
     656.3494996664443306       0.9303811899590944
     656.3496997998665847       0.9300563060782457
     656.3498999332888388       1.0130759055081222
     656.3501000667112066       0.9005504829165112
     656.3503002001334607       1.0031685718018304
     656.3505003335557149       0.9156116679606107
     656.3507004669779690       0.9560696265176098
     656.3509006004003368       0.9968398721310042
     656.3511007338225909       0.9035700550771361
     656.3513008672448450       1.0407219249535546
     656.3515010006670991       1.0677828126649107
     656.3517011340894669       0.9734892627944518
     656.3519012675117210       0.9840217212248944
     656.3521014009339751       1.0286512862859034
     656.3523015343562292       1.0228269827175476
     656.3525016677785970       0.9669322052604367
     656.3527018012008512       1.0153195901542662
     656.3529019346231053       0.9788043880758347
     656.3531020680453594       0.9959772901381050
     656.3533022014676135       0.9623759763111772
     656.3535023348899813       1.0314224875402138
     656.3537024683122354       0.9117401136947837
     656.3539026017344895       1.0986269996334288
     656.3541027351567436       0.9796716985362347
     656.3543028685791114       1.1144955369126504
     656.3545030020013655       0.9521107857099309
     656.3547031354236196       1.0438506010361257
     656.3549032688458738       1.0819347499342982
     656.3551034022682416       1.0106486217957531
     656.3553035356904957       0.9953732665698531
     656.3555036691127498       1.0062588588341428
     656.3557038025350039       0.9698750595852589
     656.3559039359573717       0.9575883604555795
     656.3561040693796258       0.9405929096579138
     656.3563042028018799       0.9782147949106217
     656.3565043362241340       0.9597737473756256
     656.3567044696465018       0.9728539551491253
     656.3569046030687559       0.9909443691455471
     656.3571047364910100       0.9740527567755158
     656.3573048699132642       0.9786529555823112
     656.3575050033356320       0.9950856637662928
     656.3577051367578861       0.9272397869716001
     656.3579052701801402       1.0015751183448294
     656.3581054036023943       0.9845551030432341
     656.3583055370246484       0.9747340556508826
     656.3585056704470162       0.9159945237069352
     656.3587058038692703       0.9197263874530200
     656.3589059372915244       0.9501915687761970
     656.3591060707137785       1.0314464219744113
     656.3593062041361463       0.9676660722136002
     656.3595063375584004       1.0245974906671802
     656.3597064709806546       1.0270481742469095
     656.3599066044029087       0.9725006245491882
     656.3601067378252765       0.9796112852522397
     656.3603068712475306       0.9796382074903344
     656.3605070046697847       0.9696622956605199
     656.3607071380920388       0.9626264878446116
     656.3609072715144066       1.0155608656926727
     656.3611074049366607       1.0347543992703017
     656.3613075383589148       0.9845641444235944
     656.3615076717811689       0.8637904412725632
     656.3617078052035367       0.9487694178668965
     656.3619079386257908       0.9214468312573730
     656.3621080720480450       0.8898582764420215
     656.3623082054702991       0.9702376298747813
     656.3625083388926669       1.0517400642108865
     656.3627084723149210       1.0548087386604279
     656.3629086057371751       0.9814807670005637
     656.3631087391594292       0.9438845988764528
     656.3633088725817970       1.0264411426368809
     656.3635090060040511       0.9560188864778660
     656.3637091394263052       1.0068148613674481
     656.3639092728485593       0.9678367521702103
     656.3641094062708135       1.0510824780143859
     656.3643095396931813       0.9021466831652389
     656.3645096731154354       0.9063395723901019
     656.3647098065376895       0.9403444325702056
     656.3649099399599436       0.9449506042715825
     656.3651100733823114       1.0177014237121149
     656.3653102068045655       1.0289643703231606
     656.3655103402268196       0.9695027112265485
     656.3657104736490737       0.9750343584394096
     656.3659106070714415       1.0175124922783918
     656.3661107404936956       0.9086485025407564
     656.3663108739159497       0.8756497417054203
     656.3665110073382039       0.8862204315050245
     656.3667111407605717       0.9751634214025904
     656.3669112741828258       1.0013937368258685
     656.3671114076050799       0.9195720716107701
     656.3673115410273340       0.9272463322019361
     656.3675116744497018       0.9125673608106838
     656.3677118078719559       0.8182233323934810
     656.3679119412942100       0.8468239868614350
     656.3681120747164641       0.9561006299318823
     656.3683122081388319       0.8554368182440981
     656.3685123415610860       0.8688182360067828
     656.3687124749833401       0.9421602755001974
     656.3689126084055943       0.9289068323227951
     656.3691127418278484       0.8874012203761815
     656.3693128752502162       0.8793624651494163
     656.3695130086724703       0.9363033983688824
     656.3697131420947244       0.8192579156363842
     656.3699132755169785       0.8284037611406319
     656.3701134089393463       0.8968092809333391
     656.3703135423616004       0.8421940415661940
     656.3705136757838545       0.7847214538769326
     656.3707138092061086       0.7941912147102130
     656.3709139426284764       0.7837535312619460
     656.3711140760507305       0.8393442768621555
     656.3713142094729847       0.7768681711308949
     656.3715143428952388       0.8086034650531426
     656.3717144763176066       0.8015463564084362
     656.3719146097398607       0.8111959717983652
     656.3721147431621148       0.7754095536430251
     656.3723148765843689       0.8178094473271210
     656.3725150100067367       0.8072594783850349
     656.3727151434289908       0.8008742886354772
     656.3729152768512449       0.8497138519371596
     656.3731154102734990       0.7999608395107380
     656.3733155436958668       0.8064871014284833
     656.3735156771181209       0.8409058032790153
     656.3737158105403751       0.9212225019374999
     656.3739159439626292       0.7689254645370904
     656.3741160773849970       0.8400220220982461
     656.3743162108072511       0.7643193787580855
     656.3745163442295052       0.7811448354527131
     656.3747164776517593       0.8682470999875732
     656.3749166110740134       0.8216094748178270
     656.3751167444963812       0.8608304789347563
     656.3753168779186353       0.8594460963608749
     656.3755170113408894       0.9691275456453321
     656.3757171447631436       0.8744197250394660
     656.3759172781855113       0.8569642232302979
     656.3761174116077655       0.8145672914331843
     656.3763175450300196       0.7962579377596883
     656.3765176784522737       0.7964029018897884
     656.3767178118746415       0.9411780102303078
     656.3769179452968956       0.8604775832177558
     656.3771180787191497       0.8596360995173606
     656.3773182121414038       0.8899566422712537
     656.3775183455637716       0.9155919339938442
     656.3777184789860257       0.8595434372805622
     656.3779186124082798       0.8547982777979152
     656.3781187458305340       0.8997287804043383
     656.3783188792529018       1.0183621081352241
     656.3785190126751559       0.8757185534479223
     656.3787191460974100       1.0513564153038122
     656.3789192795196641       0.8834872348697551
     656.3791194129420319       0.9034061857821953
     656.3793195463642860       0.8780429839816087
     656.3795196797865401       0.8878765131620772
     656.3797198132087942       0.9241105635727761
     656.3799199466311620       0.8829684948652037
     656.3801200800534161       0.9415328696948800
     656.3803202134756702       0.9513710784288361
     656.3805203468979244       0.9651764718640942
     656.3807204803201785       0.9588086799994845
     656.3809206137425463       0.9953768502132462
     656.3811207471648004       1.0292985185231576
     656.3813208805870545       0.9873113533318437
     656.3815210140093086       0.9480838115949148
     656.3817211474316764       0.9944555998106195
     656.3819212808539305       1.0032146159632562
     656.3821214142761846       0.9522853586303748
     656.3823215476984387       0.9866731711461306
     656.3825216811208065       1.0259849959297012
     656.3827218145430606       0.9690226016956591
     656.3829219479653148       1.0437211558806885
     656.3831220813875689       0.9302274650233239
     656.3833222148099367       1.0170274557255532
     656.3835223482321908       0.9225928927674657
     656.3837224816544449       0.9587243848945319
     656.3839226150766990       0.9126973146930601
     656.3841227484990668       1.0102070410455144
     656.3843228819213209       0.9237724501413540
     656.3845230153435750       1.0434103439461579
     656.3847231487658291       1.0383061795885913
     656.3849232821881969       1.0357516907742956
     656.3851234156104510       1.0389204171830366
     656.3853235490327052       1.0211227859180796
     656.3855236824549593       1.0042076727353624
     656.3857238158772134       0.9259052390487126
     656.3859239492995812       1.0453820950209423
     656.3861240827218353       1.0628463728393267
     656.3863242161440894       1.0688321841873911
     656.3865243495663435       0.9901416398877287
     656.3867244829887113       1.0266441132335897
     656.3869246164109654       0.9277555022934731
     656.3871247498332195       0.9788685374400707
     656.3873248832554737       1.0176519997913500
     656.3875250166778414       1.0087049680000129
     656.3877251501000956       1.0150754171626226
     656.3879252835223497       1.0448757498986074
     656.3881254169446038       1.0032018328358960
     656.3883255503669716       1.1704938641043094
     656.3885256837892257       0.9346483099306936
     656.3887258172114798       1.0011633310009165
     656.3889259506337339       1.0060901287841124
     656.3891260840561017       1.0447596693700567
     656.3893262174783558       1.0151072805573018
     656.3895263509006099       1.0092242725466534
     656.3897264843228641       1.0366243054981306
     656.3899266177452319       0.9991782791356610
     656.3901267511674860       1.0547298596767565
     656.3903268845897401       1.0258084440271817
     656.3905270180119942       0.9458628946297982
     656.3907271514343620       1.0153948105485213
     656.3909272848566161       0.9982383943891450
     656.3911274182788702       1.0144894746008015
     656.3913275517011243       0.9267847492068804
     656.3915276851233784       0.9837778535714048
     656.3917278185457462       0.9513106258808757
     656.3919279519680003       1.0211843558515905
     656.3921280853902545       0.9538345979555424
     656.3923282188125086       0.9802913728600657
     656.3925283522348764       0.9879975719346653
     656.3927284856571305       0.9934597849456683
     656.3929286190793846       1.0532864935664350
     656.3931287525016387       1.0035430754926009
     656.3933288859240065       1.0276749489234271
     656.3935290193462606       0.9637775002954602
     656.3937291527685147       0.9646244781778238
     656.3939292861907688       0.9780427339026833
     656.3941294196131366       0.9421861570138224
     656.3943295530353907       1.0182490079562077
     656.3945296864576449       1.0260104445181493
     656.3947298198798990       0.9854085885304159
     656.3949299533022668       1.0767908925036664
     656.3951300867245209       1.0384206785355090
     656.3953302201467750       1.0047191593381608
     656.3955303535690291       0.9358011583540677
     656.3957304869913969       1.0163053066435852
     656.3959306204136510       1.0479918216393596
     656.3961307538359051       0.9734805063344919
     656.3963308872581592       1.0635513079845962
     656.3965310206804133       0.9935859213822131
     656.3967311541027811       1.0594309156741888
     656.3969312875250353       0.9310459586654871
     656.3971314209472894       1.0104068866491540
     656.3973315543695435       0.9445180451748495
     656.3975316877919113       1.0662798485757521
     656.3977318212141654       0.9982324431490800
     656.3979319546364195       0.9745104467903755
     656.3981320880586736       1.0038765359241282
     656.3983322214810414       0.9224332638740078
     656.3985323549032955       0.9526031496625609
     656.3987324883255496       0.9312973167853111
     656.3989326217478038       1.0080204184329431
     656.3991327551701715       1.0124097594945352
     656.3993328885924257       0.9716594608982456
     656.3995330220146798       0.9158570914464153
     656.3997331554369339       0.9501266031740082
     656.3999332888593017       0.9654902331016022
     656.4001334222815558       0.8819567337263297
     656.4003335557038099       1.0140549754460357
     656.4005336891260640       0.9889493686890535
     656.4007338225484318       0.9577737189695831
     656.4009339559706859       1.0728605389500352
     656.4011340893929400       1.0295817311786202
     656.4013342228151942       0.9779204502654508
     656.4015343562375620       1.0168046150323276
     656.4017344896598161       1.0431903824186821
     656.4019346230820702       0.9967413062679065
     656.4021347565043243       0.9650986418116593
     656.4023348899265784       0.9371609613291412
     656.4025350233489462       0.9630123116070461
     656.4027351567712003       1.0312646403904895
     656.4029352901934544       1.0599494054910870
     656.4031354236157085       1.0761225745080072
     656.4033355570380763       0.9995671216455426
     656.4035356904603304       1.0592769496142000
     656.4037358238825846       1.0581732988356953
     656.4039359573048387       1.0193208586424185
     656.4041360907272065       1.0638985410332404
     656.4043362241494606       1.0582367144524865
     656.4045363575717147       0.9764575622975700
     656.4047364909939688       0.9635970965027724
     656.4049366244163366       1.0021111189853342
     656.4051367578385907       0.9355960711836776
     656.4053368912608448       0.9750316087156508
     656.4055370246830989       1.0081671476364118
     656.4057371581054667       1.0515672527253614
     656.4059372915277208       1.0361012704670420
     656.4061374249499750       1.0194031577557321
     656.4063375583722291       0.9884720491245386
     656.4065376917945969       0.9299797862768171
     656.4067378252168510       0.9974967630114405
     656.4069379586391051       0.9962642006576060
     656.4071380920613592       1.0342859290540218
     656.4073382254836133       0.9614171721041203
     656.4075383589059811       0.9871884509921074
     656.4077384923282352       0.9918191749602556
     656.4079386257504893       1.0543856322765350
     656.4081387591727434       1.0096831219270825
     656.4083388925951112       1.0583402626216412
     656.4085390260173654       1.0260152909904718
     656.4087391594396195       0.9684566669166088
     656.4089392928618736       0.9384851939976215
     656.4091394262842414       1.0859760269522667
     656.4093395597064955       0.9576924964785576
     656.4095396931287496       0.9550619311630726
     656.4097398265510037       1.0416159965097904
     656.4099399599733715       0.9958374691195786
     656.4101400933956256       0.9734974522143602
     656.4103402268178797       0.9134592488408089
     656.4105403602401339       0.9730317853391171
     656.4107404936625016       1.0086105307564139
     656.4109406270847558       1.0528456456959248
     656.4111407605070099       0.9097284078598022
     656.4113408939292640       1.0385324060916901
     656.4115410273516318       0.9715200718492270
     656.4117411607738859       1.0349525474011898
     656.4119412941961400       0.9281084015965462
     656.4121414276183941       1.0536113791167736
     656.4123415610407619       1.0419280603528023
     656.4125416944630160       0.9924863115884364
     656.4127418278852701       0.9878309872001410
     656.4129419613075243       1.0043708565644920
     656.4131420947297784       0.9882921241223812
     656.4133422281521462       1.0058415774255991
     656.4135423615744003       0.9696715436875820
     656.4137424949966544       0.9001355469226837
     656.4139426284189085       0.8776353076100349
     656.4141427618412763       1.0027487343177199
     656.4143428952635304       1.0290498267859221
     656.4145430286857845       0.9545441828668118
     656.4147431621080386       1.0030402790289372
     656.4149432955304064       1.0892687588930130
     656.4151434289526605       0.9969070726074278
     656.4153435623749147       1.0525418817996979
     656.4155436957971688       0.8813274726271629
     656.4157438292195366       1.0339948274195194
     656.4159439626417907       0.8414853960275650
     656.4161440960640448       1.0812363997101784
     656.4163442294862989       0.9989497240167111
     656.4165443629086667       0.9428810477256775
     656.4167444963309208       1.0480489544570446
     656.4169446297531749       0.9790630657225847
     656.4171447631754290       1.0289695840328932
     656.4173448965977968       1.0185542460530996
     656.4175450300200509       1.0309759471565485
     656.4177451634423051       0.9198318421840668
     656.4179452968645592       0.9132158532738686
     656.4181454302869270       1.0045486628077924
     656.4183455637091811       1.0430628843605518
     656.4185456971314352       0.9633885212242603
     656.4187458305536893       0.9848370533436537
     656.4189459639759434       1.0853258371353149
     656.4191460973983112       1.0035741762258112
     656.4193462308205653       1.0012596711749211
     656.4195463642428194       0.9458100795745850
     656.4197464976650735       0.9207973256707191
     656.4199466310874413       0.9225030764937401
     656.4201467645096955       1.0133524341508746
     656.4203468979319496       0.9595222435891628
     656.4205470313542037       0.8974928110837936
     656.4207471647765715       0.9546675197780132
     656.4209472981988256       0.9903457332402468
     656.4211474316210797       0.9826059229671955
     656.4213475650433338       0.9960273467004299
     656.4215476984657016       0.9710667449980974
     656.4217478318879557       0.9868508400395513
     656.4219479653102098       0.9960272372700274
     656.4221480987324640       0.9343806952238083
     656.4223482321548317       1.0441856905817986
     656.4225483655770859       0.9468513242900372
     656.4227484989993400       0.9876463757827878
     656.4229486324215941       1.0889723822474480
     656.4231487658439619       1.0682908520102501
     656.4233488992662160       0.9794728774577379
     656.4235490326884701       0.9811086673289537
     656.4237491661107242       1.0357891581952572
     656.4239492995329783       1.0013326350599527
     656.4241494329553461       0.9348402023315430
     656.4243495663776002       0.9584388732910156
     656.4245496997998544       1.0085714766755700
     656.4247498332221085       1.0754350274801254
     656.4249499666444763       0.9795489776879549
     656.4251501000667304       1.0115876635536551
     656.4253502334889845       0.9597683213651180
     656.4255503669112386       1.0543564371764660
     656.4257505003336064       1.0028870634268969
     656.4259506337558605       0.9736070483922958
     656.4261507671781146       0.9301010221242905
     656.4263509006003687       1.0372495464980602
     656.4265510340227365       1.1275722533464432
     656.4267511674449906       0.9956441493704915
     656.4269513008672448       0.9369667172431946
     656.4271514342894989       0.9406381733715534
     656.4273515677118667       0.9898452963680029
     656.4275517011341208       0.9744519740343094
     656.4277518345563749       0.9654174707829952
     656.4279519679786290       0.9157372191548347
     656.4281521014009968       0.9394353069365025
     656.4283522348232509       1.0321605578064919
     656.4285523682455050       0.9972248605918139
     656.4287525016677591       0.9819650668650866
     656.4289526350901269       0.9745483454316854
     656.4291527685123810       0.9071529880166054
     656.4293529019346352       1.0006746643921360
     656.4295530353568893       0.9441140517592430
     656.4297531687791434       0.9482650458812714
     656.4299533022015112       1.0286515858024359
     656.4301534356237653       1.0696865916252136
     656.4303535690460194       1.0507847964763641
     656.4305537024682735       1.0018511310918257
     656.4307538358906413       0.9621648229658604
     656.4309539693128954       1.0081103714182973
     656.4311541027351495       1.0339144095778465
     656.4313542361574036       0.9829206503927708
     656.4315543695797714       0.9619654901325703
     656.4317545030020256       1.0131414281204343
     656.4319546364242797       0.9404765665531158
     656.4321547698465338       0.9838547762483358
     656.4323549032689016       0.9693076182156801
     656.4325550366911557       1.0481469444930553
     656.4327551701134098       0.9671042636036873
     656.4329553035356639       1.0438028685748577
     656.4331554369580317       0.9069705829024315
     656.4333555703802858       0.9470126964151859
     656.4335557038025399       1.0596953444182873
     656.4337558372247940       1.0722684487700462
     656.4339559706471618       0.9885909315198660
     656.4341561040694160       0.9939564899541438
     656.4343562374916701       1.0386203788220882
     656.4345563709139242       1.0331067033112049
     656.4347565043361783       0.9757477603852749
     656.4349566377585461       1.0654233694076538
     656.4351567711808002       0.9405181519687176
     656.4353569046030543       0.9494468569755554
     656.4355570380253084       1.0956802517175674
     656.4357571714476762       1.0450674705207348
     656.4359573048699303       1.1125866398215294
     656.4361574382921845       0.9590825922787189
     656.4363575717144386       0.9836734905838966
     656.4365577051368064       0.9527459628880024
     656.4367578385590605       1.0235455557703972
     656.4369579719813146       1.0228431541472673
     656.4371581054035687       1.0341838113963604
     656.4373582388259365       0.9310194775462151
     656.4375583722481906       1.0238241925835609
     656.4377585056704447       1.0520935244858265
     656.4379586390926988       0.9752466771751642
     656.4381587725150666       1.0035792463459074
     656.4383589059373207       0.9388043992221355
     656.4385590393595749       1.0585737191140652
     656.4387591727818290       0.9310030341148376
     656.4389593062041968       0.9678170271217823
     656.4391594396264509       0.9420531094074249
     656.4393595730487050       1.0471073277294636
     656.4395597064709591       0.9801611397415400
     656.4397598398933269       0.9214990362524986
     656.4399599733155810       1.0328495167195797
     656.4401601067378351       0.9583889432251453
     656.4403602401600892       0.9694212246686220
     656.4405603735823433       1.0275654383003712
     656.4407605070047111       1.0387523733079433
     656.4409606404269653       1.0089021278545260
     656.4411607738492194       0.9816744718700647
     656.4413609072714735       0.9775010589510202
     656.4415610406938413       0.9573589265346527
     656.4417611741160954       1.0055159167386591
     656.4419613075383495       0.8890921920537949
     656.4421614409606036       0.9437330774962902
     656.4423615743829714       0.9343517869710922
     656.4425617078052255       0.9918707814067602
     656.4427618412274796       1.0934961736202240
     656.4429619746497337       0.9411220550537109
     656.4431621080721015       0.9649844989180565
     656.4433622414943557       0.9724994301795959
     656.4435623749166098       0.9937291075475514
     656.4437625083388639       0.9858561512082815
     656.4439626417612317       1.0174941569566727
     656.4441627751834858       0.9473501667380333
     656.4443629086057399       1.0684469789266586
     656.4445630420279940       1.0496891401708126
     656.4447631754503618       0.9918735288083553
     656.4449633088726159       0.9606576748192310
     656.4451634422948700       1.0285384338349104
     656.4453635757171241       1.0085056824609637
     656.4455637091393783       1.0111395958811045
     656.4457638425617461       0.9322341829538345
     656.4459639759840002       0.9375677518546581
     656.4461641094062543       0.8989759460091591
     656.4463642428285084       0.9890195308253169
     656.4465643762508762       1.0839086621999741
     656.4467645096731303       0.9708538372069597
     656.4469646430953844       1.0052026282064617
     656.4471647765176385       0.9440112002193928
     656.4473649099400063       0.9583603143692017
     656.4475650433622604       0.9502144269645214
     656.4477651767845146       0.9755409210920334
     656.4479653102067687       0.9931818437762558
     656.4481654436291365       0.8652174919843674
     656.4483655770513906       1.0203243214637041
     656.4485657104736447       0.9686306789517403
     656.4487658438958988       0.9262802600860596
     656.4489659773182666       0.9396664090454578
     656.4491661107405207       0.9221062138676643
     656.4493662441627748       0.9790205340832472
     656.4495663775850289       1.0032168037723750
     656.4497665110073967       0.9881340134888887
     656.4499666444296508       1.0009708175784908
     656.4501667778519050       1.0141205182299018
     656.4503669112741591       1.0051242816261947
     656.4505670446965269       0.9573140926659107
     656.4507671781187810       1.0916115045547485
     656.4509673115410351       1.0534470975399017
     656.4511674449632892       1.0129689965397120
     656.4513675783855433       1.0186370685696602
     656.4515677118079111       1.0568460524082184
     656.4517678452301652       0.9967186599969864
     656.4519679786524193       1.0649795457720757
     656.4521681120746734       1.0481769703328609
     656.4523682454970412       0.9823105204850435
     656.4525683789192954       0.9400058500468731
     656.4527685123415495       1.0151085704565048
     656.4529686457638036       0.9823524150997400
     656.4531687791861714       0.9744625091552734
     656.4533689126084255       0.9211711958050728
     656.4535690460306796       1.0468446277081966
     656.4537691794529337       0.9711894188076258
     656.4539693128753015       1.0425835959613323
     656.4541694462975556       1.0126680908724666
     656.4543695797198097       1.0075721950270236
     656.4545697131420638       1.0645666047930717
     656.4547698465644316       0.9574947580695152
     656.4549699799866858       0.9217220246791840
     656.4551701134089399       1.0186334978789091
     656.4553702468311940       1.0040187900885940
     656.4555703802535618       0.9548800922930241
     656.4557705136758159       1.0325037464499474
     656.4559706470980700       1.0280885398387909
     656.4561707805203241       1.1252523511648178
     656.4563709139425782       1.1209464073181152
     656.4565710473649460       1.0140908882021904
     656.4567711807872001       0.9288167655467987
     656.4569713142094542       0.9856951711699367
     656.4571714476317084       1.0665134713053703
     656.4573715810540762       0.9695086497813463
     656.4575717144763303       0.9719245247542858
     656.4577718478985844       0.9588749632239342
     656.4579719813208385       1.0580259524285793
     656.4581721147432063       1.0074357665143907
     656.4583722481654604       1.0394495055079460
     656.4585723815877145       1.1288533657789230
     656.4587725150099686       1.0006684522959404
     656.4589726484323364       1.0607891455292702
     656.4591727818545905       1.0318311266601086
     656.4593729152768447       0.9450970329344273
     656.4595730486990988       0.9030128791928291
     656.4597731821214666       1.0619988739490509
     656.4599733155437207       0.9132879301905632
     656.4601734489659748       1.0698735490441322
     656.4603735823882289       1.0275166481733322
     656.4605737158105967       0.9837980661541224
     656.4607738492328508       0.9746609721332788
     656.4609739826551049       1.0647558793425560
     656.4611741160773590       0.9533710181713104
     656.4613742494997268       1.0026768967509270
     656.4615743829219809       0.9613781608641148
     656.4617745163442351       0.9455224908888340
     656.4619746497664892       0.9818521253764629
     656.4621747831887433       1.0697462186217308
     656.4623749166111111       0.9634980410337448
     656.4625750500333652       0.9710997957736254
     656.4627751834556193       1.0241459514945745
     656.4629753168778734       1.0215387810021639
     656.4631754503002412       0.9384947419166565
     656.4633755837224953       0.9941355106420815
     656.4635757171447494       0.9833417180925608
     656.4637758505670035       1.0035604678560048
     656.4639759839893713       1.0784774944186211
     656.4641761174116255       0.9537831470370293
     656.4643762508338796       0.9098183885216713
     656.4645763842561337       1.0368108414113522
     656.4647765176785015       0.9402148164808750
     656.4649766511007556       1.0032209225464612
     656.4651767845230097       0.9939030879177153
     656.4653769179452638       1.0219535101205111
     656.4655770513676316       1.1035608872771263
     656.4657771847898857       1.0085374405607581
     656.4659773182121398       1.0561782307922840
     656.4661774516343939       0.9935873229987919
     656.4663775850567617       1.0995754078030586
     656.4665777184790159       1.0661315023899078
     656.4667778519012700       1.0097081614658237
     656.4669779853235241       0.9467492625117302
     656.4671781187458919       0.9643561504781246
     656.4673782521681460       1.0617763996124268
     656.4675783855904001       1.0576287098228931
     656.4677785190126542       0.9345175027847290
     656.4679786524349083       1.0501799471676350
     656.4681787858572761       0.9945395835675299
     656.4683789192795302       0.9575902856886387
     656.4685790527017843       1.0350774787366390
     656.4687791861240385       0.9415223486721516
     656.4689793195464063       1.0862053558230400
     656.4691794529686604       1.0167590826749802
     656.4693795863909145       1.0113655412569642
     656.4695797198131686       1.0499762780964375
     656.4697798532355364       1.0435416586697102
     656.4699799866577905       1.0572531893849373
     656.4701801200800446       1.0216360073536634
     656.4703802535022987       0.9796511102467775
     656.4705803869246665       0.9876711228862405
     656.4707805203469206       0.9470503069460392
     656.4709806537691748       0.9767279382795095
     656.4711807871914289       1.0288614239543676
     656.4713809206137967       1.0412982143461704
     656.4715810540360508       1.0919266566634178
     656.4717811874583049       1.0184405036270618
     656.4719813208805590       1.0230060685425997
     656.4721814543029268       0.9895819853991270
     656.4723815877251809       0.9045567885041237
     656.4725817211474350       0.9767998177558184
     656.4727818545696891       1.0421733595430851
     656.4729819879919432       1.0266134887933731
     656.4731821214143110       1.0686164796352386
     656.4733822548365652       0.9317960366606712
     656.4735823882588193       1.0350557491183281
     656.4737825216810734       1.0950577780604362
     656.4739826551034412       0.9575874246656895
     656.4741827885256953       0.9375944957137108
     656.4743829219479494       1.0430863313376904
     656.4745830553702035       1.0348096303641796
     656.4747831887925713       0.9787742514163256
     656.4749833222148254       0.9665074050426483
     656.4751834556370795       1.0057096607051790
     656.4753835890593336       1.0836573168635368
     656.4755837224817014       1.0837841033935547
     656.4757838559039556       0.9883006131276488
     656.4759839893262097       0.9979147636331618
     656.4761841227484638       0.9996406642603688
     656.4763842561708316       1.0255233701318502
     656.4765843895930857       1.0061436309479177
     656.4767845230153398       1.0614893101155758
     656.4769846564375939       1.0128808831796050
     656.4771847898599617       0.9758187383413315
     656.4773849232822158       0.9997924815543229
     656.4775850567044699       1.0120103517547250
     656.4777851901267240       1.0209800619632006
     656.4779853235490918       0.9894279716536403
     656.4781854569713460       1.0547838807106018
     656.4783855903936001       0.8758170232176781
     656.4785857238158542       1.0133563000708818
     656.4787858572381083       0.9551383145153522
     656.4789859906604761       0.9465553574264050
     656.4791861240827302       0.9514796622097492
     656.4793862575049843       0.9105167612433434
     656.4795863909272384       1.0165780950337648
     656.4797865243496062       0.9279773905873299
     656.4799866577718603       0.9630582481622696
     656.4801867911941144       0.9772729743272066
     656.4803869246163686       1.0662550255656242
     656.4805870580387364       1.1044357046484947
     656.4807871914609905       0.9283059462904930
     656.4809873248832446       0.9303433820605278
     656.4811874583054987       1.0275049898773432
     656.4813875917278665       0.9649035371840000
     656.4815877251501206       1.1174178868532181
     656.4817878585723747       0.9333425760269165
     656.4819879919946288       1.0649347528815269
     656.4821881254169966       0.9916605157777667
     656.4823882588392507       0.9837918169796467
     656.4825883922615049       0.9674101322889328
     656.4827885256837590       0.9902455471456051
     656.4829886591061268       0.9330397620797157
     656.4831887925283809       0.9921172298491001
     656.4833889259506350       0.9458139538764954
     656.4835890593728891       1.0127398669719696
     656.4837891927951432       0.9779697656631470
     656.4839893262175110       1.0374185293912888
     656.4841894596397651       0.9381056055426598
     656.4843895930620192       0.9786521364003420
     656.4845897264842733       1.0552519857883453
     656.4847898599066411       0.9632685482501984
     656.4849899933288953       0.9709670543670654
     656.4851901267511494       0.9527380615472794
     656.4853902601734035       1.0117365103214979
     656.4855903935957713       0.9365302100777626
     656.4857905270180254       1.0712337866425514
     656.4859906604402795       0.9775579608976841
     656.4861907938625336       1.0579840913414955
     656.4863909272849014       0.9788563847541809
     656.4865910607071555       0.9703153092414141
     656.4867911941294096       1.0134704355150461
     656.4869913275516637       1.0564844496548176
     656.4871914609740315       0.9816658478230238
     656.4873915943962857       0.9401445202529430
     656.4875917278185398       1.0804947540163994
     656.4877918612407939       0.9936927524395287
     656.4879919946631617       1.0236646700650454
     656.4881921280854158       1.0094781452789903
     656.4883922615076699       0.9390886537730694
     656.4885923949299240       0.9476366043090820
     656.4887925283522918       0.9202057570219040
     656.4889926617745459       0.9984359698137268
     656.4891927951968000       0.8535205870866776
     656.4893929286190541       0.9997263632249087
     656.4895930620413083       0.9064528271555901
     656.4897931954636761       1.0852066650986671
     656.4899933288859302       1.0352048277854919
     656.4901934623081843       1.0919251963496208
     656.4903935957304384       0.9431569278240204
     656.4905937291528062       0.9132958874106407
     656.4907938625750603       1.0031268203165382
     656.4909939959973144       1.0619040317833424
     656.4911941294195685       0.9869179064407945
     656.4913942628419363       0.9323585331439972
     656.4915943962641904       0.9503090716898441
     656.4917945296864445       0.9594744332134724
     656.4919946631086987       1.0922318175435066
     656.4921947965310665       0.9881007978692651
     656.4923949299533206       1.0283176284283400
     656.4925950633755747       0.9511499404907227
     656.4927951967978288       1.0459033921360970
     656.4929953302201966       0.9883625386282802
     656.4931954636424507       0.9290565624833107
     656.4933955970647048       1.0144599424675107
     656.4935957304869589       1.0099093867465854
     656.4937958639093267       1.0010489035630599
     656.4939959973315808       0.9480898790061474
     656.4941961307538350       0.9757780898362398
     656.4943962641760891       0.9634568430483341
     656.4945963975983432       0.9793511591851711
     656.4947965310207110       0.9939003675244749
     656.4949966644429651       1.0263759531080723
     656.4951967978652192       1.0083947740495205
     656.4953969312874733       1.0105201993137598
     656.4955970647098411       1.1716392934322357
     656.4957971981320952       1.0174790229648352
     656.4959973315543493       1.0193736739456654
     656.4961974649766034       1.0643972381949425
     656.4963975983989712       1.0053126537241042
     656.4965977318212254       1.0701166540384293
     656.4967978652434795       1.0505741797387600
     656.4969979986657336       1.0527899749577045
     656.4971981320881014       0.9705969840288162
     656.4973982655103555       1.0464963167905807
     656.4975983989326096       0.9612659290432930
     656.4977985323548637       0.9949170751497149
     656.4979986657772315       0.9843717087060213
     656.4981987991994856       1.0036750603467226
     656.4983989326217397       1.0056531238369644
     656.4985990660439938       0.9668932668864727
     656.4987991994663616       0.9659901782870293
     656.4989993328886158       1.0294725093990564
     656.4991994663108699       1.0081558171659708
     656.4993995997331240       1.0417552031576633
     656.4995997331554918       1.1001266166567802
     656.4997998665777459       0.9778725430369377
     656.5000000000000000       0.9384755082428455
