     656.2000000000000455       0.9585406556725502
     656.2002001334222996       1.0485412999987602
     656.2004002668445537       1.0571736507117748
     656.2006004002669215       0.9909462742507458
     656.2008005336891756       0.9682250320911407
     656.2010006671114297       1.0497000813484192
     656.2012008005336838       0.9679318703711033
     656.2014009339560516       0.9859103113412857
     656.2016010673783057       1.0874856859445572
     656.2018012008005599       1.0528998039662838
     656.2020013342228140       1.0657081529498100
     656.2022014676451818       1.0907910913228989
     656.2024016010674359       1.0709916055202484
     656.2026017344896900       1.0823988765478134
     656.2028018679119441       1.0066402829252183
     656.2030020013343119       1.0171013437211514
     656.2032021347565660       0.9507115185260773
     656.2034022681788201       0.9459312483668327
     656.2036024016010742       0.9984859690302983
     656.2038025350234420       0.9821848664432764
     656.2040026684456961       0.9375604502856731
     656.2042028018679503       1.0909376963973045
     656.2044029352902044       1.0458767376840115
     656.2046030687125722       0.9726996682584286
     656.2048032021348263       1.0185383465141058
     656.2050033355570804       0.9976507415995002
     656.2052034689793345       1.0039238254539669
     656.2054036024017023       0.9991211163578555
     656.2056037358239564       0.9971698683220893
     656.2058038692462105       1.0117372432723641
     656.2060040026684646       0.9184400066733360
     656.2062041360907187       1.0617478676140308
     656.2064042695130865       1.0505905523896217
     656.2066044029353407       1.0651999115943909
     656.2068045363575948       0.9990545402979478
     656.2070046697798489       0.9666452333331108
     656.2072048032022167       0.9627008549869061
     656.2074049366244708       1.0474739633500576
     656.2076050700467249       1.0442364774644375
     656.2078052034689790       0.9976091694552451
     656.2080053368913468       0.9426997788250446
     656.2082054703136009       0.9921177085489035
     656.2084056037358550       1.0138550745323300
     656.2086057371581092       0.9795108418911695
     656.2088058705804769       1.0752144381403923
     656.2090060040027311       0.9896897235885262
     656.2092061374249852       1.0329363308846951
     656.2094062708472393       1.0305632352828979
     656.2096064042696071       0.9907032148912549
     656.2098065376918612       1.0613007023930550
     656.2100066711141153       0.9815222937613726
     656.2102068045363694       0.9479529373347759
     656.2104069379587372       1.0440340414643288
     656.2106070713809913       0.9895847039297223
     656.2108072048032454       1.0288980454206467
     656.2110073382254996       0.8737137317657471
     656.2112074716477537       0.9789304342120886
     656.2114076050701215       0.9605574794113636
     656.2116077384923756       1.0064547890797257
     656.2118078719146297       1.0610982738435268
     656.2120080053368838       1.0553413815796375
     656.2122081387592516       1.0238398406654596
     656.2124082721815057       0.9992585689760745
     656.2126084056037598       1.0141689926385880
     656.2128085390260139       0.9693215303122997
     656.2130086724483817       0.9188645780086517
     656.2132088058706358       0.9410223662853241
     656.2134089392928900       0.9230426475405693
     656.2136090727151441       1.0485304780304432
     656.2138092061375119       0.9254635497927666
     656.2140093395597660       0.9737703949213028
     656.2142094729820201       0.9911762662231922
     656.2144096064042742       1.0569875612854958
     656.2146097398266420       1.0448411479592323
     656.2148098732488961       1.0683926865458488
     656.2150100066711502       1.1009007096290588
     656.2152101400934043       1.0384309962391853
     656.2154102735157721       1.1099973842501640
     656.2156104069380262       1.0464163944125175
     656.2158105403602804       1.0355068333446980
     656.2160106737825345       0.9636357761919498
     656.2162108072049023       1.0801021754741669
     656.2164109406271564       0.9715366270393133
     656.2166110740494105       1.0215464495122433
     656.2168112074716646       0.9931918955408037
     656.2170113408939187       0.9336359873414040
     656.2172114743162865       0.9834789410233498
     656.2174116077385406       1.0320664085447788
     656.2176117411607947       0.9778464697301388
     656.2178118745830488       0.9428094029426575
     656.2180120080054166       0.9631625078618526
     656.2182121414276708       0.9634057283401489
     656.2184122748499249       0.9740932155400515
     656.2186124082721790       1.0033128298819065
     656.2188125416945468       0.9963817179668695
     656.2190126751168009       0.9858087226748466
     656.2192128085390550       1.0371635369956493
     656.2194129419613091       1.0368654578924179
     656.2196130753836769       0.9770842194557190
     656.2198132088059310       0.9786101449280977
     656.2200133422281851       0.9058060422539711
     656.2202134756504392       1.0481920056045055
     656.2204136090728070       0.9318162575364113
     656.2206137424950612       0.9357137456536293
     656.2208138759173153       1.0514770150184631
     656.2210140093395694       1.0239249058067799
     656.2212141427619372       1.0244000237435102
     656.2214142761841913       1.0161497313529253
     656.2216144096064454       1.0015038081910461
     656.2218145430286995       1.0065052076242864
     656.2220146764509536       0.9527075253427029
     656.2222148098733214       0.9572990573942661
     656.2224149432955755       1.0889554247260094
     656.2226150767178297       0.9778828378766775
     656.2228152101400838       1.1055064573884010
     656.2230153435624516       1.0164991412311792
     656.2232154769847057       1.0018842117860913
     656.2234156104069598       1.0081854630261660
     656.2236157438292139       0.9562548547983170
     656.2238158772515817       0.9407753758132458
     656.2240160106738358       0.9984390224562958
     656.2242161440960899       0.9906673450022936
     656.2244162775183440       1.0500203967094421
     656.2246164109407118       1.0743152350187302
     656.2248165443629659       0.9655332043766975
     656.2250166777852201       0.9138808101415634
     656.2252168112074742       0.9471892602741718
     656.2254169446298420       0.9818271044641733
     656.2256170780520961       0.9523006677627563
     656.2258172114743502       0.9423759914934635
     656.2260173448966043       0.9160885810852051
     656.2262174783189721       0.9063843190670013
     656.2264176117412262       1.0542904250323772
     656.2266177451634803       0.9770137462764978
     656.2268178785857344       0.9847289407625794
     656.2270180120081022       0.9477118439972401
     656.2272181454303563       1.0727009251713753
     656.2274182788526105       1.0205031055957079
     656.2276184122748646       1.1218955665826797
     656.2278185456971187       1.0318580120801926
     656.2280186791194865       1.1737826913595200
     656.2282188125417406       0.9666322804987431
     656.2284189459639947       1.0943473652005196
     656.2286190793862488       1.0074575482867658
     656.2288192128086166       1.0212049186229706
     656.2290193462308707       0.9986792691051960
     656.2292194796531248       1.0295960512012243
     656.2294196130753789       0.9476565234363079
     656.2296197464977467       1.0798700079321861
     656.2298198799200009       1.0236701797693968
     656.2300200133422550       0.9603084139525890
     656.2302201467645091       1.0450159870088100
     656.2304202801868769       1.1117398664355278
     656.2306204136091310       1.0212593320757151
     656.2308205470313851       0.9073559194803238
     656.2310206804536392       1.0045144679024816
     656.2312208138760070       1.0045225941576064
     656.2314209472982611       1.0033252779394388
     656.2316210807205152       1.0289058145135641
     656.2318212141427693       1.0243681892752647
     656.2320213475651371       1.0213722847402096
     656.2322214809873913       1.0462157614529133
     656.2324216144096454       0.9839610159397125
     656.2326217478318995       1.0267183072865009
     656.2328218812541536       0.9503569118678570
     656.2330220146765214       1.0223837886005640
     656.2332221480987755       1.0490388274192810
     656.2334222815210296       0.9972209038678557
     656.2336224149432837       0.9919914910569787
     656.2338225483656515       1.0667727291584015
     656.2340226817879056       0.9477917253971100
     656.2342228152101598       0.9943509916774929
     656.2344229486324139       1.0023128851316869
     656.2346230820547817       1.0180843360722065
     656.2348232154770358       1.0537161044776440
     656.2350233488992899       0.9978992298711091
     656.2352234823215440       1.0911032557487488
     656.2354236157439118       1.0383417457342148
     656.2356237491661659       0.8888352364301682
     656.2358238825884200       1.0218540634959936
     656.2360240160106741       1.0444649085402489
     656.2362241494330419       0.9527379162609577
     656.2364242828552960       1.0687120184302330
     656.2366244162775502       0.9899633806198835
     656.2368245496998043       1.0292080286890268
     656.2370246831221721       1.1891480833292007
     656.2372248165444262       1.0682512149214745
     656.2374249499666803       1.0145346987992525
     656.2376250833889344       0.9994820090360008
     656.2378252168113022       1.0008467864245176
     656.2380253502335563       0.9290506616234779
     656.2382254836558104       1.0012670590076596
     656.2384256170780645       0.9979673759080470
     656.2386257505003186       0.9968083102721721
     656.2388258839226864       1.0268511623144150
     656.2390260173449406       0.9498467855155468
     656.2392261507671947       1.0365897081792355
     656.2394262841894488       1.0354940667748451
     656.2396264176118166       0.9284790009260178
     656.2398265510340707       1.0333453975617886
     656.2400266844563248       0.9853884233161807
     656.2402268178785789       0.9858693405985832
     656.2404269513009467       1.1493151038885117
     656.2406270847232008       1.0619823299348354
     656.2408272181454549       0.9797075577080250
     656.2410273515677090       1.0574787966907024
     656.2412274849900768       0.9386074542999268
     656.2414276184123310       1.0723960474133492
     656.2416277518345851       0.9030850902199745
     656.2418278852568392       0.9143792986869812
     656.2420280186792070       1.0739614591002464
     656.2422281521014611       1.0150454761460423
     656.2424282855237152       0.9320992231369019
     656.2426284189459693       1.0596550293266773
     656.2428285523683371       1.1480579674243927
     656.2430286857905912       0.9741445239633322
     656.2432288192128453       0.9924029246903956
     656.2434289526350994       0.9938185475766659
     656.2436290860574672       1.0301456879824400
     656.2438292194797214       0.9989080767845735
     656.2440293529019755       1.0734067559242249
     656.2442294863242296       0.9989015243481845
     656.2444296197464837       1.0264010522514582
     656.2446297531688515       1.0363452397286892
     656.2448298865911056       0.9335004165768623
     656.2450300200133597       1.0764558836817741
     656.2452301534356138       1.1055795550346375
     656.2454302868579816       1.0230239387601614
     656.2456304202802357       1.0470540747046471
     656.2458305537024899       0.9348383024334908
     656.2460306871247440       1.0083830850198865
     656.2462308205471118       0.9683130718767643
     656.2464309539693659       0.9774094540625811
     656.2466310873916200       0.9836569707840681
     656.2468312208138741       0.9694619420915842
     656.2470313542362419       0.9855281021445990
     656.2472314876584960       1.0332930572330952
     656.2474316210807501       0.9809589572250843
     656.2476317545030042       1.0007897506584413
     656.2478318879253720       0.9596249014139175
     656.2480320213476261       0.9210938215255737
     656.2482321547698803       0.9936194582842290
     656.2484322881921344       1.0110680758953094
     656.2486324216145022       1.0119142960757017
     656.2488325550367563       0.9393803067505360
     656.2490326884590104       1.0002398637589067
     656.2492328218812645       0.9985819786088541
     656.2494329553035186       1.0578472800552845
     656.2496330887258864       0.9660464413464069
     656.2498332221481405       1.1239795237779617
     656.2500333555703946       0.9657566286623478
     656.2502334889926487       0.9934774665161967
     656.2504336224150165       1.0629782304167747
     656.2506337558372707       1.0375688336789608
     656.2508338892595248       0.9897070080041885
     656.2510340226817789       1.0464557521045208
     656.2512341561041467       1.0559943206608295
     656.2514342895264008       0.9974775922019035
     656.2516344229486549       1.0846342071890831
     656.2518345563709090       0.9488065280020237
     656.2520346897932768       1.0148898931220174
     656.2522348232155309       0.9361851885914803
     656.2524349566377850       0.9888194054365158
     656.2526350900600391       0.9531645067036152
     656.2528352234824069       0.9618191085755825
     656.2530353569046611       0.9371247068047523
     656.2532354903269152       0.9885923778638244
     656.2534356237491693       0.9092696085572243
     656.2536357571715371       1.0680567696690559
     656.2538358905937912       0.9590581394731998
     656.2540360240160453       1.0038906154222786
     656.2542361574382994       1.0192407127469778
     656.2544362908606672       0.9643965624272823
     656.2546364242829213       0.9044470265507698
     656.2548365577051754       1.0310834683477879
     656.2550366911274295       1.0435873232781887
     656.2552368245496837       1.0285253468900919
     656.2554369579720515       1.0258788652718067
     656.2556370913943056       1.0548630729317665
     656.2558372248165597       1.0451474189758301
     656.2560373582388138       0.9788756296038628
     656.2562374916611816       1.0311671402305365
     656.2564376250834357       0.9900389332324266
     656.2566377585056898       0.9579944498836994
     656.2568378919279439       0.8971325159072876
     656.2570380253503117       1.0036324155516922
     656.2572381587725658       0.9782139677554369
     656.2574382921948200       0.9520383514463902
     656.2576384256170741       1.0213758163154125
     656.2578385590394419       1.0360628403723240
     656.2580386924616960       1.0229012630879879
     656.2582388258839501       1.0234659872949123
     656.2584389593062042       0.9643280841410160
     656.2586390927285720       1.0085102580487728
     656.2588392261508261       0.9732444249093533
     656.2590393595730802       1.0927922502160072
     656.2592394929953343       1.0373228900134563
     656.2594396264177021       1.0140930702909827
     656.2596397598399562       1.0845560207962990
     656.2598398932622104       1.0509192049503326
     656.2600400266844645       0.9884573752060533
     656.2602401601067186       0.9986858288757503
     656.2604402935290864       0.9968704332131892
     656.2606404269513405       0.9663260765373707
     656.2608405603735946       1.0595731697976589
     656.2610406937958487       0.9769484177231789
     656.2612408272182165       1.0079113468527794
     656.2614409606404706       0.9717964399605989
     656.2616410940627247       1.0024108462966979
     656.2618412274849788       0.9851419553160667
     656.2620413609073466       0.9436598941683769
     656.2622414943296008       1.0709232687950134
     656.2624416277518549       0.9930864935740829
     656.2626417611741090       0.9921592846512794
     656.2628418945964768       1.0936173871159554
     656.2630420280187309       1.0025553307496011
     656.2632421614409850       0.9307700395584106
     656.2634422948632391       0.9582974538207054
     656.2636424282856069       0.9705420583486557
     656.2638425617078610       0.9573994018137455
     656.2640426951301151       1.0002492156054359
     656.2642428285523692       1.0468402728438377
     656.2644429619747370       1.1033080592751503
     656.2646430953969912       1.1320537030696869
     656.2648432288192453       1.0479420460760593
     656.2650433622414994       0.9314898401498795
     656.2652434956638672       0.9836081415414810
     656.2654436290861213       0.9627405665814877
     656.2656437625083754       1.0295138265937567
     656.2658438959306295       0.8816211596131325
     656.2660440293528836       0.9479516632854939
     656.2662441627752514       0.9625440873205662
     656.2664442961975055       1.0094155836850405
     656.2666444296197596       1.1012136489152908
     656.2668445630420138       1.0136297671124339
     656.2670446964643816       1.0021099012810737
     656.2672448298866357       1.0084284683689475
     656.2674449633088898       0.9099086597561836
     656.2676450967311439       0.9774987623095512
     656.2678452301535117       1.0023423405364156
     656.2680453635757658       0.9772815871983767
     656.2682454969980199       1.0634789988398552
     656.2684456304202740       0.9802333153784275
     656.2686457638426418       1.0427248328924179
     656.2688458972648959       1.0381668210029602
     656.2690460306871501       1.0832088142633438
     656.2692461641094042       0.9220389351248741
     656.2694462975317720       0.9606665000319481
     656.2696464309540261       1.0268571060150862
     656.2698465643762802       1.0401620082557201
     656.2700466977985343       1.0726148858666420
     656.2702468312209021       0.9653221927583218
     656.2704469646431562       1.0491956882178783
     656.2706470980654103       1.0344567075371742
     656.2708472314876644       1.0368766039609909
     656.2710473649099185       1.0840678289532661
     656.2712474983322863       1.0215985272079706
     656.2714476317545405       0.9129399061203003
     656.2716477651767946       1.0414214693009853
     656.2718478985990487       0.9867471382021904
     656.2720480320214165       1.0228078346699476
     656.2722481654436706       1.0125544285401702
     656.2724482988659247       1.0008265541982837
     656.2726484322881788       0.9522704705595970
     656.2728485657105466       0.9487162828445435
     656.2730486991328007       0.9442057125270367
     656.2732488325550548       0.9844833295792341
     656.2734489659773089       0.9515694081783295
     656.2736490993996767       0.8647289872169495
     656.2738492328219309       1.0813895165920258
     656.2740493662441850       1.0424308851361275
     656.2742494996664391       1.0051922071725130
     656.2744496330888069       0.9589956253767014
     656.2746497665110610       0.9076165780425072
     656.2748498999333151       0.9359089583158493
     656.2750500333555692       1.0478675514459610
     656.2752501667779370       1.0038643733132631
     656.2754503002001911       1.0242788940668106
     656.2756504336224452       1.0346729196608067
     656.2758505670446993       1.0557186491787434
     656.2760507004670671       0.9305649176239967
     656.2762508338893213       1.0261765513569117
     656.2764509673115754       0.9389728531241417
     656.2766511007338295       0.9641088768839836
     656.2768512341560836       1.0331464186310768
     656.2770513675784514       0.9280983805656433
     656.2772515010007055       1.0158404670655727
     656.2774516344229596       1.0372072570025921
     656.2776517678452137       1.0515455082058907
     656.2778519012675815       0.9932586168870330
     656.2780520346898356       0.9996139859140385
     656.2782521681120897       0.9602202363312244
     656.2784523015343439       1.0183332636952400
     656.2786524349567117       1.0329295061528683
     656.2788525683789658       1.0416590236127377
     656.2790527018012199       0.8504732549190521
     656.2792528352234740       1.1036455035209656
     656.2794529686458418       0.9533872716128826
     656.2796531020680959       1.0447178669273853
     656.2798532354903500       1.0306147318333387
     656.2800533689126041       1.0067631765268743
     656.2802535023349719       0.9972807532176375
     656.2804536357572260       1.0831786915659904
     656.2806537691794802       0.9964877050369978
     656.2808539026017343       0.9556375816464424
     656.2810540360241021       1.0310528520494699
     656.2812541694463562       0.9987486512400210
     656.2814543028686103       0.9793412014842033
     656.2816544362908644       0.9200817197561264
     656.2818545697131185       0.9630325734615326
     656.2820547031354863       0.9467866644263268
     656.2822548365577404       0.9936150857247412
     656.2824549699799945       0.9729556404054165
     656.2826551034022486       1.0264534708112478
     656.2828552368246164       0.9609835520386696
     656.2830553702468706       1.0920281782746315
     656.2832555036691247       1.0028349282220006
     656.2834556370913788       0.9738299008458853
     656.2836557705137466       0.9975402529817075
     656.2838559039360007       1.0035048865247518
     656.2840560373582548       0.9676375947892666
     656.2842561707805089       0.9856233401224017
     656.2844563042028767       0.9172625020146370
     656.2846564376251308       1.0453653894364834
     656.2848565710473849       1.0442973934113979
     656.2850567044696390       1.0143346879631281
     656.2852568378920068       0.9822140373289585
     656.2854569713142610       1.0023478334769607
     656.2856571047365151       0.9227676540613174
     656.2858572381587692       1.0056599848903716
     656.2860573715811370       0.9956179759465158
     656.2862575050033911       1.0504565201699734
     656.2864576384256452       0.9135990962386131
     656.2866577718478993       1.0266749709844589
     656.2868579052702671       0.9612737558782101
     656.2870580386925212       0.9938543546013534
     656.2872581721147753       1.0406948179006577
     656.2874583055370294       1.0193813517689705
     656.2876584389592836       0.9736734051257372
     656.2878585723816514       1.0865014269948006
     656.2880587058039055       1.0018071233062074
     656.2882588392261596       0.9467164091765881
     656.2884589726484137       1.0676683261990547
     656.2886591060707815       0.9216816201806068
     656.2888592394930356       0.9476305432617664
     656.2890593729152897       1.0309387575834990
     656.2892595063375438       0.9409000612795353
     656.2894596397599116       1.0090920804068446
     656.2896597731821657       1.0537157133221626
     656.2898599066044198       1.0830933004617691
     656.2900600400266740       0.9964154798071831
     656.2902601734490418       0.9824678841978312
     656.2904603068712959       0.9881422054022551
     656.2906604402935500       1.0818488821387291
     656.2908605737158041       0.9392656087875366
     656.2910607071381719       1.0630814209580421
     656.2912608405604260       0.9955270523205400
     656.2914609739826801       1.0505084507167339
     656.2916611074049342       1.0168656073510647
     656.2918612408273020       0.9859632821753621
     656.2920613742495561       0.9987044549779966
     656.2922615076718103       0.9548951014876366
     656.2924616410940644       0.9788121189922094
     656.2926617745164322       1.0031084329821169
     656.2928619079386863       1.0803880915045738
     656.2930620413609404       1.0534782521426678
     656.2932621747831945       0.9558449648320675
     656.2934623082054486       0.9886901387944818
     656.2936624416278164       0.9507041461765766
     656.2938625750500705       1.0615863017737865
     656.2940627084723246       1.0379983261227608
     656.2942628418945787       0.9716246984899044
     656.2944629753169465       1.0026600200217217
     656.2946631087392007       1.0335241034626961
     656.2948632421614548       0.9918643245473504
     656.2950633755837089       1.0272893495857716
     656.2952635090060767       1.0866969078779221
     656.2954636424283308       0.9523652754724026
     656.2956637758505849       0.9401526972651481
     656.2958639092728390       1.1751022338867188
     656.2960640426952068       1.0509822331368921
     656.2962641761174609       1.0337491296231742
     656.2964643095397150       1.0423000603914256
     656.2966644429619691       1.0767387375235551
     656.2968645763843369       1.1231023669242850
     656.2970647098065911       0.8995747417211518
     656.2972648432288452       1.0002186124038395
     656.2974649766510993       1.0122427679598298
     656.2976651100734671       1.0431743636727284
     656.2978652434957212       0.9769241530448126
     656.2980653769179753       1.0080813942477000
     656.2982655103402294       1.0330832004546959
     656.2984656437624835       1.0848782509565120
     656.2986657771848513       1.0123030021786348
     656.2988659106071054       0.9177075773477051
     656.2990660440293595       0.9861678536980609
     656.2992661774516137       1.0194154810159328
     656.2994663108739815       0.9369417503474584
     656.2996664442962356       1.1042289063332205
     656.2998665777184897       0.9762710593637530
     656.3000667111407438       0.9497354552145045
     656.3002668445631116       1.0604437999420511
     656.3004669779853657       0.9876300757741087
     656.3006671114076198       0.9800774902091313
     656.3008672448298739       0.9118522107581125
     656.3010673782522417       0.9644978232653174
     656.3012675116744958       0.9589700102765444
     656.3014676450967499       1.0089825149567868
     656.3016677785190041       0.9762005582370198
     656.3018679119413719       1.0160768180970357
     656.3020680453636260       0.9756405670033550
     656.3022681787858801       1.0341684967051497
     656.3024683122081342       1.0455733202078443
     656.3026684456305020       0.9697467535287784
     656.3028685790527561       0.9266804977629104
     656.3030687124750102       0.9706804509340478
     656.3032688458972643       0.9662992692283180
     656.3034689793196321       0.9669195598192589
     656.3036691127418862       1.0221892928274041
     656.3038692461641403       1.0020118117434680
     656.3040693795863945       0.9046489219501467
     656.3042695130086486       1.0105072486792896
     656.3044696464310164       1.0101391786041791
     656.3046697798532705       1.0594048190971672
     656.3048699132755246       0.9582036495063088
     656.3050700466977787       0.9900551706633353
     656.3052701801201465       1.0428864294991897
     656.3054703135424006       1.0160578228524133
     656.3056704469646547       0.9431312145795698
     656.3058705803869088       0.9823307271745652
     656.3060707138092766       1.0348007178983418
     656.3062708472315308       0.9053560821868394
     656.3064709806537849       0.9883304040411952
     656.3066711140760390       1.0762439082071422
     656.3068712474984068       0.9841331910237943
     656.3070713809206609       1.0845895109442538
     656.3072715143429150       1.0598094341538515
     656.3074716477651691       1.0149873319437921
     656.3076717811875369       0.9775729088851098
     656.3078719146097910       1.1300578339789173
     656.3080720480320451       1.0269831876140820
     656.3082721814542992       0.9951268891160241
     656.3084723148766670       1.0787646902999850
     656.3086724482989212       1.0710123548407071
     656.3088725817211753       0.9655161633531916
     656.3090727151434294       0.9716368625520250
     656.3092728485656835       0.9919631920170855
     656.3094729819880513       1.0252655132514188
     656.3096731154103054       1.0518544688386973
     656.3098732488325595       0.9593838703167434
     656.3100733822548136       1.0413524780480055
     656.3102735156771814       0.9859663231757784
     656.3104736490994355       1.0375718400988336
     656.3106737825216896       0.9142653131048989
     656.3108739159439438       0.8934012832317416
     656.3110740493663116       1.0249508830181973
     656.3112741827885657       0.9930700245720903
     656.3114743162108198       1.0408057388959546
     656.3116744496330739       0.9646940491682616
     656.3118745830554417       1.0266599604066524
     656.3120747164776958       1.0116986663208216
     656.3122748498999499       1.0055184892502838
     656.3124749833222040       1.0150813171555790
     656.3126751167445718       1.0071049573706219
     656.3128752501668259       0.9735916652214278
     656.3130753835890800       1.0452695643430205
     656.3132755170113342       0.9590757133724920
     656.3134756504337020       0.9659134983798281
     656.3136757838559561       0.9977041992168061
     656.3138759172782102       0.9634060318830711
     656.3140760507004643       0.9840893215964371
     656.3142761841228321       0.9688295034207960
     656.3144763175450862       0.9971786987761122
     656.3146764509673403       1.0373185355001988
     656.3148765843895944       1.0536025743070692
     656.3150767178118485       1.0204442942730623
     656.3152768512342163       1.0313698262379107
     656.3154769846564704       1.0510555461482922
     656.3156771180787246       1.0644917895362438
     656.3158772515009787       0.9474847329020726
     656.3160773849233465       0.9574796077914078
     656.3162775183456006       0.9134911275420500
     656.3164776517678547       1.0348937813960464
     656.3166777851901088       0.9681378232022088
     656.3168779186124766       0.9770527003742451
     656.3170780520347307       0.9435647961365131
     656.3172781854569848       0.9045079313133737
     656.3174783188792389       0.9614773511533942
     656.3176784523016067       0.9647974368083543
     656.3178785857238609       1.0338269695870932
     656.3180787191461150       1.0135412502884975
     656.3182788525683691       0.9512485082250496
     656.3184789859907369       0.9950695765644674
     656.3186791194129910       0.9714299741923125
     656.3188792528352451       0.9965417518074015
     656.3190793862574992       0.9227566882738977
     656.3192795196798670       1.0745313355752792
     656.3194796531021211       0.9783999325568956
     656.3196797865243752       1.0469477267987548
     656.3198799199466293       0.9915996341511023
     656.3200800533688835       1.0367073896332215
     656.3202801867912513       0.9905811081857212
     656.3204803202135054       1.0300005718030576
     656.3206804536357595       0.9449483815535196
     656.3208805870580136       1.0051343664813035
     656.3210807204803814       1.0793097177656934
     656.3212808539026355       1.0371630956047775
     656.3214809873248896       0.9680824677264530
     656.3216811207471437       0.9062132754432630
     656.3218812541695115       0.9133536228837771
     656.3220813875917656       1.0254255035287805
     656.3222815210140197       0.9783733498966312
     656.3224816544362739       0.9543098457256922
     656.3226817878586417       0.9296016116497956
     656.3228819212808958       0.9173657180356046
     656.3230820547031499       0.8925731733805422
     656.3232821881254040       0.9823069483025778
     656.3234823215477718       0.9860756067720051
     656.3236824549700259       0.9133137440195812
     656.3238825883922800       0.9189088950776086
     656.3240827218145341       0.8553242137622632
     656.3242828552369019       0.9575367194411459
     656.3244829886591560       0.9069512683240738
     656.3246831220814101       0.8616295471366566
     656.3248832555036643       1.0061947446828099
     656.3250833889260321       0.8556524015246368
     656.3252835223482862       0.8665760418653287
     656.3254836557705403       0.8904089373759121
     656.3256837891927944       0.8402739386478725
     656.3258839226150485       0.8769866528200975
     656.3260840560374163       0.7469614761961012
     656.3262841894596704       0.8891272012254365
     656.3264843228819245       0.8731534950028412
     656.3266844563041786       0.8908881267365156
     656.3268845897265464       0.8358772089623354
     656.3270847231488005       0.8694279640768734
     656.3272848565710547       0.8563888961584074
     656.3274849899933088       0.7835866056184403
     656.3276851234156766       0.8776160312594810
     656.3278852568379307       0.7664096991452881
     656.3280853902601848       0.7835851556007336
     656.3282855236824389       0.8254623444390361
     656.3284856571048067       0.7557247307631058
     656.3286857905270608       0.8018209201222499
     656.3288859239493149       0.7745494271539910
     656.3290860573715690       0.8773741368701586
     656.3292861907939368       0.7844865773785974
     656.3294863242161910       0.9656762381961049
     656.3296864576384451       0.9209671754089077
     656.3298865910606992       0.8417362161481551
     656.3300867244830670       0.7620168793131530
     656.3302868579053211       0.8429784858660643
     656.3304869913275752       0.7660770088541330
     656.3306871247498293       0.8420349440425332
     656.3308872581721971       0.8233822060183005
     656.3310873915944512       0.8459107533783601
     656.3312875250167053       0.9543343886443110
     656.3314876584389594       0.8337893796950506
     656.3316877918612136       0.8802383966669075
     656.3318879252835814       0.8758098665375060
     656.3320880587058355       0.8717550569881166
     656.3322881921280896       0.8496331972646334
     656.3324883255503437       0.8860736251523205
     656.3326884589727115       0.9212446025373709
     656.3328885923949656       0.8659265056268025
     656.3330887258172197       0.9561632428248080
     656.3332888592394738       0.8892333739581127
     656.3334889926618416       0.9722014519079873
     656.3336891260840957       0.8250129304727563
     656.3338892595063498       0.8801224406482386
     656.3340893929286040       0.9127622119797888
     656.3342895263509718       0.9388696994255840
     656.3344896597732259       0.8451724455889624
     656.3346897931954800       0.9211000257042381
     656.3348899266177341       0.8974151438040968
     656.3350900600401019       0.9666244664694248
     656.3352901934623560       0.9357650372048227
     656.3354903268846101       0.9756193231843401
     656.3356904603068642       1.0509979495136286
     656.3358905937292320       0.8665051869262277
     656.3360907271514861       0.9735290285930719
     656.3362908605737402       0.9576739916372964
     656.3364909939959944       1.0045912394988483
     656.3366911274182485       0.9805899955346606
     656.3368912608406163       0.9306425412346331
     656.3370913942628704       0.9851604543739603
     656.3372915276851245       1.0548369824544646
     656.3374916611073786       0.9842812360425262
     656.3376917945297464       0.9827890654405326
     656.3378919279520005       0.9433225534149794
     656.3380920613742546       1.0158861075494958
     656.3382921947965087       0.9011406607503304
     656.3384923282188765       1.0155133158809275
     656.3386924616411306       1.0630059319169329
     656.3388925950633848       1.0829962523683361
     656.3390927284856389       1.0046035004522116
     656.3392928619080067       1.0038605311950759
     656.3394929953302608       0.9584985086514943
     656.3396931287525149       1.0759865429640756
     656.3398932621747690       0.9513283266575429
     656.3400933955971368       1.0131593888600638
     656.3402935290193909       0.9908202532595152
     656.3404936624416450       1.0002522288288040
     656.3406937958638991       1.0048081863185636
     656.3408939292862669       1.0008872914587397
     656.3410940627085211       1.0173190850536824
     656.3412941961307752       1.0403363279543081
     656.3414943295530293       1.0561411505958338
     656.3416944629753971       0.9174052202452606
     656.3418945963976512       1.0443639817284567
     656.3420947298199053       0.9407566934677132
     656.3422948632421594       1.0329035422887993
     656.3424949966644135       1.0337059503309396
     656.3426951300867813       0.9874406722844530
     656.3428952635090354       0.9842634937913292
     656.3430953969312895       1.0352013893837753
     656.3432955303535437       1.0055558766743675
     656.3434956637759115       1.1076991241587228
     656.3436957971981656       0.9860650304977354
     656.3438959306204197       0.9801714057496368
     656.3440960640426738       0.9822777979744048
     656.3442961974650416       0.9939368909823881
     656.3444963308872957       0.9679152734106249
     656.3446964643095498       1.0407912843189195
     656.3448965977318039       0.9841089133916344
     656.3450967311541717       1.0409151922869784
     656.3452968645764258       0.9158229987661975
     656.3454969979986799       1.0628678403828618
     656.3456971314209341       0.9674247939598478
     656.3458972648433019       1.0601733393865511
     656.3460973982655560       1.0096447780601314
     656.3462975316878101       0.9914342066249116
     656.3464976651100642       1.0398613728700354
     656.3466977985324320       0.9484102007806224
     656.3468979319546861       0.9636392209950319
     656.3470980653769402       1.0702886848068585
     656.3472981987991943       0.9744342109983498
     656.3474983322214484       0.9156671182012697
     656.3476984656438162       0.8860614519356698
     656.3478985990660703       0.9723700808904671
     656.3480987324883245       0.9853680996948946
     656.3482988659105786       1.0022022211300845
     656.3484989993329464       1.0083232578936525
     656.3486991327552005       1.0057081772511896
     656.3488992661774546       1.0377010288549222
     656.3490993995997087       0.9985858700347222
     656.3492995330220765       0.9163178381293393
     656.3494996664443306       0.9563790268063544
     656.3496997998665847       0.9620351963750178
     656.3498999332888388       1.0372505678491382
     656.3501000667112066       1.0251917986224437
     656.3503002001334607       0.9770521365281197
     656.3505003335557149       1.0669067549873290
     656.3507004669779690       0.9507558745439234
     656.3509006004003368       1.1316583074549544
     656.3511007338225909       0.9124627635542488
     656.3513008672448450       0.9365747228234585
     656.3515010006670991       1.0267146489226868
     656.3517011340894669       1.0554949874778135
     656.3519012675117210       1.0223800648307120
     656.3521014009339751       0.9884966408291563
     656.3523015343562292       0.9203715557991263
     656.3525016677785970       1.0370428458046645
     656.3527018012008512       1.0709072497145171
     656.3529019346231053       0.9555858576381373
     656.3531020680453594       1.0030329631320882
     656.3533022014676135       1.0275933654622040
     656.3535023348899813       1.0065456903124859
     656.3537024683122354       0.9975984318848899
     656.3539026017344895       0.9465769404702300
     656.3541027351567436       1.0108589408770678
     656.3543028685791114       1.0006211964698841
     656.3545030020013655       0.9994396349238079
     656.3547031354236196       0.9874405605750171
     656.3549032688458738       1.0068401179384390
     656.3551034022682416       0.9295474363405228
     656.3553035356904957       0.9614743067404515
     656.3555036691127498       0.9391693695362157
     656.3557038025350039       1.0116920572904335
     656.3559039359573717       1.0575339570115432
     656.3561040693796258       0.9839379917453365
     656.3563042028018799       1.0111237112163425
     656.3565043362241340       1.0200738888041954
     656.3567044696465018       1.0399152152103803
     656.3569046030687559       0.9796789437435636
     656.3571047364910100       1.0173268299481344
     656.3573048699132642       0.9990537367363569
     656.3575050033356320       0.9663482643629870
     656.3577051367578861       1.0773595869517285
     656.3579052701801402       0.9998439399770731
     656.3581054036023943       1.0256569124746557
     656.3583055370246484       0.9522703401736221
     656.3585056704470162       1.0348272435361445
     656.3587058038692703       1.0398643128569969
     656.3589059372915244       0.9650011248883870
     656.3591060707137785       0.9693709332494054
     656.3593062041361463       0.9930256297810577
     656.3595063375584004       0.9863727018236229
     656.3597064709806546       1.0198102593421330
     656.3599066044029087       1.0492350272833888
     656.3601067378252765       0.9486366994678692
     656.3603068712475306       1.1301364749669838
     656.3605070046697847       0.9734334256499876
     656.3607071380920388       0.9424259662628086
     656.3609072715144066       1.0642863735556545
     656.3611074049366607       0.9902549833059271
     656.3613075383589148       0.9784405548125479
     656.3615076717811689       1.1042422279715520
     656.3617078052035367       0.9956882637925434
     656.3619079386257908       1.0620033331215373
     656.3621080720480450       0.9708914924412960
     656.3623082054702991       0.9998228776530592
     656.3625083388926669       0.9979707959573714
     656.3627084723149210       0.9326588585972785
     656.3629086057371751       0.9726836234331130
     656.3631087391594292       1.0427447222173214
     656.3633088725817970       0.9047460034489632
     656.3635090060040511       1.0526787340641022
     656.3637091394263052       1.1163828745484352
     656.3639092728485593       0.9557516723871231
     656.3641094062708135       0.9741171021014452
     656.3643095396931813       0.9772384185343981
     656.3645096731154354       0.9859059005975723
     656.3647098065376895       0.8911659196019173
     656.3649099399599436       0.9983282323228195
     656.3651100733823114       0.9678231179714203
     656.3653102068045655       1.0423494242131710
     656.3655103402268196       0.9723540060222149
     656.3657104736490737       0.9208810478448868
     656.3659106070714415       1.0541547313332558
     656.3661107404936956       0.9937951350584626
     656.3663108739159497       1.0302480366080999
     656.3665110073382039       1.0614611469209194
     656.3667111407605717       0.9870960097759962
     656.3669112741828258       1.0351803041994572
     656.3671114076050799       1.0469747893512249
     656.3673115410273340       0.9760671369731426
     656.3675116744497018       0.9666187502443790
     656.3677118078719559       0.9661045633256435
     656.3679119412942100       0.9884015778079629
     656.3681120747164641       0.9878960298374295
     656.3683122081388319       0.9901202730834484
     656.3685123415610860       1.0608735866844654
     656.3687124749833401       1.0311286356300116
     656.3689126084055943       1.0338302515447140
     656.3691127418278484       0.9227403253316879
     656.3693128752502162       1.1090387478470802
     656.3695130086724703       1.0508561097085476
     656.3697131420947244       1.0098194582387805
     656.3699132755169785       0.8880226463079453
     656.3701134089393463       0.9412277936935425
     656.3703135423616004       1.0004837099986617
     656.3705136757838545       0.9627848342061043
     656.3707138092061086       1.1253948509693146
     656.3709139426284764       0.9659958817064762
     656.3711140760507305       1.1144349202513695
     656.3713142094729847       0.9346120059490204
     656.3715143428952388       0.9923686659894884
     656.3717144763176066       0.9768524784594774
     656.3719146097398607       0.9025099650025368
     656.3721147431621148       1.0199371222406626
     656.3723148765843689       1.0636665746569633
     656.3725150100067367       1.0245179701596498
     656.3727151434289908       0.9834372438490391
     656.3729152768512449       1.0305926110595465
     656.3731154102734990       0.9978799393866211
     656.3733155436958668       0.9564052671194077
     656.3735156771181209       0.9964597041253000
     656.3737158105403751       0.9771106857806444
     656.3739159439626292       1.0621748045086861
     656.3741160773849970       0.9288955181837082
     656.3743162108072511       0.9630421921610832
     656.3745163442295052       0.9610226787626743
     656.3747164776517593       0.9973958155605942
     656.3749166110740134       0.9855465218424797
     656.3751167444963812       1.0073602744378150
     656.3753168779186353       1.0919014513492584
     656.3755170113408894       0.9708521161228418
     656.3757171447631436       0.9845762820914388
     656.3759172781855113       1.0386904403567314
     656.3761174116077655       1.0231039132922888
     656.3763175450300196       1.0721239522099495
     656.3765176784522737       1.0073573710396886
     656.3767178118746415       0.9998661236022599
     656.3769179452968956       1.0540778413414955
     656.3771180787191497       0.9626408107578754
     656.3773182121414038       1.0752745196223259
     656.3775183455637716       0.9289511591196060
     656.3777184789860257       0.9011037945747375
     656.3779186124082798       1.0183835383504629
     656.3781187458305340       0.8832507207989693
     656.3783188792529018       0.9833578281104565
     656.3785190126751559       1.0042948084883392
     656.3787191460974100       0.9725491460412741
     656.3789192795196641       0.9372028633952141
     656.3791194129420319       1.0752712637186050
     656.3793195463642860       0.9628091454505920
     656.3795196797865401       0.9968221366871148
     656.3797198132087942       1.0685717910528183
     656.3799199466311620       0.9852231936529279
     656.3801200800534161       0.9857433559373021
     656.3803202134756702       1.0217333007603884
     656.3805203468979244       0.9566584154963493
     656.3807204803201785       1.0332022234797478
     656.3809206137425463       0.9775477107614279
     656.3811207471648004       1.0216313954442739
     656.3813208805870545       1.0575348697602749
     656.3815210140093086       1.0423290468752384
     656.3817211474316764       1.0099891833961010
     656.3819212808539305       0.9953420250676572
     656.3821214142761846       1.0298478491604328
     656.3823215476984387       0.9365004748106003
     656.3825216811208065       1.0611830949783325
     656.3827218145430606       0.9670301638543606
     656.3829219479653148       1.0417847000062466
     656.3831220813875689       1.0505032911896706
     656.3833222148099367       1.0395909696817398
     656.3835223482321908       0.9855209374800324
     656.3837224816544449       0.9342182427644730
     656.3839226150766990       0.9588921368122101
     656.3841227484990668       1.0029030204750597
     656.3843228819213209       0.8966127038002014
     656.3845230153435750       1.0290521569550037
     656.3847231487658291       0.9009649232029915
     656.3849232821881969       0.9804164748638868
     656.3851234156104510       1.0348928757011890
     656.3853235490327052       0.9940930195152760
     656.3855236824549593       0.9513226486742496
     656.3857238158772134       0.9389241226017475
     656.3859239492995812       0.9372362121939659
     656.3861240827218353       0.9333284348249435
     656.3863242161440894       1.0167522635310888
     656.3865243495663435       1.0154464766383171
     656.3867244829887113       0.9762474838644266
     656.3869246164109654       1.0922413095831871
     656.3871247498332195       1.0407984815537930
     656.3873248832554737       0.9191440120339394
     656.3875250166778414       1.0181374568492174
     656.3877251501000956       1.0003937437722925
     656.3879252835223497       1.0331858322024345
     656.3881254169446038       0.9972644613590091
     656.3883255503669716       1.0156093640252948
     656.3885256837892257       0.9937231903895736
     656.3887258172114798       1.0314478278160095
     656.3889259506337339       0.9808131027966738
     656.3891260840561017       0.9581343196332455
     656.3893262174783558       1.1271969527006149
     656.3895263509006099       0.9912322284653783
     656.3897264843228641       0.9400612041354179
     656.3899266177452319       0.9460412263870239
     656.3901267511674860       0.9541787914931774
     656.3903268845897401       1.0206833053380251
     656.3905270180119942       1.0447154790163040
     656.3907271514343620       1.0541902482509613
     656.3909272848566161       1.0284621063619852
     656.3911274182788702       1.0404891408979893
     656.3913275517011243       0.9695014767348766
     656.3915276851233784       0.9713553246110678
     656.3917278185457462       1.0285737495869398
     656.3919279519680003       1.0609778836369514
     656.3921280853902545       1.0185455940663815
     656.3923282188125086       1.0384828560054302
     656.3925283522348764       0.9963653243612498
     656.3927284856571305       0.9631363116204739
     656.3929286190793846       0.9414080977439880
     656.3931287525016387       1.0480799116194248
     656.3933288859240065       0.9709039181470871
     656.3935290193462606       0.9822327699512243
     656.3937291527685147       1.0623982511460781
     656.3939292861907688       0.9313683733344078
     656.3941294196131366       0.9282330647110939
     656.3943295530353907       0.9946243525482714
     656.3945296864576449       0.9721324499696493
     656.3947298198798990       1.0047702449373901
     656.3949299533022668       1.0171861220151186
     656.3951300867245209       0.9988902830518782
     656.3953302201467750       0.9145322516560555
     656.3955303535690291       1.0566800646483898
     656.3957304869913969       0.9902463275939226
     656.3959306204136510       1.0359335839748383
     656.3961307538359051       1.0768973678350449
     656.3963308872581592       0.9996821320382878
     656.3965310206804133       0.9979308531619608
     656.3967311541027811       0.8930330649018288
     656.3969312875250353       0.9618458934128284
     656.3971314209472894       1.0641477704048157
     656.3973315543695435       1.0253927838057280
     656.3975316877919113       1.0864651724696159
     656.3977318212141654       1.0862848982214928
     656.3979319546364195       0.9956670780666173
     656.3981320880586736       0.9917887942865491
     656.3983322214810414       0.9686785154044628
     656.3985323549032955       1.0092590032145381
     656.3987324883255496       1.0124235209077597
     656.3989326217478038       0.9818650465458632
     656.3991327551701715       0.9579346030950546
     656.3993328885924257       1.0376619584858418
     656.3995330220146798       1.0423691980540752
     656.3997331554369339       1.0263931341469288
     656.3999332888593017       1.0694991871714592
     656.4001334222815558       1.0597981624305248
     656.4003335557038099       0.9227534011006355
     656.4005336891260640       1.0267500672489405
     656.4007338225484318       1.0387016609311104
     656.4009339559706859       1.0452750027179718
     656.4011340893929400       1.0306316204369068
     656.4013342228151942       1.0464236624538898
     656.4015343562375620       0.9975787082221359
     656.4017344896598161       0.9409038349986076
     656.4019346230820702       0.9755153823643923
     656.4021347565043243       1.0587812364101410
     656.4023348899265784       0.9872342050075531
     656.4025350233489462       0.9313064813613892
     656.4027351567712003       0.9216835945844650
     656.4029352901934544       1.0953549891710281
     656.4031354236157085       0.9728537499904633
     656.4033355570380763       0.9238546863198280
     656.4035356904603304       0.8702783882617950
     656.4037358238825846       1.0125941308215261
     656.4039359573048387       1.0409307591617107
     656.4041360907272065       1.0611879825592041
     656.4043362241494606       1.1033828854560852
     656.4045363575717147       0.9687940441071987
     656.4047364909939688       0.9838756918907166
     656.4049366244163366       1.0145757049322128
     656.4051367578385907       0.9660935029387474
     656.4053368912608448       0.9356373101472855
     656.4055370246830989       1.1296861171722412
     656.4057371581054667       0.9795033354312181
     656.4059372915277208       0.9501615501940250
     656.4061374249499750       0.9432108514010906
     656.4063375583722291       0.9195959419012070
     656.4065376917945969       1.1364183872938156
     656.4067378252168510       0.9321278110146523
     656.4069379586391051       0.9290641024708748
     656.4071380920613592       0.9447274729609489
     656.4073382254836133       1.0636510625481606
     656.4075383589059811       0.9973067010287195
     656.4077384923282352       0.9743084814399481
     656.4079386257504893       1.0199122931808233
     656.4081387591727434       0.9748444277793169
     656.4083388925951112       0.9684507958590984
     656.4085390260173654       0.9771486800163984
     656.4087391594396195       1.0168536789715290
     656.4089392928618736       1.0232043694704771
     656.4091394262842414       1.0572937987744808
     656.4093395597064955       1.0085736690089107
     656.4095396931287496       0.9277087152004242
     656.4097398265510037       0.9576290287077427
     656.4099399599733715       0.8938642591238022
     656.4101400933956256       0.9500083252787590
     656.4103402268178797       1.0292552001774311
     656.4105403602401339       0.8667601197957993
     656.4107404936625016       1.0851435586810112
     656.4109406270847558       0.9727754648774862
     656.4111407605070099       1.0818632319569588
     656.4113408939292640       0.9131841734051704
     656.4115410273516318       1.0362585596740246
     656.4117411607738859       0.9895656825974584
     656.4119412941961400       0.9813108351081610
     656.4121414276183941       0.9989289252553135
     656.4123415610407619       0.9773533921688795
     656.4125416944630160       0.9452443458139896
     656.4127418278852701       0.9911925308406353
     656.4129419613075243       1.0075337947346270
     656.4131420947297784       0.9686207510530949
     656.4133422281521462       1.0283669680356979
     656.4135423615744003       0.9012129381299019
     656.4137424949966544       1.0018018312985078
     656.4139426284189085       0.9757713396102190
     656.4141427618412763       1.0232498832046986
     656.4143428952635304       1.0441223233938217
     656.4145430286857845       1.0293007772415876
     656.4147431621080386       1.0159940328449011
     656.4149432955304064       1.0661791115999222
     656.4151434289526605       0.9699037764221430
     656.4153435623749147       0.9742406960576773
     656.4155436957971688       0.9902684474363923
     656.4157438292195366       0.9836045932024717
     656.4159439626417907       0.9595451019704342
     656.4161440960640448       0.9440432079136372
     656.4163442294862989       1.0124982697889209
     656.4165443629086667       1.0148142101243138
     656.4167444963309208       0.9530205018818378
     656.4169446297531749       1.0583623163402081
     656.4171447631754290       1.0074680633842945
     656.4173448965977968       0.9688500557094812
     656.4175450300200509       1.0251287873834372
     656.4177451634423051       0.9935730979777873
     656.4179452968645592       1.0464165173470974
     656.4181454302869270       1.0277090221643448
     656.4183455637091811       0.9386119470000267
     656.4185456971314352       1.0391078703105450
     656.4187458305536893       1.0493188090622425
     656.4189459639759434       0.9401693865656853
     656.4191460973983112       0.9676692225039005
     656.4193462308205653       1.0017593753291294
     656.4195463642428194       0.9448952712118626
     656.4197464976650735       0.9784017596393824
     656.4199466310874413       0.9412454366683960
     656.4201467645096955       1.0328381471335888
     656.4203468979319496       0.9970218467060477
     656.4205470313542037       0.9763993192464113
     656.4207471647765715       1.0256626009941101
     656.4209472981988256       0.9300545826554298
     656.4211474316210797       0.9907095367088914
     656.4213475650433338       0.8843979462981224
     656.4215476984657016       0.9190607815980911
     656.4217478318879557       0.9528053142130375
     656.4219479653102098       0.9742400553077459
     656.4221480987324640       1.0328500270843506
     656.4223482321548317       1.0260041188448668
     656.4225483655770859       1.0530204437673092
     656.4227484989993400       1.0098008578643203
     656.4229486324215941       0.9442511685192585
     656.4231487658439619       1.0401669740676880
     656.4233488992662160       0.9860289124771953
     656.4235490326884701       0.9994885745109059
     656.4237491661107242       1.0221226718276739
     656.4239492995329783       1.0828633606433868
     656.4241494329553461       1.0158379655331373
     656.4243495663776002       1.0549732707440853
     656.4245496997998544       1.0196235086768866
     656.4247498332221085       1.0004780387971550
     656.4249499666444763       1.0434783995151520
     656.4251501000667304       1.0404263436794281
     656.4253502334889845       0.9919964196160436
     656.4255503669112386       1.0112524479627609
     656.4257505003336064       1.0365374460816383
     656.4259506337558605       0.9981604662025347
     656.4261507671781146       0.9705852922052145
     656.4263509006003687       0.9754915107041597
     656.4265510340227365       0.9656063057482243
     656.4267511674449906       1.0427919588983059
     656.4269513008672448       1.0529573373496532
     656.4271514342894989       1.1368196159601212
     656.4273515677118667       1.0683055669069290
     656.4275517011341208       0.9946005363017321
     656.4277518345563749       1.0327116958796978
     656.4279519679786290       1.0046208216808736
     656.4281521014009968       1.1103155985474586
     656.4283522348232509       0.9912206763401628
     656.4285523682455050       1.0469907522201538
     656.4287525016677591       1.0175335500389338
     656.4289526350901269       1.0683975443243980
     656.4291527685123810       1.0335617922246456
     656.4293529019346352       0.9414639063179493
     656.4295530353568893       0.9591340608894825
     656.4297531687791434       1.0291855074465275
     656.4299533022015112       0.9405686669051647
     656.4301534356237653       0.9603433646261692
     656.4303535690460194       1.0406625941395760
     656.4305537024682735       1.0481010042130947
     656.4307538358906413       1.0943225547671318
     656.4309539693128954       0.9873801171779633
     656.4311541027351495       1.0246488023549318
     656.4313542361574036       0.8936072662472725
     656.4315543695797714       0.9739300403743982
     656.4317545030020256       1.0487733148038387
     656.4319546364242797       0.9605854973196983
     656.4321547698465338       1.0316641591489315
     656.4323549032689016       0.9993718420155346
     656.4325550366911557       1.0375773720443249
     656.4327551701134098       0.9369413033127785
     656.4329553035356639       1.0474129170179367
     656.4331554369580317       1.0043523809872568
     656.4333555703802858       1.0692648738622665
     656.4335557038025399       1.0211032200604677
     656.4337558372247940       0.9595386870205402
     656.4339559706471618       0.9788595400750637
     656.4341561040694160       0.9813324790447950
     656.4343562374916701       1.0115763237699866
     656.4345563709139242       1.0827958062291145
     656.4347565043361783       1.0228081848472357
     656.4349566377585461       1.0293239410966635
     656.4351567711808002       0.9789174571633339
     656.4353569046030543       0.9995707719644997
     656.4355570380253084       0.8912722468376160
     656.4357571714476762       0.9685468487441540
     656.4359573048699303       1.0363663621246815
     656.4361574382921845       1.0360533855855465
     656.4363575717144386       0.9264035448431969
     656.4365577051368064       1.0987219959497452
     656.4367578385590605       1.0328788496553898
     656.4369579719813146       1.0462612509727478
     656.4371581054035687       1.0302597563713789
     656.4373582388259365       0.9702575597912073
     656.4375583722481906       0.8875645771622658
     656.4377585056704447       1.0723746046423912
     656.4379586390926988       1.0179570261389017
     656.4381587725150666       1.0229899622499943
     656.4383589059373207       0.9972919505089521
     656.4385590393595749       0.9875795440748334
     656.4387591727818290       0.9771015662699938
     656.4389593062041968       1.0504709966480732
     656.4391594396264509       1.0218077693134546
     656.4393595730487050       0.9523169845342636
     656.4395597064709591       0.9691687244921923
     656.4397598398933269       0.9981560052838176
     656.4399599733155810       1.0232343692332506
     656.4401601067378351       1.0369834490120411
     656.4403602401600892       1.0177532136440277
     656.4405603735823433       0.9974388615228236
     656.4407605070047111       0.9431650266051292
     656.4409606404269653       1.1282592862844467
     656.4411607738492194       1.0071335174143314
     656.4413609072714735       0.9417793191969395
     656.4415610406938413       1.0619970373809338
     656.4417611741160954       1.0008691396797076
     656.4419613075383495       0.9166200160980225
     656.4421614409606036       0.9855508161708713
     656.4423615743829714       1.0548604093492031
     656.4425617078052255       1.0065077110193670
     656.4427618412274796       0.9591277427971363
     656.4429619746497337       0.9823464695364237
     656.4431621080721015       0.9986547279404476
     656.4433622414943557       1.0181373506784439
     656.4435623749166098       0.8951968550682068
     656.4437625083388639       1.0363332144916058
     656.4439626417612317       1.0493269078433514
     656.4441627751834858       0.9140091910958290
     656.4443629086057399       0.9205662831664085
     656.4445630420279940       0.9396579675376415
     656.4447631754503618       0.9828115012496710
     656.4449633088726159       0.9530986733734608
     656.4451634422948700       0.9324255809187889
     656.4453635757171241       0.8677534013986588
     656.4455637091393783       1.0182675104588270
     656.4457638425617461       0.9967478255275637
     656.4459639759840002       0.9056899771094322
     656.4461641094062543       0.9464272074401379
     656.4463642428285084       0.9677438847720623
     656.4465643762508762       0.9894518880173564
     656.4467645096731303       1.0231967028230429
     656.4469646430953844       0.9588994160294533
     656.4471647765176385       1.0075494581833482
     656.4473649099400063       0.9855778263881803
     656.4475650433622604       0.9858903745189309
     656.4477651767845146       0.9580154679715633
     656.4479653102067687       0.9662711918354034
     656.4481654436291365       0.9831723589450121
     656.4483655770513906       0.9817295297980309
     656.4485657104736447       1.0373178534209728
     656.4487658438958988       1.0421647280454636
     656.4489659773182666       1.0069901230745018
     656.4491661107405207       0.9360362440347672
     656.4493662441627748       0.9820370245724916
     656.4495663775850289       1.0553888194262981
     656.4497665110073967       0.9714993257075548
     656.4499666444296508       1.0598682649433613
     656.4501667778519050       1.0205467622727156
     656.4503669112741591       0.9672095403075218
     656.4505670446965269       0.9948408291675150
     656.4507671781187810       0.9338184744119644
     656.4509673115410351       0.9863070575520396
     656.4511674449632892       1.0398188643157482
     656.4513675783855433       0.9985022259643301
     656.4515677118079111       1.0483498759567738
     656.4517678452301652       0.9291879013180733
     656.4519679786524193       1.0483102016150951
     656.4521681120746734       1.0652398020029068
     656.4523682454970412       0.9874260621145368
     656.4525683789192954       1.0304704550653696
     656.4527685123415495       0.9396369084715843
     656.4529686457638036       1.0117035415023565
     656.4531687791861714       1.0551687367260456
     656.4533689126084255       1.0175994001328945
     656.4535690460306796       1.0338145345449448
     656.4537691794529337       0.8640004992485046
     656.4539693128753015       1.0389908850193024
     656.4541694462975556       0.9789380822330713
     656.4543695797198097       0.9794421512633562
     656.4545697131420638       0.9775710869580507
     656.4547698465644316       0.9090707004070282
     656.4549699799866858       0.9711516704410315
     656.4551701134089399       0.9817036017775536
     656.4553702468311940       1.0335304737091064
     656.4555703802535618       0.9961636748630553
     656.4557705136758159       0.9858732381835580
     656.4559706470980700       0.9886045707389712
     656.4561707805203241       1.0546217747032642
     656.4563709139425782       1.0241833087056875
     656.4565710473649460       1.0361874513328075
     656.4567711807872001       1.0319435037672520
     656.4569713142094542       1.0086810868233442
     656.4571714476317084       0.9853626983240247
     656.4573715810540762       1.0104450751096010
     656.4575717144763303       1.0299344714730978
     656.4577718478985844       1.0208601262420416
     656.4579719813208385       1.0756615027785301
     656.4581721147432063       0.9906491264700890
     656.4583722481654604       1.0317169986665249
     656.4585723815877145       0.9967949632555246
     656.4587725150099686       1.0176581274718046
     656.4589726484323364       1.0521079972386360
     656.4591727818545905       0.9687976352870464
     656.4593729152768447       1.0587867200374603
     656.4595730486990988       1.0054306033998728
     656.4597731821214666       1.0026437297929078
     656.4599733155437207       1.0143767911940813
     656.4601734489659748       1.0393684171140194
     656.4603735823882289       0.9928413918241858
     656.4605737158105967       1.0225580614060163
     656.4607738492328508       0.9713011588901281
     656.4609739826551049       0.9684303142130375
     656.4611741160773590       1.0338488779962063
     656.4613742494997268       1.0368310175836086
     656.4615743829219809       1.0840744525194168
     656.4617745163442351       0.9899959424510598
     656.4619746497664892       0.9670331552624702
     656.4621747831887433       0.9900425402447581
     656.4623749166111111       1.0211029816418886
     656.4625750500333652       0.9660941399633884
     656.4627751834556193       1.0232587698847055
     656.4629753168778734       1.0002887046430260
     656.4631754503002412       1.1055274754762650
     656.4633755837224953       0.9228648096323013
     656.4635757171447494       1.0146274808794260
     656.4637758505670035       1.0297028813511133
     656.4639759839893713       0.9453310109674931
     656.4641761174116255       0.9890440376475453
     656.4643762508338796       1.0019769228529185
     656.4645763842561337       0.9638447202742100
     656.4647765176785015       1.0216415375471115
     656.4649766511007556       1.0362776108086109
     656.4651767845230097       1.0478834286332130
     656.4653769179452638       0.9989079340593889
     656.4655770513676316       0.9532441832125187
     656.4657771847898857       0.9758208524435759
     656.4659773182121398       1.0467136576771736
     656.4661774516343939       1.0137875843793154
     656.4663775850567617       1.0378129221498966
     656.4665777184790159       1.0164367035031319
     656.4667778519012700       0.9651584438979626
     656.4669779853235241       1.0279800649732351
     656.4671781187458919       0.9821231607347727
     656.4673782521681460       0.9602164737880230
     656.4675783855904001       1.0731652528047562
     656.4677785190126542       1.0371041633188725
     656.4679786524349083       1.0060363672673702
     656.4681787858572761       1.0099588613957167
     656.4683789192795302       1.0495498888194561
     656.4685790527017843       1.0445286221802235
     656.4687791861240385       1.1163954362273216
     656.4689793195464063       0.9753454141318798
     656.4691794529686604       1.0375699214637280
     656.4693795863909145       0.9003179147839546
     656.4695797198131686       0.9025154113769531
     656.4697798532355364       0.9955257652327418
     656.4699799866577905       1.0516883321106434
     656.4701801200800446       0.9614344090223312
     656.4703802535022987       0.9369829446077347
     656.4705803869246665       1.0451791658997536
     656.4707805203469206       0.9406467080116272
     656.4709806537691748       0.9287540018558502
     656.4711807871914289       0.9530356377363205
     656.4713809206137967       0.9507099576294422
     656.4715810540360508       1.0592836923897266
     656.4717811874583049       1.0241492297500372
     656.4719813208805590       1.0563157610595226
     656.4721814543029268       0.9672169573605061
     656.4723815877251809       1.0243389476090670
     656.4725817211474350       1.0573938302695751
     656.4727818545696891       0.9332790970802307
     656.4729819879919432       0.8990295603871346
     656.4731821214143110       1.0713023990392685
     656.4733822548365652       1.0870570391416550
     656.4735823882588193       1.0052079479210079
     656.4737825216810734       0.9940254376269877
     656.4739826551034412       0.9978401323314756
     656.4741827885256953       0.9738076440989971
     656.4743829219479494       0.9248126372694969
     656.4745830553702035       1.0014775092713535
     656.4747831887925713       0.9581404961645603
     656.4749833222148254       0.9669746048748493
     656.4751834556370795       1.0671495571732521
     656.4753835890593336       0.9625401720404625
     656.4755837224817014       1.0221927519887686
     656.4757838559039556       1.0485380552709103
     656.4759839893262097       1.0262388680130243
     656.4761841227484638       0.9543672464787960
     656.4763842561708316       1.0234520938247442
     656.4765843895930857       1.0470239073038101
     656.4767845230153398       0.9979991533327848
     656.4769846564375939       1.1406460255384445
     656.4771847898599617       1.0506712459027767
     656.4773849232822158       1.0079215550795197
     656.4775850567044699       1.0078102285042405
     656.4777851901267240       0.9852438317611814
     656.4779853235490918       0.9555869214236736
     656.4781854569713460       1.0172842573374510
     656.4783855903936001       0.9906344013288617
     656.4785857238158542       0.9664658419787884
     656.4787858572381083       1.0448124743998051
     656.4789859906604761       1.0246302187442780
     656.4791861240827302       0.9679750315845013
     656.4793862575049843       1.0206615086644888
     656.4795863909272384       1.0326409302651882
     656.4797865243496062       0.9503720365464687
     656.4799866577718603       0.9418012984097004
     656.4801867911941144       1.0016319387359545
     656.4803869246163686       0.9975721037480980
     656.4805870580387364       1.0396855473518372
     656.4807871914609905       1.0622420683503151
     656.4809873248832446       1.0743548572063446
     656.4811874583054987       1.0496083013713360
     656.4813875917278665       1.0526721663773060
     656.4815877251501206       1.0021032604854554
     656.4817878585723747       0.9561150781810284
     656.4819879919946288       0.9643178805708885
     656.4821881254169966       1.1141505017876625
     656.4823882588392507       1.0265703182667494
     656.4825883922615049       0.9538842625916004
     656.4827885256837590       1.0228232871741056
     656.4829886591061268       0.9465213902294636
     656.4831887925283809       1.0125355068594217
     656.4833889259506350       1.0327816493809223
     656.4835890593728891       0.9432671777904034
     656.4837891927951432       1.0463292412459850
     656.4839893262175110       1.0355017594993114
     656.4841894596397651       1.0970079973340034
     656.4843895930620192       1.0375652872025967
     656.4845897264842733       0.9685572832822800
     656.4847898599066411       1.0041517759673297
     656.4849899933288953       1.0870987623929977
     656.4851901267511494       0.9846904035657644
     656.4853902601734035       1.0242416150867939
     656.4855903935957713       0.8672098666429520
     656.4857905270180254       1.0226369481533766
     656.4859906604402795       1.0585748441517353
     656.4861907938625336       0.9915347704663873
     656.4863909272849014       1.0836287885904312
     656.4865910607071555       1.0326274000108242
     656.4867911941294096       0.9754671808332205
     656.4869913275516637       1.0833005309104919
     656.4871914609740315       0.9714025612920523
     656.4873915943962857       1.0405947156250477
     656.4875917278185398       0.9672598764300346
     656.4877918612407939       0.9331381320953369
     656.4879919946631617       0.9977802652865648
     656.4881921280854158       1.0215225797146559
     656.4883922615076699       0.9635123163461685
     656.4885923949299240       0.9823273532092571
     656.4887925283522918       1.0162012502551079
     656.4889926617745459       0.9709948953241110
     656.4891927951968000       1.0496308133006096
     656.4893929286190541       1.0118544455617666
     656.4895930620413083       0.9849696382880211
     656.4897931954636761       1.0033615366555750
     656.4899933288859302       1.0570561885833740
     656.4901934623081843       0.9160402193665504
     656.4903935957304384       1.0029566269367933
     656.4905937291528062       1.0620507784187794
     656.4907938625750603       0.9748919308185577
     656.4909939959973144       1.0161320809274912
     656.4911941294195685       1.0200550016015768
     656.4913942628419363       1.0226933266967535
     656.4915943962641904       0.9977894746698439
     656.4917945296864445       0.9343147575855255
     656.4919946631086987       0.9800616223365068
     656.4921947965310665       0.9281007871031761
     656.4923949299533206       1.0197715573012829
     656.4925950633755747       1.1006019264459610
     656.4927951967978288       1.0542802102863789
     656.4929953302201966       1.0380145795643330
     656.4931954636424507       1.0157606285065413
     656.4933955970647048       1.0385946072638035
     656.4935957304869589       0.9583687968552113
     656.4937958639093267       1.0042618787847459
     656.4939959973315808       0.9675759151577950
     656.4941961307538350       1.0307422317564487
     656.4943962641760891       0.9005583152174950
     656.4945963975983432       0.9449750967323780
     656.4947965310207110       1.1150461807847023
     656.4949966644429651       0.9544022120535374
     656.4951967978652192       0.9308118298649788
     656.4953969312874733       0.9870889885351062
     656.4955970647098411       0.9786940477788448
     656.4957971981320952       1.0090821171179414
     656.4959973315543493       0.9923300049267709
     656.4961974649766034       0.9097833558917046
     656.4963975983989712       0.9790408574044704
     656.4965977318212254       1.0062502804212272
     656.4967978652434795       1.1260054111480713
     656.4969979986657336       0.9551209248602390
     656.4971981320881014       1.0486879087984562
     656.4973982655103555       0.9934220267459750
     656.4975983989326096       0.9355119392275810
     656.4977985323548637       0.9431213624775410
     656.4979986657772315       0.9896534988656640
     656.4981987991994856       0.9046775624155998
     656.4983989326217397       0.9404265396296978
     656.4985990660439938       0.9239306226372719
     656.4987991994663616       1.0201722420752048
     656.4989993328886158       1.0558566413819790
     656.4991994663108699       0.9248862937092781
     656.4993995997331240       0.9829887542873621
     656.4995997331554918       0.9738266933709383
     656.4997998665777459       0.9736536853015423
     656.5000000000000000       1.0408891327679157
