     656.2000000000000455       0.8859973922371864
     656.2002001334222996       0.9262186586856842
     656.2004002668445537       1.0659345909953117
     656.2006004002669215       0.9835148733109236
     656.2008005336891756       0.9630978517234325
     656.2010006671114297       1.0589491613209248
     656.2012008005336838       0.9849109034985304
     656.2014009339560516       0.9911383092403412
     656.2016010673783057       1.0232494566589594
     656.2018012008005599       0.8993697017431259
     656.2020013342228140       1.0788780376315117
     656.2022014676451818       1.0335922352969646
     656.2024016010674359       1.0186914931982756
     656.2026017344896900       1.0283687300980091
     656.2028018679119441       1.0309344623237848
     656.2030020013343119       1.0730887725949287
     656.2032021347565660       0.9750931449234486
     656.2034022681788201       1.0758057758212090
     656.2036024016010742       1.0061185704544187
     656.2038025350234420       0.9866347881034017
     656.2040026684456961       0.8974139317870140
     656.2042028018679503       1.0275611933320761
     656.2044029352902044       0.8898896053433418
     656.2046030687125722       0.9784841351211071
     656.2048032021348263       0.9746003895998001
     656.2050033355570804       0.9358995780348778
     656.2052034689793345       0.9620138294994831
     656.2054036024017023       0.9739042986184359
     656.2056037358239564       1.0036414626520127
     656.2058038692462105       0.9982701705303043
     656.2060040026684646       0.9225095361471176
     656.2062041360907187       1.0197767931967974
     656.2064042695130865       1.0073958896100521
     656.2066044029353407       0.9558693692088127
     656.2068045363575948       0.9341611936688423
     656.2070046697798489       1.0855698212981224
     656.2072048032022167       0.9555755779147148
     656.2074049366244708       1.0270404815673828
     656.2076050700467249       1.0989701673388481
     656.2078052034689790       1.0696213170886040
     656.2080053368913468       0.9232115820050240
     656.2082054703136009       0.9581415727734566
     656.2084056037358550       0.9852473959326744
     656.2086057371581092       1.0155095448717475
     656.2088058705804769       1.0939524546265602
     656.2090060040027311       0.9800161197781563
     656.2092061374249852       1.0141579229384661
     656.2094062708472393       1.0436308309435844
     656.2096064042696071       0.9909222573041916
     656.2098065376918612       1.0336537621915340
     656.2100066711141153       0.9674130566418171
     656.2102068045363694       0.9715364035218954
     656.2104069379587372       0.9126962199807167
     656.2106070713809913       0.9037096723914146
     656.2108072048032454       1.0642359480261803
     656.2110073382254996       1.0175160337239504
     656.2112074716477537       1.0048083118163049
     656.2114076050701215       0.9455765709280968
     656.2116077384923756       1.0642103031277657
     656.2118078719146297       1.0405575782060623
     656.2120080053368838       0.9012110307812691
     656.2122081387592516       1.1160829439759254
     656.2124082721815057       1.0014193960232660
     656.2126084056037598       0.9614056684076786
     656.2128085390260139       1.0560676641762257
     656.2130086724483817       0.9653613753616810
     656.2132088058706358       0.9702587295323610
     656.2134089392928900       1.0401544831693172
     656.2136090727151441       1.0519978776574135
     656.2138092061375119       0.9912642277777195
     656.2140093395597660       1.0384357757866383
     656.2142094729820201       1.0538217835128307
     656.2144096064042742       1.0056129759177566
     656.2146097398266420       0.9938821885734797
     656.2148098732488961       1.0195695515722036
     656.2150100066711502       0.9408324547111988
     656.2152101400934043       1.0086833741515875
     656.2154102735157721       1.0336078479886055
     656.2156104069380262       0.9778977148234844
     656.2158105403602804       0.9927451168186963
     656.2160106737825345       0.8926693424582481
     656.2162108072049023       0.9362114742398262
     656.2164109406271564       1.0070638838224113
     656.2166110740494105       1.0257734060287476
     656.2168112074716646       1.1044533401727676
     656.2170113408939187       0.9332013279199600
     656.2172114743162865       0.9863281520083547
     656.2174116077385406       1.0559787936508656
     656.2176117411607947       1.0211514886468649
     656.2178118745830488       0.9691235627979040
     656.2180120080054166       1.0849329829216003
     656.2182121414276708       1.0720524564385414
     656.2184122748499249       0.9815386869013309
     656.2186124082721790       1.0363597832620144
     656.2188125416945468       0.9939342462457716
     656.2190126751168009       0.9838281888514757
     656.2192128085390550       0.8897827640175819
     656.2194129419613091       0.9879418024793267
     656.2196130753836769       0.9671982601284981
     656.2198132088059310       0.9371886104345322
     656.2200133422281851       1.0472387298941612
     656.2202134756504392       1.0872236117720604
     656.2204136090728070       1.0286296512931585
     656.2206137424950612       0.9825157653540373
     656.2208138759173153       0.9510766901075840
     656.2210140093395694       1.0781730636954308
     656.2212141427619372       0.9475806094706059
     656.2214142761841913       0.9985552966827527
     656.2216144096064454       0.9831729214638472
     656.2218145430286995       0.9322767555713654
     656.2220146764509536       1.0654457882046700
     656.2222148098733214       1.0509914048016071
     656.2224149432955755       0.9785032738000154
     656.2226150767178297       0.9555850960314274
     656.2228152101400838       0.9866337087005377
     656.2230153435624516       1.0358977094292641
     656.2232154769847057       0.9377462267875671
     656.2234156104069598       0.9700484331697226
     656.2236157438292139       1.0562096536159515
     656.2238158772515817       0.9574362933635712
     656.2240160106738358       0.9042315557599068
     656.2242161440960899       1.0567020736634731
     656.2244162775183440       0.9737472087144852
     656.2246164109407118       0.9377833716571331
     656.2248165443629659       1.0053708795458078
     656.2250166777852201       0.9544410146772861
     656.2252168112074742       0.9735076371580362
     656.2254169446298420       1.0797694474458694
     656.2256170780520961       1.0229883361607790
     656.2258172114743502       1.0079143559560180
     656.2260173448966043       0.8947019651532173
     656.2262174783189721       1.0082162218168378
     656.2264176117412262       0.9319131448864937
     656.2266177451634803       0.9763836506754160
     656.2268178785857344       1.0268085747957230
     656.2270180120081022       0.9713740292936563
     656.2272181454303563       0.9460623897612095
     656.2274182788526105       1.0310665573924780
     656.2276184122748646       0.9954539206810296
     656.2278185456971187       0.9004330113530159
     656.2280186791194865       0.9798984676599503
     656.2282188125417406       0.9717407934367657
     656.2284189459639947       1.0342336110770702
     656.2286190793862488       0.9657148607075214
     656.2288192128086166       0.9455986618995667
     656.2290193462308707       0.9826296325773001
     656.2292194796531248       1.0510826893150806
     656.2294196130753789       1.0045061702840030
     656.2296197464977467       1.0456794612109661
     656.2298198799200009       1.0752394199371338
     656.2300200133422550       0.9896119087934494
     656.2302201467645091       1.0444622375071049
     656.2304202801868769       0.9646809101104736
     656.2306204136091310       0.9868301497772336
     656.2308205470313851       0.9343106970191002
     656.2310206804536392       0.9091019779443741
     656.2312208138760070       0.9743162300437689
     656.2314209472982611       1.0170732215046883
     656.2316210807205152       0.9857009109109640
     656.2318212141427693       1.0509954765439034
     656.2320213475651371       0.9523184299468994
     656.2322214809873913       1.0440219305455685
     656.2324216144096454       0.9420923404395580
     656.2326217478318995       0.8787327408790588
     656.2328218812541536       1.0069401003420353
     656.2330220146765214       0.9933683886192739
     656.2332221480987755       0.9610963538289070
     656.2334222815210296       1.0698292106389999
     656.2336224149432837       0.9761167075484991
     656.2338225483656515       1.0866018980741501
     656.2340226817879056       0.9681176058948040
     656.2342228152101598       0.9511270411312580
     656.2344229486324139       0.8692570030689240
     656.2346230820547817       1.0296944826841354
     656.2348232154770358       1.0449763685464859
     656.2350233488992899       1.0192034933716059
     656.2352234823215440       0.9345546662807465
     656.2354236157439118       1.0240723546594381
     656.2356237491661659       1.0491601042449474
     656.2358238825884200       1.0484857521951199
     656.2360240160106741       1.0050415159203112
     656.2362241494330419       0.9277146160602570
     656.2364242828552960       0.9066768065094948
     656.2366244162775502       1.0369429253041744
     656.2368245496998043       0.9869932755827904
     656.2370246831221721       0.9127781242132187
     656.2372248165444262       1.0412017740309238
     656.2374249499666803       0.9970064852386713
     656.2376250833889344       1.0434846691787243
     656.2378252168113022       1.0326315835118294
     656.2380253502335563       1.0005250090616755
     656.2382254836558104       1.0231123324483633
     656.2384256170780645       1.0830472186207771
     656.2386257505003186       0.9694056417793036
     656.2388258839226864       0.9188205078244209
     656.2390260173449406       1.0464856959879398
     656.2392261507671947       1.0410665981471539
     656.2394262841894488       1.0510239265859127
     656.2396264176118166       1.0793961733579636
     656.2398265510340707       0.9126565754413605
     656.2400266844563248       1.0081455875188112
     656.2402268178785789       0.9935579141601920
     656.2404269513009467       1.0020695428829640
     656.2406270847232008       0.9887042911723256
     656.2408272181454549       0.9648735933005810
     656.2410273515677090       0.9191478565335274
     656.2412274849900768       0.9856837587431073
     656.2414276184123310       0.9772161897271872
     656.2416277518345851       0.9927795133553445
     656.2418278852568392       0.9862444652244449
     656.2420280186792070       0.9841351229697466
     656.2422281521014611       1.0560213215649128
     656.2424282855237152       0.9870884791016579
     656.2426284189459693       1.0180279668420553
     656.2428285523683371       0.9289335533976555
     656.2430286857905912       1.0244614016264677
     656.2432288192128453       0.9350055605173111
     656.2434289526350994       1.0047223092988133
     656.2436290860574672       0.9923912100493908
     656.2438292194797214       0.9993053682264872
     656.2440293529019755       0.9297572746872902
     656.2442294863242296       0.9147127568721771
     656.2444296197464837       0.9489110931754112
     656.2446297531688515       1.0000506231335748
     656.2448298865911056       1.0232188161462545
     656.2450300200133597       1.0794002041220665
     656.2452301534356138       1.0087929926812649
     656.2454302868579816       1.0296025034040213
     656.2456304202802357       0.9980824670055881
     656.2458305537024899       0.9869963796809316
     656.2460306871247440       0.9409279823303223
     656.2462308205471118       0.9773653186857700
     656.2464309539693659       1.0263311564922333
     656.2466310873916200       1.0118727181106806
     656.2468312208138741       1.0218269638717175
     656.2470313542362419       0.9940609484910965
     656.2472314876584960       1.0469870381057262
     656.2474316210807501       0.9206007421016693
     656.2476317545030042       1.0524029210209846
     656.2478318879253720       1.0618852190673351
     656.2480320213476261       1.0178376231342554
     656.2482321547698803       1.0100785717368126
     656.2484322881921344       0.9896654114127159
     656.2486324216145022       1.0428250394761562
     656.2488325550367563       0.9706639200448990
     656.2490326884590104       0.9284758940339088
     656.2492328218812645       0.9637862406671047
     656.2494329553035186       0.9412468485534191
     656.2496330887258864       0.9930507279932499
     656.2498332221481405       1.0423097126185894
     656.2500333555703946       1.0883598029613495
     656.2502334889926487       1.0020774977747351
     656.2504336224150165       1.0016104922397062
     656.2506337558372707       1.0310953892767429
     656.2508338892595248       1.0142993880435824
     656.2510340226817789       0.9401273727416992
     656.2512341561041467       1.0556496344506741
     656.2514342895264008       1.0288651287555695
     656.2516344229486549       0.9419362246990204
     656.2518345563709090       1.0216473992913961
     656.2520346897932768       0.9864775659516454
     656.2522348232155309       0.9292770028114319
     656.2524349566377850       1.0601725578308105
     656.2526350900600391       1.0457861684262753
     656.2528352234824069       1.0376157313585281
     656.2530353569046611       1.0099078044295311
     656.2532354903269152       0.9296868219971657
     656.2534356237491693       0.9600103534758091
     656.2536357571715371       0.9869295833632350
     656.2538358905937912       0.9918189914897084
     656.2540360240160453       0.9583082385361195
     656.2542361574382994       0.9166824892163277
     656.2544362908606672       1.0344462729990482
     656.2546364242829213       0.9215123876929283
     656.2548365577051754       1.0255404114723206
     656.2550366911274295       0.9984893422806635
     656.2552368245496837       0.9884774917736650
     656.2554369579720515       1.0607471875846386
     656.2556370913943056       1.0833233073353767
     656.2558372248165597       0.9768309816718102
     656.2560373582388138       1.0091537581756711
     656.2562374916611816       0.9812616091221571
     656.2564376250834357       1.0022427283693105
     656.2566377585056898       1.0647438541054726
     656.2568378919279439       1.0085664959624410
     656.2570380253503117       1.0119780199602246
     656.2572381587725658       0.9864760618656874
     656.2574382921948200       1.0148396790027618
     656.2576384256170741       0.9971106681041420
     656.2578385590394419       0.9828681629151106
     656.2580386924616960       0.9772297665476799
     656.2582388258839501       0.9168199077248573
     656.2584389593062042       0.9443991184234619
     656.2586390927285720       0.9981747977435589
     656.2588392261508261       1.0627924725413322
     656.2590393595730802       0.9067190140485764
     656.2592394929953343       0.9741334710270166
     656.2594396264177021       1.0113783767446876
     656.2596397598399562       1.0386271625757217
     656.2598398932622104       1.0353135913610458
     656.2600400266844645       1.0078296354040504
     656.2602401601067186       1.0380204916000366
     656.2604402935290864       1.0540398769080639
     656.2606404269513405       0.9642497189342976
     656.2608405603735946       0.9991790346684866
     656.2610406937958487       0.9951479253359139
     656.2612408272182165       0.9376169964671135
     656.2614409606404706       1.0233597513288260
     656.2616410940627247       1.0980029404163361
     656.2618412274849788       0.9567272104322910
     656.2620413609073466       1.0297762844711542
     656.2622414943296008       0.9790935143828392
     656.2624416277518549       0.9471100270748138
     656.2626417611741090       1.0004756090638693
     656.2628418945964768       0.9534029252827168
     656.2630420280187309       1.0649630054831505
     656.2632421614409850       0.9598199017345905
     656.2634422948632391       1.0212414842098951
     656.2636424282856069       0.9785172306001186
     656.2638425617078610       1.1309550553560257
     656.2640426951301151       0.9577543996274471
     656.2642428285523692       0.9671893455088139
     656.2644429619747370       0.9703392498195171
     656.2646430953969912       1.0346477292478085
     656.2648432288192453       1.0367532409727573
     656.2650433622414994       0.9580575861036777
     656.2652434956638672       1.0385347716510296
     656.2654436290861213       1.0357853136956692
     656.2656437625083754       1.0405288450419903
     656.2658438959306295       1.0993613079190254
     656.2660440293528836       1.0605983547866344
     656.2662441627752514       1.0646262988448143
     656.2664442961975055       0.9597888030111790
     656.2666444296197596       0.9155672416090965
     656.2668445630420138       0.9642169810831547
     656.2670446964643816       0.9824036099016666
     656.2672448298866357       0.9489822722971439
     656.2674449633088898       0.9821686539798975
     656.2676450967311439       0.9849777594208717
     656.2678452301535117       1.0187957938760519
     656.2680453635757658       0.9698832351714373
     656.2682454969980199       0.9831940215080976
     656.2684456304202740       0.9392929375171661
     656.2686457638426418       0.9187493696808815
     656.2688458972648959       1.0308477040380239
     656.2690460306871501       1.0126899844035506
     656.2692461641094042       1.0002851404133253
     656.2694462975317720       0.9283629059791565
     656.2696464309540261       1.0370116531848907
     656.2698465643762802       0.9497891701757908
     656.2700466977985343       1.0134988371282816
     656.2702468312209021       0.9966462627053261
     656.2704469646431562       1.0199789237231016
     656.2706470980654103       0.9717878699302673
     656.2708472314876644       0.9216869398951530
     656.2710473649099185       1.0003101173497271
     656.2712474983322863       0.9080896973609924
     656.2714476317545405       0.9304372817277908
     656.2716477651767946       0.9741999022662640
     656.2718478985990487       1.0922072976827621
     656.2720480320214165       1.0003451711963862
     656.2722481654436706       0.9694583285599947
     656.2724482988659247       0.9091415032744408
     656.2726484322881788       0.9453778378665447
     656.2728485657105466       0.9377596378326416
     656.2730486991328007       0.9439741186797619
     656.2732488325550548       0.9712592717260122
     656.2734489659773089       0.9841642864048481
     656.2736490993996767       0.9177800342440605
     656.2738492328219309       1.0302400738000870
     656.2740493662441850       0.9150639697909355
     656.2742494996664391       1.0082135526463389
     656.2744496330888069       1.0094111431390047
     656.2746497665110610       1.0068889306858182
     656.2748498999333151       1.0034615546464920
     656.2750500333555692       0.9640437774360180
     656.2752501667779370       0.9603806994855404
     656.2754503002001911       1.1013600826263428
     656.2756504336224452       0.9769655056297779
     656.2758505670446993       1.0531294904649258
     656.2760507004670671       0.9801659267395735
     656.2762508338893213       1.0718255564570427
     656.2764509673115754       1.0398360081017017
     656.2766511007338295       1.0587662458419800
     656.2768512341560836       1.0214563962072134
     656.2770513675784514       1.0678254887461662
     656.2772515010007055       1.0144797442480922
     656.2774516344229596       1.0243497118353844
     656.2776517678452137       1.0041519422084093
     656.2778519012675815       1.0087087741121650
     656.2780520346898356       1.0121638160198927
     656.2782521681120897       0.9606603607535362
     656.2784523015343439       1.0595488846302032
     656.2786524349567117       1.0174705479294062
     656.2788525683789658       0.9759782478213310
     656.2790527018012199       0.9810854494571686
     656.2792528352234740       0.9594749622046947
     656.2794529686458418       1.0509134903550148
     656.2796531020680959       0.9580839015543461
     656.2798532354903500       1.0032914329785854
     656.2800533689126041       1.0193462278693914
     656.2802535023349719       1.0006971572875045
     656.2804536357572260       0.9629306830465794
     656.2806537691794802       1.0143105806782842
     656.2808539026017343       0.9188577905297279
     656.2810540360241021       1.0169393960386515
     656.2812541694463562       1.0215676929801702
     656.2814543028686103       0.9479357823729515
     656.2816544362908644       1.0101548479869962
     656.2818545697131185       0.9557473808526993
     656.2820547031354863       1.0800107941031456
     656.2822548365577404       1.0433509759604931
     656.2824549699799945       1.0307692270725965
     656.2826551034022486       1.0147196771577001
     656.2828552368246164       0.9685223884880542
     656.2830553702468706       1.0533396601676941
     656.2832555036691247       0.9777870699763297
     656.2834556370913788       1.0413590706884859
     656.2836557705137466       1.0345119275152679
     656.2838559039360007       0.9499066360294813
     656.2840560373582548       1.0092872781679025
     656.2842561707805089       0.9221889153122889
     656.2844563042028767       1.0037640703376365
     656.2846564376251308       1.0112048694863887
     656.2848565710473849       0.8984396681189495
     656.2850567044696390       1.0242287497967419
     656.2852568378920068       0.9547781459987069
     656.2854569713142610       1.0551232285797458
     656.2856571047365151       1.0649762973189150
     656.2858572381587692       1.1074072718619998
     656.2860573715811370       0.9632344916462456
     656.2862575050033911       0.9728233274071763
     656.2864576384256452       1.0571879111229432
     656.2866577718478993       1.0349102765320359
     656.2868579052702671       1.0192328393457326
     656.2870580386925212       0.9484559521076175
     656.2872581721147753       0.9954249546858963
     656.2874583055370294       1.0026152338826599
     656.2876584389592836       1.0351085141292500
     656.2878585723816514       1.0018366102582470
     656.2880587058039055       1.0327204428595425
     656.2882588392261596       0.9863408459325119
     656.2884589726484137       0.9411610960924304
     656.2886591060707815       1.0298513062247054
     656.2888592394930356       1.1024528071211712
     656.2890593729152897       1.0483453236417735
     656.2892595063375438       0.9859087774385510
     656.2894596397599116       1.0224395673518818
     656.2896597731821657       0.9693650994164876
     656.2898599066044198       1.0729038938481321
     656.2900600400266740       0.9468856155316088
     656.2902601734490418       1.0210961475194118
     656.2904603068712959       1.0014452489647803
     656.2906604402935500       1.1358058302105851
     656.2908605737158041       1.0191188787847481
     656.2910607071381719       0.9766396299895778
     656.2912608405604260       1.0211414374240784
     656.2914609739826801       0.9694270784281876
     656.2916611074049342       0.9487181894626349
     656.2918612408273020       0.9871289878430223
     656.2920613742495561       1.0651829974201061
     656.2922615076718103       1.1395105403131387
     656.2924616410940644       1.0373220456047645
     656.2926617745164322       0.9724019750806537
     656.2928619079386863       1.0374920546342918
     656.2930620413609404       0.9219079180183141
     656.2932621747831945       0.9621977240063651
     656.2934623082054486       1.0098652320573582
     656.2936624416278164       0.9917546448714712
     656.2938625750500705       1.0304146308171480
     656.2940627084723246       0.9587601538316758
     656.2942628418945787       0.9645501816635189
     656.2944629753169465       0.9480773170149971
     656.2946631087392007       1.0703210759238675
     656.2948632421614548       0.9313003014168143
     656.2950633755837089       1.0927618391243121
     656.2952635090060767       1.0147149782858476
     656.2954636424283308       1.0338888960091404
     656.2956637758505849       1.0264207634593134
     656.2958639092728390       0.9692866097600664
     656.2960640426952068       1.0153054691933390
     656.2962641761174609       0.9765071221036125
     656.2964643095397150       0.9436435853366864
     656.2966644429619691       0.9658224089625020
     656.2968645763843369       0.9565013510289970
     656.2970647098065911       1.0342753883150235
     656.2972648432288452       0.9349946086689724
     656.2974649766510993       0.9914482549695668
     656.2976651100734671       1.0216904127811031
     656.2978652434957212       1.0114622608703836
     656.2980653769179753       0.9389024438750443
     656.2982655103402294       1.0861820874658079
     656.2984656437624835       0.9631094556149444
     656.2986657771848513       0.9344407640565834
     656.2988659106071054       0.9531958425131122
     656.2990660440293595       1.0500400266933814
     656.2992661774516137       1.0324584142778299
     656.2994663108739815       1.0403017057294719
     656.2996664442962356       1.0053508625301373
     656.2998665777184897       1.0392983159377396
     656.3000667111407438       1.0392568156284665
     656.3002668445631116       1.0526928206483452
     656.3004669779853657       0.9974175731386854
     656.3006671114076198       1.0193657810528725
     656.3008672448298739       1.0251417934727476
     656.3010673782522417       1.1430419642182952
     656.3012675116744958       0.9416454527299635
     656.3014676450967499       0.9842816167635295
     656.3016677785190041       1.1131684065485170
     656.3018679119413719       1.1272728402644749
     656.3020680453636260       1.0322107323366199
     656.3022681787858801       0.9867650622659474
     656.3024683122081342       1.0454149091640161
     656.3026684456305020       1.0303581385902807
     656.3028685790527561       1.0176256020238581
     656.3030687124750102       0.9337459774184216
     656.3032688458972643       1.0594050691321906
     656.3034689793196321       0.9816861937515324
     656.3036691127418862       1.0472095172480160
     656.3038692461641403       0.9877170115797488
     656.3040693795863945       0.9927851082045343
     656.3042695130086486       0.9940418373129459
     656.3044696464310164       1.0310596379001833
     656.3046697798532705       0.9911635931976081
     656.3048699132755246       0.9607553044937723
     656.3050700466977787       1.0407884325295276
     656.3052701801201465       0.9995790388310543
     656.3054703135424006       0.9976007784634617
     656.3056704469646547       0.9500687596369540
     656.3058705803869088       0.9820272572137502
     656.3060707138092766       0.9650508878453125
     656.3062708472315308       0.9974830217615153
     656.3064709806537849       0.8972925274708158
     656.3066711140760390       0.9752325558688194
     656.3068712474984068       0.9072352056958084
     656.3070713809206609       1.0569302966170031
     656.3072715143429150       1.0106686077184339
     656.3074716477651691       1.0583178096254628
     656.3076717811875369       0.9883362646639089
     656.3078719146097910       0.9870060827502039
     656.3080720480320451       0.9852092259904086
     656.3082721814542992       1.0660437621667178
     656.3084723148766670       1.0141992773940303
     656.3086724482989212       0.9831327793240804
     656.3088725817211753       1.0079573679979310
     656.3090727151434294       0.9889237534247886
     656.3092728485656835       0.8986996389836138
     656.3094729819880513       1.0157983171689904
     656.3096731154103054       0.9918856311549751
     656.3098732488325595       0.9311853789157623
     656.3100733822548136       0.9757637022052911
     656.3102735156771814       0.9547665975090023
     656.3104736490994355       0.9211503125322683
     656.3106737825216896       0.8441840183944043
     656.3108739159439438       0.9567605945157247
     656.3110740493663116       0.9615196051408998
     656.3112741827885657       0.8931835418699708
     656.3114743162108198       0.8241600814718052
     656.3116744496330739       0.8939828067202757
     656.3118745830554417       0.9376879893697582
     656.3120747164776958       0.9185724141758607
     656.3122748498999499       0.8326521925465865
     656.3124749833222040       0.7675588242842702
     656.3126751167445718       0.9193687414866197
     656.3128752501668259       0.7910609503113329
     656.3130753835890800       0.8514605793931058
     656.3132755170113342       0.8277907661115730
     656.3134756504337020       0.8782350210286849
     656.3136757838559561       0.8808698067535894
     656.3138759172782102       0.8729019252149635
     656.3140760507004643       0.8207803234511525
     656.3142761841228321       0.8170885959225357
     656.3144763175450862       0.8338915459423691
     656.3146764509673403       0.7802434712859018
     656.3148765843895944       0.8846113791890684
     656.3150767178118485       0.8054842874756942
     656.3152768512342163       0.7554784242800756
     656.3154769846564704       0.8492285146057122
     656.3156771180787246       0.7631477438499010
     656.3158772515009787       0.7623881813639164
     656.3160773849233465       0.7382980544620428
     656.3162775183456006       0.9062725086211341
     656.3164776517678547       0.8077711473274928
     656.3166777851901088       0.8127611522688625
     656.3168779186124766       0.8358093683697230
     656.3170780520347307       0.8884563945101900
     656.3172781854569848       0.7512929521735878
     656.3174783188792389       0.8277545415549338
     656.3176784523016067       0.7951949440750324
     656.3178785857238609       0.7506655651715994
     656.3180787191461150       0.7711267095240824
     656.3182788525683691       0.8078059613477194
     656.3184789859907369       0.8562958904125672
     656.3186791194129910       0.8498803192585697
     656.3188792528352451       0.7914134457801685
     656.3190793862574992       0.8835531448968725
     656.3192795196798670       0.8644557177040976
     656.3194796531021211       0.8208956658327364
     656.3196797865243752       0.7942290549595824
     656.3198799199466293       0.8608515842770978
     656.3200800533688835       0.8353315858298274
     656.3202801867912513       0.8125736381407692
     656.3204803202135054       0.8861285491484208
     656.3206804536357595       0.8901378852889594
     656.3208805870580136       0.8635393556894539
     656.3210807204803814       0.8999342328666481
     656.3212808539026355       0.9518663616999736
     656.3214809873248896       0.9279991609668812
     656.3216811207471437       0.9916671654049720
     656.3218812541695115       0.7741677855318332
     656.3220813875917656       0.9827095187534117
     656.3222815210140197       0.9088937970210429
     656.3224816544362739       0.8754426781094260
     656.3226817878586417       0.8946903561735298
     656.3228819212808958       0.9290248483068664
     656.3230820547031499       0.9356151749449373
     656.3232821881254040       0.8600031283971554
     656.3234823215477718       1.0635110671032795
     656.3236824549700259       0.8784633060814288
     656.3238825883922800       0.8909418081771232
     656.3240827218145341       0.9824864298382809
     656.3242828552369019       1.0350649785790285
     656.3244829886591560       0.9522018597049049
     656.3246831220814101       0.9430529497380198
     656.3248832555036643       0.9858940078374021
     656.3250833889260321       0.9233367061457546
     656.3252835223482862       0.9635312595483467
     656.3254836557705403       1.1051735150453268
     656.3256837891927944       0.9416108391377744
     656.3258839226150485       1.0253868952131620
     656.3260840560374163       0.9219423393022437
     656.3262841894596704       1.0377869285974808
     656.3264843228819245       1.0105710570212230
     656.3266844563041786       0.9031491857544864
     656.3268845897265464       1.0165657007605959
     656.3270847231488005       0.9554427959313173
     656.3272848565710547       1.0920100793820668
     656.3274849899933088       0.9799562771598742
     656.3276851234156766       0.9857760903182985
     656.3278852568379307       0.9745218545493272
     656.3280853902601848       0.9480926741646477
     656.3282855236824389       1.0223190897561549
     656.3284856571048067       0.9871642534404630
     656.3286857905270608       0.9749539207361033
     656.3288859239493149       1.0643377181947220
     656.3290860573715690       0.9464307550595035
     656.3292861907939368       1.0073142863104134
     656.3294863242161910       1.0001102139519173
     656.3296864576384451       1.0264614075344316
     656.3298865910606992       1.0514808145610379
     656.3300867244830670       1.0081142746520042
     656.3302868579053211       0.8942534405891386
     656.3304869913275752       0.9462733714188516
     656.3306871247498293       0.9694899155855088
     656.3308872581721971       0.9864132120834016
     656.3310873915944512       0.9773056888203823
     656.3312875250167053       1.0335797242215521
     656.3314876584389594       1.0023071700455737
     656.3316877918612136       1.0056441315825240
     656.3318879252835814       1.0537737293207781
     656.3320880587058355       0.8945514347720491
     656.3322881921280896       0.9773465801152909
     656.3324883255503437       0.9686883742824293
     656.3326884589727115       0.9641139043026201
     656.3328885923949656       1.0459017522769269
     656.3330887258172197       0.9912749628708727
     656.3332888592394738       1.0444157776724732
     656.3334889926618416       1.0582030553431547
     656.3336891260840957       0.9514725479319104
     656.3338892595063498       0.9577111533742825
     656.3340893929286040       0.9601356313363190
     656.3342895263509718       1.0059832194497227
     656.3344896597732259       1.0385053893074407
     656.3346897931954800       0.9806624578241128
     656.3348899266177341       0.9991049821494310
     656.3350900600401019       1.0164668010358719
     656.3352901934623560       0.9781060349170517
     656.3354903268846101       0.9953464945323738
     656.3356904603068642       0.9600838758319987
     656.3358905937292320       1.0409582850823478
     656.3360907271514861       0.8455292108399712
     656.3362908605737402       1.0233047671542561
     656.3364909939959944       0.9721256113803434
     656.3366911274182485       1.0095741876321698
     656.3368912608406163       1.0178374192092254
     656.3370913942628704       1.0278951722233001
     656.3372915276851245       0.9816965796611941
     656.3374916611073786       1.1049931213568054
     656.3376917945297464       1.0743393044792435
     656.3378919279520005       1.0476156938309811
     656.3380920613742546       0.9586790103287307
     656.3382921947965087       1.0023455648797466
     656.3384923282188765       0.9490202863479178
     656.3386924616411306       1.0336283792985972
     656.3388925950633848       1.0264800783356107
     656.3390927284856389       1.0410837447190824
     656.3392928619080067       1.0571513642874524
     656.3394929953302608       0.9283777992793069
     656.3396931287525149       0.9687025543947723
     656.3398932621747690       0.9424278389429547
     656.3400933955971368       0.9347094903846361
     656.3402935290193909       0.9385154497580143
     656.3404936624416450       1.0342314803924046
     656.3406937958638991       1.0299483604557214
     656.3408939292862669       1.0707639808930822
     656.3410940627085211       0.9584896401179394
     656.3412941961307752       0.9788930871261400
     656.3414943295530293       1.0137426621957681
     656.3416944629753971       0.9859902359497336
     656.3418945963976512       1.0824890579641469
     656.3420947298199053       1.0171529778080477
     656.3422948632421594       1.0138132514121923
     656.3424949966644135       0.9732091835057805
     656.3426951300867813       1.0111437746118326
     656.3428952635090354       0.9655782616809553
     656.3430953969312895       0.9062532483942722
     656.3432955303535437       1.0770131945187984
     656.3434956637759115       0.9380635246332636
     656.3436957971981656       1.0545492246531685
     656.3438959306204197       0.9985146727259708
     656.3440960640426738       1.0182851068566752
     656.3442961974650416       0.9974391409118948
     656.3444963308872957       0.9132775440757720
     656.3446964643095498       1.0191100407353466
     656.3448965977318039       1.1022964864942324
     656.3450967311541717       0.9919866099934774
     656.3452968645764258       0.9763668421642694
     656.3454969979986799       0.9965182307632747
     656.3456971314209341       0.9668266065412315
     656.3458972648433019       0.9427302218969191
     656.3460973982655560       0.9969283493698291
     656.3462975316878101       0.9643092341718933
     656.3464976651100642       0.9743202142415968
     656.3466977985324320       0.9976482077035047
     656.3468979319546861       0.9705231841652896
     656.3470980653769402       0.9847272485494143
     656.3472981987991943       1.0344405882060208
     656.3474983322214484       0.9649452641606112
     656.3476984656438162       1.0393726900219769
     656.3478985990660703       0.9875165559351344
     656.3480987324883245       0.9965461681131206
     656.3482988659105786       1.0663383007049516
     656.3484989993329464       0.9743660390377014
     656.3486991327552005       1.0949792042374589
     656.3488992661774546       0.9978314393665628
     656.3490993995997087       1.0179398693144313
     656.3492995330220765       0.9774300567805762
     656.3494996664443306       1.0567654445767398
     656.3496997998665847       0.9453061446547506
     656.3498999332888388       1.1003944203257559
     656.3501000667112066       0.9692100100219249
     656.3503002001334607       0.9479309953749179
     656.3505003335557149       0.9555283747613430
     656.3507004669779690       0.9117552638053894
     656.3509006004003368       1.0486029870808125
     656.3511007338225909       1.0429939292371273
     656.3513008672448450       0.9522992260754108
     656.3515010006670991       1.0377642326056957
     656.3517011340894669       0.9656391404569149
     656.3519012675117210       0.9882235964760184
     656.3521014009339751       0.9767547473311424
     656.3523015343562292       1.0434044785797596
     656.3525016677785970       0.9717273414134979
     656.3527018012008512       1.0943242013454437
     656.3529019346231053       0.9668869487941265
     656.3531020680453594       0.9676899276673794
     656.3533022014676135       0.9482714273035526
     656.3535023348899813       0.9400030188262463
     656.3537024683122354       1.0011973271612078
     656.3539026017344895       0.9694950729608536
     656.3541027351567436       1.0046873386017978
     656.3543028685791114       1.0319888293743134
     656.3545030020013655       1.0571151673793793
     656.3547031354236196       0.9038925617933273
     656.3549032688458738       1.0082708289846778
     656.3551034022682416       1.0880141481757164
     656.3553035356904957       1.0186509154736996
     656.3555036691127498       0.9975014200899750
     656.3557038025350039       0.9291047453880310
     656.3559039359573717       0.9576827734708786
     656.3561040693796258       0.9463657252490520
     656.3563042028018799       0.9975109272636473
     656.3565043362241340       0.9678694270551205
     656.3567044696465018       0.9843533597886562
     656.3569046030687559       0.9704445917159319
     656.3571047364910100       0.8852678984403610
     656.3573048699132642       1.0339630581438541
     656.3575050033356320       1.0140189053490758
     656.3577051367578861       1.0210631396621466
     656.3579052701801402       1.0262574199587107
     656.3581054036023943       1.0490717366337776
     656.3583055370246484       1.0488931573927402
     656.3585056704470162       0.9707519114017487
     656.3587058038692703       1.0966336280107498
     656.3589059372915244       1.0118628842756152
     656.3591060707137785       0.9402594454586506
     656.3593062041361463       0.9574437364935875
     656.3595063375584004       1.0259385444223881
     656.3597064709806546       0.8328959047794342
     656.3599066044029087       1.0417839623987675
     656.3601067378252765       1.0606350116431713
     656.3603068712475306       1.0391180925071239
     656.3605070046697847       0.9883941309526563
     656.3607071380920388       1.0649699270725250
     656.3609072715144066       0.9820106979459524
     656.3611074049366607       0.9804376270622015
     656.3613075383589148       1.0458996482193470
     656.3615076717811689       0.9949824293144047
     656.3617078052035367       1.0065332800149918
     656.3619079386257908       0.9711059238761663
     656.3621080720480450       0.9263134449720383
     656.3623082054702991       1.0259047802537680
     656.3625083388926669       0.9971076410729438
     656.3627084723149210       1.0451439432799816
     656.3629086057371751       0.9614347554743290
     656.3631087391594292       1.0194499231874943
     656.3633088725817970       1.0315126106142998
     656.3635090060040511       1.0549060590565205
     656.3637091394263052       0.9671077765524387
     656.3639092728485593       1.0606149993836880
     656.3641094062708135       1.0134441228583455
     656.3643095396931813       1.0179776344448328
     656.3645096731154354       1.0509480610489845
     656.3647098065376895       1.0895796865224838
     656.3649099399599436       1.0419565849006176
     656.3651100733823114       0.9825421981513500
     656.3653102068045655       0.9415185190737247
     656.3655103402268196       0.9949049972929060
     656.3657104736490737       1.0103961229324341
     656.3659106070714415       1.0292341262102127
     656.3661107404936956       1.0359292700886726
     656.3663108739159497       1.0171639230102301
     656.3665110073382039       1.0190715473145247
     656.3667111407605717       0.9787933062762022
     656.3669112741828258       1.0303590204566717
     656.3671114076050799       0.9780596438795328
     656.3673115410273340       0.9873030260205269
     656.3675116744497018       0.9397138245403767
     656.3677118078719559       0.9692429155111313
     656.3679119412942100       0.9632241539657116
     656.3681120747164641       1.0186556633561850
     656.3683122081388319       0.9639140293002129
     656.3685123415610860       0.9844534499570727
     656.3687124749833401       1.0763556584715843
     656.3689126084055943       0.9393069967627525
     656.3691127418278484       1.0449216254055500
     656.3693128752502162       0.9757362585514784
     656.3695130086724703       0.9982099236221984
     656.3697131420947244       0.9601347930729389
     656.3699132755169785       0.9929409138858318
     656.3701134089393463       0.9717268645763397
     656.3703135423616004       0.9589660055935383
     656.3705136757838545       1.0027305148541927
     656.3707138092061086       1.0246319640427828
     656.3709139426284764       1.0546470880508423
     656.3711140760507305       1.0925282016396523
     656.3713142094729847       0.9995161308324896
     656.3715143428952388       0.9697945863008499
     656.3717144763176066       1.0416277237236500
     656.3719146097398607       0.8852076902985573
     656.3721147431621148       1.0455533303320408
     656.3723148765843689       1.0562242679297924
     656.3725150100067367       1.0325730927288532
     656.3727151434289908       1.0224073473364115
     656.3729152768512449       0.9685254544019699
     656.3731154102734990       1.0217341613024473
     656.3733155436958668       0.9621883817017078
     656.3735156771181209       0.9564666859805584
     656.3737158105403751       0.9628905691206455
     656.3739159439626292       1.0722511187195778
     656.3741160773849970       0.9388320147991180
     656.3743162108072511       0.9660594202578068
     656.3745163442295052       0.9406864978373051
     656.3747164776517593       1.0039595752023160
     656.3749166110740134       1.0490066818892956
     656.3751167444963812       0.9737980924546719
     656.3753168779186353       1.0840831845998764
     656.3755170113408894       1.0244239680469036
     656.3757171447631436       1.0458285957574844
     656.3759172781855113       0.9786356817930937
     656.3761174116077655       1.0065785618498921
     656.3763175450300196       1.0360564216971397
     656.3765176784522737       0.9483461678028107
     656.3767178118746415       0.9797173887491226
     656.3769179452968956       1.0897085890173912
     656.3771180787191497       0.9604180082678795
     656.3773182121414038       1.0259939264506102
     656.3775183455637716       0.9672988764941692
     656.3777184789860257       1.0125814992934465
     656.3779186124082798       1.0547556355595589
     656.3781187458305340       1.1369235813617706
     656.3783188792529018       0.9790238086134195
     656.3785190126751559       0.9886167841032147
     656.3787191460974100       0.9655645377933979
     656.3789192795196641       0.9450858570635319
     656.3791194129420319       0.9207244291901588
     656.3793195463642860       0.9849943220615387
     656.3795196797865401       1.0260930713266134
     656.3797198132087942       1.0549176633358002
     656.3799199466311620       0.9585183449089527
     656.3801200800534161       0.9682047963142395
     656.3803202134756702       0.9566010832786560
     656.3805203468979244       0.9753523785620928
     656.3807204803201785       0.9973589710425586
     656.3809206137425463       0.9658810794353485
     656.3811207471648004       1.0506342947483063
     656.3813208805870545       0.8816901668906212
     656.3815210140093086       0.9154821187257767
     656.3817211474316764       1.0425177477300167
     656.3819212808539305       1.0927936956286430
     656.3821214142761846       1.0085129775106907
     656.3823215476984387       0.9176319390535355
     656.3825216811208065       1.0265219546854496
     656.3827218145430606       0.9974750920664519
     656.3829219479653148       1.0002078962133965
     656.3831220813875689       1.0406128726899624
     656.3833222148099367       0.9793035052716732
     656.3835223482321908       0.9799386803060770
     656.3837224816544449       1.1166131421923637
     656.3839226150766990       0.9288399219512939
     656.3841227484990668       1.0242420937865973
     656.3843228819213209       1.0446160286664963
     656.3845230153435750       1.0001858681935119
     656.3847231487658291       0.9969502787571400
     656.3849232821881969       0.9405337572097778
     656.3851234156104510       0.9769731629639864
     656.3853235490327052       0.9997273525805213
     656.3855236824549593       1.0254483167082071
     656.3857238158772134       0.9094945564866066
     656.3859239492995812       0.9963139719329774
     656.3861240827218353       1.0364781096577644
     656.3863242161440894       1.0144660566002131
     656.3865243495663435       0.9493545927107334
     656.3867244829887113       1.0840119794011116
     656.3869246164109654       1.0158524140715599
     656.3871247498332195       0.9453576840460300
     656.3873248832554737       1.0266239698976278
     656.3875250166778414       0.9908610703423619
     656.3877251501000956       1.0277876704931259
     656.3879252835223497       0.9299338907003403
     656.3881254169446038       0.9915022291243076
     656.3883255503669716       1.0409206151962280
     656.3885256837892257       0.9714991748332977
     656.3887258172114798       0.9696834236383438
     656.3889259506337339       0.9788272883743048
     656.3891260840561017       0.9748817346990108
     656.3893262174783558       1.0800627395510674
     656.3895263509006099       0.9296736270189285
     656.3897264843228641       0.9995436421013437
     656.3899266177452319       1.0248664300888777
     656.3901267511674860       0.9660304225981236
     656.3903268845897401       0.9621185846626759
     656.3905270180119942       0.9926709546707571
     656.3907271514343620       0.9663858301937580
     656.3909272848566161       0.9918564511463046
     656.3911274182788702       0.9674110747873783
     656.3913275517011243       0.9712367914617062
     656.3915276851233784       0.9812347237020731
     656.3917278185457462       1.0237454734742641
     656.3919279519680003       1.0245144031941891
     656.3921280853902545       1.0541924424469471
     656.3923282188125086       0.9394212476909161
     656.3925283522348764       0.9799820128828287
     656.3927284856571305       0.9286190643906593
     656.3929286190793846       1.0156191391870379
     656.3931287525016387       0.9024687707424164
     656.3933288859240065       1.0336150713264942
     656.3935290193462606       0.9971292424015701
     656.3937291527685147       0.9844509074464440
     656.3939292861907688       1.0059482580982149
     656.3941294196131366       1.0319257713854313
     656.3943295530353907       0.9316283240914345
     656.3945296864576449       0.9641012400388718
     656.3947298198798990       0.9978205433581024
     656.3949299533022668       0.9514895975589752
     656.3951300867245209       1.0148029178380966
     656.3953302201467750       1.0302918553352356
     656.3955303535690291       1.0282465107738972
     656.3957304869913969       0.9790503922849894
     656.3959306204136510       0.9545276015996933
     656.3961307538359051       0.9286243394017220
     656.3963308872581592       0.9561721086502075
     656.3965310206804133       1.0330869741737843
     656.3967311541027811       1.0025052349083126
     656.3969312875250353       0.9583678990602493
     656.3971314209472894       0.9809907488524914
     656.3973315543695435       0.9892583312466741
     656.3975316877919113       0.9539545215666294
     656.3977318212141654       0.9757903274148703
     656.3979319546364195       0.9958772431127727
     656.3981320880586736       1.0198661070317030
     656.3983322214810414       1.0426209419965744
     656.3985323549032955       1.0285588987171650
     656.3987324883255496       0.9035866335034370
     656.3989326217478038       0.9520479850471020
     656.3991327551701715       0.9718452356755733
     656.3993328885924257       0.8848257660865784
     656.3995330220146798       1.0396065339446068
     656.3997331554369339       1.0179180298000574
     656.3999332888593017       0.9169755652546883
     656.4001334222815558       1.0201184675097466
     656.4003335557038099       0.9580736570060253
     656.4005336891260640       0.9175909757614136
     656.4007338225484318       1.0576352886855602
     656.4009339559706859       0.9917150503024459
     656.4011340893929400       1.0314371772110462
     656.4013342228151942       1.0132005158811808
     656.4015343562375620       1.0327077694237232
     656.4017344896598161       0.9800911732017994
     656.4019346230820702       1.0079779615625739
     656.4021347565043243       1.0301473829895258
     656.4023348899265784       1.0112293427810073
     656.4025350233489462       1.0766623318195343
     656.4027351567712003       0.9954784084111452
     656.4029352901934544       0.9534831233322620
     656.4031354236157085       1.0224449634552002
     656.4033355570380763       1.0814590528607368
     656.4035356904603304       0.9925246797502041
     656.4037358238825846       0.9751318469643593
     656.4039359573048387       0.9801136255264282
     656.4041360907272065       0.9926391458138824
     656.4043362241494606       1.0226109083741903
     656.4045363575717147       1.0604603700339794
     656.4047364909939688       1.0000228550397878
     656.4049366244163366       0.9320649057626724
     656.4051367578385907       0.9858288215473294
     656.4053368912608448       1.0019981998484582
     656.4055370246830989       1.0164153836667538
     656.4057371581054667       0.9671606123447418
     656.4059372915277208       1.0496504940092564
     656.4061374249499750       0.9339662715792656
     656.4063375583722291       0.9963920000009239
     656.4065376917945969       0.9629056341946125
     656.4067378252168510       1.0859505012631416
     656.4069379586391051       1.0236990209668875
     656.4071380920613592       0.9793725479394197
     656.4073382254836133       0.9828746691346169
     656.4075383589059811       0.9702746290713549
     656.4077384923282352       0.9848620994016528
     656.4079386257504893       0.9643809199333191
     656.4081387591727434       0.9777879770845175
     656.4083388925951112       1.0182934142649174
     656.4085390260173654       0.9264413863420486
     656.4087391594396195       0.9745442867279053
     656.4089392928618736       1.0160525869578123
     656.4091394262842414       1.0604822002351284
     656.4093395597064955       1.0152050079777837
     656.4095396931287496       0.9349867627024651
     656.4097398265510037       0.9642574414610863
     656.4099399599733715       1.0512627921998501
     656.4101400933956256       0.9706655591726303
     656.4103402268178797       0.9957102369517088
     656.4105403602401339       0.9797072410583496
     656.4107404936625016       0.9439135007560253
     656.4109406270847558       0.9004347175359726
     656.4111407605070099       1.0121853724122047
     656.4113408939292640       0.9349525719881058
     656.4115410273516318       1.0448569804430008
     656.4117411607738859       1.0738607943058014
     656.4119412941961400       1.0278676878660917
     656.4121414276183941       0.9951027818024158
     656.4123415610407619       1.0158826708793640
     656.4125416944630160       1.0042674369178712
     656.4127418278852701       0.9575726948678493
     656.4129419613075243       1.1069118306040764
     656.4131420947297784       0.9484888426959515
     656.4133422281521462       1.0157076492905617
     656.4135423615744003       0.9624607935547829
     656.4137424949966544       0.9159854426980019
     656.4139426284189085       1.0890365168452263
     656.4141427618412763       1.0416556708514690
     656.4143428952635304       1.0937496125698090
     656.4145430286857845       0.8996222615242004
     656.4147431621080386       1.0449592731893063
     656.4149432955304064       0.9721048735082150
     656.4151434289526605       1.0342799462378025
     656.4153435623749147       0.9687548521906137
     656.4155436957971688       1.0247638132423162
     656.4157438292195366       1.0104421935975552
     656.4159439626417907       0.9191301837563515
     656.4161440960640448       0.9701884929090738
     656.4163442294862989       0.9535008259117603
     656.4165443629086667       1.0299810506403446
     656.4167444963309208       0.9527065157890320
     656.4169446297531749       0.9902792423963547
     656.4171447631754290       0.9739850312471390
     656.4173448965977968       0.9577184058725834
     656.4175450300200509       0.9711148999631405
     656.4177451634423051       0.9376514069736004
     656.4179452968645592       0.9839675966650248
     656.4181454302869270       1.0075596920214593
     656.4183455637091811       1.0267458409070969
     656.4185456971314352       1.0906014889478683
     656.4187458305536893       0.9744026456028223
     656.4189459639759434       0.9645138308405876
     656.4191460973983112       0.9873058553785086
     656.4193462308205653       0.9632960893213749
     656.4195463642428194       0.9479399435222149
     656.4197464976650735       1.0323329940438271
     656.4199466310874413       1.0314581654965878
     656.4201467645096955       1.0070070694200695
     656.4203468979319496       0.9124767035245895
     656.4205470313542037       0.8988852500915527
     656.4207471647765715       0.9681015051901340
     656.4209472981988256       1.0111856525763869
     656.4211474316210797       1.0034772143699229
     656.4213475650433338       0.9195632711052895
     656.4215476984657016       1.0026762236375362
     656.4217478318879557       0.9883652124553919
     656.4219479653102098       0.9240087196230888
     656.4221480987324640       1.1125342994928360
     656.4223482321548317       0.9534381292760372
     656.4225483655770859       1.0195763539522886
     656.4227484989993400       1.0174377914518118
     656.4229486324215941       1.0521588698029518
     656.4231487658439619       1.0085611697286367
     656.4233488992662160       0.9949898729100823
     656.4235490326884701       1.0803894624114037
     656.4237491661107242       0.9663190320134163
     656.4239492995329783       0.9456629641354084
     656.4241494329553461       0.9516918808221817
     656.4243495663776002       1.0678782090544701
     656.4245496997998544       0.9826371576637030
     656.4247498332221085       0.9479256272315979
     656.4249499666444763       1.0287483539432287
     656.4251501000667304       0.9659900739789009
     656.4253502334889845       0.9716892298310995
     656.4255503669112386       1.0272427741438150
     656.4257505003336064       0.8981819152832031
     656.4259506337558605       1.0101611893624067
     656.4261507671781146       1.0330281294882298
     656.4263509006003687       1.0196326654404402
     656.4265510340227365       0.9178092032670975
     656.4267511674449906       1.0497314520180225
     656.4269513008672448       0.9660085327923298
     656.4271514342894989       1.0581326000392437
     656.4273515677118667       1.0148566532880068
     656.4275517011341208       0.9655909314751625
     656.4277518345563749       1.0494077950716019
     656.4279519679786290       0.9141232296824455
     656.4281521014009968       0.9525036402046680
     656.4283522348232509       0.9423641450703144
     656.4285523682455050       1.0100211258977652
     656.4287525016677591       0.9925199155695736
     656.4289526350901269       1.0579137764871120
     656.4291527685123810       1.1282715201377869
     656.4293529019346352       1.0111082810908556
     656.4295530353568893       1.1076673194766045
     656.4297531687791434       1.0272092819213867
     656.4299533022015112       1.0378166362643242
     656.4301534356237653       0.9769308362156153
     656.4303535690460194       0.9691526237875223
     656.4305537024682735       0.9527238532900810
     656.4307538358906413       1.0484588891267776
     656.4309539693128954       1.0717820450663567
     656.4311541027351495       1.0313153415918350
     656.4313542361574036       0.9914683168753982
     656.4315543695797714       1.0501771233975887
     656.4317545030020256       1.0176394004374743
     656.4319546364242797       0.9785239119082689
     656.4321547698465338       0.9752999600023031
     656.4323549032689016       1.0214694105088711
     656.4325550366911557       0.9965221800375730
     656.4327551701134098       0.9889059187844396
     656.4329553035356639       0.9667581990361214
     656.4331554369580317       1.0697172209620476
     656.4333555703802858       0.9852246763184667
     656.4335557038025399       0.9367574825882912
     656.4337558372247940       0.9302779734134674
     656.4339559706471618       1.0147880958393216
     656.4341561040694160       1.0917302668094635
     656.4343562374916701       0.9686383493244648
     656.4345563709139242       1.0172154475003481
     656.4347565043361783       1.0307405050843954
     656.4349566377585461       1.0442761741578579
     656.4351567711808002       1.0395955555140972
     656.4353569046030543       0.9748164974153042
     656.4355570380253084       1.0547897480428219
     656.4357571714476762       1.0815720260143280
     656.4359573048699303       0.9658688306808472
     656.4361574382921845       1.0042124278843403
     656.4363575717144386       1.0686150267720222
     656.4365577051368064       0.9705433361232281
     656.4367578385590605       1.0167780052870512
     656.4369579719813146       0.9694597776979208
     656.4371581054035687       1.0463499352335930
     656.4373582388259365       0.9356842786073685
     656.4375583722481906       0.9923436702229083
     656.4377585056704447       1.1008288636803627
     656.4379586390926988       1.0494184754788876
     656.4381587725150666       0.9619896113872528
     656.4383589059373207       1.0984759777784348
     656.4385590393595749       0.9983888046117499
     656.4387591727818290       0.9883703701198101
     656.4389593062041968       0.9683847129344940
     656.4391594396264509       0.9581812694668770
     656.4393595730487050       0.9697989672422409
     656.4395597064709591       1.0152991702780128
     656.4397598398933269       1.0728566944599152
     656.4399599733155810       1.0164488665759563
     656.4401601067378351       0.9843449480831623
     656.4403602401600892       0.9963715537451208
     656.4405603735823433       0.9833002500236034
     656.4407605070047111       0.9647377692162991
     656.4409606404269653       0.9684384204447269
     656.4411607738492194       0.9339128360152245
     656.4413609072714735       0.9844753993675113
     656.4415610406938413       0.9745125677436590
     656.4417611741160954       0.9753613229840994
     656.4419613075383495       1.0016397231956944
     656.4421614409606036       0.9932107166387141
     656.4423615743829714       1.0213199276477098
     656.4425617078052255       1.0105173401534557
     656.4427618412274796       0.9212176948785782
     656.4429619746497337       1.0453690588474274
     656.4431621080721015       0.9847148107364774
     656.4433622414943557       0.9105853289365768
     656.4435623749166098       0.9996416352514643
     656.4437625083388639       1.0645931214094162
     656.4439626417612317       1.0119130006060004
     656.4441627751834858       0.9827023092657328
     656.4443629086057399       1.0648895800113678
     656.4445630420279940       0.9422674477100372
     656.4447631754503618       1.0230257157236338
     656.4449633088726159       0.9829646591097116
     656.4451634422948700       0.9596903324127197
     656.4453635757171241       0.9535094685852528
     656.4455637091393783       1.0481214746832848
     656.4457638425617461       0.9851836534217000
     656.4459639759840002       1.0591250471770763
     656.4461641094062543       1.0287001412361860
     656.4463642428285084       1.1221464425325394
     656.4465643762508762       0.9473229646682739
     656.4467645096731303       0.9411484301090240
     656.4469646430953844       0.9695272892713547
     656.4471647765176385       1.0649541914463043
     656.4473649099400063       0.9653262756764889
     656.4475650433622604       0.9199794232845306
     656.4477651767845146       1.0444906316697598
     656.4479653102067687       0.9952685642056167
     656.4481654436291365       1.0940402150154114
     656.4483655770513906       0.9770324788987637
     656.4485657104736447       1.0467507950961590
     656.4487658438958988       0.9508994854986668
     656.4489659773182666       1.0070358612574637
     656.4491661107405207       1.0154166715219617
     656.4493662441627748       0.9938267562538385
     656.4495663775850289       0.9993502665311098
     656.4497665110073967       1.0293483342975378
     656.4499666444296508       1.0265381671488285
     656.4501667778519050       1.0353906452655792
     656.4503669112741591       1.0348023325204849
     656.4505670446965269       0.9284191802144051
     656.4507671781187810       1.0197537112981081
     656.4509673115410351       1.0299844201654196
     656.4511674449632892       0.9077128991484642
     656.4513675783855433       0.8972839340567589
     656.4515677118079111       0.9248921200633049
     656.4517678452301652       0.9123112633824348
     656.4519679786524193       0.9746579527854919
     656.4521681120746734       0.9932857430540025
     656.4523682454970412       0.9772118832916021
     656.4525683789192954       1.0572848506271839
     656.4527685123415495       1.0811523795127869
     656.4529686457638036       1.0864093676209450
     656.4531687791861714       0.9798164907842875
     656.4533689126084255       1.0765370056033134
     656.4535690460306796       0.9659806676208973
     656.4537691794529337       1.0625222101807594
     656.4539693128753015       1.0096682934090495
     656.4541694462975556       1.0130768222734332
     656.4543695797198097       0.9960974655114114
     656.4545697131420638       1.0018685872200876
     656.4547698465644316       1.0208441447466612
     656.4549699799866858       0.9834820255637169
     656.4551701134089399       0.9383679740130901
     656.4553702468311940       1.0208278056234121
     656.4555703802535618       0.9622360356152058
     656.4557705136758159       0.9980446931440383
     656.4559706470980700       1.0780064091086388
     656.4561707805203241       1.0309023298323154
     656.4563709139425782       0.9868474463000894
     656.4565710473649460       1.0520460680127144
     656.4567711807872001       0.9657176621258259
     656.4569713142094542       1.1155406758189201
     656.4571714476317084       1.0405056588351727
     656.4573715810540762       1.0242605563253164
     656.4575717144763303       0.9500073529779911
     656.4577718478985844       1.0746584162116051
     656.4579719813208385       1.0268254727125168
     656.4581721147432063       1.0308161973953247
     656.4583722481654604       1.0191768519580364
     656.4585723815877145       1.0506289303302765
     656.4587725150099686       0.9107033386826515
     656.4589726484323364       0.9759650882333517
     656.4591727818545905       0.9933751099742949
     656.4593729152768447       0.9391905851662159
     656.4595730486990988       1.0093242432922125
     656.4597731821214666       0.9984077168628573
     656.4599733155437207       0.9698199890553951
     656.4601734489659748       0.9359911754727364
     656.4603735823882289       0.9791824687272310
     656.4605737158105967       1.0395429842174053
     656.4607738492328508       1.0143191581591964
     656.4609739826551049       0.9775806888937950
     656.4611741160773590       1.0179835464805365
     656.4613742494997268       0.9674772396683693
     656.4615743829219809       1.0555387623608112
     656.4617745163442351       0.9795625992119312
     656.4619746497664892       1.0137194739654660
     656.4621747831887433       1.0147275170311332
     656.4623749166111111       0.9956005732528865
     656.4625750500333652       1.1008906885981560
     656.4627751834556193       0.9123571813106537
     656.4629753168778734       0.9734864737838507
     656.4631754503002412       0.9843050036579370
     656.4633755837224953       1.0365763381123543
     656.4635757171447494       0.9425049535930157
     656.4637758505670035       1.1095826178789139
     656.4639759839893713       0.9997688681614818
     656.4641761174116255       0.9514427110552788
     656.4643762508338796       1.0633194670081139
     656.4645763842561337       0.8943937644362450
     656.4647765176785015       1.0096268467605114
     656.4649766511007556       0.9150578156113625
     656.4651767845230097       0.9550117738544941
     656.4653769179452638       1.0012724263360724
     656.4655770513676316       1.0453372970223427
     656.4657771847898857       1.0040861903689802
     656.4659773182121398       0.9994879658916034
     656.4661774516343939       0.9510963596403599
     656.4663775850567617       0.9359320774674416
     656.4665777184790159       1.0223015304654837
     656.4667778519012700       1.0623988769948483
     656.4669779853235241       0.9032685980200768
     656.4671781187458919       0.9760488849133253
     656.4673782521681460       1.0015079516451806
     656.4675783855904001       1.0026861124206334
     656.4677785190126542       1.0551803596317768
     656.4679786524349083       0.9818907622247934
     656.4681787858572761       1.0432847701013088
     656.4683789192795302       1.0110643235966563
     656.4685790527017843       1.0272423271089792
     656.4687791861240385       1.0295926071703434
     656.4689793195464063       0.9284292906522751
     656.4691794529686604       1.0165555644780397
     656.4693795863909145       1.0404291935265064
     656.4695797198131686       0.9689851105213165
     656.4697798532355364       0.9856535205617547
     656.4699799866577905       0.9951411699876189
     656.4701801200800446       0.9575908221304417
     656.4703802535022987       0.9037400037050247
     656.4705803869246665       0.9849395509809256
     656.4707805203469206       0.9649113863706589
     656.4709806537691748       1.0663049891591072
     656.4711807871914289       1.0077850529924035
     656.4713809206137967       1.0038206155877560
     656.4715810540360508       0.9866871684789658
     656.4717811874583049       1.0396943166851997
     656.4719813208805590       1.0814408510923386
     656.4721814543029268       0.9547264873981476
     656.4723815877251809       0.9380468428134918
     656.4725817211474350       1.0252821631729603
     656.4727818545696891       0.9299121573567390
     656.4729819879919432       1.0511817224323750
     656.4731821214143110       0.9248394072055817
     656.4733822548365652       0.9738715458661318
     656.4735823882588193       0.9084900841116905
     656.4737825216810734       0.9848990961909294
     656.4739826551034412       0.9999597745372739
     656.4741827885256953       0.9532326459884644
     656.4743829219479494       0.9818267170339823
     656.4745830553702035       0.9919122979044914
     656.4747831887925713       1.1026502400636673
     656.4749833222148254       1.0201361011713743
     656.4751834556370795       1.0017962241545320
     656.4753835890593336       0.9752042870968580
     656.4755837224817014       0.9644380770623684
     656.4757838559039556       1.0885597988963127
     656.4759839893262097       1.0025174759794027
     656.4761841227484638       0.9626488871872425
     656.4763842561708316       1.0607472732663155
     656.4765843895930857       0.9199292063713074
     656.4767845230153398       0.9561666697263718
     656.4769846564375939       0.9838616158813238
     656.4771847898599617       0.9843142535537481
     656.4773849232822158       1.0425902642309666
     656.4775850567044699       1.0866536423563957
     656.4777851901267240       1.0006181731587276
     656.4779853235490918       1.0216708537191153
     656.4781854569713460       0.9981008432805538
     656.4783855903936001       1.0153315933421254
     656.4785857238158542       0.9993910312769003
     656.4787858572381083       0.9582476057112217
     656.4789859906604761       1.0258762035518885
     656.4791861240827302       0.9788223933428526
     656.4793862575049843       0.9471086449921131
     656.4795863909272384       1.0162505116313696
     656.4797865243496062       1.0324439741671085
     656.4799866577718603       0.9985057743033394
     656.4801867911941144       1.0515037439763546
     656.4803869246163686       1.0369320176541805
     656.4805870580387364       1.0105906669050455
     656.4807871914609905       1.0107190897688270
     656.4809873248832446       1.0326506309211254
     656.4811874583054987       0.9575260058045387
     656.4813875917278665       0.9542724080383778
     656.4815877251501206       0.9572971239686012
     656.4817878585723747       0.9965742877684534
     656.4819879919946288       0.9420237727463245
     656.4821881254169966       1.0306105706840754
     656.4823882588392507       0.9402595870196819
     656.4825883922615049       0.9504088684916496
     656.4827885256837590       1.0076570170931518
     656.4829886591061268       0.9769884049892426
     656.4831887925283809       1.0605206154286861
     656.4833889259506350       1.0491260550916195
     656.4835890593728891       0.9738461133092642
     656.4837891927951432       1.0093810129910707
     656.4839893262175110       1.0385794043540955
     656.4841894596397651       0.9258165732026100
     656.4843895930620192       0.9388217143714428
     656.4845897264842733       1.0156173650175333
     656.4847898599066411       1.0075712217949331
     656.4849899933288953       1.0120136942714453
     656.4851901267511494       0.9516171328723431
     656.4853902601734035       0.9335438907146454
     656.4855903935957713       1.0132302371785045
     656.4857905270180254       1.0397760532796383
     656.4859906604402795       1.0177959688007832
     656.4861907938625336       0.8773389458656311
     656.4863909272849014       0.9483305998146534
     656.4865910607071555       0.9336008802056313
     656.4867911941294096       0.9747581351548433
     656.4869913275516637       1.0603212825953960
     656.4871914609740315       1.0230933018028736
     656.4873915943962857       0.9871643064543605
     656.4875917278185398       1.0476821772754192
     656.4877918612407939       1.0696326941251755
     656.4879919946631617       0.9891569465398788
     656.4881921280854158       1.0252938810735941
     656.4883922615076699       1.0733648762106895
     656.4885923949299240       1.0077229472808540
     656.4887925283522918       0.9586845822632313
     656.4889926617745459       0.9910133481025696
     656.4891927951968000       0.9292456433176994
     656.4893929286190541       0.9358382970094681
     656.4895930620413083       0.9569155536592007
     656.4897931954636761       0.9996892748458777
     656.4899933288859302       0.9696198552846909
     656.4901934623081843       0.9969729634467512
     656.4903935957304384       0.9749519042670727
     656.4905937291528062       0.9947759606875479
     656.4907938625750603       0.9862359762191772
     656.4909939959973144       0.9251564592123032
     656.4911941294195685       1.0114342914894223
     656.4913942628419363       1.0817626044154167
     656.4915943962641904       1.0477914512157440
     656.4917945296864445       0.9778300803154707
     656.4919946631086987       0.9659070335328579
     656.4921947965310665       1.0219495836645365
     656.4923949299533206       1.0277063753455877
     656.4925950633755747       1.0570026338100433
     656.4927951967978288       1.0696737095713615
     656.4929953302201966       0.9608261473476887
     656.4931954636424507       0.9526580162346363
     656.4933955970647048       1.0569499842822552
     656.4935957304869589       0.9781984668225050
     656.4937958639093267       1.0412068627774715
     656.4939959973315808       1.0555942058563232
     656.4941961307538350       1.0576408095657825
     656.4943962641760891       0.9914953615516424
     656.4945963975983432       1.0054611298255622
     656.4947965310207110       0.9468561112880707
     656.4949966644429651       0.9821352530270815
     656.4951967978652192       1.0169245954602957
     656.4953969312874733       1.0507984422147274
     656.4955970647098411       1.0145440539345145
     656.4957971981320952       1.0339121408760548
     656.4959973315543493       0.9721219353377819
     656.4961974649766034       0.9851976288482547
     656.4963975983989712       1.0544519387185574
     656.4965977318212254       0.9203898161649704
     656.4967978652434795       0.9511972032487392
     656.4969979986657336       0.9782582763582468
     656.4971981320881014       1.0442325137555599
     656.4973982655103555       1.0421013683080673
     656.4975983989326096       0.9960416792891920
     656.4977985323548637       1.0110614867880940
     656.4979986657772315       0.9774214979261160
     656.4981987991994856       1.0060576708056033
     656.4983989326217397       1.0333700366318226
     656.4985990660439938       1.0005145805771463
     656.4987991994663616       1.0315496884286404
     656.4989993328886158       1.1168854013085365
     656.4991994663108699       0.9274830296635628
     656.4993995997331240       0.9771891385316849
     656.4995997331554918       0.9517978578805923
     656.4997998665777459       0.9912933791056275
     656.5000000000000000       0.9574403502047062
