     656.2000000000000455       0.9748289436101913
     656.2002001334222996       1.0287091881036758
     656.2004002668445537       1.0883265808224678
     656.2006004002669215       0.9805694017559290
     656.2008005336891756       0.9865959268063307
     656.2010006671114297       0.8924655318260193
     656.2012008005336838       1.0272193495184183
     656.2014009339560516       0.9964805729687214
     656.2016010673783057       0.9331711009144783
     656.2018012008005599       0.9947499595582485
     656.2020013342228140       0.9145745709538460
     656.2022014676451818       1.0449704900383949
     656.2024016010674359       0.9725477937608957
     656.2026017344896900       1.0066429600119591
     656.2028018679119441       0.9600862301886082
     656.2030020013343119       1.0502576529979706
     656.2032021347565660       0.9372832849621773
     656.2034022681788201       0.9875869946554303
     656.2036024016010742       0.9184939637780190
     656.2038025350234420       1.1263072341680527
     656.2040026684456961       0.9444403648376465
     656.2042028018679503       0.9665543474256992
     656.2044029352902044       0.9625556655228138
     656.2046030687125722       0.9969318232033402
     656.2048032021348263       1.0353731401264668
     656.2050033355570804       1.0814120322465897
     656.2052034689793345       0.9900044053792953
     656.2054036024017023       0.9505252204835415
     656.2056037358239564       0.9724486526101828
     656.2058038692462105       0.9561140425503254
     656.2060040026684646       1.0359252803027630
     656.2062041360907187       1.0157332550734282
     656.2064042695130865       0.9482172429561615
     656.2066044029353407       0.9730921890586615
     656.2068045363575948       0.9795857984572649
     656.2070046697798489       0.9487957172095776
     656.2072048032022167       0.9536629505455494
     656.2074049366244708       1.0328874401748180
     656.2076050700467249       1.0057337363250554
     656.2078052034689790       0.9426917620003223
     656.2080053368913468       1.0597266815602779
     656.2082054703136009       1.0020340939518064
     656.2084056037358550       1.0245451070368290
     656.2086057371581092       1.0253115091472864
     656.2088058705804769       1.0746873840689659
     656.2090060040027311       0.9220814704895020
     656.2092061374249852       0.9290847256779671
     656.2094062708472393       0.9614966884255409
     656.2096064042696071       0.9735772628337145
     656.2098065376918612       0.9981245504459366
     656.2100066711141153       1.0365706123411655
     656.2102068045363694       0.9522433914244175
     656.2104069379587372       0.9725470207631588
     656.2106070713809913       0.9025375843048096
     656.2108072048032454       0.9612111039459705
     656.2110073382254996       1.0198367573320866
     656.2112074716477537       1.0220928937196732
     656.2114076050701215       0.9987790449522436
     656.2116077384923756       1.0637975707650185
     656.2118078719146297       1.0178224053233862
     656.2120080053368838       0.8864412084221840
     656.2122081387592516       0.9331441521644592
     656.2124082721815057       0.9577062763273716
     656.2126084056037598       1.0066031860187650
     656.2128085390260139       0.9589981399476528
     656.2130086724483817       1.0715709477663040
     656.2132088058706358       1.0195389054715633
     656.2134089392928900       1.0117275603115559
     656.2136090727151441       0.9049408510327339
     656.2138092061375119       1.0562245324254036
     656.2140093395597660       0.9799720179289579
     656.2142094729820201       0.8779690489172935
     656.2144096064042742       1.0538978464901447
     656.2146097398266420       1.0520938411355019
     656.2148098732488961       1.0012839242117479
     656.2150100066711502       0.9979416541755199
     656.2152101400934043       1.0303797964006662
     656.2154102735157721       0.9136141315102577
     656.2156104069380262       0.9578172154724598
     656.2158105403602804       1.0364747010171413
     656.2160106737825345       1.0095105869695544
     656.2162108072049023       0.9866228206083179
     656.2164109406271564       0.9367070049047470
     656.2166110740494105       0.9474566802382469
     656.2168112074716646       1.0279288645833731
     656.2170113408939187       1.0267024617642164
     656.2172114743162865       1.0654889270663261
     656.2174116077385406       1.0411249287426472
     656.2176117411607947       0.9480993933975697
     656.2178118745830488       1.0502434186637402
     656.2180120080054166       1.0186551772058010
     656.2182121414276708       1.0521004460752010
     656.2184122748499249       0.9896853454411030
     656.2186124082721790       0.9608830958604813
     656.2188125416945468       0.9482208490371704
     656.2190126751168009       1.0749306306242943
     656.2192128085390550       1.0070684864185750
     656.2194129419613091       1.0306342151015997
     656.2196130753836769       0.9288040921092033
     656.2198132088059310       1.0241144802421331
     656.2200133422281851       1.0610906444489956
     656.2202134756504392       1.1016612052917480
     656.2204136090728070       0.9658489376306534
     656.2206137424950612       1.0456525832414627
     656.2208138759173153       1.0709350556135178
     656.2210140093395694       1.0201985854655504
     656.2212141427619372       1.0747591480612755
     656.2214142761841913       1.0185317005962133
     656.2216144096064454       0.8802792280912399
     656.2218145430286995       0.9637575335800648
     656.2220146764509536       1.0091075515374541
     656.2222148098733214       1.0465872250497341
     656.2224149432955755       1.0304506756365299
     656.2226150767178297       0.9752370472997427
     656.2228152101400838       0.9649015404284000
     656.2230153435624516       1.0089796483516693
     656.2232154769847057       0.9723571203649044
     656.2234156104069598       1.0814489647746086
     656.2236157438292139       1.0116478763520718
     656.2238158772515817       1.0340033359825611
     656.2240160106738358       1.0235738102346659
     656.2242161440960899       1.1007142812013626
     656.2244162775183440       0.9508635140955448
     656.2246164109407118       0.9550859369337559
     656.2248165443629659       1.0243279486894608
     656.2250166777852201       0.9957803715951741
     656.2252168112074742       0.9949750569649041
     656.2254169446298420       1.0461773313581944
     656.2256170780520961       1.0040620709769428
     656.2258172114743502       0.9639008194208145
     656.2260173448966043       1.0650082454085350
     656.2262174783189721       0.9730690419673920
     656.2264176117412262       1.0078499317169189
     656.2266177451634803       1.0296706650406122
     656.2268178785857344       0.9122137501835823
     656.2270180120081022       1.0339985378086567
     656.2272181454303563       1.0253935512155294
     656.2274182788526105       0.9895304124802351
     656.2276184122748646       1.0257253032177687
     656.2278185456971187       1.0140990586951375
     656.2280186791194865       1.0170787181705236
     656.2282188125417406       0.9683696366846561
     656.2284189459639947       1.0137230977416039
     656.2286190793862488       0.9268503859639168
     656.2288192128086166       0.9319434538483620
     656.2290193462308707       0.9914349922910333
     656.2292194796531248       1.0456396564841270
     656.2294196130753789       1.0437170378863811
     656.2296197464977467       1.0218872018158436
     656.2298198799200009       0.9418724589049816
     656.2300200133422550       1.0351843126118183
     656.2302201467645091       0.9597368426620960
     656.2304202801868769       1.0289537459611893
     656.2306204136091310       0.9805448073893785
     656.2308205470313851       1.0031014017295092
     656.2310206804536392       1.0761018842458725
     656.2312208138760070       0.9675149060785770
     656.2314209472982611       1.0351949557662010
     656.2316210807205152       0.9828622844070196
     656.2318212141427693       0.9671969152987003
     656.2320213475651371       1.0181645881384611
     656.2322214809873913       0.9678509756922722
     656.2324216144096454       0.9314141049981117
     656.2326217478318995       1.0739621818065643
     656.2328218812541536       0.9445288293063641
     656.2330220146765214       0.9910927694290876
     656.2332221480987755       1.0013686978491023
     656.2334222815210296       0.9216456487774849
     656.2336224149432837       0.9614750780165195
     656.2338225483656515       1.0542929582297802
     656.2340226817879056       1.1096250563859940
     656.2342228152101598       1.0254083555191755
     656.2344229486324139       0.9015661031007767
     656.2346230820547817       1.0927590951323509
     656.2348232154770358       1.0705107972025871
     656.2350233488992899       0.9613073728978634
     656.2352234823215440       0.9703767839819193
     656.2354236157439118       1.1162031218409538
     656.2356237491661659       1.0584975555539131
     656.2358238825884200       1.0925454273819923
     656.2360240160106741       0.9099461808800697
     656.2362241494330419       0.9794951081275940
     656.2364242828552960       1.0869424715638161
     656.2366244162775502       0.9494386948645115
     656.2368245496998043       0.9893064396455884
     656.2370246831221721       0.9966518555302173
     656.2372248165444262       1.0182681623846292
     656.2374249499666803       0.9325318410992622
     656.2376250833889344       0.9452139027416706
     656.2378252168113022       0.9813207797706127
     656.2380253502335563       0.9824103899300098
     656.2382254836558104       0.8759387955069542
     656.2384256170780645       1.0376625955104828
     656.2386257505003186       1.0041313008405268
     656.2388258839226864       1.0234141815453768
     656.2390260173449406       0.9996414399065543
     656.2392261507671947       1.1045895218849182
     656.2394262841894488       1.0263386610895395
     656.2396264176118166       0.9743057154119015
     656.2398265510340707       0.9541114605963230
     656.2400266844563248       0.9987686363747343
     656.2402268178785789       0.9757274407893419
     656.2404269513009467       0.9481326267123222
     656.2406270847232008       1.0779793411493301
     656.2408272181454549       1.0666121691465378
     656.2410273515677090       0.9669809229671955
     656.2412274849900768       0.9214974194765091
     656.2414276184123310       0.9402686282992363
     656.2416277518345851       0.8693307638168335
     656.2418278852568392       0.9102186635136604
     656.2420280186792070       1.0434145405888557
     656.2422281521014611       1.0421330779790878
     656.2424282855237152       0.9713880121707916
     656.2426284189459693       0.9743674751371145
     656.2428285523683371       1.0293454416096210
     656.2430286857905912       1.0154912099242210
     656.2432288192128453       0.9577870368957520
     656.2434289526350994       0.9603133946657181
     656.2436290860574672       0.9272588416934013
     656.2438292194797214       0.9162382557988167
     656.2440293529019755       1.0469465367496014
     656.2442294863242296       0.9586631022393703
     656.2444296197464837       0.9887168221175671
     656.2446297531688515       0.9969602711498737
     656.2448298865911056       1.0211347397416830
     656.2450300200133597       1.0496580936014652
     656.2452301534356138       0.9496577382087708
     656.2454302868579816       1.0187759771943092
     656.2456304202802357       1.0434728115797043
     656.2458305537024899       1.0127890724688768
     656.2460306871247440       1.0164171587675810
     656.2462308205471118       1.0270794276148081
     656.2464309539693659       0.9643131196498871
     656.2466310873916200       0.9940356351435184
     656.2468312208138741       0.9929292402230203
     656.2470313542362419       0.9384542740881443
     656.2472314876584960       0.9584125094115734
     656.2474316210807501       0.9853975651785731
     656.2476317545030042       1.0551778562366962
     656.2478318879253720       1.0267180055379868
     656.2480320213476261       1.0504692159593105
     656.2482321547698803       1.0666074901819229
     656.2484322881921344       0.9955978230573237
     656.2486324216145022       1.0217611901462078
     656.2488325550367563       1.0132223013788462
     656.2490326884590104       1.0748840793967247
     656.2492328218812645       0.9714914765208960
     656.2494329553035186       1.0205454267561436
     656.2496330887258864       0.9941456201486290
     656.2498332221481405       0.9209314659237862
     656.2500333555703946       0.9667411558330059
     656.2502334889926487       1.0085374778136611
     656.2504336224150165       1.0546241477131844
     656.2506337558372707       0.9857967430725694
     656.2508338892595248       0.8457708507776260
     656.2510340226817789       0.9278193339705467
     656.2512341561041467       1.0164426267147064
     656.2514342895264008       0.9829731974750757
     656.2516344229486549       0.9762675855308771
     656.2518345563709090       1.0259961783885956
     656.2520346897932768       1.0193392448127270
     656.2522348232155309       0.8863535299897194
     656.2524349566377850       0.9304451718926430
     656.2526350900600391       1.0233140643686056
     656.2528352234824069       1.0014569031773135
     656.2530353569046611       0.9519155658781528
     656.2532354903269152       1.0071737379767001
     656.2534356237491693       0.9952214010991156
     656.2536357571715371       1.0715810582041740
     656.2538358905937912       1.0401473790407181
     656.2540360240160453       1.0081950966268778
     656.2542361574382994       1.0035148623865098
     656.2544362908606672       1.0318605750799179
     656.2546364242829213       1.0250020381063223
     656.2548365577051754       0.9419110640883446
     656.2550366911274295       1.0428505912423134
     656.2552368245496837       0.9892760394141078
     656.2554369579720515       0.8929779976606369
     656.2556370913943056       0.9018267616629601
     656.2558372248165597       0.9404004104435444
     656.2560373582388138       0.9284719973802567
     656.2562374916611816       1.0773822441697121
     656.2564376250834357       1.0057829348370433
     656.2566377585056898       1.0079784942790866
     656.2568378919279439       0.9320724532008171
     656.2570380253503117       1.0683825090527534
     656.2572381587725658       1.0084706628695130
     656.2574382921948200       1.1066262945532799
     656.2576384256170741       0.9364216551184654
     656.2578385590394419       0.9956137523986399
     656.2580386924616960       1.0482247546315193
     656.2582388258839501       0.9631814919412136
     656.2584389593062042       0.9616804942488670
     656.2586390927285720       1.0775718092918396
     656.2588392261508261       1.0955045670270920
     656.2590393595730802       0.9905221676453948
     656.2592394929953343       0.9551506899297237
     656.2594396264177021       0.9796390924602747
     656.2596397598399562       0.8965694382786751
     656.2598398932622104       1.0116062071174383
     656.2600400266844645       1.0037902500480413
     656.2602401601067186       1.0112274372950196
     656.2604402935290864       0.9686800427734852
     656.2606404269513405       1.0098634399473667
     656.2608405603735946       0.9815349299460649
     656.2610406937958487       0.8846313580870628
     656.2612408272182165       0.9880378963425756
     656.2614409606404706       0.9518889747560024
     656.2616410940627247       1.0391434989869595
     656.2618412274849788       1.0323691889643669
     656.2620413609073466       1.0002381710073678
     656.2622414943296008       0.9933112822473049
     656.2624416277518549       1.0268880724906921
     656.2626417611741090       0.9858002522960305
     656.2628418945964768       1.0585717149078846
     656.2630420280187309       1.0298861209303141
     656.2632421614409850       1.0338788703083992
     656.2634422948632391       0.9419610314071178
     656.2636424282856069       1.0242622178047895
     656.2638425617078610       1.0231185536831617
     656.2640426951301151       1.0255651473999023
     656.2642428285523692       0.8694158941507339
     656.2644429619747370       0.9206492677330971
     656.2646430953969912       1.0186788626015186
     656.2648432288192453       1.0403765551745892
     656.2650433622414994       1.0372200943529606
     656.2652434956638672       1.0165423471480608
     656.2654436290861213       1.0580770969390869
     656.2656437625083754       1.0231940168887377
     656.2658438959306295       1.0586658827960491
     656.2660440293528836       0.9764337018132210
     656.2662441627752514       0.9631752334535122
     656.2664442961975055       0.9463448040187359
     656.2666444296197596       0.9366552233695984
     656.2668445630420138       0.9818229209631681
     656.2670446964643816       0.9795291163027287
     656.2672448298866357       0.9105238690972328
     656.2674449633088898       0.9315190166234970
     656.2676450967311439       1.0375187471508980
     656.2678452301535117       0.9601096548140049
     656.2680453635757658       0.9233329221606255
     656.2682454969980199       0.9560132883489132
     656.2684456304202740       1.0360216014087200
     656.2686457638426418       0.9932633289135993
     656.2688458972648959       1.0649519860744476
     656.2690460306871501       0.9834659676998854
     656.2692461641094042       1.0169283002614975
     656.2694462975317720       0.9494261331856251
     656.2696464309540261       0.9686438813805580
     656.2698465643762802       1.0589595325291157
     656.2700466977985343       0.9862529272213578
     656.2702468312209021       1.0918445289134979
     656.2704469646431562       1.0785349234938622
     656.2706470980654103       0.9934933683834970
     656.2708472314876644       0.9855218259617686
     656.2710473649099185       1.0069268578663468
     656.2712474983322863       1.0459192208945751
     656.2714476317545405       0.9922967241145670
     656.2716477651767946       1.0168658029288054
     656.2718478985990487       0.9952853922732174
     656.2720480320214165       1.0192775093019009
     656.2722481654436706       0.9766766130924225
     656.2724482988659247       1.0220898743718863
     656.2726484322881788       0.9422630481421947
     656.2728485657105466       1.0357173904776573
     656.2730486991328007       0.9967827114742249
     656.2732488325550548       1.1182949095964432
     656.2734489659773089       1.0205549318343401
     656.2736490993996767       1.0352397076785564
     656.2738492328219309       1.0159471072256565
     656.2740493662441850       1.0895070210099220
     656.2742494996664391       0.9100815579295158
     656.2744496330888069       1.0483374111354351
     656.2746497665110610       0.9625874161720276
     656.2748498999333151       1.0686327964067459
     656.2750500333555692       0.9063757434487343
     656.2752501667779370       0.9984023092547432
     656.2754503002001911       1.0363249965012074
     656.2756504336224452       0.9894648920744658
     656.2758505670446993       1.0102306371554732
     656.2760507004670671       0.9759415742009878
     656.2762508338893213       1.0131213786080480
     656.2764509673115754       0.9327482804656029
     656.2766511007338295       0.9299101084470749
     656.2768512341560836       1.0378674305975437
     656.2770513675784514       0.9787357226014137
     656.2772515010007055       0.9354454204440117
     656.2774516344229596       1.0793192908167839
     656.2776517678452137       1.1390315294265747
     656.2778519012675815       1.0342898070812225
     656.2780520346898356       1.0592816881835461
     656.2782521681120897       0.9600422605872154
     656.2784523015343439       0.9846964459866285
     656.2786524349567117       1.0549917295575142
     656.2788525683789658       1.0066229179501534
     656.2790527018012199       0.9880187781527638
     656.2792528352234740       1.0938047096133232
     656.2794529686458418       1.0200831945985556
     656.2796531020680959       1.0534174926578999
     656.2798532354903500       1.0766386166214943
     656.2800533689126041       0.9780252967029810
     656.2802535023349719       0.9755212981253862
     656.2804536357572260       0.9641502834856510
     656.2806537691794802       0.9814752601087093
     656.2808539026017343       0.9765004869550467
     656.2810540360241021       1.0141713190823793
     656.2812541694463562       0.9435810372233391
     656.2814543028686103       1.0803188979625702
     656.2816544362908644       1.0643222108483315
     656.2818545697131185       1.0292688310146332
     656.2820547031354863       1.0753883719444275
     656.2822548365577404       1.1490527242422104
     656.2824549699799945       0.9728368390351534
     656.2826551034022486       0.9872948303818703
     656.2828552368246164       0.9229884892702103
     656.2830553702468706       1.0200654696673155
     656.2832555036691247       0.9390434361994267
     656.2834556370913788       0.9470241963863373
     656.2836557705137466       1.0400485508143902
     656.2838559039360007       0.9365536496043205
     656.2840560373582548       1.0690792500972748
     656.2842561707805089       0.9196034297347069
     656.2844563042028767       1.0487285703420639
     656.2846564376251308       0.9680562242865562
     656.2848565710473849       0.9776095673441887
     656.2850567044696390       0.9534573554992676
     656.2852568378920068       0.9829782526940107
     656.2854569713142610       1.0638329684734344
     656.2856571047365151       0.9406089968979359
     656.2858572381587692       1.0045976750552654
     656.2860573715811370       0.9795217532664537
     656.2862575050033911       1.0123249990865588
     656.2864576384256452       0.9962124472949654
     656.2866577718478993       0.9523164369165897
     656.2868579052702671       1.0513360500335693
     656.2870580386925212       0.9952549175359309
     656.2872581721147753       1.0381158106029034
     656.2874583055370294       0.9388423077762127
     656.2876584389592836       0.9889651443809271
     656.2878585723816514       0.9993564004544169
     656.2880587058039055       1.0438051633536816
     656.2882588392261596       0.9733692705631256
     656.2884589726484137       0.9652071818709373
     656.2886591060707815       1.0359710790216923
     656.2888592394930356       1.0150859057903290
     656.2890593729152897       1.0716199204325676
     656.2892595063375438       0.9600732512772083
     656.2894596397599116       1.0480101145803928
     656.2896597731821657       1.0080464733764529
     656.2898599066044198       0.9384355284273624
     656.2900600400266740       0.9277220368385315
     656.2902601734490418       1.0440747924149036
     656.2904603068712959       0.9987189435632899
     656.2906604402935500       0.9798121452331543
     656.2908605737158041       0.9848189810290933
     656.2910607071381719       0.9082644283771515
     656.2912608405604260       0.9930128133855760
     656.2914609739826801       1.0025193942710757
     656.2916611074049342       1.0482500754296780
     656.2918612408273020       1.0278020389378071
     656.2920613742495561       0.9580787234008312
     656.2922615076718103       0.9977827183902264
     656.2924616410940644       0.9862940991297364
     656.2926617745164322       0.9410032629966736
     656.2928619079386863       1.0144030824303627
     656.2930620413609404       1.0074603036046028
     656.2932621747831945       0.9833844155073166
     656.2934623082054486       0.9679018817842007
     656.2936624416278164       1.0156157109886408
     656.2938625750500705       0.9841401074081659
     656.2940627084723246       1.0809874162077904
     656.2942628418945787       0.9501541107892990
     656.2944629753169465       1.0625461265444756
     656.2946631087392007       1.0186615139245987
     656.2948632421614548       0.9961016217712313
     656.2950633755837089       0.9963644130621105
     656.2952635090060767       1.0722618922591209
     656.2954636424283308       1.0586027503013611
     656.2956637758505849       0.9533218443393707
     656.2958639092728390       0.9529930390417576
     656.2960640426952068       1.0352997519075871
     656.2962641761174609       0.9767548386007547
     656.2964643095397150       0.9783803522586823
     656.2966644429619691       1.0459598042070866
     656.2968645763843369       0.9686299264431000
     656.2970647098065911       1.0043478123843670
     656.2972648432288452       1.0188767407089472
     656.2974649766510993       0.9613552317023277
     656.2976651100734671       1.0573366843163967
     656.2978652434957212       1.0047713289968669
     656.2980653769179753       1.0079246908426285
     656.2982655103402294       1.0319289974868298
     656.2984656437624835       1.0009947987273335
     656.2986657771848513       1.0087537169456482
     656.2988659106071054       0.9609478116035461
     656.2990660440293595       1.0153652997687459
     656.2992661774516137       1.0965073704719543
     656.2994663108739815       0.9143051877617836
     656.2996664442962356       0.9282374009490013
     656.2998665777184897       0.9529680311679840
     656.3000667111407438       1.0012667936971411
     656.3002668445631116       1.0087273409590125
     656.3004669779853657       1.0327784568071365
     656.3006671114076198       1.0241702273488045
     656.3008672448298739       0.9276134297251701
     656.3010673782522417       0.9262521415948868
     656.3012675116744958       1.0018733032047749
     656.3014676450967499       1.0096530336886644
     656.3016677785190041       0.9847942721098661
     656.3018679119413719       0.9940280723385512
     656.3020680453636260       0.9842168502509593
     656.3022681787858801       0.9104810580611227
     656.3024683122081342       0.9003791511058805
     656.3026684456305020       1.0408178679645057
     656.3028685790527561       1.0199811067432161
     656.3030687124750102       1.0130241168662897
     656.3032688458972643       0.9916029060259448
     656.3034689793196321       0.9447803683578948
     656.3036691127418862       1.0442443341016738
     656.3038692461641403       0.9546466581523373
     656.3040693795863945       0.9113175421953134
     656.3042695130086486       1.1005838885903259
     656.3044696464310164       0.9137556031346175
     656.3046697798532705       1.0537037812173149
     656.3048699132755246       1.0440455935895123
     656.3050700466977787       0.9864755989983210
     656.3052701801201465       1.0556171946226867
     656.3054703135424006       1.0092017110436156
     656.3056704469646547       0.9559371024368741
     656.3058705803869088       0.9970418217124172
     656.3060707138092766       1.0363068096336649
     656.3062708472315308       0.9755732137705446
     656.3064709806537849       0.9597444050007664
     656.3066711140760390       1.0672185048451825
     656.3068712474984068       1.0050222272971587
     656.3070713809206609       1.0176029968988045
     656.3072715143429150       1.0182599890950421
     656.3074716477651691       0.9784154575280070
     656.3076717811875369       0.9413129314726254
     656.3078719146097910       1.0759157761854985
     656.3080720480320451       0.9968136506978498
     656.3082721814542992       1.0003659124916124
     656.3084723148766670       1.0564687661612855
     656.3086724482989212       1.0058604259675601
     656.3088725817211753       1.0624984465120439
     656.3090727151434294       0.9878149227586051
     656.3092728485656835       1.0212259831956434
     656.3094729819880513       0.9776732473436884
     656.3096731154103054       0.9696332903879047
     656.3098732488325595       1.1123578173744666
     656.3100733822548136       0.9659086388357542
     656.3102735156771814       0.9786616559713007
     656.3104736490994355       1.0507811265056617
     656.3106737825216896       1.0847401611304557
     656.3108739159439438       0.9975652176694449
     656.3110740493663116       1.0291048609423505
     656.3112741827885657       1.0182810779021318
     656.3114743162108198       0.9778461989014428
     656.3116744496330739       1.0127815634192454
     656.3118745830554417       1.0612768781447710
     656.3120747164776958       1.0402162048588104
     656.3122748498999499       1.0853790480951875
     656.3124749833222040       1.0702909936628571
     656.3126751167445718       1.0088181455257188
     656.3128752501668259       0.9922690403352759
     656.3130753835890800       0.9996420823262834
     656.3132755170113342       0.9418169090927188
     656.3134756504337020       0.9184500031444379
     656.3136757838559561       1.0409212537775001
     656.3138759172782102       0.9555054352401169
     656.3140760507004643       0.9647313820650474
     656.3142761841228321       1.0416456524371918
     656.3144763175450862       0.9861113601390457
     656.3146764509673403       0.9334912403217283
     656.3148765843895944       1.0115533889339767
     656.3150767178118485       1.0100541417217270
     656.3152768512342163       0.9202033319162104
     656.3154769846564704       1.0645373003074068
     656.3156771180787246       0.9440726284161788
     656.3158772515009787       0.9746787225922795
     656.3160773849233465       1.0598727250074778
     656.3162775183456006       0.9803319458419861
     656.3164776517678547       0.9975523054716590
     656.3166777851901088       0.9057331455104244
     656.3168779186124766       0.9786846950710412
     656.3170780520347307       0.9484088024681816
     656.3172781854569848       0.9228394721347195
     656.3174783188792389       0.9869685294533728
     656.3176784523016067       1.0044009465115655
     656.3178785857238609       0.9500835830218933
     656.3180787191461150       1.0406074406988353
     656.3182788525683691       0.9577347975117477
     656.3184789859907369       0.8934136448334752
     656.3186791194129910       1.0061472516508529
     656.3188792528352451       0.9256723358527443
     656.3190793862574992       1.0620606164499835
     656.3192795196798670       0.9691033842417283
     656.3194796531021211       1.1394375710469893
     656.3196797865243752       1.0240553790311160
     656.3198799199466293       1.0750622044183644
     656.3200800533688835       1.0962713163352329
     656.3202801867912513       1.0028404632060459
     656.3204803202135054       1.0311698297054459
     656.3206804536357595       1.0564813615129425
     656.3208805870580136       1.0389609658479104
     656.3210807204803814       1.0250301955516647
     656.3212808539026355       1.0627513624379290
     656.3214809873248896       1.0027936318724435
     656.3216811207471437       1.0085468815406105
     656.3218812541695115       0.9503074308236905
     656.3220813875917656       0.9862072736334155
     656.3222815210140197       1.0637973037606501
     656.3224816544362739       1.0059871908561169
     656.3226817878586417       1.0845917135548597
     656.3228819212808958       1.0658476056138930
     656.3230820547031499       0.9313129252910781
     656.3232821881254040       0.9116488270334991
     656.3234823215477718       0.9999222495108142
     656.3236824549700259       0.9761593449039230
     656.3238825883922800       0.9994332408852173
     656.3240827218145341       0.9240811006114132
     656.3242828552369019       0.9745278574223478
     656.3244829886591560       0.9440916928307678
     656.3246831220814101       1.0018227698100231
     656.3248832555036643       1.0540300550876096
     656.3250833889260321       0.9659055285732473
     656.3252835223482862       0.9810407132386892
     656.3254836557705403       0.9157887966623827
     656.3256837891927944       1.0104611320395875
     656.3258839226150485       1.0355722231208078
     656.3260840560374163       1.0208402421590734
     656.3262841894596704       1.0543632732401300
     656.3264843228819245       0.9522739814002290
     656.3266844563041786       0.9620893814265982
     656.3268845897265464       0.9856396998114755
     656.3270847231488005       0.9021770322500100
     656.3272848565710547       0.9699165618652635
     656.3274849899933088       0.9843433358306655
     656.3276851234156766       0.9266358653540697
     656.3278852568379307       0.8511936841508254
     656.3280853902601848       1.0714768406096367
     656.3282855236824389       0.9238158880772682
     656.3284856571048067       0.9630201028313250
     656.3286857905270608       0.9468313846826600
     656.3288859239493149       0.9495712558464642
     656.3290860573715690       0.9361378309898827
     656.3292861907939368       0.9595810719099435
     656.3294863242161910       0.9446578742923368
     656.3296864576384451       0.8864916939198219
     656.3298865910606992       0.9493909917571205
     656.3300867244830670       0.8138709638789962
     656.3302868579053211       0.9346549565381332
     656.3304869913275752       0.8917828532667357
     656.3306871247498293       0.8846650297108467
     656.3308872581721971       0.8982624449931275
     656.3310873915944512       0.8741513118262261
     656.3312875250167053       0.8926742436972751
     656.3314876584389594       0.9238367529084600
     656.3316877918612136       0.8755343344292682
     656.3318879252835814       0.8464919115453752
     656.3320880587058355       0.7941468553313352
     656.3322881921280896       0.8910018919287002
     656.3324883255503437       0.8256897521875826
     656.3326884589727115       0.9128302520572398
     656.3328885923949656       0.8921443871929037
     656.3330887258172197       0.7882758004467673
     656.3332888592394738       0.8045749725618208
     656.3334889926618416       0.8214586228337381
     656.3336891260840957       0.6908617591554189
     656.3338892595063498       0.8398299504434390
     656.3340893929286040       0.7779054045889759
     656.3342895263509718       0.8074139202605527
     656.3344896597732259       0.7980269455042804
     656.3346897931954800       0.7652218712862759
     656.3348899266177341       0.7818953767862733
     656.3350900600401019       0.7645829088208754
     656.3352901934623560       0.8501867428418024
     656.3354903268846101       0.8413348952449795
     656.3356904603068642       0.7699050748925529
     656.3358905937292320       0.8417647596421606
     656.3360907271514861       0.8041171086882092
     656.3362908605737402       0.8333658909123243
     656.3364909939959944       0.7992285540420689
     656.3366911274182485       0.7692904312273667
     656.3368912608406163       0.8469560972882755
     656.3370913942628704       0.8000199334262428
     656.3372915276851245       0.8524291724781221
     656.3374916611073786       0.9309270083378065
     656.3376917945297464       0.8441041743628726
     656.3378919279520005       0.8771121083814946
     656.3380920613742546       0.8069447984884421
     656.3382921947965087       0.9062684740714879
     656.3384923282188765       0.8583395488511465
     656.3386924616411306       0.8611421026448527
     656.3388925950633848       0.8397800957367865
     656.3390927284856389       0.8851592258787810
     656.3392928619080067       0.8296539696748022
     656.3394929953302608       0.8160060492507559
     656.3396931287525149       0.8065576505602766
     656.3398932621747690       0.9423415296519440
     656.3400933955971368       0.8091804247608706
     656.3402935290193909       0.8886409417472269
     656.3404936624416450       0.8392284185109898
     656.3406937958638991       0.9627611658187982
     656.3408939292862669       0.8749285664269185
     656.3410940627085211       0.9713070495457419
     656.3412941961307752       0.8901635502120040
     656.3414943295530293       0.9284264362861562
     656.3416944629753971       0.9902948985538481
     656.3418945963976512       0.8599373313516104
     656.3420947298199053       0.9402173656874617
     656.3422948632421594       0.9373982053742649
     656.3424949966644135       0.9485721472313763
     656.3426951300867813       0.8899987077310030
     656.3428952635090354       0.9521395947016962
     656.3430953969312895       0.9703170992344341
     656.3432955303535437       0.8806122940958763
     656.3434956637759115       0.9559052369787284
     656.3436957971981656       0.8944888641566906
     656.3438959306204197       1.0040206870806103
     656.3440960640426738       0.9213746190049521
     656.3442961974650416       1.0226372376400006
     656.3444963308872957       0.9559428631890901
     656.3446964643095498       0.9570450337960373
     656.3448965977318039       0.9831339086651611
     656.3450967311541717       1.0325968131534555
     656.3452968645764258       1.0155064834533531
     656.3454969979986799       0.9724824866246360
     656.3456971314209341       1.0065707078275647
     656.3458972648433019       0.9518743167857425
     656.3460973982655560       0.9927023801144090
     656.3462975316878101       0.8897582478192918
     656.3464976651100642       0.9672847594367577
     656.3466977985324320       0.9133878987204519
     656.3468979319546861       1.0802798461450596
     656.3470980653769402       0.9689613380356635
     656.3472981987991943       0.9537733193796303
     656.3474983322214484       0.9901542129559526
     656.3476984656438162       0.9590108224078472
     656.3478985990660703       0.9316241246961087
     656.3480987324883245       0.9852036436992573
     656.3482988659105786       0.9502123996660642
     656.3484989993329464       1.0466659548153789
     656.3486991327552005       1.1316618764247228
     656.3488992661774546       1.0069024835517073
     656.3490993995997087       1.0043733320482240
     656.3492995330220765       0.9593607698758633
     656.3494996664443306       0.9697311291580737
     656.3496997998665847       0.9659777710741344
     656.3498999332888388       0.9750350342430946
     656.3501000667112066       0.9808038034900414
     656.3503002001334607       1.1220501071257130
     656.3505003335557149       1.0262489401813932
     656.3507004669779690       0.9985324124430588
     656.3509006004003368       1.0252620616645045
     656.3511007338225909       1.0541521937200948
     656.3513008672448450       0.9969151103575891
     656.3515010006670991       0.9858239785325332
     656.3517011340894669       1.0697687410236822
     656.3519012675117210       1.0572270860780622
     656.3521014009339751       0.9120647083928112
     656.3523015343562292       1.0847675855095762
     656.3525016677785970       1.0014064177911051
     656.3527018012008512       0.9689686808057499
     656.3529019346231053       0.9087502322080508
     656.3531020680453594       1.0239368382326703
     656.3533022014676135       1.0189280718899079
     656.3535023348899813       0.9765928210663736
     656.3537024683122354       0.9676447239957866
     656.3539026017344895       0.9577002360356114
     656.3541027351567436       0.8877457929374518
     656.3543028685791114       1.0363108300857919
     656.3545030020013655       1.0707232153374582
     656.3547031354236196       0.9233148588121809
     656.3549032688458738       0.9450844479324368
     656.3551034022682416       1.0653544090430969
     656.3553035356904957       0.9912470144309263
     656.3555036691127498       1.0071444249039019
     656.3557038025350039       1.0092519184622639
     656.3559039359573717       0.9894034755595965
     656.3561040693796258       0.9884771715171395
     656.3563042028018799       0.9987480391865790
     656.3565043362241340       0.9134713889689625
     656.3567044696465018       1.0661331898899813
     656.3569046030687559       1.0570076441325411
     656.3571047364910100       0.9732174609756341
     656.3573048699132642       1.1445424219969924
     656.3575050033356320       0.9453348740453297
     656.3577051367578861       1.0704163903125381
     656.3579052701801402       0.9728841382791684
     656.3581054036023943       0.9412911610531294
     656.3583055370246484       0.9807401849339334
     656.3585056704470162       0.9648879806018290
     656.3587058038692703       0.9479645902193891
     656.3589059372915244       0.9967664020764839
     656.3591060707137785       1.0199282741277516
     656.3593062041361463       1.0741368933553548
     656.3595063375584004       1.0640116076550967
     656.3597064709806546       0.9364349891482765
     656.3599066044029087       0.9443821031693030
     656.3601067378252765       0.9826916982735773
     656.3603068712475306       0.9607725841204049
     656.3605070046697847       1.0392295003032910
     656.3607071380920388       0.9807157287584152
     656.3609072715144066       0.9397037807654848
     656.3611074049366607       0.9781948399670231
     656.3613075383589148       1.0706304533198694
     656.3615076717811689       1.0378926804652622
     656.3617078052035367       1.0479806735029036
     656.3619079386257908       0.9961225615500197
     656.3621080720480450       0.9878325880876192
     656.3623082054702991       0.9509767703310440
     656.3625083388926669       1.0249563548426854
     656.3627084723149210       1.0272832419518561
     656.3629086057371751       1.0248134378198201
     656.3631087391594292       1.0274432841585068
     656.3633088725817970       0.9611441008673492
     656.3635090060040511       0.9686193354376182
     656.3637091394263052       0.8903977945410607
     656.3639092728485593       1.0181400291596141
     656.3641094062708135       1.0539651326817256
     656.3643095396931813       0.9403561241912252
     656.3645096731154354       0.9427446238687852
     656.3647098065376895       1.0140266120427741
     656.3649099399599436       0.9899115534495079
     656.3651100733823114       1.0469675771889158
     656.3653102068045655       0.9284093007443325
     656.3655103402268196       0.8900961726902531
     656.3657104736490737       1.0564594529568199
     656.3659106070714415       0.9280750527977292
     656.3661107404936956       0.9521757401525529
     656.3663108739159497       1.0307978279888328
     656.3665110073382039       0.9665913619100841
     656.3667111407605717       1.0132781416177610
     656.3669112741828258       0.9675201065838243
     656.3671114076050799       1.0527436248958046
     656.3673115410273340       1.0359224826097444
     656.3675116744497018       0.9434898123145075
     656.3677118078719559       1.0914559736847860
     656.3679119412942100       0.9904735228046762
     656.3681120747164641       1.0354743376374236
     656.3683122081388319       0.9814559426158661
     656.3685123415610860       1.0431776419281955
     656.3687124749833401       1.0358542948961256
     656.3689126084055943       1.0082217128947377
     656.3691127418278484       1.0388851687312126
     656.3693128752502162       0.9210243821144103
     656.3695130086724703       1.0774589255452156
     656.3697131420947244       1.0088479351252317
     656.3699132755169785       0.9327915012836456
     656.3701134089393463       0.9993915124796331
     656.3703135423616004       0.9993263197829947
     656.3705136757838545       0.9155693501234055
     656.3707138092061086       0.9796557333320379
     656.3709139426284764       1.0685168132185936
     656.3711140760507305       1.0535066239535809
     656.3713142094729847       0.9563081152737141
     656.3715143428952388       1.0418432466685772
     656.3717144763176066       0.9596349112689495
     656.3719146097398607       0.9680931493639946
     656.3721147431621148       1.0836263895034790
     656.3723148765843689       0.9931198223493993
     656.3725150100067367       1.0983443781733513
     656.3727151434289908       1.0811143964529037
     656.3729152768512449       0.9987301836954430
     656.3731154102734990       0.9091564789414406
     656.3733155436958668       1.0938778743147850
     656.3735156771181209       1.0049645812250674
     656.3737158105403751       0.9007177799940109
     656.3739159439626292       0.9704257659614086
     656.3741160773849970       1.0385125540196896
     656.3743162108072511       0.9191188737750053
     656.3745163442295052       0.9615622945129871
     656.3747164776517593       1.0465299449861050
     656.3749166110740134       1.0101299127563834
     656.3751167444963812       0.9694145675748587
     656.3753168779186353       0.9289981201291084
     656.3755170113408894       0.9806012660264969
     656.3757171447631436       1.0478515028953552
     656.3759172781855113       1.0307658966630697
     656.3761174116077655       0.9159165546298027
     656.3763175450300196       1.0562333837151527
     656.3765176784522737       1.0004926619585603
     656.3767178118746415       0.9383544847369194
     656.3769179452968956       1.0828815028071404
     656.3771180787191497       0.9889218518510461
     656.3773182121414038       1.0446111671626568
     656.3775183455637716       1.0323526673018932
     656.3777184789860257       0.9653656072914600
     656.3779186124082798       1.1027760505676270
     656.3781187458305340       1.0425798259675503
     656.3783188792529018       1.0480245985090733
     656.3785190126751559       1.0015300636878237
     656.3787191460974100       1.0110280811786652
     656.3789192795196641       1.0123360091820359
     656.3791194129420319       0.9517269358038902
     656.3793195463642860       0.9634307399392128
     656.3795196797865401       0.9050792828202248
     656.3797198132087942       0.9953924701549113
     656.3799199466311620       1.0147429620847106
     656.3801200800534161       1.0036292546428740
     656.3803202134756702       0.9805281143635511
     656.3805203468979244       0.9667998179793358
     656.3807204803201785       1.0474644266068935
     656.3809206137425463       0.9796819798648357
     656.3811207471648004       0.9793740883469582
     656.3813208805870545       0.9936673133634031
     656.3815210140093086       1.0756114795804024
     656.3817211474316764       0.9819937516003847
     656.3819212808539305       1.0297659020870924
     656.3821214142761846       1.0321674048900604
     656.3823215476984387       0.9780945461243391
     656.3825216811208065       0.9468062110245228
     656.3827218145430606       1.0572673343122005
     656.3829219479653148       0.9943230608478189
     656.3831220813875689       1.0362763144075871
     656.3833222148099367       1.0321601107716560
     656.3835223482321908       0.9827477652579546
     656.3837224816544449       1.0178977977484465
     656.3839226150766990       1.0767019018530846
     656.3841227484990668       0.9404363147914410
     656.3843228819213209       0.9617732502520084
     656.3845230153435750       1.0376869067549706
     656.3847231487658291       0.9665438421070576
     656.3849232821881969       1.0607023797929287
     656.3851234156104510       0.9991404662723653
     656.3853235490327052       0.9562679417431355
     656.3855236824549593       1.0655516311526299
     656.3857238158772134       0.9713685624301434
     656.3859239492995812       1.0567843802273273
     656.3861240827218353       0.9494059905409813
     656.3863242161440894       1.0938377901911736
     656.3865243495663435       0.9063985496759415
     656.3867244829887113       0.9759654719382524
     656.3869246164109654       1.0806241631507874
     656.3871247498332195       0.9002126306295395
     656.3873248832554737       0.9942513182759285
     656.3875250166778414       1.0460859574377537
     656.3877251501000956       0.9948357758112252
     656.3879252835223497       0.9869449911639094
     656.3881254169446038       0.9744543395936489
     656.3883255503669716       0.9604374542832375
     656.3885256837892257       0.9727965351194143
     656.3887258172114798       1.0457466654479504
     656.3889259506337339       0.9770782701671124
     656.3891260840561017       1.0376517102122307
     656.3893262174783558       1.0591709911823273
     656.3895263509006099       1.0555329918861389
     656.3897264843228641       1.0840405747294426
     656.3899266177452319       0.9957940168678761
     656.3901267511674860       0.9079718217253685
     656.3903268845897401       1.0012675229227170
     656.3905270180119942       1.1401453465223312
     656.3907271514343620       0.9448470361530781
     656.3909272848566161       0.9708485249429941
     656.3911274182788702       1.0167555343359709
     656.3913275517011243       0.9374785497784615
     656.3915276851233784       1.0175961647182703
     656.3917278185457462       1.0126905590295792
     656.3919279519680003       1.0180072616785765
     656.3921280853902545       0.9757750891149044
     656.3923282188125086       0.9878795761615038
     656.3925283522348764       1.0141184525564313
     656.3927284856571305       0.9244307354092598
     656.3929286190793846       1.0141840623691678
     656.3931287525016387       0.9241569936275482
     656.3933288859240065       1.0853341743350029
     656.3935290193462606       0.9901156956329942
     656.3937291527685147       1.0315505862236023
     656.3939292861907688       1.0071864933706820
     656.3941294196131366       0.9755367171019316
     656.3943295530353907       0.9656813777983189
     656.3945296864576449       0.9195552542805672
     656.3947298198798990       1.0165962595492601
     656.3949299533022668       0.9881552206352353
     656.3951300867245209       0.9442591965198517
     656.3953302201467750       0.8945557475090027
     656.3955303535690291       0.9511913247406483
     656.3957304869913969       1.0056518884375691
     656.3959306204136510       0.9990997431450523
     656.3961307538359051       0.9954284909181297
     656.3963308872581592       1.0328342132270336
     656.3965310206804133       0.9917511949315667
     656.3967311541027811       1.0433068685233593
     656.3969312875250353       1.0498179085552692
     656.3971314209472894       1.0185857675969601
     656.3973315543695435       1.0300007741898298
     656.3975316877919113       0.9355378076434135
     656.3977318212141654       0.9817265905439854
     656.3979319546364195       1.0324116125702858
     656.3981320880586736       0.9493359215557575
     656.3983322214810414       0.9495494887232780
     656.3985323549032955       0.9580476507544518
     656.3987324883255496       1.0373291335999966
     656.3989326217478038       1.0610494986176491
     656.3991327551701715       0.9674359373748302
     656.3993328885924257       1.0231416448950768
     656.3995330220146798       0.9254463687539101
     656.3997331554369339       0.9013284519314766
     656.3999332888593017       0.9311221316456795
     656.4001334222815558       0.9657011590898037
     656.4003335557038099       1.1008179932832718
     656.4005336891260640       1.0142093775793910
     656.4007338225484318       0.9044546484947205
     656.4009339559706859       1.0147785386070609
     656.4011340893929400       0.9896085718646646
     656.4013342228151942       1.0281499233096838
     656.4015343562375620       1.0124833015725017
     656.4017344896598161       0.9583603739738464
     656.4019346230820702       1.0378280058503151
     656.4021347565043243       0.9505703337490559
     656.4023348899265784       0.9819210097193718
     656.4025350233489462       1.0356960445642471
     656.4027351567712003       1.0718572959303856
     656.4029352901934544       0.8879311680793762
     656.4031354236157085       0.9951312197372317
     656.4033355570380763       1.0439714752137661
     656.4035356904603304       1.0219414234161377
     656.4037358238825846       0.9862007275223732
     656.4039359573048387       0.9629669673740864
     656.4041360907272065       0.9447564892470837
     656.4043362241494606       1.0659833922982216
     656.4045363575717147       0.9828752707690001
     656.4047364909939688       1.0129384985193610
     656.4049366244163366       1.0208833944052458
     656.4051367578385907       0.9212584048509598
     656.4053368912608448       1.0343869179487228
     656.4055370246830989       1.0259516220539808
     656.4057371581054667       0.9835624415427446
     656.4059372915277208       1.0525975823402405
     656.4061374249499750       0.8794790729880333
     656.4063375583722291       0.8797124251723289
     656.4065376917945969       1.0363944992423058
     656.4067378252168510       1.0574015565216541
     656.4069379586391051       0.9343330338597298
     656.4071380920613592       0.9888583859428763
     656.4073382254836133       0.9963730501476675
     656.4075383589059811       1.0227676574140787
     656.4077384923282352       1.0568376481533051
     656.4079386257504893       1.0317251421511173
     656.4081387591727434       1.0286714136600494
     656.4083388925951112       1.0099001303315163
     656.4085390260173654       0.9976008841767907
     656.4087391594396195       0.9450684115290642
     656.4089392928618736       0.9223123788833618
     656.4091394262842414       1.0039627072401345
     656.4093395597064955       1.0721398517489433
     656.4095396931287496       0.9397866055369377
     656.4097398265510037       0.9735093284398317
     656.4099399599733715       1.0291201323270798
     656.4101400933956256       1.0136793991550803
     656.4103402268178797       0.9728061072528362
     656.4105403602401339       1.0508067272603512
     656.4107404936625016       1.0440311841666698
     656.4109406270847558       0.9761108495295048
     656.4111407605070099       0.9853541534394026
     656.4113408939292640       1.0292781088501215
     656.4115410273516318       1.0280740540474653
     656.4117411607738859       1.0276406556367874
     656.4119412941961400       1.0656427666544914
     656.4121414276183941       0.9894000561907887
     656.4123415610407619       1.0000835847313283
     656.4125416944630160       1.0438231751322746
     656.4127418278852701       0.9201672896742821
     656.4129419613075243       1.0076523767784238
     656.4131420947297784       1.0201893057674170
     656.4133422281521462       0.9901748634874821
     656.4135423615744003       0.9929432943463326
     656.4137424949966544       0.9863262558355927
     656.4139426284189085       0.8938004449009895
     656.4141427618412763       0.9819481149315834
     656.4143428952635304       0.9721355084329844
     656.4145430286857845       1.0413017272949219
     656.4147431621080386       0.8982625603675842
     656.4149432955304064       1.0549479238688946
     656.4151434289526605       1.0314563810825348
     656.4153435623749147       0.9824913535267115
     656.4155436957971688       1.0231054220348597
     656.4157438292195366       1.0563763342797756
     656.4159439626417907       0.9999785673317092
     656.4161440960640448       1.0734406039118767
     656.4163442294862989       0.9661158397793770
     656.4165443629086667       0.9563894160091877
     656.4167444963309208       0.9958056584000587
     656.4169446297531749       1.0216231830418110
     656.4171447631754290       0.9943842338398099
     656.4173448965977968       1.0515366159379482
     656.4175450300200509       0.9495482668280602
     656.4177451634423051       0.9791653007268906
     656.4179452968645592       0.9968182190787047
     656.4181454302869270       1.0662639215588570
     656.4183455637091811       1.0643222182989120
     656.4185456971314352       0.9573824144899845
     656.4187458305536893       1.0584233067929745
     656.4189459639759434       1.1065442711114883
     656.4191460973983112       0.9720539450645447
     656.4193462308205653       1.0511775873601437
     656.4195463642428194       0.9377104565501213
     656.4197464976650735       0.9023123756051064
     656.4199466310874413       1.0375006869435310
     656.4201467645096955       0.9432735554873943
     656.4203468979319496       1.0581297650933266
     656.4205470313542037       1.0956232249736786
     656.4207471647765715       1.0283368658274412
     656.4209472981988256       0.9432719349861145
     656.4211474316210797       1.0028950066771358
     656.4213475650433338       1.0273061729967594
     656.4215476984657016       1.0338502302765846
     656.4217478318879557       1.0698498785495758
     656.4219479653102098       0.9461388625204563
     656.4221480987324640       1.1017865687608719
     656.4223482321548317       1.0251874309033155
     656.4225483655770859       0.9870737595483661
     656.4227484989993400       1.0337958894670010
     656.4229486324215941       0.9667856730520725
     656.4231487658439619       1.0436562374234200
     656.4233488992662160       1.0768885761499405
     656.4235490326884701       1.0069614253006876
     656.4237491661107242       1.0180393178015947
     656.4239492995329783       1.0272711999714375
     656.4241494329553461       1.0348517000675201
     656.4243495663776002       0.9506348334252834
     656.4245496997998544       1.0288652963936329
     656.4247498332221085       1.0301198400557041
     656.4249499666444763       0.9873507255688310
     656.4251501000667304       0.9606555588543415
     656.4253502334889845       0.9438332952558994
     656.4255503669112386       0.9242197796702385
     656.4257505003336064       1.0616366825997829
     656.4259506337558605       0.9816583450883627
     656.4261507671781146       0.9937771176919341
     656.4263509006003687       1.0137240877375007
     656.4265510340227365       1.0162574034184217
     656.4267511674449906       1.0767545476555824
     656.4269513008672448       1.0709252655506134
     656.4271514342894989       1.0179633740335703
     656.4273515677118667       0.9904576437547803
     656.4275517011341208       1.0539234280586243
     656.4277518345563749       0.9499544836580753
     656.4279519679786290       0.9457250125706196
     656.4281521014009968       1.0292886774986982
     656.4283522348232509       0.9648676849901676
     656.4285523682455050       0.9836941119283438
     656.4287525016677591       1.0034923448693007
     656.4289526350901269       1.0631034076213837
     656.4291527685123810       0.9455843009054661
     656.4293529019346352       1.1460275053977966
     656.4295530353568893       0.9459905736148357
     656.4297531687791434       1.0404566414654255
     656.4299533022015112       0.9667690247297287
     656.4301534356237653       0.9970526066608727
     656.4303535690460194       0.9406601525843143
     656.4305537024682735       1.0847424268722534
     656.4307538358906413       0.9722516741603613
     656.4309539693128954       0.9218965992331505
     656.4311541027351495       0.9953675712458789
     656.4313542361574036       1.0101853003725410
     656.4315543695797714       1.0464927218854427
     656.4317545030020256       0.9620814248919487
     656.4319546364242797       0.9990559217403643
     656.4321547698465338       0.9848016034811735
     656.4323549032689016       0.9241707026958466
     656.4325550366911557       0.9625522457063198
     656.4327551701134098       1.0259104408323765
     656.4329553035356639       1.0621338896453381
     656.4331554369580317       1.0287407394498587
     656.4333555703802858       1.0409870296716690
     656.4335557038025399       0.9713905062526464
     656.4337558372247940       0.9436205364763737
     656.4339559706471618       1.0538357160985470
     656.4341561040694160       0.9601242989301682
     656.4343562374916701       1.0584925189614296
     656.4345563709139242       0.9573411345481873
     656.4347565043361783       0.8971777409315109
     656.4349566377585461       1.0988712459802628
     656.4351567711808002       0.9157280102372169
     656.4353569046030543       0.9764646235853434
     656.4355570380253084       1.0256676655262709
     656.4357571714476762       1.0204424578696489
     656.4359573048699303       0.8921544998884201
     656.4361574382921845       0.9706726633012295
     656.4363575717144386       0.9394829683005810
     656.4365577051368064       0.9851731136441231
     656.4367578385590605       0.9817851502448320
     656.4369579719813146       0.9772910196334124
     656.4371581054035687       0.9496514387428761
     656.4373582388259365       1.0015155682340264
     656.4375583722481906       1.0003995815350208
     656.4377585056704447       0.9589977897703648
     656.4379586390926988       0.9675847291946411
     656.4381587725150666       1.0097176721319556
     656.4383589059373207       1.0013353623216972
     656.4385590393595749       1.0223423000425100
     656.4387591727818290       0.9766491632908583
     656.4389593062041968       0.9389690980315208
     656.4391594396264509       0.9228079691529274
     656.4393595730487050       0.9593300744891167
     656.4395597064709591       0.9883582862094045
     656.4397598398933269       1.0075871073640883
     656.4399599733155810       1.0447295382618904
     656.4401601067378351       1.0299499072134495
     656.4403602401600892       1.0066134170629084
     656.4405603735823433       0.8919560909271240
     656.4407605070047111       0.9839736707508564
     656.4409606404269653       1.0249091573059559
     656.4411607738492194       0.9155784100294113
     656.4413609072714735       1.0248628146946430
     656.4415610406938413       1.0679914876818657
     656.4417611741160954       1.0331344418227673
     656.4419613075383495       1.0115199750289321
     656.4421614409606036       1.0312469583004713
     656.4423615743829714       1.0367008522152901
     656.4425617078052255       1.0718407854437828
     656.4427618412274796       0.9992874613380991
     656.4429619746497337       1.0391437374055386
     656.4431621080721015       0.9421584531664848
     656.4433622414943557       1.0396232269704342
     656.4435623749166098       1.0098171718418598
     656.4437625083388639       0.9766989964991808
     656.4439626417612317       0.9624829441308975
     656.4441627751834858       0.9683234281837940
     656.4443629086057399       1.0010020532645285
     656.4445630420279940       1.0082397256046534
     656.4447631754503618       0.9171204343438148
     656.4449633088726159       0.9526893198490143
     656.4451634422948700       1.0553961209952831
     656.4453635757171241       1.0053162290714681
     656.4455637091393783       0.9958999962545931
     656.4457638425617461       0.9940947019495070
     656.4459639759840002       0.9802562501281500
     656.4461641094062543       0.9365046247839928
     656.4463642428285084       0.9973448421806097
     656.4465643762508762       1.0645933672785759
     656.4467645096731303       1.0008157963748090
     656.4469646430953844       1.0219959076493979
     656.4471647765176385       0.9741730187088251
     656.4473649099400063       0.9387387931346893
     656.4475650433622604       0.9682128280401230
     656.4477651767845146       0.9737101886421442
     656.4479653102067687       1.0824511870741844
     656.4481654436291365       1.0647691264748573
     656.4483655770513906       1.0030725870747119
     656.4485657104736447       1.0704274922609329
     656.4487658438958988       0.9674093574285507
     656.4489659773182666       1.0291260574012995
     656.4491661107405207       1.0181569289416075
     656.4493662441627748       0.8801687136292458
     656.4495663775850289       1.0298969876021147
     656.4497665110073967       0.9684602431952953
     656.4499666444296508       1.0702504143118858
     656.4501667778519050       0.9990414184285328
     656.4503669112741591       1.0396999083459377
     656.4505670446965269       0.9964380897581577
     656.4507671781187810       1.0573485903441906
     656.4509673115410351       1.0374387018382549
     656.4511674449632892       1.0045648100785911
     656.4513675783855433       0.9615316390991211
     656.4515677118079111       1.0556733012199402
     656.4517678452301652       1.0065063829533756
     656.4519679786524193       1.0478108301758766
     656.4521681120746734       0.9954963983036578
     656.4523682454970412       1.0010192373301834
     656.4525683789192954       0.9807206653058529
     656.4527685123415495       1.0865421369671822
     656.4529686457638036       0.9483061023056507
     656.4531687791861714       1.0693683475255966
     656.4533689126084255       0.8798404932022095
     656.4535690460306796       1.0018113822443411
     656.4537691794529337       1.0251468550413847
     656.4539693128753015       1.0340674258768559
     656.4541694462975556       1.0127835785970092
     656.4543695797198097       0.9989867098629475
     656.4545697131420638       0.9917390951886773
     656.4547698465644316       1.0088491728529334
     656.4549699799866858       1.0215847082436085
     656.4551701134089399       1.1004777699708939
     656.4553702468311940       0.9916763519868255
     656.4555703802535618       0.9997682645916939
     656.4557705136758159       1.0081406719982624
     656.4559706470980700       0.9807780683040619
     656.4561707805203241       0.9329947829246521
     656.4563709139425782       0.9470951296389103
     656.4565710473649460       0.9888090165331960
     656.4567711807872001       0.9909372078254819
     656.4569713142094542       0.9994893610128202
     656.4571714476317084       1.0426413454115391
     656.4573715810540762       0.9399119056761265
     656.4575717144763303       0.9805738795548677
     656.4577718478985844       0.9732265733182430
     656.4579719813208385       0.9765314720571041
     656.4581721147432063       1.0033928488846868
     656.4583722481654604       0.9370961859822273
     656.4585723815877145       0.9975360925309360
     656.4587725150099686       1.0567853860557079
     656.4589726484323364       1.0456467159092426
     656.4591727818545905       1.0456989668309689
     656.4593729152768447       1.0306743960827589
     656.4595730486990988       1.0262193270027637
     656.4597731821214666       1.0716668814420700
     656.4599733155437207       1.0262996461242437
     656.4601734489659748       0.9709838982671499
     656.4603735823882289       1.0506236962974072
     656.4605737158105967       1.0730229914188385
     656.4607738492328508       0.9813268501311541
     656.4609739826551049       1.0220795758068562
     656.4611741160773590       1.0025993511080742
     656.4613742494997268       1.0041032191365957
     656.4615743829219809       1.0959928929805756
     656.4617745163442351       0.9792377594858408
     656.4619746497664892       1.0220943149179220
     656.4621747831887433       0.9066801369190216
     656.4623749166111111       1.0353465341031551
     656.4625750500333652       0.9774633422493935
     656.4627751834556193       0.9487728700041771
     656.4629753168778734       1.0407445989549160
     656.4631754503002412       0.9862900273874402
     656.4633755837224953       1.0086409244686365
     656.4635757171447494       1.0566239468753338
     656.4637758505670035       0.9718418028205633
     656.4639759839893713       0.8999853506684303
     656.4641761174116255       0.8873255625367165
     656.4643762508338796       0.9546623118221760
     656.4645763842561337       1.0014010717859492
     656.4647765176785015       1.0403353832662106
     656.4649766511007556       0.9343670010566711
     656.4651767845230097       0.9904676908627152
     656.4653769179452638       0.9959533768706024
     656.4655770513676316       1.0684256851673126
     656.4657771847898857       0.9719559662044048
     656.4659773182121398       1.0892809554934502
     656.4661774516343939       1.0620896704494953
     656.4663775850567617       0.9755496475845575
     656.4665777184790159       0.9623553492128849
     656.4667778519012700       1.1010087132453918
     656.4669779853235241       0.9753121379762888
     656.4671781187458919       0.9588307887315750
     656.4673782521681460       0.9519867114722729
     656.4675783855904001       1.0103802578523755
     656.4677785190126542       0.9988494127755985
     656.4679786524349083       1.0608993284404278
     656.4681787858572761       0.9782041106373072
     656.4683789192795302       0.9731359779834747
     656.4685790527017843       1.0525550246238708
     656.4687791861240385       0.9475807286798954
     656.4689793195464063       1.0299938805401325
     656.4691794529686604       1.0018816627562046
     656.4693795863909145       0.9453541524708271
     656.4695797198131686       1.0198921095579863
     656.4697798532355364       1.0495636314153671
     656.4699799866577905       0.9549465626478195
     656.4701801200800446       1.0253573935478926
     656.4703802535022987       1.0161880906671286
     656.4705803869246665       1.0224754232913256
     656.4707805203469206       0.9910806668922305
     656.4709806537691748       0.9760664757341146
     656.4711807871914289       0.9765936210751534
     656.4713809206137967       0.9791988153010607
     656.4715810540360508       1.0578680932521820
     656.4717811874583049       1.0560321919620037
     656.4719813208805590       1.0176509469747543
     656.4721814543029268       1.0454157441854477
     656.4723815877251809       0.9629422128200531
     656.4725817211474350       0.9415606372058392
     656.4727818545696891       0.9768507052212954
     656.4729819879919432       0.9544459804892540
     656.4731821214143110       1.0345714651048183
     656.4733822548365652       0.9527047909796238
     656.4735823882588193       0.9499769322574139
     656.4737825216810734       0.8711154609918594
     656.4739826551034412       1.0277752075344324
     656.4741827885256953       1.0178141891956329
     656.4743829219479494       0.9935625870712101
     656.4745830553702035       1.0282932613044977
     656.4747831887925713       0.8867165073752403
     656.4749833222148254       0.9315752610564232
     656.4751834556370795       0.9525604657828808
     656.4753835890593336       1.0194329358637333
     656.4755837224817014       0.9824553336948156
     656.4757838559039556       1.0176429767161608
     656.4759839893262097       1.0492349900305271
     656.4761841227484638       1.0428521260619164
     656.4763842561708316       0.9252368509769440
     656.4765843895930857       0.9477648474276066
     656.4767845230153398       1.0674769431352615
     656.4769846564375939       0.9481863714754581
     656.4771847898599617       0.9661952964961529
     656.4773849232822158       1.0386173836886883
     656.4775850567044699       0.9944050074554980
     656.4777851901267240       0.9742629621177912
     656.4779853235490918       1.0381671451032162
     656.4781854569713460       1.0793312042951584
     656.4783855903936001       0.8732643872499466
     656.4785857238158542       0.9823841135948896
     656.4787858572381083       1.0366639643907547
     656.4789859906604761       1.0000652843154967
     656.4791861240827302       0.9671279974281788
     656.4793862575049843       0.9636161886155605
     656.4795863909272384       0.9513445720076561
     656.4797865243496062       0.9575344212353230
     656.4799866577718603       0.9881294593214989
     656.4801867911941144       0.9452963992953300
     656.4803869246163686       1.0385356880724430
     656.4805870580387364       0.9198111593723297
     656.4807871914609905       0.9876969698816538
     656.4809873248832446       1.0224247165024281
     656.4811874583054987       1.0160210095345974
     656.4813875917278665       0.9414976760745049
     656.4815877251501206       0.9642429091036320
     656.4817878585723747       0.9430979304015636
     656.4819879919946288       1.0049850172363222
     656.4821881254169966       0.9630717858672142
     656.4823882588392507       1.0363972000777721
     656.4825883922615049       0.9479792937636375
     656.4827885256837590       0.9881525151431561
     656.4829886591061268       0.8970840647816658
     656.4831887925283809       0.9734520185738802
     656.4833889259506350       1.0363588072359562
     656.4835890593728891       0.9835976362228394
     656.4837891927951432       0.9689590875059366
     656.4839893262175110       0.9191700443625450
     656.4841894596397651       1.0117816803976893
     656.4843895930620192       0.9808584246784449
     656.4845897264842733       1.0042361575178802
     656.4847898599066411       0.9327202662825584
     656.4849899933288953       0.9417995549738407
     656.4851901267511494       1.0388928912580013
     656.4853902601734035       1.0432977639138699
     656.4855903935957713       1.0895780548453331
     656.4857905270180254       0.9805608633905649
     656.4859906604402795       1.0529862940311432
     656.4861907938625336       1.0402229391038418
     656.4863909272849014       1.0102466186508536
     656.4865910607071555       0.9577777385711670
     656.4867911941294096       0.9958995105698705
     656.4869913275516637       1.0653969272971153
     656.4871914609740315       1.0493586957454681
     656.4873915943962857       1.0368445031344891
     656.4875917278185398       0.9549430571496487
     656.4877918612407939       0.9441350437700748
     656.4879919946631617       1.0099087571725249
     656.4881921280854158       1.0799886584281921
     656.4883922615076699       0.9537124484777451
     656.4885923949299240       0.9588538818061352
     656.4887925283522918       0.9074714109301567
     656.4889926617745459       1.0409439429640770
     656.4891927951968000       0.9835858885198832
     656.4893929286190541       0.9629127196967602
     656.4895930620413083       1.0073911123909056
     656.4897931954636761       0.9516854956746101
     656.4899933288859302       0.9383749701082706
     656.4901934623081843       0.9524131454527378
     656.4903935957304384       0.9712952841073275
     656.4905937291528062       0.9525503143668175
     656.4907938625750603       1.0136351501569152
     656.4909939959973144       1.1005420014262199
     656.4911941294195685       0.9839342404156923
     656.4913942628419363       0.9318153783679008
     656.4915943962641904       1.0637979954481125
     656.4917945296864445       0.9822283182293177
     656.4919946631086987       0.9725148528814316
     656.4921947965310665       1.1041190996766090
     656.4923949299533206       0.9796910639852285
     656.4925950633755747       1.0547158382833004
     656.4927951967978288       1.0497846268117428
     656.4929953302201966       1.0670236274600029
     656.4931954636424507       0.9786588866263628
     656.4933955970647048       1.0914638265967369
     656.4935957304869589       0.9522569440305233
     656.4937958639093267       0.9454382844269276
     656.4939959973315808       1.0485124997794628
     656.4941961307538350       0.9377456717193127
     656.4943962641760891       1.0522166155278683
     656.4945963975983432       1.0703567415475845
     656.4947965310207110       0.9452810473740101
     656.4949966644429651       1.0310503132641315
     656.4951967978652192       1.0735018327832222
     656.4953969312874733       0.9496403224766254
     656.4955970647098411       0.9738430771976709
     656.4957971981320952       0.9558132179081440
     656.4959973315543493       0.9850848922505975
     656.4961974649766034       0.9251464605331421
     656.4963975983989712       1.0117616048082709
     656.4965977318212254       1.1652526855468750
     656.4967978652434795       0.9689446482807398
     656.4969979986657336       0.9939289507456124
     656.4971981320881014       1.0314872935414314
     656.4973982655103555       0.9018736854195595
     656.4975983989326096       1.0640833601355553
     656.4977985323548637       0.9814090300351381
     656.4979986657772315       1.0420723967254162
     656.4981987991994856       1.0007109430152923
     656.4983989326217397       1.0690609142184258
     656.4985990660439938       1.0100746937096119
     656.4987991994663616       0.9712013117969036
     656.4989993328886158       1.0080567216500640
     656.4991994663108699       1.0011936232913285
     656.4993995997331240       1.0242894459515810
     656.4995997331554918       1.0366897508502007
     656.4997998665777459       1.0573162138462067
     656.5000000000000000       0.8967449665069580
