     656.2000000000000455       1.0556279085576534
     656.2002001334222996       1.0383830443024635
     656.2004002668445537       1.0508444979786873
     656.2006004002669215       1.0208239052444696
     656.2008005336891756       0.9822617378085852
     656.2010006671114297       1.0791379436850548
     656.2012008005336838       0.9484919495880604
     656.2014009339560516       1.0325061678886414
     656.2016010673783057       1.0066443816758692
     656.2018012008005599       0.9623718485236168
     656.2020013342228140       1.0161182060837746
     656.2022014676451818       1.0412256233394146
     656.2024016010674359       0.9779393393546343
     656.2026017344896900       1.0065892040729523
     656.2028018679119441       1.0583582334220409
     656.2030020013343119       1.0076197120361030
     656.2032021347565660       0.9292890205979347
     656.2034022681788201       1.0498588308691978
     656.2036024016010742       1.0675389394164085
     656.2038025350234420       0.9727042373269796
     656.2040026684456961       1.0332276485860348
     656.2042028018679503       0.8955153599381447
     656.2044029352902044       0.9528048969805241
     656.2046030687125722       1.0584757290780544
     656.2048032021348263       1.0382912717759609
     656.2050033355570804       0.9448474757373333
     656.2052034689793345       1.0813401043415070
     656.2054036024017023       1.0689612627029419
     656.2056037358239564       0.9800509382039309
     656.2058038692462105       0.9079574942588806
     656.2060040026684646       0.9776816759258509
     656.2062041360907187       0.9707091767340899
     656.2064042695130865       0.9195960834622383
     656.2066044029353407       1.0349709838628769
     656.2068045363575948       1.0100080175325274
     656.2070046697798489       0.9886726029217243
     656.2072048032022167       0.9829515907913446
     656.2074049366244708       0.9386962950229645
     656.2076050700467249       1.0645306482911110
     656.2078052034689790       0.9997742221457884
     656.2080053368913468       0.9581574238836765
     656.2082054703136009       1.0209403764456511
     656.2084056037358550       1.0855559408664703
     656.2086057371581092       1.0092821251600981
     656.2088058705804769       1.0663570761680603
     656.2090060040027311       0.9147273898124695
     656.2092061374249852       0.9435045532882214
     656.2094062708472393       0.9814373869448900
     656.2096064042696071       0.9738926086574793
     656.2098065376918612       0.9925553030334413
     656.2100066711141153       0.9532006308436394
     656.2102068045363694       0.9264771938323975
     656.2104069379587372       0.9935085908509791
     656.2106070713809913       1.0371240787208080
     656.2108072048032454       0.9531618952751160
     656.2110073382254996       0.9992594475625083
     656.2112074716477537       1.0330445542931557
     656.2114076050701215       0.9973219670355320
     656.2116077384923756       0.9946710714139044
     656.2118078719146297       0.9920515129342675
     656.2120080053368838       1.0273111946880817
     656.2122081387592516       1.0964731201529503
     656.2124082721815057       1.0382341817021370
     656.2126084056037598       0.8938017562031746
     656.2128085390260139       1.0595364831387997
     656.2130086724483817       1.0714859813451767
     656.2132088058706358       1.0390440709888935
     656.2134089392928900       0.9627866670489311
     656.2136090727151441       0.9887090632691979
     656.2138092061375119       0.9658340588212013
     656.2140093395597660       1.0111206043511629
     656.2142094729820201       0.9512689523398876
     656.2144096064042742       1.0039630047976971
     656.2146097398266420       1.0812725052237511
     656.2148098732488961       0.9849171619862318
     656.2150100066711502       0.9543132334947586
     656.2152101400934043       1.0088306991383433
     656.2154102735157721       1.0535079836845398
     656.2156104069380262       0.9836366940289736
     656.2158105403602804       0.9610549174249172
     656.2160106737825345       1.0206604097038507
     656.2162108072049023       1.0132921505719423
     656.2164109406271564       0.9085131585597992
     656.2166110740494105       0.9328250661492348
     656.2168112074716646       0.9998743282776559
     656.2170113408939187       1.0349229648709297
     656.2172114743162865       0.9283710420131683
     656.2174116077385406       1.0124256536364555
     656.2176117411607947       1.0635665878653526
     656.2178118745830488       0.9422276243567467
     656.2180120080054166       1.0215655490756035
     656.2182121414276708       1.0287718381732702
     656.2184122748499249       0.9525196254253387
     656.2186124082721790       0.9961791902314872
     656.2188125416945468       0.9887895518913865
     656.2190126751168009       1.0333175212144852
     656.2192128085390550       0.9279900789260864
     656.2194129419613091       0.9954147664830089
     656.2196130753836769       1.0407925508916378
     656.2198132088059310       1.1140841618180275
     656.2200133422281851       0.9013223648071289
     656.2202134756504392       1.0724529474973679
     656.2204136090728070       1.0314638577401638
     656.2206137424950612       1.0537594147026539
     656.2208138759173153       0.9704390931874514
     656.2210140093395694       0.9557477198541164
     656.2212141427619372       0.9506188333034515
     656.2214142761841913       1.0354888364672661
     656.2216144096064454       0.9885468687862158
     656.2218145430286995       0.9483961686491966
     656.2220146764509536       1.0484381392598152
     656.2222148098733214       0.9231660664081573
     656.2224149432955755       1.0179181899875402
     656.2226150767178297       1.0230957008898258
     656.2228152101400838       1.1105873212218285
     656.2230153435624516       1.0997407361865044
     656.2232154769847057       0.9747637379914522
     656.2234156104069598       1.0230983626097441
     656.2236157438292139       1.0734065398573875
     656.2238158772515817       0.9760649856179953
     656.2240160106738358       0.9671411812305450
     656.2242161440960899       0.9168569818139076
     656.2244162775183440       0.9602836035192013
     656.2246164109407118       0.9422457143664360
     656.2248165443629659       0.9547149874269962
     656.2250166777852201       1.0546268187463284
     656.2252168112074742       1.0147128226235509
     656.2254169446298420       0.9508774615824223
     656.2256170780520961       1.0374897345900536
     656.2258172114743502       1.0587678439915180
     656.2260173448966043       0.9851262001320720
     656.2262174783189721       1.0383113436400890
     656.2264176117412262       0.9217510893940926
     656.2266177451634803       0.9934327863156796
     656.2268178785857344       1.0071027302183211
     656.2270180120081022       0.8907034471631050
     656.2272181454303563       0.9967699467670172
     656.2274182788526105       1.0517385192215443
     656.2276184122748646       1.0454571358859539
     656.2278185456971187       1.0224483367055655
     656.2280186791194865       0.9866579966619611
     656.2282188125417406       1.0266324672847986
     656.2284189459639947       1.0278143864125013
     656.2286190793862488       0.9010373875498772
     656.2288192128086166       1.0396248400211334
     656.2290193462308707       1.0103645138442516
     656.2292194796531248       1.0080779278650880
     656.2294196130753789       1.0727853029966354
     656.2296197464977467       0.9965403180103749
     656.2298198799200009       1.1056179180741310
     656.2300200133422550       0.9512959271669388
     656.2302201467645091       0.9873795667663217
     656.2304202801868769       0.8913824409246445
     656.2306204136091310       1.0129888253286481
     656.2308205470313851       0.9695573747158051
     656.2310206804536392       0.9079563692212105
     656.2312208138760070       1.0852166637778282
     656.2314209472982611       0.9543247222900391
     656.2316210807205152       1.0427656993269920
     656.2318212141427693       0.9339147955179214
     656.2320213475651371       1.0415951088070869
     656.2322214809873913       1.0407848730683327
     656.2324216144096454       0.9992942745448090
     656.2326217478318995       1.0391480475664139
     656.2328218812541536       0.9218450039625168
     656.2330220146765214       0.9279650971293449
     656.2332221480987755       0.9853925788775086
     656.2334222815210296       0.9671543873846531
     656.2336224149432837       0.9991813693195581
     656.2338225483656515       0.9865398928523064
     656.2340226817879056       0.9762428570538759
     656.2342228152101598       0.9969866445753723
     656.2344229486324139       1.0139100793749094
     656.2346230820547817       1.0442614778876305
     656.2348232154770358       1.0373624265193939
     656.2350233488992899       0.9401175603270531
     656.2352234823215440       1.0112040033563972
     656.2354236157439118       0.9836437087506056
     656.2356237491661659       0.9988409766228870
     656.2358238825884200       0.8969421237707138
     656.2360240160106741       1.0788322761654854
     656.2362241494330419       0.9664982445538044
     656.2364242828552960       1.0248573217540979
     656.2366244162775502       1.0419478006660938
     656.2368245496998043       0.9484911449253559
     656.2370246831221721       1.0636733770370483
     656.2372248165444262       0.9189798608422279
     656.2374249499666803       1.0008156237308867
     656.2376250833889344       1.0032151683699340
     656.2378252168113022       0.9645130224525928
     656.2380253502335563       1.0513193793594837
     656.2382254836558104       0.9513515792787075
     656.2384256170780645       1.0336815863847733
     656.2386257505003186       1.0432533733546734
     656.2388258839226864       1.0202609375119209
     656.2390260173449406       0.9494381472468376
     656.2392261507671947       1.0162510033696890
     656.2394262841894488       1.0631823837757111
     656.2396264176118166       1.0371603332459927
     656.2398265510340707       0.9669304788112640
     656.2400266844563248       1.0114357983693480
     656.2402268178785789       1.0689660385251045
     656.2404269513009467       0.9433120489120483
     656.2406270847232008       0.9734078366309404
     656.2408272181454549       0.9690759200602770
     656.2410273515677090       1.0175002589821815
     656.2412274849900768       0.9632797427475452
     656.2414276184123310       1.0054041570983827
     656.2416277518345851       1.0411337390542030
     656.2418278852568392       0.9749797079712152
     656.2420280186792070       1.1095548868179321
     656.2422281521014611       0.9210282862186432
     656.2424282855237152       1.0644771456718445
     656.2426284189459693       0.9932343107648194
     656.2428285523683371       0.9998181555274641
     656.2430286857905912       0.9475341774523258
     656.2432288192128453       1.0603292062878609
     656.2434289526350994       0.9635740108788013
     656.2436290860574672       1.0123793380334973
     656.2438292194797214       0.9805482365190983
     656.2440293529019755       0.9964500239584595
     656.2442294863242296       0.9502208754420280
     656.2444296197464837       0.9772789552807808
     656.2446297531688515       0.9982709037140012
     656.2448298865911056       0.9385971426963806
     656.2450300200133597       0.9965126086026430
     656.2452301534356138       1.0490670502185822
     656.2454302868579816       0.9354147166013718
     656.2456304202802357       1.0397408306598663
     656.2458305537024899       1.0102397873997688
     656.2460306871247440       0.9990375156630762
     656.2462308205471118       1.0119840484112501
     656.2464309539693659       0.9793547112494707
     656.2466310873916200       0.9287014603614807
     656.2468312208138741       0.9717966634780169
     656.2470313542362419       0.9793260414153337
     656.2472314876584960       0.9626675285398960
     656.2474316210807501       0.9404544569551945
     656.2476317545030042       1.0482265800237656
     656.2478318879253720       0.9928797190077603
     656.2480320213476261       0.9985946357483044
     656.2482321547698803       0.9217395558953285
     656.2484322881921344       1.1027773246169090
     656.2486324216145022       1.0830335989594460
     656.2488325550367563       1.0442906171083450
     656.2490326884590104       1.0253137480467558
     656.2492328218812645       1.0407313257455826
     656.2494329553035186       1.0264940205961466
     656.2496330887258864       0.9408166445791721
     656.2498332221481405       1.0080825798213482
     656.2500333555703946       0.9346532151103020
     656.2502334889926487       1.0325524136424065
     656.2504336224150165       0.9082448258996010
     656.2506337558372707       1.1346208900213242
     656.2508338892595248       1.0288151204586029
     656.2510340226817789       1.0206867381930351
     656.2512341561041467       1.0032797125168145
     656.2514342895264008       0.9293239712715149
     656.2516344229486549       1.0638375058770180
     656.2518345563709090       0.9771142490208149
     656.2520346897932768       0.9748877733945847
     656.2522348232155309       1.0058891251683235
     656.2524349566377850       1.0491700060665607
     656.2526350900600391       0.9671145379543304
     656.2528352234824069       1.0048809102736413
     656.2530353569046611       1.0008758296607994
     656.2532354903269152       0.9678414762020111
     656.2534356237491693       0.9765584282577038
     656.2536357571715371       0.9077323824167252
     656.2538358905937912       0.9373011887073517
     656.2540360240160453       1.0590706057846546
     656.2542361574382994       1.0341347679495811
     656.2544362908606672       0.9846822181716561
     656.2546364242829213       1.0250001940876245
     656.2548365577051754       1.0047419681213796
     656.2550366911274295       1.0539744496345520
     656.2552368245496837       0.9994439132860862
     656.2554369579720515       0.9274636283516884
     656.2556370913943056       1.0067404964938760
     656.2558372248165597       0.9950416223146021
     656.2560373582388138       0.9666537828743458
     656.2562374916611816       0.9683895036578178
     656.2564376250834357       0.9790843203663826
     656.2566377585056898       1.0889336913824081
     656.2568378919279439       0.9705248232930899
     656.2570380253503117       0.9840034972876310
     656.2572381587725658       1.0553119666874409
     656.2574382921948200       0.9373555928468704
     656.2576384256170741       1.0276909321546555
     656.2578385590394419       1.0001878639013739
     656.2580386924616960       1.0240153111517429
     656.2582388258839501       1.0131816184148192
     656.2584389593062042       1.0000306469773932
     656.2586390927285720       0.9855311764404178
     656.2588392261508261       0.9507410563528538
     656.2590393595730802       1.0845581814646721
     656.2592394929953343       0.9917323868721724
     656.2594396264177021       0.9999137859049370
     656.2596397598399562       0.9267635270953178
     656.2598398932622104       0.9478925168514252
     656.2600400266844645       1.0542087852954865
     656.2602401601067186       1.0616154372692108
     656.2604402935290864       0.9909145059064031
     656.2606404269513405       0.9677419178187847
     656.2608405603735946       0.9624359495937824
     656.2610406937958487       0.9667469412088394
     656.2612408272182165       0.9797457344830036
     656.2614409606404706       0.9935274012386799
     656.2616410940627247       0.9983677597483620
     656.2618412274849788       1.1263075768947601
     656.2620413609073466       1.0313442945480347
     656.2622414943296008       0.9906353130936623
     656.2624416277518549       1.0509440712630749
     656.2626417611741090       1.0158489644527435
     656.2628418945964768       0.9846039498224854
     656.2630420280187309       0.9967249017208815
     656.2632421614409850       0.9536924958229065
     656.2634422948632391       0.9186985790729523
     656.2636424282856069       0.9492349028587341
     656.2638425617078610       0.9977745960932225
     656.2640426951301151       1.0703880712389946
     656.2642428285523692       1.0633103325963020
     656.2644429619747370       0.9508719518780708
     656.2646430953969912       0.9746056757867336
     656.2648432288192453       0.9161365330219269
     656.2650433622414994       0.9622252508997917
     656.2652434956638672       1.0522980801761150
     656.2654436290861213       1.0715507492423058
     656.2656437625083754       0.9952796231955290
     656.2658438959306295       0.9524116329848766
     656.2660440293528836       1.0333710350096226
     656.2662441627752514       0.9794569257646799
     656.2664442961975055       1.0477043054997921
     656.2666444296197596       0.9676626138389111
     656.2668445630420138       0.9961947656702250
     656.2670446964643816       0.9260129109025002
     656.2672448298866357       0.9510850496590137
     656.2674449633088898       0.9305445998907089
     656.2676450967311439       0.9763805288821459
     656.2678452301535117       0.9641006514430046
     656.2680453635757658       1.0187105759978294
     656.2682454969980199       1.0173948518931866
     656.2684456304202740       1.0239374041557312
     656.2686457638426418       1.0541951246559620
     656.2688458972648959       1.0439219959080219
     656.2690460306871501       1.0070594171993434
     656.2692461641094042       1.0000788038523751
     656.2694462975317720       0.9585275277495384
     656.2696464309540261       1.0212437547743320
     656.2698465643762802       0.9677742496132851
     656.2700466977985343       0.9219970256090164
     656.2702468312209021       0.9773726575076580
     656.2704469646431562       1.0246254373341799
     656.2706470980654103       1.0096527459099889
     656.2708472314876644       0.8912646621465683
     656.2710473649099185       0.9832827001810074
     656.2712474983322863       0.9760997574776411
     656.2714476317545405       0.9919689428061247
     656.2716477651767946       0.9954167706891894
     656.2718478985990487       0.9462876543402672
     656.2720480320214165       1.0080867419019341
     656.2722481654436706       0.9566836394369602
     656.2724482988659247       1.0128741981461644
     656.2726484322881788       0.9092511311173439
     656.2728485657105466       0.9130682274699211
     656.2730486991328007       1.0103228120133281
     656.2732488325550548       1.0162350181490183
     656.2734489659773089       0.9530552364885807
     656.2736490993996767       0.9883256992325187
     656.2738492328219309       1.0930953398346901
     656.2740493662441850       0.9961294180247933
     656.2742494996664391       1.0153507059440017
     656.2744496330888069       0.8886497840285301
     656.2746497665110610       0.9617373533546925
     656.2748498999333151       0.9926733993925154
     656.2750500333555692       1.0553282201290131
     656.2752501667779370       0.9839158933609724
     656.2754503002001911       0.9851610930636525
     656.2756504336224452       1.0386229865252972
     656.2758505670446993       1.0043764649890363
     656.2760507004670671       0.9220828711986542
     656.2762508338893213       1.0608109049499035
     656.2764509673115754       0.9813439734280109
     656.2766511007338295       0.9877467947080731
     656.2768512341560836       0.9523826576769352
     656.2770513675784514       0.9104850143194199
     656.2772515010007055       1.0710798799991608
     656.2774516344229596       1.0420942567288876
     656.2776517678452137       0.9930651523172855
     656.2778519012675815       1.0600164830684662
     656.2780520346898356       0.9835381973534822
     656.2782521681120897       1.0435488410294056
     656.2784523015343439       1.0340215675532818
     656.2786524349567117       0.9892103793099523
     656.2788525683789658       1.0240304991602898
     656.2790527018012199       1.0869581028819084
     656.2792528352234740       0.9320150688290596
     656.2794529686458418       0.9767271671444178
     656.2796531020680959       1.0473061762750149
     656.2798532354903500       0.9607272855937481
     656.2800533689126041       0.9764721579849720
     656.2802535023349719       0.9510774388909340
     656.2804536357572260       1.0401657931506634
     656.2806537691794802       0.9767967481166124
     656.2808539026017343       1.0355151854455471
     656.2810540360241021       1.0863286182284355
     656.2812541694463562       0.9590614922344685
     656.2814543028686103       1.0207679085433483
     656.2816544362908644       0.8595639169216156
     656.2818545697131185       1.1134447455406189
     656.2820547031354863       0.9643313139677048
     656.2822548365577404       1.0304398331791162
     656.2824549699799945       0.9226695746183395
     656.2826551034022486       0.9548702836036682
     656.2828552368246164       1.0011468795128167
     656.2830553702468706       1.0250358674675226
     656.2832555036691247       1.0187661927193403
     656.2834556370913788       1.0105278855189681
     656.2836557705137466       1.0175423659384251
     656.2838559039360007       1.0044497526250780
     656.2840560373582548       1.0054511115886271
     656.2842561707805089       0.9497743956744671
     656.2844563042028767       0.9436192438006401
     656.2846564376251308       1.1218795329332352
     656.2848565710473849       1.0370068065822124
     656.2850567044696390       0.9600890800356865
     656.2852568378920068       0.9429748058319092
     656.2854569713142610       0.9491000510752201
     656.2856571047365151       1.0159286744892597
     656.2858572381587692       1.0189193133264780
     656.2860573715811370       0.9234023243188858
     656.2862575050033911       1.0022019424941391
     656.2864576384256452       1.0658823773264885
     656.2866577718478993       0.9876980977132916
     656.2868579052702671       0.9711930025368929
     656.2870580386925212       0.9747825562953949
     656.2872581721147753       0.9832064975053072
     656.2874583055370294       1.0018632315332070
     656.2876584389592836       1.0067163179628551
     656.2878585723816514       1.0490074940025806
     656.2880587058039055       0.9856643090024590
     656.2882588392261596       0.8901472538709641
     656.2884589726484137       0.9464590735733509
     656.2886591060707815       0.9958873563446105
     656.2888592394930356       0.9407206401228905
     656.2890593729152897       0.9266091808676720
     656.2892595063375438       1.0561063066124916
     656.2894596397599116       1.0739780515432358
     656.2896597731821657       1.0295610614120960
     656.2898599066044198       1.0974411442875862
     656.2900600400266740       0.9304828122258186
     656.2902601734490418       1.0648371800780296
     656.2904603068712959       1.0053330897353590
     656.2906604402935500       0.9864881960675120
     656.2908605737158041       0.9685770533978939
     656.2910607071381719       1.0874058231711388
     656.2912608405604260       0.9289769753813744
     656.2914609739826801       0.9333882108330727
     656.2916611074049342       1.0551341474056244
     656.2918612408273020       0.9863292286172509
     656.2920613742495561       1.0218911599367857
     656.2922615076718103       1.0469530485570431
     656.2924616410940644       1.0253319423645735
     656.2926617745164322       0.9859332945197821
     656.2928619079386863       0.9103002995252609
     656.2930620413609404       1.0196331720799208
     656.2932621747831945       1.0451812855899334
     656.2934623082054486       0.9674114957451820
     656.2936624416278164       1.0448965653777122
     656.2938625750500705       1.0997404307126999
     656.2940627084723246       0.9384493716061115
     656.2942628418945787       1.0141437426209450
     656.2944629753169465       0.9920226167887449
     656.2946631087392007       0.9703577067703009
     656.2948632421614548       0.9340838044881821
     656.2950633755837089       1.0455149337649345
     656.2952635090060767       0.9566875845193863
     656.2954636424283308       1.0278655625879765
     656.2956637758505849       0.9942911365069449
     656.2958639092728390       0.9912313232198358
     656.2960640426952068       1.0048210560344160
     656.2962641761174609       1.0249061565846205
     656.2964643095397150       1.0953159555792809
     656.2966644429619691       0.9381831921637058
     656.2968645763843369       1.0017154266824946
     656.2970647098065911       0.9271903857588768
     656.2972648432288452       0.9914482217282057
     656.2974649766510993       0.8726837486028671
     656.2976651100734671       1.0164545383304358
     656.2978652434957212       0.9805826023221016
     656.2980653769179753       0.9406268335878849
     656.2982655103402294       1.0480222329497337
     656.2984656437624835       1.0733626112341881
     656.2986657771848513       0.9678866714239120
     656.2988659106071054       0.9304872155189514
     656.2990660440293595       1.0527461543679237
     656.2992661774516137       1.0099879680201411
     656.2994663108739815       1.0459973700344563
     656.2996664442962356       0.9226658493280411
     656.2998665777184897       1.0154815092682838
     656.3000667111407438       1.0194032099097967
     656.3002668445631116       1.0219116155058146
     656.3004669779853657       1.0956197232007980
     656.3006671114076198       0.9881517495959997
     656.3008672448298739       1.0662852749228477
     656.3010673782522417       1.0018415248487145
     656.3012675116744958       1.0420217365026474
     656.3014676450967499       1.0152536137029529
     656.3016677785190041       0.9983696879353374
     656.3018679119413719       1.0116916913539171
     656.3020680453636260       0.9968970736954361
     656.3022681787858801       0.9791384544223547
     656.3024683122081342       1.0484000705182552
     656.3026684456305020       0.9952249536290765
     656.3028685790527561       0.9876646688207984
     656.3030687124750102       1.0057622203603387
     656.3032688458972643       0.9314462020993233
     656.3034689793196321       1.0019954389426857
     656.3036691127418862       0.9148615375161171
     656.3038692461641403       0.9425834752619267
     656.3040693795863945       1.0152135267853737
     656.3042695130086486       0.9661576785147190
     656.3044696464310164       0.9902450498193502
     656.3046697798532705       1.0368866361677647
     656.3048699132755246       0.9667136259377003
     656.3050700466977787       1.0730642601847649
     656.3052701801201465       0.9751351792365313
     656.3054703135424006       1.0992345884442329
     656.3056704469646547       0.9868584228679538
     656.3058705803869088       0.9436617791652679
     656.3060707138092766       1.0772294625639915
     656.3062708472315308       1.0221039857715368
     656.3064709806537849       1.0420969240367413
     656.3066711140760390       0.9458512961864471
     656.3068712474984068       0.9903310695663095
     656.3070713809206609       0.9857064466923475
     656.3072715143429150       1.0105853741988540
     656.3074716477651691       0.9995385603979230
     656.3076717811875369       0.9003439620137215
     656.3078719146097910       1.0305749420076609
     656.3080720480320451       0.9460241086781025
     656.3082721814542992       0.9802494011819363
     656.3084723148766670       0.9314957037568092
     656.3086724482989212       1.1319446563720703
     656.3088725817211753       1.0649887248873711
     656.3090727151434294       0.9703019913285971
     656.3092728485656835       0.9324087575078011
     656.3094729819880513       1.0056109493598342
     656.3096731154103054       0.9720018599182367
     656.3098732488325595       0.9495723545551300
     656.3100733822548136       1.0889934226870537
     656.3102735156771814       0.9790633190423250
     656.3104736490994355       0.9838946629315615
     656.3106737825216896       0.9981148622464389
     656.3108739159439438       1.0407907553017139
     656.3110740493663116       1.0772558376193047
     656.3112741827885657       0.9847962185740471
     656.3114743162108198       1.0898483693599701
     656.3116744496330739       1.0358092822134495
     656.3118745830554417       0.9760462958365679
     656.3120747164776958       1.0230117384344339
     656.3122748498999499       0.9722909051924944
     656.3124749833222040       0.9722167868167162
     656.3126751167445718       0.9995843338256236
     656.3128752501668259       1.0476302839815617
     656.3130753835890800       1.1124231144785881
     656.3132755170113342       0.9474007114768028
     656.3134756504337020       1.0665413588285446
     656.3136757838559561       1.0178599096834660
     656.3138759172782102       1.1001356616616249
     656.3140760507004643       1.0028334965463728
     656.3142761841228321       1.0569124631583691
     656.3144763175450862       0.9806642401963472
     656.3146764509673403       0.9727714713662863
     656.3148765843895944       0.9673492945730686
     656.3150767178118485       0.9838022589683533
     656.3152768512342163       1.0236195959150791
     656.3154769846564704       1.0085066333413124
     656.3156771180787246       0.9819404948502779
     656.3158772515009787       0.9997687242139364
     656.3160773849233465       0.9095215946435928
     656.3162775183456006       1.0326230935752392
     656.3164776517678547       1.0813735052943230
     656.3166777851901088       1.0075214700773358
     656.3168779186124766       1.0519883446395397
     656.3170780520347307       0.9464098438620567
     656.3172781854569848       0.8928557261824608
     656.3174783188792389       0.9920190172269940
     656.3176784523016067       0.9953767433762550
     656.3178785857238609       0.9494516439735889
     656.3180787191461150       1.0412939339876175
     656.3182788525683691       1.0188905876129866
     656.3184789859907369       0.9899136535823345
     656.3186791194129910       0.9725090954452753
     656.3188792528352451       1.0358994156122208
     656.3190793862574992       1.0032569484319538
     656.3192795196798670       1.0215546656399965
     656.3194796531021211       1.0770094543695450
     656.3196797865243752       1.0187266133725643
     656.3198799199466293       1.0219913627952337
     656.3200800533688835       0.9744487851858139
     656.3202801867912513       0.8964841440320015
     656.3204803202135054       0.9937434382736683
     656.3206804536357595       0.9738896898925304
     656.3208805870580136       0.9742154926061630
     656.3210807204803814       1.0516719818115234
     656.3212808539026355       1.0405873507261276
     656.3214809873248896       0.9869604287669063
     656.3216811207471437       0.9994708088925108
     656.3218812541695115       1.0768945738673210
     656.3220813875917656       0.9446463175117970
     656.3222815210140197       1.0668599382042885
     656.3224816544362739       0.8992795199155807
     656.3226817878586417       1.0544439814984798
     656.3228819212808958       0.9918909640982747
     656.3230820547031499       1.0348225645720959
     656.3232821881254040       0.9868526067584753
     656.3234823215477718       1.0508955828845501
     656.3236824549700259       0.9535953924059868
     656.3238825883922800       0.9360035434365273
     656.3240827218145341       1.0045926440507174
     656.3242828552369019       0.9887200454249978
     656.3244829886591560       0.9658994711935520
     656.3246831220814101       0.9483469948172569
     656.3248832555036643       1.0112343672662973
     656.3250833889260321       0.9657245762646198
     656.3252835223482862       0.9428599178791046
     656.3254836557705403       0.9637610465288162
     656.3256837891927944       0.9904287243261933
     656.3258839226150485       1.0503136813640594
     656.3260840560374163       1.0460506752133369
     656.3262841894596704       1.0080025652423501
     656.3264843228819245       0.8944664448499680
     656.3266844563041786       1.0484950318932533
     656.3268845897265464       1.0390772968530655
     656.3270847231488005       0.9665534831583500
     656.3272848565710547       0.9375851750373840
     656.3274849899933088       0.9663263894617558
     656.3276851234156766       0.9946387787349522
     656.3278852568379307       1.0423486456274986
     656.3280853902601848       0.9188994467258453
     656.3282855236824389       1.0192065220326185
     656.3284856571048067       0.9171041026711464
     656.3286857905270608       0.9929143041372299
     656.3288859239493149       1.0576795637607574
     656.3290860573715690       1.0304489880800247
     656.3292861907939368       1.0804587155580521
     656.3294863242161910       0.9835601653903723
     656.3296864576384451       0.9499923028051853
     656.3298865910606992       1.0576245486736298
     656.3300867244830670       0.9805470705032349
     656.3302868579053211       0.9565159752964973
     656.3304869913275752       1.0735520124435425
     656.3306871247498293       0.9344816952943802
     656.3308872581721971       1.0031471189577132
     656.3310873915944512       1.0325039736926556
     656.3312875250167053       0.9522329568862915
     656.3314876584389594       1.0248863063752651
     656.3316877918612136       1.0635009929537773
     656.3318879252835814       0.9178364351391792
     656.3320880587058355       1.0081119658425450
     656.3322881921280896       1.0101939057931304
     656.3324883255503437       0.9759448245167732
     656.3326884589727115       0.9958576844073832
     656.3328885923949656       0.9564770087599754
     656.3330887258172197       1.0507424063980579
     656.3332888592394738       1.0549302473664284
     656.3334889926618416       1.0203177165240049
     656.3336891260840957       0.9574851207435131
     656.3338892595063498       0.9762164410203695
     656.3340893929286040       0.9671149291098118
     656.3342895263509718       0.9863855568692088
     656.3344896597732259       1.0199229903519154
     656.3346897931954800       0.9830697085708380
     656.3348899266177341       0.9388959221541882
     656.3350900600401019       0.9785876609385014
     656.3352901934623560       0.9344826415181160
     656.3354903268846101       0.8916595578193665
     656.3356904603068642       0.9788953345268965
     656.3358905937292320       1.0462942682206631
     656.3360907271514861       0.9696554895490408
     656.3362908605737402       0.9800134617835283
     656.3364909939959944       1.0369658283889294
     656.3366911274182485       0.9980803459184244
     656.3368912608406163       1.0360461175441742
     656.3370913942628704       1.0021442670840770
     656.3372915276851245       0.9911336973309517
     656.3374916611073786       1.0243329536169767
     656.3376917945297464       0.9968147061299533
     656.3378919279520005       1.0421056598424911
     656.3380920613742546       0.9846338806673884
     656.3382921947965087       1.0055438880808651
     656.3384923282188765       0.9638882316648960
     656.3386924616411306       0.9710410330444574
     656.3388925950633848       0.9733807984739542
     656.3390927284856389       1.0477949492633343
     656.3392928619080067       1.0994585603475571
     656.3394929953302608       0.9141305461525917
     656.3396931287525149       0.9751625470817089
     656.3398932621747690       0.9678846783936024
     656.3400933955971368       0.8497863560914993
     656.3402935290193909       1.0536612235009670
     656.3404936624416450       0.9721842352300882
     656.3406937958638991       1.0483533404767513
     656.3408939292862669       1.0843336060643196
     656.3410940627085211       0.9331571012735367
     656.3412941961307752       1.0206696223467588
     656.3414943295530293       1.0002947234897874
     656.3416944629753971       1.0331471897661686
     656.3418945963976512       1.0351412370800972
     656.3420947298199053       0.9837945923209190
     656.3422948632421594       1.0013352162204683
     656.3424949966644135       1.0092864017933607
     656.3426951300867813       1.0740016922354698
     656.3428952635090354       0.9428687207400799
     656.3430953969312895       0.9850128870457411
     656.3432955303535437       0.9785391855984926
     656.3434956637759115       0.9980986263835803
     656.3436957971981656       0.9855806725099683
     656.3438959306204197       1.0039220531471074
     656.3440960640426738       1.0307324286550283
     656.3442961974650416       0.9516595937311649
     656.3444963308872957       1.0039851600304246
     656.3446964643095498       0.9844168806448579
     656.3448965977318039       0.9037937223911285
     656.3450967311541717       1.0204697828739882
     656.3452968645764258       1.0650654584169388
     656.3454969979986799       1.0331576354801655
     656.3456971314209341       1.0466887913644314
     656.3458972648433019       0.9874115912243724
     656.3460973982655560       0.9934549569152296
     656.3462975316878101       0.9236551970243454
     656.3464976651100642       0.9870882211253047
     656.3466977985324320       0.9095163196325302
     656.3468979319546861       1.1053178682923317
     656.3470980653769402       1.0136927608400583
     656.3472981987991943       1.0435334071516991
     656.3474983322214484       0.9706624951213598
     656.3476984656438162       1.0273653212934732
     656.3478985990660703       0.8771440237760544
     656.3480987324883245       0.9907464291900396
     656.3482988659105786       1.0704973116517067
     656.3484989993329464       1.0120678767561913
     656.3486991327552005       0.9306629821658134
     656.3488992661774546       1.0513990037143230
     656.3490993995997087       1.0195058416575193
     656.3492995330220765       0.8855549320578575
     656.3494996664443306       1.0251330342143774
     656.3496997998665847       1.0533880963921547
     656.3498999332888388       0.9816237259656191
     656.3501000667112066       0.9901270316913724
     656.3503002001334607       0.9660435840487480
     656.3505003335557149       1.0403521023690701
     656.3507004669779690       0.9929558103904128
     656.3509006004003368       1.0346147418022156
     656.3511007338225909       1.0783205702900887
     656.3513008672448450       0.9648896306753159
     656.3515010006670991       0.9530209489166737
     656.3517011340894669       1.0337826274335384
     656.3519012675117210       0.9994003516039811
     656.3521014009339751       1.0511013045907021
     656.3523015343562292       1.0776115730404854
     656.3525016677785970       1.0811611041426659
     656.3527018012008512       1.0379957184195518
     656.3529019346231053       1.0642329081892967
     656.3531020680453594       0.9589328281581402
     656.3533022014676135       0.9852175936102867
     656.3535023348899813       1.0442413687705994
     656.3537024683122354       1.0480109825730324
     656.3539026017344895       1.0695877224206924
     656.3541027351567436       1.0703619122505188
     656.3543028685791114       1.0641402229666710
     656.3545030020013655       1.0059995683841407
     656.3547031354236196       1.0951319262385368
     656.3549032688458738       0.9972111037932336
     656.3551034022682416       1.0196877364069223
     656.3553035356904957       1.0490571372210979
     656.3555036691127498       0.9130307957530022
     656.3557038025350039       0.9904691381379962
     656.3559039359573717       0.9897221596911550
     656.3561040693796258       0.9577053487300873
     656.3563042028018799       0.9986196196405217
     656.3565043362241340       0.9368733242154121
     656.3567044696465018       1.0981209501624107
     656.3569046030687559       0.9517503231763840
     656.3571047364910100       1.0633701905608177
     656.3573048699132642       0.9817220810800791
     656.3575050033356320       1.0631106123328209
     656.3577051367578861       1.0579535178840160
     656.3579052701801402       1.0398127548396587
     656.3581054036023943       0.9971758036408572
     656.3583055370246484       1.0224577020853758
     656.3585056704470162       1.0112952832132576
     656.3587058038692703       1.0165927484631534
     656.3589059372915244       1.0472409613430496
     656.3591060707137785       0.9862000728026024
     656.3593062041361463       1.0011708866804825
     656.3595063375584004       1.1239702627062780
     656.3597064709806546       0.9721056167036266
     656.3599066044029087       0.9352006465196566
     656.3601067378252765       1.0422969609498915
     656.3603068712475306       0.9941641488112415
     656.3605070046697847       0.9343239963054518
     656.3607071380920388       1.0427007265388761
     656.3609072715144066       0.9658297076821025
     656.3611074049366607       0.9213540703057800
     656.3613075383589148       1.0571626834570713
     656.3615076717811689       1.0818325206636437
     656.3617078052035367       1.0455459170042092
     656.3619079386257908       1.0052798255344717
     656.3621080720480450       0.9710480235514130
     656.3623082054702991       1.0430479608471979
     656.3625083388926669       0.9873767821112205
     656.3627084723149210       0.9616064466527373
     656.3629086057371751       1.0684114620077092
     656.3631087391594292       0.9658841527980652
     656.3633088725817970       1.0674984976623887
     656.3635090060040511       1.0035102448855693
     656.3637091394263052       0.9442469812878289
     656.3639092728485593       1.0083311749549502
     656.3641094062708135       0.9603106565670735
     656.3643095396931813       1.0157269015763424
     656.3645096731154354       0.9880482433160200
     656.3647098065376895       1.0002022244885735
     656.3649099399599436       0.9800122100460493
     656.3651100733823114       0.8992765917816778
     656.3653102068045655       0.9494426659464037
     656.3655103402268196       0.9707378315593747
     656.3657104736490737       0.9314841701089031
     656.3659106070714415       0.9148277489270784
     656.3661107404936956       0.9933836732014586
     656.3663108739159497       0.9740069616408787
     656.3665110073382039       1.0016801457856512
     656.3667111407605717       0.9986238589875656
     656.3669112741828258       0.9289537136703733
     656.3671114076050799       1.0666402192238422
     656.3673115410273340       1.0681496616636501
     656.3675116744497018       0.9712536161007171
     656.3677118078719559       0.9613836709207743
     656.3679119412942100       0.9572338006650050
     656.3681120747164641       0.9847549595332858
     656.3683122081388319       1.0147344313645799
     656.3685123415610860       1.0297974965018941
     656.3687124749833401       0.9409767951069480
     656.3689126084055943       1.0524140104064479
     656.3691127418278484       1.0522646720618392
     656.3693128752502162       1.0169064303320818
     656.3695130086724703       1.0454555895089603
     656.3697131420947244       0.9650155717796316
     656.3699132755169785       0.9280533680772901
     656.3701134089393463       0.9483955858040624
     656.3703135423616004       1.0385199640059577
     656.3705136757838545       1.0387101925346474
     656.3707138092061086       0.9436923976935055
     656.3709139426284764       0.9605994633284214
     656.3711140760507305       1.0120274525375392
     656.3713142094729847       0.9502940696580167
     656.3715143428952388       0.9734336748482221
     656.3717144763176066       1.0568605380599891
     656.3719146097398607       1.0304894277622489
     656.3721147431621148       1.0444696061559207
     656.3723148765843689       0.9538805280741655
     656.3725150100067367       1.0199758183292700
     656.3727151434289908       1.0530249453253986
     656.3729152768512449       0.9882755093705252
     656.3731154102734990       1.0478009028263386
     656.3733155436958668       0.9355067687569829
     656.3735156771181209       1.0128558224191355
     656.3737158105403751       0.9781944386727147
     656.3739159439626292       1.0905196333486127
     656.3741160773849970       1.0522330923443117
     656.3743162108072511       0.9768274195545306
     656.3745163442295052       1.0234209525934856
     656.3747164776517593       0.9438334310304779
     656.3749166110740134       1.0006855182961794
     656.3751167444963812       0.9715696931251745
     656.3753168779186353       1.0833768422346286
     656.3755170113408894       1.0882547106592244
     656.3757171447631436       0.9396508721267951
     656.3759172781855113       1.0299623701910585
     656.3761174116077655       0.9537648667882275
     656.3763175450300196       1.0833472886294078
     656.3765176784522737       0.9690417800964032
     656.3767178118746415       0.9569705170280521
     656.3769179452968956       0.9848749184064717
     656.3771180787191497       0.9978704291566202
     656.3773182121414038       0.9482160634814171
     656.3775183455637716       0.9415312993925604
     656.3777184789860257       0.9596859703758067
     656.3779186124082798       0.9294397272331214
     656.3781187458305340       1.0041544993077887
     656.3783188792529018       0.9708887671547675
     656.3785190126751559       1.0389508970882524
     656.3787191460974100       0.8942589640912401
     656.3789192795196641       0.9807493885249012
     656.3791194129420319       0.9012098147532540
     656.3793195463642860       1.0163270639390243
     656.3795196797865401       0.9989972826563120
     656.3797198132087942       0.9779999313075788
     656.3799199466311620       1.0272463780273391
     656.3801200800534161       1.0297574331595230
     656.3803202134756702       0.9257497667255650
     656.3805203468979244       0.9526670721648274
     656.3807204803201785       0.9457311979823920
     656.3809206137425463       1.0698645773784059
     656.3811207471648004       1.0329313004142400
     656.3813208805870545       1.0463678603580262
     656.3815210140093086       1.0649786807150119
     656.3817211474316764       0.9860692954421140
     656.3819212808539305       0.8406954870636828
     656.3821214142761846       0.9877860712258567
     656.3823215476984387       1.0439933324187469
     656.3825216811208065       0.9535995078444657
     656.3827218145430606       0.9532064339465757
     656.3829219479653148       0.9638724008492029
     656.3831220813875689       1.0500315504834230
     656.3833222148099367       0.9750557206723884
     656.3835223482321908       0.9643375775422758
     656.3837224816544449       0.9551856571143252
     656.3839226150766990       0.9412764609915675
     656.3841227484990668       0.9244263860557892
     656.3843228819213209       0.8633033846809471
     656.3845230153435750       0.9984979383725727
     656.3847231487658291       1.0085972284112488
     656.3849232821881969       0.9748730359477786
     656.3851234156104510       0.9900883682604862
     656.3853235490327052       0.9711479513090556
     656.3855236824549593       0.9496332967964719
     656.3857238158772134       0.8669086114318930
     656.3859239492995812       0.9618674248694101
     656.3861240827218353       0.9060961946128789
     656.3863242161440894       0.9362722052145103
     656.3865243495663435       0.8334785662478541
     656.3867244829887113       0.9125001509170722
     656.3869246164109654       0.9655370249272117
     656.3871247498332195       0.8850370503183353
     656.3873248832554737       0.8372249992401372
     656.3875250166778414       0.8880756813075075
     656.3877251501000956       0.9356529618029572
     656.3879252835223497       0.8619667662028048
     656.3881254169446038       0.8089250518919786
     656.3883255503669716       0.8486731171084498
     656.3885256837892257       0.9179129539666679
     656.3887258172114798       0.7593842371640170
     656.3889259506337339       0.8127528270865607
     656.3891260840561017       0.7930148405521936
     656.3893262174783558       0.7523609873251139
     656.3895263509006099       0.8645320069581724
     656.3897264843228641       0.8004310581121421
     656.3899266177452319       0.7732054871461960
     656.3901267511674860       0.8336467350053188
     656.3903268845897401       0.8319470612571536
     656.3905270180119942       0.8062557957192222
     656.3907271514343620       0.7915511359201642
     656.3909272848566161       0.8155894487931428
     656.3911274182788702       0.7593421541326779
     656.3913275517011243       0.7719867718320809
     656.3915276851233784       0.7520224847721518
     656.3917278185457462       0.7938060247106199
     656.3919279519680003       0.7257577334581145
     656.3921280853902545       0.8063890708647745
     656.3923282188125086       0.7807698370705198
     656.3925283522348764       0.8283680981704565
     656.3927284856571305       0.6980411897877705
     656.3929286190793846       0.7866478292217818
     656.3931287525016387       0.7413202540948935
     656.3933288859240065       0.8447988042110024
     656.3935290193462606       0.8040156177034569
     656.3937291527685147       0.8483384568743133
     656.3939292861907688       0.8122276204391903
     656.3941294196131366       1.0010787934521597
     656.3943295530353907       0.8157318121696233
     656.3945296864576449       0.9274964211694469
     656.3947298198798990       0.9199018483054517
     656.3949299533022668       0.8149097847352660
     656.3951300867245209       0.8524898290972112
     656.3953302201467750       0.8410871776037783
     656.3955303535690291       0.9656362323929266
     656.3957304869913969       0.9584419236933758
     656.3959306204136510       0.8356633806120363
     656.3961307538359051       0.8501906356873874
     656.3963308872581592       0.9185250193796411
     656.3965310206804133       0.8975397602663198
     656.3967311541027811       0.8799208396884179
     656.3969312875250353       0.8360669011230213
     656.3971314209472894       1.0010089874506773
     656.3973315543695435       0.8944108304797630
     656.3975316877919113       0.8241299685484155
     656.3977318212141654       0.9893869097036703
     656.3979319546364195       0.9557827384038242
     656.3981320880586736       0.8471713938453107
     656.3983322214810414       0.9667888677360730
     656.3985323549032955       0.9364836833002677
     656.3987324883255496       0.9348922952973273
     656.3989326217478038       0.8707657998702524
     656.3991327551701715       0.9444564655287009
     656.3993328885924257       0.9827888262636301
     656.3995330220146798       1.0373068600800037
     656.3997331554369339       1.0054123816894500
     656.3999332888593017       0.9966103740396963
     656.4001334222815558       0.9091881501724847
     656.4003335557038099       0.9617810724357666
     656.4005336891260640       1.0747870659472696
     656.4007338225484318       0.9471500840694346
     656.4009339559706859       1.0434289591909773
     656.4011340893929400       0.8695868694876144
     656.4013342228151942       0.9696034280958035
     656.4015343562375620       1.0729129709904632
     656.4017344896598161       0.9699544991783331
     656.4019346230820702       0.9912252679672398
     656.4021347565043243       1.0203760534807285
     656.4023348899265784       0.9917553739212377
     656.4025350233489462       0.9389762226039721
     656.4027351567712003       1.0211920124490768
     656.4029352901934544       1.0665598571052377
     656.4031354236157085       0.9906346853054292
     656.4033355570380763       0.9845679859282764
     656.4035356904603304       0.9690122213794901
     656.4037358238825846       0.8881630110144445
     656.4039359573048387       0.9951750770887126
     656.4041360907272065       1.0312444474049369
     656.4043362241494606       0.9816949528195468
     656.4045363575717147       1.1017176702799873
     656.4047364909939688       0.9530652233808248
     656.4049366244163366       0.9804786656684613
     656.4051367578385907       1.1055785864342829
     656.4053368912608448       1.0779782304389536
     656.4055370246830989       1.0407039202656416
     656.4057371581054667       1.0226833132716369
     656.4059372915277208       1.0164790232760974
     656.4061374249499750       1.0211772376436841
     656.4063375583722291       1.0703529378713688
     656.4065376917945969       0.9378881781711838
     656.4067378252168510       0.9686547679615836
     656.4069379586391051       1.0960536290871561
     656.4071380920613592       0.9363950051665186
     656.4073382254836133       0.9917363421579233
     656.4075383589059811       1.0331823027520901
     656.4077384923282352       1.0276029197738465
     656.4079386257504893       0.9132825506837040
     656.4081387591727434       1.0074290546363636
     656.4083388925951112       0.9773651149292539
     656.4085390260173654       1.0520475548754467
     656.4087391594396195       1.0103699710887155
     656.4089392928618736       0.9764357480998483
     656.4091394262842414       1.0048577891510160
     656.4093395597064955       1.0625654983542256
     656.4095396931287496       0.9935310613135621
     656.4097398265510037       1.0730771197959563
     656.4099399599733715       0.9739963835171667
     656.4101400933956256       0.9630957723217969
     656.4103402268178797       1.0027357202746201
     656.4105403602401339       1.0536814444420970
     656.4107404936625016       1.0174091916824111
     656.4109406270847558       1.0338661356620475
     656.4111407605070099       1.0517885937451634
     656.4113408939292640       1.0411730248363846
     656.4115410273516318       0.8707260511617033
     656.4117411607738859       1.0787402276703864
     656.4119412941961400       0.9968029936434821
     656.4121414276183941       0.9242172741435623
     656.4123415610407619       1.0412752279396931
     656.4125416944630160       1.0006600417565350
     656.4127418278852701       1.1053015707739577
     656.4129419613075243       1.0265353304957312
     656.4131420947297784       0.9567986068802113
     656.4133422281521462       1.0415226486458233
     656.4135423615744003       0.9670761203185021
     656.4137424949966544       1.0847187763116921
     656.4139426284189085       1.0225554962373853
     656.4141427618412763       1.0025207761551416
     656.4143428952635304       0.9962581765545033
     656.4145430286857845       1.0923298742486152
     656.4147431621080386       1.0441384349847871
     656.4149432955304064       0.9635811250562819
     656.4151434289526605       1.0622883673076871
     656.4153435623749147       1.0837154042755999
     656.4155436957971688       0.9875289157042958
     656.4157438292195366       1.0488429900130720
     656.4159439626417907       1.0547986309241049
     656.4161440960640448       1.0050702397413080
     656.4163442294862989       1.0075944302359097
     656.4165443629086667       1.0001488159198821
     656.4167444963309208       0.9809449477083156
     656.4169446297531749       0.9716792642690615
     656.4171447631754290       1.0959023830287282
     656.4173448965977968       0.9872468977860305
     656.4175450300200509       0.9540746284940756
     656.4177451634423051       1.0520042254386239
     656.4179452968645592       0.9971213267764252
     656.4181454302869270       0.9507286436268195
     656.4183455637091811       1.0382655039008384
     656.4185456971314352       0.8375115543302614
     656.4187458305536893       1.0023853480600962
     656.4189459639759434       1.0440424643303996
     656.4191460973983112       1.0153777021806163
     656.4193462308205653       1.1547552794141200
     656.4195463642428194       1.0394184403067186
     656.4197464976650735       0.9968053991868100
     656.4199466310874413       0.9715956021073406
     656.4201467645096955       0.9938516649398740
     656.4203468979319496       1.0196601022021712
     656.4205470313542037       1.0064284424288323
     656.4207471647765715       0.9606722556048199
     656.4209472981988256       1.0064994171257351
     656.4211474316210797       0.8819930925962238
     656.4213475650433338       0.8771327212450768
     656.4215476984657016       0.9442204535006016
     656.4217478318879557       1.0439986959098766
     656.4219479653102098       1.0256790127604511
     656.4221480987324640       1.0643603429197794
     656.4223482321548317       0.9500240571796573
     656.4225483655770859       0.9862972246482751
     656.4227484989993400       0.9324265122413488
     656.4229486324215941       0.8971767872571845
     656.4231487658439619       1.0116096017882161
     656.4233488992662160       0.9328540265560105
     656.4235490326884701       1.0131290880963175
     656.4237491661107242       1.0989950075745563
     656.4239492995329783       0.9724100474268185
     656.4241494329553461       1.0323680378496638
     656.4243495663776002       1.0688008815050121
     656.4245496997998544       1.0642182454466815
     656.4247498332221085       0.9628212377429006
     656.4249499666444763       1.0300789661705492
     656.4251501000667304       1.0464207120239735
     656.4253502334889845       0.9732008371502160
     656.4255503669112386       0.8928145244717598
     656.4257505003336064       1.0519983582198620
     656.4259506337558605       0.9675191082060337
     656.4261507671781146       0.8961146920919418
     656.4263509006003687       0.9762135874480009
     656.4265510340227365       1.0672051459550858
     656.4267511674449906       1.0292484592646360
     656.4269513008672448       0.9409892857074738
     656.4271514342894989       1.0109151257202029
     656.4273515677118667       1.0202991813421249
     656.4275517011341208       0.9774390570819378
     656.4277518345563749       1.0229862891137600
     656.4279519679786290       0.9042143449187279
     656.4281521014009968       0.9875559899955988
     656.4283522348232509       1.0914957746863365
     656.4285523682455050       1.0790810063481331
     656.4287525016677591       0.8968908414244652
     656.4289526350901269       1.0285650976002216
     656.4291527685123810       1.0901138111948967
     656.4293529019346352       1.0369831547141075
     656.4295530353568893       1.0295928772538900
     656.4297531687791434       0.9792607817798853
     656.4299533022015112       1.0778352394700050
     656.4301534356237653       0.9590051472187042
     656.4303535690460194       0.9921992360614240
     656.4305537024682735       1.0369138717651367
     656.4307538358906413       1.0161781236529350
     656.4309539693128954       0.9808599818497896
     656.4311541027351495       1.0016561395023018
     656.4313542361574036       0.9529506005346775
     656.4315543695797714       1.0057174987159669
     656.4317545030020256       1.0127279041334987
     656.4319546364242797       1.0737365931272507
     656.4321547698465338       0.9853171790018678
     656.4323549032689016       0.9863881394267082
     656.4325550366911557       0.9989085107808933
     656.4327551701134098       1.0842886343598366
     656.4329553035356639       0.9749346934258938
     656.4331554369580317       0.9810569472610950
     656.4333555703802858       0.9729012046009302
     656.4335557038025399       0.9929099432192743
     656.4337558372247940       0.9248818531632423
     656.4339559706471618       1.0704432576894760
     656.4341561040694160       1.0202860198915005
     656.4343562374916701       0.9496043510735035
     656.4345563709139242       1.0166310779750347
     656.4347565043361783       0.9575885199010372
     656.4349566377585461       0.9851994868367910
     656.4351567711808002       1.0103630665689707
     656.4353569046030543       0.9772505778819323
     656.4355570380253084       1.0590746067464352
     656.4357571714476762       0.8956957235932350
     656.4359573048699303       1.0037573461886495
     656.4361574382921845       0.9283606335520744
     656.4363575717144386       1.0346999280154705
     656.4365577051368064       1.0596744418144226
     656.4367578385590605       0.9182516112923622
     656.4369579719813146       0.9645181186497211
     656.4371581054035687       0.9526628069579601
     656.4373582388259365       1.0251488666981459
     656.4375583722481906       1.0590834692120552
     656.4377585056704447       1.0502418056130409
     656.4379586390926988       0.9805556647479534
     656.4381587725150666       0.9566674046218395
     656.4383589059373207       1.0390989780426025
     656.4385590393595749       0.9568728618323803
     656.4387591727818290       1.0006809839396738
     656.4389593062041968       1.0900029838085175
     656.4391594396264509       0.9657917506992817
     656.4393595730487050       1.0724284052848816
     656.4395597064709591       1.0692963153123856
     656.4397598398933269       1.0350847952067852
     656.4399599733155810       0.9916053526103497
     656.4401601067378351       0.9952176720835268
     656.4403602401600892       1.0082574794068933
     656.4405603735823433       0.9892790559679270
     656.4407605070047111       1.0576713494956493
     656.4409606404269653       1.1115021333098412
     656.4411607738492194       1.1046135351061821
     656.4413609072714735       1.0440278425812721
     656.4415610406938413       1.0120297409594059
     656.4417611741160954       1.0147086335346103
     656.4419613075383495       0.9699672609567642
     656.4421614409606036       0.9805996194481850
     656.4423615743829714       0.9097628146409988
     656.4425617078052255       1.0253795925527811
     656.4427618412274796       1.0339791253209114
     656.4429619746497337       1.0260767992585897
     656.4431621080721015       1.0792937353253365
     656.4433622414943557       0.9694302249699831
     656.4435623749166098       1.0614591352641582
     656.4437625083388639       1.0286859124898911
     656.4439626417612317       0.9760415237396955
     656.4441627751834858       0.9972531935200095
     656.4443629086057399       0.9565466865897179
     656.4445630420279940       1.0509009025990963
     656.4447631754503618       1.1089387312531471
     656.4449633088726159       0.9861215483397245
     656.4451634422948700       0.9438727833330631
     656.4453635757171241       1.0297211352735758
     656.4455637091393783       1.0523831732571125
     656.4457638425617461       0.9607187844812870
     656.4459639759840002       0.9860252197831869
     656.4461641094062543       0.9283685758709908
     656.4463642428285084       0.8193548768758774
     656.4465643762508762       1.0685252025723457
     656.4467645096731303       1.0207900684326887
     656.4469646430953844       0.9376622140407562
     656.4471647765176385       1.0002555158862378
     656.4473649099400063       0.9981804685667157
     656.4475650433622604       1.0459617935121059
     656.4477651767845146       1.0548018030822277
     656.4479653102067687       1.0583812370896339
     656.4481654436291365       0.9813054800033569
     656.4483655770513906       1.0438756980001926
     656.4485657104736447       1.0001281856675632
     656.4487658438958988       0.9784744977951050
     656.4489659773182666       0.9872321393340826
     656.4491661107405207       1.0340075455605984
     656.4493662441627748       0.9844333454966545
     656.4495663775850289       0.9930364754982293
     656.4497665110073967       0.9592660218477249
     656.4499666444296508       1.0270650088787079
     656.4501667778519050       0.9872674206271768
     656.4503669112741591       1.1129455789923668
     656.4505670446965269       1.0327644459903240
     656.4507671781187810       0.9833702910691500
     656.4509673115410351       0.9685296639800072
     656.4511674449632892       0.9940597871318460
     656.4513675783855433       1.0202525611966848
     656.4515677118079111       1.0123135577887297
     656.4517678452301652       0.9587386213243008
     656.4519679786524193       1.0311669614166021
     656.4521681120746734       1.0506570525467396
     656.4523682454970412       1.0139591787010431
     656.4525683789192954       0.9186160340905190
     656.4527685123415495       0.9916000934317708
     656.4529686457638036       1.0218050368130207
     656.4531687791861714       0.9846473643556237
     656.4533689126084255       1.0111993243917823
     656.4535690460306796       1.0493470989167690
     656.4537691794529337       1.0350726693868637
     656.4539693128753015       0.9812016487121582
     656.4541694462975556       0.9477352090179920
     656.4543695797198097       1.0005061220144853
     656.4545697131420638       1.0830686017870903
     656.4547698465644316       0.9261051490902901
     656.4549699799866858       0.9916311362758279
     656.4551701134089399       0.9453189596533775
     656.4553702468311940       1.0055691557936370
     656.4555703802535618       1.0164487194269896
     656.4557705136758159       1.0089268712326884
     656.4559706470980700       1.0567966178059578
     656.4561707805203241       1.0046093347482383
     656.4563709139425782       1.0482885353267193
     656.4565710473649460       0.9180607423186302
     656.4567711807872001       0.9746147114783525
     656.4569713142094542       1.0394726991653442
     656.4571714476317084       0.9765175301581621
     656.4573715810540762       0.9780308268964291
     656.4575717144763303       1.0112426225095987
     656.4577718478985844       0.9937102445401251
     656.4579719813208385       0.9092134460806847
     656.4581721147432063       0.9561821296811104
     656.4583722481654604       1.0188689399510622
     656.4585723815877145       0.9837300367653370
     656.4587725150099686       1.0067879357375205
     656.4589726484323364       0.9624327458441257
     656.4591727818545905       0.9758230820298195
     656.4593729152768447       1.0925918892025948
     656.4595730486990988       0.9721558056771755
     656.4597731821214666       1.0105330841615796
     656.4599733155437207       0.9822834338992834
     656.4601734489659748       1.0005820358637720
     656.4603735823882289       1.0686837956309319
     656.4605737158105967       1.0003483936889097
     656.4607738492328508       1.0512686632573605
     656.4609739826551049       1.0173870250582695
     656.4611741160773590       1.0360742956399918
     656.4613742494997268       0.9759739935398102
     656.4615743829219809       1.0245650634169579
     656.4617745163442351       0.9393081776797771
     656.4619746497664892       1.0329025611281395
     656.4621747831887433       1.0663387179374695
     656.4623749166111111       0.9530147425830364
     656.4625750500333652       1.0225972719490528
     656.4627751834556193       0.9978353355545551
     656.4629753168778734       0.9668500609695911
     656.4631754503002412       0.9859452182427049
     656.4633755837224953       1.0044271633960307
     656.4635757171447494       0.9254457354545593
     656.4637758505670035       1.0111460899934173
     656.4639759839893713       1.0555339828133583
     656.4641761174116255       1.0062717809341848
     656.4643762508338796       1.1516541540622711
     656.4645763842561337       0.9918306684121490
     656.4647765176785015       1.0182175971567631
     656.4649766511007556       1.0620788633823395
     656.4651767845230097       0.9336673840880394
     656.4653769179452638       1.0178016722202301
     656.4655770513676316       0.9107059016823769
     656.4657771847898857       0.9564530476927757
     656.4659773182121398       0.9546805657446384
     656.4661774516343939       1.0033509936183691
     656.4663775850567617       0.9199112951755524
     656.4665777184790159       0.9161549806594849
     656.4667778519012700       1.0533325187861919
     656.4669779853235241       0.9786698929965496
     656.4671781187458919       0.9728460106998682
     656.4673782521681460       1.0195081681013107
     656.4675783855904001       0.9541879110038280
     656.4677785190126542       0.9879560042172670
     656.4679786524349083       0.9950262946076691
     656.4681787858572761       1.0295329969376326
     656.4683789192795302       1.0395306311547756
     656.4685790527017843       1.0260836463421583
     656.4687791861240385       1.0190886948257685
     656.4689793195464063       1.0000169356480910
     656.4691794529686604       0.9468569159507751
     656.4693795863909145       1.1294832974672318
     656.4695797198131686       0.9958004280924797
     656.4697798532355364       0.8866540417075157
     656.4699799866577905       0.9268388450145721
     656.4701801200800446       0.9935252033174038
     656.4703802535022987       0.9214278757572174
     656.4705803869246665       1.0423860400915146
     656.4707805203469206       0.9200938493013382
     656.4709806537691748       1.0343823023140430
     656.4711807871914289       0.9931631349027157
     656.4713809206137967       1.0037194513715804
     656.4715810540360508       0.9577542059123516
     656.4717811874583049       1.0349290333688259
     656.4719813208805590       0.9831495992839336
     656.4721814543029268       1.0551725625991821
     656.4723815877251809       0.9658200740814209
     656.4725817211474350       0.8997473940253258
     656.4727818545696891       1.0825169011950493
     656.4729819879919432       0.9699777681380510
     656.4731821214143110       1.0274907555431128
     656.4733822548365652       0.9486571364104748
     656.4735823882588193       0.9794514030218124
     656.4737825216810734       0.9266409426927567
     656.4739826551034412       1.0668731480836868
     656.4741827885256953       0.9749613050371408
     656.4743829219479494       1.0453132651746273
     656.4745830553702035       0.9934922866523266
     656.4747831887925713       0.9988705177092925
     656.4749833222148254       0.9907174045220017
     656.4751834556370795       0.9286124780774117
     656.4753835890593336       0.9904447291046381
     656.4755837224817014       0.9528591223061085
     656.4757838559039556       1.0741698220372200
     656.4759839893262097       0.8914752826094627
     656.4761841227484638       0.9338795766234398
     656.4763842561708316       1.0344936549663544
     656.4765843895930857       0.9685555323958397
     656.4767845230153398       1.1078332662582397
     656.4769846564375939       0.9720114339143038
     656.4771847898599617       1.0573091171681881
     656.4773849232822158       0.9616462290287018
     656.4775850567044699       0.9935483918525279
     656.4777851901267240       0.9771810136735439
     656.4779853235490918       0.9222926273941994
     656.4781854569713460       1.0043686679564416
     656.4783855903936001       1.0130234081298113
     656.4785857238158542       0.8689592629671097
     656.4787858572381083       1.0021775546483696
     656.4789859906604761       1.0314071550965309
     656.4791861240827302       0.9120764210820198
     656.4793862575049843       0.9846072597429156
     656.4795863909272384       1.0680367276072502
     656.4797865243496062       0.9453759714961052
     656.4799866577718603       0.9485342688858509
     656.4801867911941144       0.9294178560376167
     656.4803869246163686       0.9102457091212273
     656.4805870580387364       0.9112084284424782
     656.4807871914609905       0.9647305160760880
     656.4809873248832446       0.9831790905445814
     656.4811874583054987       1.0553698949515820
     656.4813875917278665       0.9973884855862707
     656.4815877251501206       1.0162845458835363
     656.4817878585723747       0.9828202519565821
     656.4819879919946288       1.0440866388380527
     656.4821881254169966       0.9276342317461967
     656.4823882588392507       1.0564121268689632
     656.4825883922615049       1.0171620305627584
     656.4827885256837590       1.0575537048280239
     656.4829886591061268       1.0306005310267210
     656.4831887925283809       0.9772952571511269
     656.4833889259506350       1.0053884549997747
     656.4835890593728891       1.0281479787081480
     656.4837891927951432       1.0676475167274475
     656.4839893262175110       0.9696229100227356
     656.4841894596397651       0.8819759860634804
     656.4843895930620192       1.0339900888502598
     656.4845897264842733       1.0533202067017555
     656.4847898599066411       1.0800030305981636
     656.4849899933288953       1.1028975993394852
     656.4851901267511494       0.9996465120930225
     656.4853902601734035       0.9979554060846567
     656.4855903935957713       0.9956617346033454
     656.4857905270180254       1.0661910176277161
     656.4859906604402795       1.0484796278178692
     656.4861907938625336       0.9958567079156637
     656.4863909272849014       1.0939291566610336
     656.4865910607071555       1.0019115606555715
     656.4867911941294096       1.0673072561621666
     656.4869913275516637       1.0411805883049965
     656.4871914609740315       1.0518033616244793
     656.4873915943962857       0.9767498373985291
     656.4875917278185398       0.9998327010398498
     656.4877918612407939       1.0074838208965957
     656.4879919946631617       0.9752365257591009
     656.4881921280854158       1.0266921967267990
     656.4883922615076699       0.9577260836958885
     656.4885923949299240       0.9866358609870076
     656.4887925283522918       0.9944523745216429
     656.4889926617745459       1.0395735800266266
     656.4891927951968000       1.0502816140651703
     656.4893929286190541       1.0695811137557030
     656.4895930620413083       1.0319919101893902
     656.4897931954636761       1.0202080439776182
     656.4899933288859302       0.9826059415936470
     656.4901934623081843       0.9595380388200283
     656.4903935957304384       0.9267503172159195
     656.4905937291528062       1.0018393421778455
     656.4907938625750603       1.0345562212169170
     656.4909939959973144       0.9596944488584995
     656.4911941294195685       1.0256142802536488
     656.4913942628419363       1.0462440401315689
     656.4915943962641904       0.9347071573138237
     656.4917945296864445       0.9274879544973373
     656.4919946631086987       0.9484256915748119
     656.4921947965310665       0.8864442780613899
     656.4923949299533206       0.9975417656823993
     656.4925950633755747       1.0405017286539078
     656.4927951967978288       1.0266825612634420
     656.4929953302201966       0.9865249348804355
     656.4931954636424507       1.0367237478494644
     656.4933955970647048       1.0755673497915268
     656.4935957304869589       1.0104106608778238
     656.4937958639093267       1.0162612143903971
     656.4939959973315808       1.0780466347932816
     656.4941961307538350       0.9846165981143713
     656.4943962641760891       1.0169411506503820
     656.4945963975983432       1.0078284721821547
     656.4947965310207110       0.9972248191479594
     656.4949966644429651       1.0245465170592070
     656.4951967978652192       0.9495825767517090
     656.4953969312874733       1.0214304532855749
     656.4955970647098411       1.0632115453481674
     656.4957971981320952       1.0710833817720413
     656.4959973315543493       1.0782185792922974
     656.4961974649766034       0.8849369361996651
     656.4963975983989712       1.0283574406057596
     656.4965977318212254       1.0898568332195282
     656.4967978652434795       1.0522275976836681
     656.4969979986657336       1.0192560795694590
     656.4971981320881014       1.0186086185276508
     656.4973982655103555       0.9254982247948647
     656.4975983989326096       1.0611076541244984
     656.4977985323548637       1.0189672987908125
     656.4979986657772315       0.9774458799511194
     656.4981987991994856       0.9890073360875249
     656.4983989326217397       0.9968152325600386
     656.4985990660439938       1.0185538120567799
     656.4987991994663616       1.0445032566785812
     656.4989993328886158       0.9556687884032726
     656.4991994663108699       0.9716376308351755
     656.4993995997331240       0.9786351341754198
     656.4995997331554918       0.9341861680150032
     656.4997998665777459       1.0148088065907359
     656.5000000000000000       1.0271034147590399
