     656.2000000000000455       0.9535280428826809
     656.2002001334222996       1.1147399693727493
     656.2004002668445537       0.9625813923776150
     656.2006004002669215       0.9244860187172890
     656.2008005336891756       1.1128143295645714
     656.2010006671114297       1.0316369794309139
     656.2012008005336838       0.9574268050491810
     656.2014009339560516       0.9329209923744202
     656.2016010673783057       1.0633833929896355
     656.2018012008005599       1.0570465810596943
     656.2020013342228140       0.9793113209307194
     656.2022014676451818       1.0894616246223450
     656.2024016010674359       1.0296480003744364
     656.2026017344896900       0.9957631123252213
     656.2028018679119441       1.0404032543301582
     656.2030020013343119       0.8734934180974960
     656.2032021347565660       0.9187159687280655
     656.2034022681788201       1.0674294158816338
     656.2036024016010742       0.9498540647327900
     656.2038025350234420       0.9745724853128195
     656.2040026684456961       0.9982522837817669
     656.2042028018679503       0.9578377343714237
     656.2044029352902044       0.9339274913072586
     656.2046030687125722       1.0458785258233547
     656.2048032021348263       1.0235141869634390
     656.2050033355570804       1.1220431923866272
     656.2052034689793345       0.9265416041016579
     656.2054036024017023       0.9807301331311464
     656.2056037358239564       1.0224759001284838
     656.2058038692462105       1.0786645263433456
     656.2060040026684646       1.0504813194274902
     656.2062041360907187       1.0342946462333202
     656.2064042695130865       1.0292518418282270
     656.2066044029353407       1.0454496927559376
     656.2068045363575948       1.0187851432710886
     656.2070046697798489       1.0475708954036236
     656.2072048032022167       0.9397615678608418
     656.2074049366244708       0.9828440248966217
     656.2076050700467249       1.0733314156532288
     656.2078052034689790       0.9210784435272217
     656.2080053368913468       1.0467912331223488
     656.2082054703136009       1.0221336428076029
     656.2084056037358550       1.0255252700299025
     656.2086057371581092       1.0081552295014262
     656.2088058705804769       1.0325791165232658
     656.2090060040027311       0.9905728260055184
     656.2092061374249852       0.9973295172676444
     656.2094062708472393       0.9777844008058310
     656.2096064042696071       0.9833507090806961
     656.2098065376918612       0.9843448568135500
     656.2100066711141153       0.9436054825782776
     656.2102068045363694       1.0267967879772186
     656.2104069379587372       1.0579657964408398
     656.2106070713809913       1.0194578487426043
     656.2108072048032454       0.9113220795989037
     656.2110073382254996       0.9386665634810925
     656.2112074716477537       0.9747355822473764
     656.2114076050701215       0.9336481317877769
     656.2116077384923756       1.0341493561863899
     656.2118078719146297       0.9134980887174606
     656.2120080053368838       0.9625373929738998
     656.2122081387592516       0.9968335910234600
     656.2124082721815057       1.0713362023234367
     656.2126084056037598       0.9803511369973421
     656.2128085390260139       1.0138445766642690
     656.2130086724483817       1.0878871753811836
     656.2132088058706358       0.9884841004386544
     656.2134089392928900       0.9007894173264503
     656.2136090727151441       0.9827841855585575
     656.2138092061375119       0.9386025108397007
     656.2140093395597660       0.9281625822186470
     656.2142094729820201       1.0343035236001015
     656.2144096064042742       0.9978796343784779
     656.2146097398266420       0.9254247471690178
     656.2148098732488961       0.9565948918461800
     656.2150100066711502       0.9944037734530866
     656.2152101400934043       0.9824665952473879
     656.2154102735157721       1.0070128538645804
     656.2156104069380262       1.0153599949553609
     656.2158105403602804       1.0580286569893360
     656.2160106737825345       1.0851666629314423
     656.2162108072049023       0.9483344778418541
     656.2164109406271564       1.0187156777828932
     656.2166110740494105       1.0564527101814747
     656.2168112074716646       0.8594628870487213
     656.2170113408939187       1.0141563704237342
     656.2172114743162865       1.1108997687697411
     656.2174116077385406       1.0401416569948196
     656.2176117411607947       0.9573616124689579
     656.2178118745830488       1.0533799193799496
     656.2180120080054166       0.9553449787199497
     656.2182121414276708       0.9928187332116067
     656.2184122748499249       1.0460624434053898
     656.2186124082721790       1.0726181343197823
     656.2188125416945468       1.0179084148257971
     656.2190126751168009       0.9445840604603291
     656.2192128085390550       0.8852392062544823
     656.2194129419613091       1.0541303418576717
     656.2196130753836769       1.0104335155338049
     656.2198132088059310       0.9322304502129555
     656.2200133422281851       1.0578775592148304
     656.2202134756504392       0.9597956873476505
     656.2204136090728070       1.0496217012405396
     656.2206137424950612       0.9424832575023174
     656.2208138759173153       1.0449948310852051
     656.2210140093395694       1.0630159154534340
     656.2212141427619372       1.0074939983896911
     656.2214142761841913       0.9377839565277100
     656.2216144096064454       1.0124873956665397
     656.2218145430286995       0.9395643696188927
     656.2220146764509536       0.9454508423805237
     656.2222148098733214       0.9364352598786354
     656.2224149432955755       1.0433891341090202
     656.2226150767178297       0.9744480699300766
     656.2228152101400838       0.9717906620353460
     656.2230153435624516       0.9912519594654441
     656.2232154769847057       0.9843142535537481
     656.2234156104069598       0.9385698363184929
     656.2236157438292139       0.9321573674678802
     656.2238158772515817       0.9601928815245628
     656.2240160106738358       0.9702345542609692
     656.2242161440960899       1.0150479739531875
     656.2244162775183440       0.9812535308301449
     656.2246164109407118       1.0250309463590384
     656.2248165443629659       1.0907484441995621
     656.2250166777852201       0.9672504737973213
     656.2252168112074742       1.1078992858529091
     656.2254169446298420       1.0619847066700459
     656.2256170780520961       0.9961344781331718
     656.2258172114743502       0.9791756588965654
     656.2260173448966043       0.9617507830262184
     656.2262174783189721       1.0533895008265972
     656.2264176117412262       0.8939942792057991
     656.2266177451634803       0.9170692935585976
     656.2268178785857344       0.9550464414060116
     656.2270180120081022       1.1032435446977615
     656.2272181454303563       0.9830655287951231
     656.2274182788526105       0.9267010167241096
     656.2276184122748646       0.9202309921383858
     656.2278185456971187       0.9755954016000032
     656.2280186791194865       1.0281481798738241
     656.2282188125417406       1.0759768113493919
     656.2284189459639947       1.0306925363838673
     656.2286190793862488       0.9365027472376823
     656.2288192128086166       0.9000382944941521
     656.2290193462308707       0.9958467171527445
     656.2292194796531248       1.0972273349761963
     656.2294196130753789       1.0429932847619057
     656.2296197464977467       0.9078776389360428
     656.2298198799200009       0.9642190523445606
     656.2300200133422550       1.0132092880085111
     656.2302201467645091       0.9812432304024696
     656.2304202801868769       0.9490236826241016
     656.2306204136091310       0.9882924119010568
     656.2308205470313851       1.0196093302220106
     656.2310206804536392       1.0073985406197608
     656.2312208138760070       1.0952592715620995
     656.2314209472982611       0.9910530997440219
     656.2316210807205152       0.9507189318537712
     656.2318212141427693       0.9554534293711185
     656.2320213475651371       1.0149029791355133
     656.2322214809873913       1.0180410500615835
     656.2324216144096454       1.0083308778703213
     656.2326217478318995       0.9913075314834714
     656.2328218812541536       0.8920367434620857
     656.2330220146765214       1.0482116900384426
     656.2332221480987755       1.0191227030009031
     656.2334222815210296       0.9609052427113056
     656.2336224149432837       1.0687121525406837
     656.2338225483656515       0.9947996041737497
     656.2340226817879056       1.1078220829367638
     656.2342228152101598       0.9893599841743708
     656.2344229486324139       0.9851518254727125
     656.2346230820547817       0.9785892870277166
     656.2348232154770358       1.0470782630145550
     656.2350233488992899       1.0472819879651070
     656.2352234823215440       1.0171777736395597
     656.2354236157439118       1.0503662601113319
     656.2356237491661659       1.0270294249057770
     656.2358238825884200       0.9467283710837364
     656.2360240160106741       1.0159240551292896
     656.2362241494330419       1.0405967682600021
     656.2364242828552960       0.9162965118885040
     656.2366244162775502       1.0812288969755173
     656.2368245496998043       0.9527961239218712
     656.2370246831221721       0.9198881760239601
     656.2372248165444262       0.9880671007558703
     656.2374249499666803       1.0136016523465514
     656.2376250833889344       0.9963867648039013
     656.2378252168113022       0.9719835929572582
     656.2380253502335563       1.0096999248489738
     656.2382254836558104       0.9666885919868946
     656.2384256170780645       0.9542152360081673
     656.2386257505003186       1.0615245290100574
     656.2388258839226864       0.9784389957785606
     656.2390260173449406       0.8975789919495583
     656.2392261507671947       1.0857303813099861
     656.2394262841894488       1.0652507916092873
     656.2396264176118166       0.9825355317443609
     656.2398265510340707       0.9673330746591091
     656.2400266844563248       1.0374750830233097
     656.2402268178785789       0.9631276242434978
     656.2404269513009467       0.9793958272784948
     656.2406270847232008       0.9646059647202492
     656.2408272181454549       0.9386603422462940
     656.2410273515677090       1.0849881470203400
     656.2412274849900768       1.1257638633251190
     656.2414276184123310       1.0114834969863296
     656.2416277518345851       1.0088794240728021
     656.2418278852568392       1.0776638612151146
     656.2420280186792070       0.9938733633607626
     656.2422281521014611       0.9853782402351499
     656.2424282855237152       1.0183573868125677
     656.2426284189459693       1.0130174933001399
     656.2428285523683371       0.9809316284954548
     656.2430286857905912       1.0143820717930794
     656.2432288192128453       1.0732855126261711
     656.2434289526350994       0.9557689353823662
     656.2436290860574672       1.0358288697898388
     656.2438292194797214       0.9666344411671162
     656.2440293529019755       1.0018408825853840
     656.2442294863242296       1.0160691421478987
     656.2444296197464837       1.0476297885179520
     656.2446297531688515       0.9755092877894640
     656.2448298865911056       1.0172619912773371
     656.2450300200133597       0.9370580390095711
     656.2452301534356138       0.9485711455345154
     656.2454302868579816       0.9801734555512667
     656.2456304202802357       1.0172097329050303
     656.2458305537024899       1.0848282352089882
     656.2460306871247440       1.0004778391739819
     656.2462308205471118       1.0017501226393506
     656.2464309539693659       1.0463252663612366
     656.2466310873916200       1.0096545023843646
     656.2468312208138741       0.9128664582967758
     656.2470313542362419       0.9366539642214775
     656.2472314876584960       0.9231609627604485
     656.2474316210807501       0.9348664283752441
     656.2476317545030042       0.9889743411913514
     656.2478318879253720       0.9637084454298019
     656.2480320213476261       0.9854908045381308
     656.2482321547698803       0.9206237122416496
     656.2484322881921344       0.9986689140787348
     656.2486324216145022       0.9779323600232601
     656.2488325550367563       1.0759354755282402
     656.2490326884590104       1.0738068893551826
     656.2492328218812645       1.0009311024914496
     656.2494329553035186       1.0549950189888477
     656.2496330887258864       0.9998231521603884
     656.2498332221481405       0.9724190179258585
     656.2500333555703946       1.0239559039473534
     656.2502334889926487       1.0408652760088444
     656.2504336224150165       0.9512084759771824
     656.2506337558372707       1.0015913703246042
     656.2508338892595248       1.0214643254876137
     656.2510340226817789       1.0119192432612181
     656.2512341561041467       1.0500313006341457
     656.2514342895264008       1.0266917981207371
     656.2516344229486549       0.9297040998935699
     656.2518345563709090       1.0469422750174999
     656.2520346897932768       0.9155301004648209
     656.2522348232155309       1.0020398516207933
     656.2524349566377850       1.0946453437209129
     656.2526350900600391       1.0414942055940628
     656.2528352234824069       0.9584286771714687
     656.2530353569046611       1.0096023594960570
     656.2532354903269152       0.9763395152986050
     656.2534356237491693       0.9877873649820685
     656.2536357571715371       0.9427162520587444
     656.2538358905937912       1.0525643788278103
     656.2540360240160453       0.9825949966907501
     656.2542361574382994       1.0546400249004364
     656.2544362908606672       0.9966634972952306
     656.2546364242829213       1.0078766336664557
     656.2548365577051754       0.9981894177617505
     656.2550366911274295       0.9255216717720032
     656.2552368245496837       1.0375145785510540
     656.2554369579720515       1.0374761931598186
     656.2556370913943056       0.9962725664954633
     656.2558372248165597       0.9273041710257530
     656.2560373582388138       0.9716425258666277
     656.2562374916611816       1.0130192460492253
     656.2564376250834357       1.0437298230826855
     656.2566377585056898       0.9524794705212116
     656.2568378919279439       1.0144360689446330
     656.2570380253503117       1.0181716736406088
     656.2572381587725658       0.9501132816076279
     656.2574382921948200       1.0480794645845890
     656.2576384256170741       0.9597526229918003
     656.2578385590394419       1.0536820776760578
     656.2580386924616960       0.9611432291567326
     656.2582388258839501       0.9693537168204784
     656.2584389593062042       0.9301997497677803
     656.2586390927285720       0.9007901623845100
     656.2588392261508261       0.9530164487659931
     656.2590393595730802       1.0924894586205482
     656.2592394929953343       0.9094356521964073
     656.2594396264177021       1.0134741412475705
     656.2596397598399562       1.0746115073561668
     656.2598398932622104       1.0214117653667927
     656.2600400266844645       1.0017894357442856
     656.2602401601067186       0.9375788904726505
     656.2604402935290864       0.9121095612645149
     656.2606404269513405       1.0091743124648929
     656.2608405603735946       1.0210083257406950
     656.2610406937958487       1.0124584315344691
     656.2612408272182165       0.9228538125753403
     656.2614409606404706       1.0487852431833744
     656.2616410940627247       1.0870917439460754
     656.2618412274849788       1.0595375373959541
     656.2620413609073466       1.0682159364223480
     656.2622414943296008       0.9965310539118946
     656.2624416277518549       1.0517945401370525
     656.2626417611741090       0.9753417503088713
     656.2628418945964768       1.0417898036539555
     656.2630420280187309       1.0156764127314091
     656.2632421614409850       1.0535307414829731
     656.2634422948632391       0.9176033735275269
     656.2636424282856069       1.0013030865229666
     656.2638425617078610       0.9734845422208309
     656.2640426951301151       1.0065647684969008
     656.2642428285523692       1.0079133016988635
     656.2644429619747370       1.0815916806459427
     656.2646430953969912       1.0381142832338810
     656.2648432288192453       0.9999010077881394
     656.2650433622414994       1.0046661556698382
     656.2652434956638672       0.9536603279411793
     656.2654436290861213       0.9967429917305708
     656.2656437625083754       0.9748715627938509
     656.2658438959306295       0.9874984072521329
     656.2660440293528836       1.0522479489445686
     656.2662441627752514       0.9672194197773933
     656.2664442961975055       0.9596937075257301
     656.2666444296197596       1.0703119859099388
     656.2668445630420138       0.9551864303648472
     656.2670446964643816       1.0051063909195364
     656.2672448298866357       1.0137291792780161
     656.2674449633088898       1.0301708821207285
     656.2676450967311439       0.9474129490554333
     656.2678452301535117       0.9843730200082064
     656.2680453635757658       1.0055171442218125
     656.2682454969980199       1.0216821841895580
     656.2684456304202740       0.9589193351566792
     656.2686457638426418       0.9844619063660502
     656.2688458972648959       0.9894916573539376
     656.2690460306871501       0.9995287509227637
     656.2692461641094042       1.0262312125414610
     656.2694462975317720       1.0052577615715563
     656.2696464309540261       1.0234227385371923
     656.2698465643762802       0.9284700229763985
     656.2700466977985343       1.0352189801633358
     656.2702468312209021       0.9397773481905460
     656.2704469646431562       1.0277538392692804
     656.2706470980654103       0.9672128781676292
     656.2708472314876644       1.0040675671771169
     656.2710473649099185       0.9719214290380478
     656.2712474983322863       0.9531609863042831
     656.2714476317545405       1.0783589705824852
     656.2716477651767946       1.0623232983052731
     656.2718478985990487       0.9736102670431137
     656.2720480320214165       0.9387069754302502
     656.2722481654436706       0.9257189556956291
     656.2724482988659247       1.0545177161693573
     656.2726484322881788       1.0053028669208288
     656.2728485657105466       1.0444107577204704
     656.2730486991328007       0.9838815946131945
     656.2732488325550548       0.9939497937448323
     656.2734489659773089       1.0410412847995758
     656.2736490993996767       1.0045424639247358
     656.2738492328219309       1.0257583539932966
     656.2740493662441850       1.0406507365405560
     656.2742494996664391       0.9657268114387989
     656.2744496330888069       0.9838354755192995
     656.2746497665110610       0.9933151961304247
     656.2748498999333151       1.0861490890383720
     656.2750500333555692       0.9463272392749786
     656.2752501667779370       0.9977248359937221
     656.2754503002001911       0.9751468766480684
     656.2756504336224452       0.9712178576737642
     656.2758505670446993       0.9969410344492644
     656.2760507004670671       1.0643741339445114
     656.2762508338893213       0.9916918389499187
     656.2764509673115754       1.0003165827074554
     656.2766511007338295       0.9230468869209290
     656.2768512341560836       1.0174721889197826
     656.2770513675784514       1.0129060223698616
     656.2772515010007055       1.0033038835972548
     656.2774516344229596       1.0004579399246722
     656.2776517678452137       0.9634146392345428
     656.2778519012675815       0.9637005440890789
     656.2780520346898356       1.0220714341849089
     656.2782521681120897       1.0298122707754374
     656.2784523015343439       1.0178260374814272
     656.2786524349567117       0.9920410225167871
     656.2788525683789658       0.9545602090656757
     656.2790527018012199       0.9792019817978144
     656.2792528352234740       0.9721510969102383
     656.2794529686458418       1.0731309056282043
     656.2796531020680959       0.9493594653904438
     656.2798532354903500       0.9365136921405792
     656.2800533689126041       0.9400434233248234
     656.2802535023349719       1.0490463152527809
     656.2804536357572260       0.9319722130894661
     656.2806537691794802       1.0461593456566334
     656.2808539026017343       0.9636456966400146
     656.2810540360241021       0.9687197767198086
     656.2812541694463562       0.9412466287612915
     656.2814543028686103       1.0625194385647774
     656.2816544362908644       1.0074415095150471
     656.2818545697131185       1.0299903042614460
     656.2820547031354863       0.9885467467829585
     656.2822548365577404       1.0190811213105917
     656.2824549699799945       1.1170129701495171
     656.2826551034022486       1.0348934903740883
     656.2828552368246164       0.9820013288408518
     656.2830553702468706       1.0053787785582244
     656.2832555036691247       1.0658215358853340
     656.2834556370913788       0.9008083492517471
     656.2836557705137466       0.9819452967494726
     656.2838559039360007       0.9908736059442163
     656.2840560373582548       1.1093294620513916
     656.2842561707805089       1.0697203427553177
     656.2844563042028767       1.0230386164039373
     656.2846564376251308       0.9803072772920132
     656.2848565710473849       0.9850123180076480
     656.2850567044696390       1.0317043513059616
     656.2852568378920068       0.9825963340699673
     656.2854569713142610       0.9286987483501434
     656.2856571047365151       0.9704664889723063
     656.2858572381587692       0.9112640395760536
     656.2860573715811370       1.0319276563823223
     656.2862575050033911       0.9835160281509161
     656.2864576384256452       0.8880443647503853
     656.2866577718478993       1.1092427968978882
     656.2868579052702671       0.9836960192769766
     656.2870580386925212       0.9638493843376637
     656.2872581721147753       1.0724519342184067
     656.2874583055370294       0.9980458265636116
     656.2876584389592836       0.9807700887322426
     656.2878585723816514       1.0524069331586361
     656.2880587058039055       1.0647479146718979
     656.2882588392261596       0.9342384710907936
     656.2884589726484137       0.9884459665045142
     656.2886591060707815       1.0456568486988544
     656.2888592394930356       1.0198497157543898
     656.2890593729152897       1.0628300458192825
     656.2892595063375438       0.9778248015791178
     656.2894596397599116       1.0412293635308743
     656.2896597731821657       0.9894656213000417
     656.2898599066044198       1.0100881746038795
     656.2900600400266740       1.0460312776267529
     656.2902601734490418       0.9481868967413902
     656.2904603068712959       0.9319037571549416
     656.2906604402935500       0.8836777657270432
     656.2908605737158041       0.9784139189869165
     656.2910607071381719       1.0208785273134708
     656.2912608405604260       0.9956520902924240
     656.2914609739826801       1.0124868666753173
     656.2916611074049342       1.0517430379986763
     656.2918612408273020       1.0159703716635704
     656.2920613742495561       0.9702360443770885
     656.2922615076718103       0.9912528460845351
     656.2924616410940644       0.9703360348939896
     656.2926617745164322       1.0339230671525002
     656.2928619079386863       0.9801388792693615
     656.2930620413609404       0.9655367024242878
     656.2932621747831945       1.0107199791818857
     656.2934623082054486       1.0717429742217064
     656.2936624416278164       1.0377298854291439
     656.2938625750500705       1.0003133550344501
     656.2940627084723246       1.0152643686160445
     656.2942628418945787       1.0209245756268501
     656.2944629753169465       0.9743320457637310
     656.2946631087392007       0.9403489455580711
     656.2948632421614548       1.0444451086223125
     656.2950633755837089       1.0906033217906952
     656.2952635090060767       1.0017831968143582
     656.2954636424283308       1.0329835675656796
     656.2956637758505849       0.9521075598895550
     656.2958639092728390       0.9529237858951092
     656.2960640426952068       0.9786675553768873
     656.2962641761174609       1.0992017984390259
     656.2964643095397150       1.0184450559318066
     656.2966644429619691       0.9763631224632263
     656.2968645763843369       0.9817118216305971
     656.2970647098065911       1.0914424732327461
     656.2972648432288452       0.9993240137700923
     656.2974649766510993       1.0038043824024498
     656.2976651100734671       0.9704805109649897
     656.2978652434957212       1.0660003349184990
     656.2980653769179753       1.0227112155407667
     656.2982655103402294       1.0453398749232292
     656.2984656437624835       0.9962241214234382
     656.2986657771848513       1.0293163694441319
     656.2988659106071054       1.0500056147575378
     656.2990660440293595       0.9889705339446664
     656.2992661774516137       1.0025484710931778
     656.2994663108739815       1.0617951452732086
     656.2996664442962356       0.9970430941320956
     656.2998665777184897       1.0628207772970200
     656.3000667111407438       0.9639761336147785
     656.3002668445631116       1.0624888502061367
     656.3004669779853657       0.9334443584084511
     656.3006671114076198       0.9596506729722023
     656.3008672448298739       0.9641723558306694
     656.3010673782522417       1.0320902019739151
     656.3012675116744958       0.9669344052672386
     656.3014676450967499       1.0297604892402887
     656.3016677785190041       0.9900630544871092
     656.3018679119413719       1.0345771051943302
     656.3020680453636260       0.9626325219869614
     656.3022681787858801       0.8914059400558472
     656.3024683122081342       1.0437627956271172
     656.3026684456305020       1.0201710704714060
     656.3028685790527561       1.0332886837422848
     656.3030687124750102       0.9438177384436131
     656.3032688458972643       0.9984037519898266
     656.3034689793196321       0.9684086516499519
     656.3036691127418862       1.0072436407208443
     656.3038692461641403       1.0127739636227489
     656.3040693795863945       0.9492104053497314
     656.3042695130086486       0.9836629517376423
     656.3044696464310164       1.1279904991388321
     656.3046697798532705       1.0151877403259277
     656.3048699132755246       0.9972807082813233
     656.3050700466977787       1.0136567521840334
     656.3052701801201465       0.9611331038177013
     656.3054703135424006       1.0144591694697738
     656.3056704469646547       0.9192959517240524
     656.3058705803869088       0.9581617601215839
     656.3060707138092766       1.0140261603519320
     656.3062708472315308       1.0073304856196046
     656.3064709806537849       1.0066419891081750
     656.3066711140760390       1.0242148004472256
     656.3068712474984068       1.0292798634618521
     656.3070713809206609       0.9837751351296902
     656.3072715143429150       0.9457226321101189
     656.3074716477651691       0.9991748625179753
     656.3076717811875369       0.9822569973766804
     656.3078719146097910       0.9797319415956736
     656.3080720480320451       0.9620257727801800
     656.3082721814542992       1.0469500087201595
     656.3084723148766670       1.0098852273076773
     656.3086724482989212       1.0227233283221722
     656.3088725817211753       1.0154187483713031
     656.3090727151434294       0.9215116649866104
     656.3092728485656835       1.0231944713741541
     656.3094729819880513       0.9851731639355421
     656.3096731154103054       0.9174319729208946
     656.3098732488325595       0.9082528352737427
     656.3100733822548136       1.0305358525365591
     656.3102735156771814       0.9874146590009332
     656.3104736490994355       1.0044315247796476
     656.3106737825216896       1.0566793456673622
     656.3108739159439438       1.0347811989486217
     656.3110740493663116       0.9445195235311985
     656.3112741827885657       1.0058284732513130
     656.3114743162108198       1.0286936368793249
     656.3116744496330739       1.0027421407867223
     656.3118745830554417       1.0509507767856121
     656.3120747164776958       0.9026991873979568
     656.3122748498999499       1.0334336720407009
     656.3124749833222040       1.0428482666611671
     656.3126751167445718       1.0372631102800369
     656.3128752501668259       0.9988460525637493
     656.3130753835890800       1.0057494938373566
     656.3132755170113342       1.0066711092367768
     656.3134756504337020       0.9645094610750675
     656.3136757838559561       1.0099165216088295
     656.3138759172782102       1.0275434162467718
     656.3140760507004643       0.9385947883129120
     656.3142761841228321       1.0140092149376869
     656.3144763175450862       0.9722474180161953
     656.3146764509673403       0.9651890173554420
     656.3148765843895944       1.0351521037518978
     656.3150767178118485       1.0086819967254996
     656.3152768512342163       1.0029265112243593
     656.3154769846564704       1.0009614320588298
     656.3156771180787246       1.0092264665290713
     656.3158772515009787       1.0307887401431799
     656.3160773849233465       1.0044077532365918
     656.3162775183456006       0.9908672692254186
     656.3164776517678547       1.0025577517226338
     656.3166777851901088       1.0501434393227100
     656.3168779186124766       0.9597849659621716
     656.3170780520347307       1.0802566632628441
     656.3172781854569848       1.0104042654857039
     656.3174783188792389       1.0416847988963127
     656.3176784523016067       1.0108755240216851
     656.3178785857238609       1.0266544558107853
     656.3180787191461150       0.9887624848634005
     656.3182788525683691       1.0178754683583975
     656.3184789859907369       0.9634862728416920
     656.3186791194129910       1.0028194638434798
     656.3188792528352451       0.9762221910059452
     656.3190793862574992       1.0290039181709290
     656.3192795196798670       1.0401506684720516
     656.3194796531021211       0.9425951875746250
     656.3196797865243752       0.9267532452940941
     656.3198799199466293       1.0498926341533661
     656.3200800533688835       0.9825906101614237
     656.3202801867912513       1.0834673419594765
     656.3204803202135054       1.0281333625316620
     656.3206804536357595       1.0456717014312744
     656.3208805870580136       0.9072894528508186
     656.3210807204803814       1.0173550099134445
     656.3212808539026355       1.0285130720585585
     656.3214809873248896       0.9755980949848890
     656.3216811207471437       1.0402640290558338
     656.3218812541695115       1.0542276911437511
     656.3220813875917656       1.0055236713960767
     656.3222815210140197       0.9367587119340897
     656.3224816544362739       1.0503403656184673
     656.3226817878586417       0.9183205440640450
     656.3228819212808958       1.0104688666760921
     656.3230820547031499       0.9918538797646761
     656.3232821881254040       0.9764328170567751
     656.3234823215477718       0.9837828557938337
     656.3236824549700259       1.0259376261383295
     656.3238825883922800       1.0077999867498875
     656.3240827218145341       0.9736162219196558
     656.3242828552369019       1.0584213547408581
     656.3244829886591560       0.9947692570276558
     656.3246831220814101       0.9988430138910189
     656.3248832555036643       1.0742530003190041
     656.3250833889260321       1.0513478592038155
     656.3252835223482862       1.0116693731397390
     656.3254836557705403       0.9760847482830286
     656.3256837891927944       0.9470409154891968
     656.3258839226150485       0.9724312778562307
     656.3260840560374163       1.0448961146175861
     656.3262841894596704       1.0144739886745811
     656.3264843228819245       0.9352925717830658
     656.3266844563041786       1.0030745388939977
     656.3268845897265464       1.0213798824697733
     656.3270847231488005       1.0642302408814430
     656.3272848565710547       0.9962471339385957
     656.3274849899933088       0.9387183003127575
     656.3276851234156766       0.9691876322031021
     656.3278852568379307       0.9988644297700375
     656.3280853902601848       0.9743001963943243
     656.3282855236824389       0.9739919062703848
     656.3284856571048067       0.8689017444849014
     656.3286857905270608       1.0596858561038971
     656.3288859239493149       1.0012511817039922
     656.3290860573715690       0.9489617347717285
     656.3292861907939368       0.9785155206918716
     656.3294863242161910       0.9897044487297535
     656.3296864576384451       0.9954203297384083
     656.3298865910606992       0.9819195866584778
     656.3300867244830670       0.9725032206624746
     656.3302868579053211       1.0348120704293251
     656.3304869913275752       0.9730011336505413
     656.3306871247498293       0.9603568464517593
     656.3308872581721971       0.9747324995696545
     656.3310873915944512       0.9380920119583607
     656.3312875250167053       0.9244169667363167
     656.3314876584389594       0.9801458064466715
     656.3316877918612136       1.0837032347917557
     656.3318879252835814       1.0381562113761902
     656.3320880587058355       1.0692875906825066
     656.3322881921280896       1.0318360552191734
     656.3324883255503437       0.9860257962718606
     656.3326884589727115       1.0534806624054909
     656.3328885923949656       1.0564298518002033
     656.3330887258172197       1.0416004993021488
     656.3332888592394738       0.9763985648751259
     656.3334889926618416       0.9747475683689117
     656.3336891260840957       1.0239204689860344
     656.3338892595063498       1.0735805183649063
     656.3340893929286040       0.9870316470041871
     656.3342895263509718       1.0921331271529198
     656.3344896597732259       0.9833038691431284
     656.3346897931954800       0.8863141536712646
     656.3348899266177341       0.9679236151278019
     656.3350900600401019       1.0050554624758661
     656.3352901934623560       0.9669702984392643
     656.3354903268846101       0.9509597495198250
     656.3356904603068642       0.9896361278370023
     656.3358905937292320       0.9984225587686524
     656.3360907271514861       0.9547940678894520
     656.3362908605737402       0.9206745401024818
     656.3364909939959944       0.9356325790286064
     656.3366911274182485       0.9169532433152199
     656.3368912608406163       0.9608820192515850
     656.3370913942628704       1.0155580490827560
     656.3372915276851245       0.8935798183083534
     656.3374916611073786       0.9455980695784092
     656.3376917945297464       1.1026889309287071
     656.3378919279520005       0.9809809867292643
     656.3380920613742546       1.0782494470477104
     656.3382921947965087       1.0435058735311031
     656.3384923282188765       0.9973682765848935
     656.3386924616411306       1.0485427491366863
     656.3388925950633848       0.8460694551467896
     656.3390927284856389       1.0076904855668545
     656.3392928619080067       0.9893684284761548
     656.3394929953302608       1.0033493402879685
     656.3396931287525149       1.0882673785090446
     656.3398932621747690       1.0168145336210728
     656.3400933955971368       0.9068601876497269
     656.3402935290193909       0.9899875354021788
     656.3404936624416450       0.9761335216462612
     656.3406937958638991       1.0265458319336176
     656.3408939292862669       1.0430369377136230
     656.3410940627085211       1.0013129828730598
     656.3412941961307752       1.0613280348479748
     656.3414943295530293       0.9272280409932137
     656.3416944629753971       0.9548925049602985
     656.3418945963976512       1.0529885590076447
     656.3420947298199053       1.0701180920004845
     656.3422948632421594       1.0126791810616851
     656.3424949966644135       1.0005246771615930
     656.3426951300867813       0.8668108135461807
     656.3428952635090354       1.0154863316565752
     656.3430953969312895       1.0595615282654762
     656.3432955303535437       0.9673264138400555
     656.3434956637759115       0.9036712422966957
     656.3436957971981656       1.0620972029864788
     656.3438959306204197       1.0838192924857140
     656.3440960640426738       0.9713811967521906
     656.3442961974650416       1.0338555611670017
     656.3444963308872957       0.8891183957457542
     656.3446964643095498       1.0230673309415579
     656.3448965977318039       0.9350552037358284
     656.3450967311541717       0.9431685991585255
     656.3452968645764258       0.9799443725496531
     656.3454969979986799       1.0862070694565773
     656.3456971314209341       0.9891529465094209
     656.3458972648433019       1.0277753900736570
     656.3460973982655560       1.0115908337756991
     656.3462975316878101       1.0489237010478973
     656.3464976651100642       1.0189774613827467
     656.3466977985324320       0.9611235409975052
     656.3468979319546861       0.9711167663335800
     656.3470980653769402       1.0469125360250473
     656.3472981987991943       0.9339199736714363
     656.3474983322214484       1.0113195618614554
     656.3476984656438162       1.0307004395872355
     656.3478985990660703       1.0248632486909628
     656.3480987324883245       1.0518074221909046
     656.3482988659105786       0.8904563784599304
     656.3484989993329464       1.0131097882986069
     656.3486991327552005       1.0263902731239796
     656.3488992661774546       1.0274611320346594
     656.3490993995997087       0.9716444127261639
     656.3492995330220765       1.0076742470264435
     656.3494996664443306       1.0320245735347271
     656.3496997998665847       1.0310531165450811
     656.3498999332888388       1.0133731737732887
     656.3501000667112066       0.9194571748375893
     656.3503002001334607       1.0193028002977371
     656.3505003335557149       1.0249306615442038
     656.3507004669779690       0.9614944159984589
     656.3509006004003368       1.0003452278615441
     656.3511007338225909       0.9682992212474346
     656.3513008672448450       0.9545196257531643
     656.3515010006670991       1.0786428153514862
     656.3517011340894669       1.0955814942717552
     656.3519012675117210       1.0788684114813805
     656.3521014009339751       0.9940099441446364
     656.3523015343562292       0.9850907176733017
     656.3525016677785970       1.1154685020446777
     656.3527018012008512       1.0562309809029102
     656.3529019346231053       1.0787499025464058
     656.3531020680453594       0.9930882453918457
     656.3533022014676135       1.0413538329303265
     656.3535023348899813       0.8902982845902443
     656.3537024683122354       0.9583453573286533
     656.3539026017344895       1.0058457939885557
     656.3541027351567436       0.9931445308029652
     656.3543028685791114       1.0293034296482801
     656.3545030020013655       1.0072328536771238
     656.3547031354236196       1.0236561894416809
     656.3549032688458738       0.9954178039915860
     656.3551034022682416       1.0304680000990629
     656.3553035356904957       1.0091276327148080
     656.3555036691127498       1.0759514793753624
     656.3557038025350039       1.0442899726331234
     656.3559039359573717       1.1641092896461487
     656.3561040693796258       1.1240716800093651
     656.3563042028018799       0.9877837914973497
     656.3565043362241340       1.0414051897823811
     656.3567044696465018       0.9856729907914996
     656.3569046030687559       0.9825002737343310
     656.3571047364910100       0.9327687993645667
     656.3573048699132642       1.0032203886657951
     656.3575050033356320       0.9889484653249381
     656.3577051367578861       1.0213338397443290
     656.3579052701801402       0.9883133377879851
     656.3581054036023943       0.9890096988528958
     656.3583055370246484       0.9853571830317364
     656.3585056704470162       1.0236978493630864
     656.3587058038692703       1.0601784065365760
     656.3589059372915244       1.1063616499304725
     656.3591060707137785       1.0233158376067808
     656.3593062041361463       1.1028133258223431
     656.3595063375584004       1.0253150351345388
     656.3597064709806546       0.9909764658659476
     656.3599066044029087       0.9350991547107371
     656.3601067378252765       1.0351966246962070
     656.3603068712475306       1.0185184646397132
     656.3605070046697847       1.0194752179085191
     656.3607071380920388       1.0216106567530341
     656.3609072715144066       1.1153734102843040
     656.3611074049366607       1.0172748602923616
     656.3613075383589148       0.9537600465114385
     656.3615076717811689       1.0014777206809296
     656.3617078052035367       0.9251462891688566
     656.3619079386257908       1.0658240839825623
     656.3621080720480450       0.9811559412609309
     656.3623082054702991       1.0553278923007419
     656.3625083388926669       0.9347486495932907
     656.3627084723149210       1.0679479166810317
     656.3629086057371751       0.9795336183082634
     656.3631087391594292       0.9063537120709066
     656.3633088725817970       1.0311284996414165
     656.3635090060040511       1.0146590014701848
     656.3637091394263052       0.9951546503856986
     656.3639092728485593       0.9783887508829794
     656.3641094062708135       1.0300868935287797
     656.3643095396931813       1.0276392045534071
     656.3645096731154354       1.0690398587627457
     656.3647098065376895       1.0658809392053681
     656.3649099399599436       1.1001734507867820
     656.3651100733823114       0.9937492089115036
     656.3653102068045655       0.9737977698014699
     656.3655103402268196       1.0011768653182906
     656.3657104736490737       0.9595421582125400
     656.3659106070714415       1.0235437386297472
     656.3661107404936956       1.0732651412948182
     656.3663108739159497       1.0201302952099069
     656.3665110073382039       1.1196787330815114
     656.3667111407605717       0.9819976893779737
     656.3669112741828258       0.9573792990522878
     656.3671114076050799       1.0444181981008860
     656.3673115410273340       1.0240344076273509
     656.3675116744497018       0.9609115417576066
     656.3677118078719559       0.9827952565633497
     656.3679119412942100       1.0035243871857336
     656.3681120747164641       1.0543246369034596
     656.3683122081388319       1.0389600817595175
     656.3685123415610860       0.9764667291708273
     656.3687124749833401       1.0366791157625839
     656.3689126084055943       0.9700528155662794
     656.3691127418278484       1.0027203461087413
     656.3693128752502162       1.0398914707834104
     656.3695130086724703       0.9972698985606551
     656.3697131420947244       1.0451673375421149
     656.3699132755169785       0.9929938695284565
     656.3701134089393463       1.0218110265437437
     656.3703135423616004       1.0414398501952657
     656.3705136757838545       1.0612171783091640
     656.3707138092061086       0.9738937797962531
     656.3709139426284764       0.9908203478248604
     656.3711140760507305       1.0436617106873398
     656.3713142094729847       1.0118804437269189
     656.3715143428952388       0.9809406834045581
     656.3717144763176066       1.0285566576888545
     656.3719146097398607       1.0785230896784701
     656.3721147431621148       0.9936351966639021
     656.3723148765843689       0.9207973966818495
     656.3725150100067367       0.9365859882960729
     656.3727151434289908       0.9989545726126638
     656.3729152768512449       1.0879581864242376
     656.3731154102734990       1.0370825354678974
     656.3733155436958668       1.0306611866984905
     656.3735156771181209       0.9066579362698343
     656.3737158105403751       1.0181192595892987
     656.3739159439626292       1.0356256230547076
     656.3741160773849970       0.9309281542803306
     656.3743162108072511       0.9985477945032570
     656.3745163442295052       0.9958019757163489
     656.3747164776517593       0.9825814562368655
     656.3749166110740134       0.9460643215008984
     656.3751167444963812       0.9698679533275782
     656.3753168779186353       1.0776668809640451
     656.3755170113408894       1.0573949261492195
     656.3757171447631436       1.0042442484392455
     656.3759172781855113       1.0705524950773693
     656.3761174116077655       1.0342265059973668
     656.3763175450300196       0.9389199255858399
     656.3765176784522737       1.0198089059937665
     656.3767178118746415       0.9967980490212784
     656.3769179452968956       1.0371045982817502
     656.3771180787191497       1.0311039030820961
     656.3773182121414038       1.0564747675153185
     656.3775183455637716       1.0347112186141190
     656.3777184789860257       0.9749176038024771
     656.3779186124082798       1.0142095331292742
     656.3781187458305340       1.0070548052607871
     656.3783188792529018       0.9603235901876451
     656.3785190126751559       1.0710109135315156
     656.3787191460974100       0.9813446796753152
     656.3789192795196641       1.0630728764308568
     656.3791194129420319       1.0387422782295657
     656.3793195463642860       0.9880078613535739
     656.3795196797865401       0.9618174944283744
     656.3797198132087942       0.9409670402963288
     656.3799199466311620       0.9849166015988353
     656.3801200800534161       1.0028479442623075
     656.3803202134756702       1.0422739514017818
     656.3805203468979244       1.0267132381292983
     656.3807204803201785       1.0752017859713088
     656.3809206137425463       1.0412128774122182
     656.3811207471648004       0.9671987357461147
     656.3813208805870545       1.0168296913889787
     656.3815210140093086       0.9335362573760714
     656.3817211474316764       0.9890968094171089
     656.3819212808539305       0.9989690875048589
     656.3821214142761846       1.0603324390706166
     656.3823215476984387       0.9794003981348900
     656.3825216811208065       0.9607641308664734
     656.3827218145430606       0.9314646954645491
     656.3829219479653148       0.9445751143578127
     656.3831220813875689       1.0330201086882211
     656.3833222148099367       0.9200841103349848
     656.3835223482321908       0.9523730273918731
     656.3837224816544449       0.8974236066660176
     656.3839226150766990       0.9151087828589060
     656.3841227484990668       1.0065772262094170
     656.3843228819213209       0.9236781415024511
     656.3845230153435750       0.9831593731854168
     656.3847231487658291       0.9684130291142151
     656.3849232821881969       0.9387487034128080
     656.3851234156104510       0.9613480007296390
     656.3853235490327052       0.9374883208317634
     656.3855236824549593       0.9427260732640079
     656.3857238158772134       0.7515233830162014
     656.3859239492995812       0.8545959789160301
     656.3861240827218353       1.0009290313637784
     656.3863242161440894       0.9019776530149998
     656.3865243495663435       0.8840174697623897
     656.3867244829887113       0.8027926287618515
     656.3869246164109654       0.8750197482662697
     656.3871247498332195       0.8873221413165617
     656.3873248832554737       0.8730272358204013
     656.3875250166778414       0.8795908859503556
     656.3877251501000956       0.7991990279742286
     656.3879252835223497       0.7448484418719116
     656.3881254169446038       0.8272045722101565
     656.3883255503669716       0.8534628916422033
     656.3885256837892257       0.7876569234340377
     656.3887258172114798       0.8310816993874555
     656.3889259506337339       0.8972399909943738
     656.3891260840561017       0.7898777568919628
     656.3893262174783558       0.7571506657371163
     656.3895263509006099       0.7490589553863657
     656.3897264843228641       0.8311043548950665
     656.3899266177452319       0.7494508792871580
     656.3901267511674860       0.8239343290856470
     656.3903268845897401       0.7867346330457812
     656.3905270180119942       0.7700253396056540
     656.3907271514343620       0.8724013285253923
     656.3909272848566161       0.7688078134628259
     656.3911274182788702       0.8126928934843112
     656.3913275517011243       0.8398941316037136
     656.3915276851233784       0.8020379170333289
     656.3917278185457462       0.7586564048115669
     656.3919279519680003       0.8171088933144327
     656.3921280853902545       0.7924807923053696
     656.3923282188125086       0.7301005469446219
     656.3925283522348764       0.8548723258986619
     656.3927284856571305       0.9009128812748177
     656.3929286190793846       0.7770459888701402
     656.3931287525016387       0.8534913121101551
     656.3933288859240065       0.7547187743199987
     656.3935290193462606       0.8877674779923479
     656.3937291527685147       0.9343524986163054
     656.3939292861907688       0.9260618876055969
     656.3941294196131366       0.7975533097087480
     656.3943295530353907       0.8622986275131455
     656.3945296864576449       0.9709702939555795
     656.3947298198798990       0.8665099159102482
     656.3949299533022668       0.8785175192431232
     656.3951300867245209       0.8503716413930538
     656.3953302201467750       0.8857100176170126
     656.3955303535690291       0.9015046679006606
     656.3957304869913969       0.9137304806062115
     656.3959306204136510       0.9072710730810081
     656.3961307538359051       0.9513049587954140
     656.3963308872581592       0.8712779457670897
     656.3965310206804133       0.9282797254000780
     656.3967311541027811       0.9906667007809825
     656.3969312875250353       0.8640789667820324
     656.3971314209472894       0.9895973182863240
     656.3973315543695435       0.9949905765290685
     656.3975316877919113       0.9076867726162022
     656.3977318212141654       0.9442252333691074
     656.3979319546364195       0.9790953386329009
     656.3981320880586736       0.8073264940818744
     656.3983322214810414       0.9167313370335662
     656.3985323549032955       0.9071084779307030
     656.3987324883255496       0.9954505473235533
     656.3989326217478038       0.9631065911058694
     656.3991327551701715       1.0760298340295731
     656.3993328885924257       1.0016993914823114
     656.3995330220146798       1.0487133851814117
     656.3997331554369339       0.9398021951649292
     656.3999332888593017       0.9204486054763599
     656.4001334222815558       0.9962336880614426
     656.4003335557038099       0.9833378473909369
     656.4005336891260640       1.0265369700538767
     656.4007338225484318       1.0376287948126830
     656.4009339559706859       1.0077097005592965
     656.4011340893929400       1.0157102788261647
     656.4013342228151942       1.1379548537599702
     656.4015343562375620       0.9533389597238090
     656.4017344896598161       1.0378472737361468
     656.4019346230820702       1.1192335132299136
     656.4021347565043243       1.0268468894140592
     656.4023348899265784       0.9780248031453359
     656.4025350233489462       1.0643168573113002
     656.4027351567712003       1.0460312499265345
     656.4029352901934544       0.9523422521238641
     656.4031354236157085       1.0403927157156925
     656.4033355570380763       1.0297551003928604
     656.4035356904603304       1.0340243474407440
     656.4037358238825846       0.9220724463465880
     656.4039359573048387       1.0054303636244413
     656.4041360907272065       0.9497116717858193
     656.4043362241494606       0.9832103329310290
     656.4045363575717147       0.9323503140456646
     656.4047364909939688       1.0111482257606632
     656.4049366244163366       0.9830432317497541
     656.4051367578385907       1.0121761991954183
     656.4053368912608448       0.9207216985075931
     656.4055370246830989       1.0189774649654912
     656.4057371581054667       1.0834065518176768
     656.4059372915277208       1.0388076274502629
     656.4061374249499750       0.9811120587573033
     656.4063375583722291       0.9988227188806242
     656.4065376917945969       0.9935775780358130
     656.4067378252168510       0.9770438686213145
     656.4069379586391051       0.9427201392967341
     656.4071380920613592       0.9786449180682310
     656.4073382254836133       0.9688947352368581
     656.4075383589059811       0.9835679793781741
     656.4077384923282352       0.9752178966361028
     656.4079386257504893       0.9538064818129423
     656.4081387591727434       0.9731075053477620
     656.4083388925951112       0.9220428771588134
     656.4085390260173654       0.9534128682020206
     656.4087391594396195       0.8919841459378175
     656.4089392928618736       1.0068098498219973
     656.4091394262842414       1.0328536061487275
     656.4093395597064955       0.9904634347141477
     656.4095396931287496       0.9514818644355686
     656.4097398265510037       1.0679923698324878
     656.4099399599733715       1.0419130839837791
     656.4101400933956256       1.0105785025450575
     656.4103402268178797       0.9081218415117771
     656.4105403602401339       1.0243828485871609
     656.4107404936625016       0.9717271479128970
     656.4109406270847558       1.0094000947753803
     656.4111407605070099       1.0441379536943038
     656.4113408939292640       0.9566630824204170
     656.4115410273516318       0.9817001660089144
     656.4117411607738859       0.8890949996764331
     656.4119412941961400       1.0293497647159249
     656.4121414276183941       1.0490682342308069
     656.4123415610407619       0.9670665274310057
     656.4125416944630160       1.0484393694534373
     656.4127418278852701       0.9714969211357600
     656.4129419613075243       0.9978490078259936
     656.4131420947297784       0.9913715846961597
     656.4133422281521462       1.0473973335393494
     656.4135423615744003       1.0028189162206038
     656.4137424949966544       0.9802890553852684
     656.4139426284189085       1.0619063296435374
     656.4141427618412763       1.0081709833044930
     656.4143428952635304       1.0149741863615027
     656.4145430286857845       0.9606603983979362
     656.4147431621080386       1.0070390676613830
     656.4149432955304064       1.0175713822647008
     656.4151434289526605       1.0088723428161257
     656.4153435623749147       0.9491957341701439
     656.4155436957971688       0.9727620437962341
     656.4157438292195366       0.9898841869388512
     656.4159439626417907       1.0118225799744267
     656.4161440960640448       1.0179420464662194
     656.4163442294862989       0.9896342603317813
     656.4165443629086667       1.0006480340653798
     656.4167444963309208       0.9393148719201181
     656.4169446297531749       0.9663255996236375
     656.4171447631754290       0.9817207697228831
     656.4173448965977968       0.9756285603695292
     656.4175450300200509       0.9826926905380040
     656.4177451634423051       1.0328974537350488
     656.4179452968645592       0.9530413076138650
     656.4181454302869270       1.0013309877730108
     656.4183455637091811       1.0714320391344805
     656.4185456971314352       0.9953363696062583
     656.4187458305536893       1.0552486069464784
     656.4189459639759434       1.0105122802754030
     656.4191460973983112       0.9898769194242689
     656.4193462308205653       0.9254708066570414
     656.4195463642428194       1.0340943746260198
     656.4197464976650735       1.0482162795954957
     656.4199466310874413       0.8949481248851466
     656.4201467645096955       1.0603110492226608
     656.4203468979319496       0.9783185794947562
     656.4205470313542037       1.1156148537992077
     656.4207471647765715       1.0063509154132566
     656.4209472981988256       0.9915598975493866
     656.4211474316210797       0.9072368294000189
     656.4213475650433338       1.0268058963119686
     656.4215476984657016       1.0645834207534588
     656.4217478318879557       0.9700775444507462
     656.4219479653102098       1.0509540103375818
     656.4221480987324640       1.0063610137440202
     656.4223482321548317       1.0318190567195373
     656.4225483655770859       0.9752940796315642
     656.4227484989993400       1.1150371432304365
     656.4229486324215941       0.9581730142235744
     656.4231487658439619       0.9760651830583802
     656.4233488992662160       0.9779427666217083
     656.4235490326884701       0.9642673321068284
     656.4237491661107242       0.9620103202760217
     656.4239492995329783       1.0330863334238529
     656.4241494329553461       1.0216756220906973
     656.4243495663776002       1.0184088256210089
     656.4245496997998544       0.9622374027967453
     656.4247498332221085       0.9733251724392176
     656.4249499666444763       0.9563341438770294
     656.4251501000667304       0.9820579625666142
     656.4253502334889845       0.9809128176420927
     656.4255503669112386       0.9688756335526705
     656.4257505003336064       1.0026975038927048
     656.4259506337558605       0.9856846714392304
     656.4261507671781146       0.9780288878828287
     656.4263509006003687       1.0362395606935024
     656.4265510340227365       0.9534426108002663
     656.4267511674449906       0.8952708095312119
     656.4269513008672448       1.0013547833077610
     656.4271514342894989       0.9905952764675021
     656.4273515677118667       0.9659820944070816
     656.4275517011341208       0.9601849094033241
     656.4277518345563749       0.9674267582595348
     656.4279519679786290       0.9854137133806944
     656.4281521014009968       1.0053885653614998
     656.4283522348232509       1.0423128381371498
     656.4285523682455050       1.0192946121096611
     656.4287525016677591       0.9752953164279461
     656.4289526350901269       1.0615250580012798
     656.4291527685123810       0.9840683173388243
     656.4293529019346352       1.0725010633468628
     656.4295530353568893       0.9724592920392752
     656.4297531687791434       1.0300995241850615
     656.4299533022015112       0.9955542404204607
     656.4301534356237653       1.0727965682744980
     656.4303535690460194       0.9746074546128511
     656.4305537024682735       1.0865033790469170
     656.4307538358906413       1.0173815544694662
     656.4309539693128954       0.9196192324161530
     656.4311541027351495       1.0040073590353131
     656.4313542361574036       1.0008370524155907
     656.4315543695797714       0.9814422819763422
     656.4317545030020256       1.1065613776445389
     656.4319546364242797       0.9532817490398884
     656.4321547698465338       0.9723048657178879
     656.4323549032689016       1.0410580411553383
     656.4325550366911557       1.0172520671039820
     656.4327551701134098       1.0403848476707935
     656.4329553035356639       0.9305067881941795
     656.4331554369580317       0.9671432413160801
     656.4333555703802858       1.0660264194011688
     656.4335557038025399       1.0422316044569016
     656.4337558372247940       0.9344370216131210
     656.4339559706471618       1.0523778200149536
     656.4341561040694160       1.0231590922921896
     656.4343562374916701       1.0294017996639013
     656.4345563709139242       0.9830678813159466
     656.4347565043361783       0.8897202089428902
     656.4349566377585461       0.9820190314203501
     656.4351567711808002       0.9926905520260334
     656.4353569046030543       1.0059648803435266
     656.4355570380253084       1.0158098135143518
     656.4357571714476762       0.9868149021640420
     656.4359573048699303       1.0248015467077494
     656.4361574382921845       0.9995036106556654
     656.4363575717144386       1.0604868493974209
     656.4365577051368064       1.0240372028201818
     656.4367578385590605       0.9339066967368126
     656.4369579719813146       1.0166855044662952
     656.4371581054035687       0.9663702882826328
     656.4373582388259365       1.0121637443080544
     656.4375583722481906       1.0007964535034262
     656.4377585056704447       0.9571672528982162
     656.4379586390926988       0.9877095790579915
     656.4381587725150666       0.9884273828938603
     656.4383589059373207       0.9413151927292347
     656.4385590393595749       0.8932523205876350
     656.4387591727818290       0.9607168771326542
     656.4389593062041968       1.0179444458335638
     656.4391594396264509       1.0127396453171968
     656.4393595730487050       0.9101217165589333
     656.4395597064709591       1.0512660108506680
     656.4397598398933269       1.0480354689061642
     656.4399599733155810       1.0042982106097043
     656.4401601067378351       0.9494562037289143
     656.4403602401600892       0.9848958924412727
     656.4405603735823433       0.9666850790381432
     656.4407605070047111       0.9504542089998722
     656.4409606404269653       0.8782453611493111
     656.4411607738492194       0.9737272206693888
     656.4413609072714735       0.9549671970307827
     656.4415610406938413       1.0052041001617908
     656.4417611741160954       0.9807180296629667
     656.4419613075383495       1.0143192261457443
     656.4421614409606036       1.0076388353481889
     656.4423615743829714       0.8885631337761879
     656.4425617078052255       1.0709671452641487
     656.4427618412274796       1.0483004041016102
     656.4429619746497337       0.9705804046243429
     656.4431621080721015       1.0085852984338999
     656.4433622414943557       1.0568703226745129
     656.4435623749166098       1.0687577426433563
     656.4437625083388639       0.9604229219257832
     656.4439626417612317       0.9618726819753647
     656.4441627751834858       0.9768646527081728
     656.4443629086057399       1.1334288567304611
     656.4445630420279940       0.9897151831537485
     656.4447631754503618       1.0223403926938772
     656.4449633088726159       1.0863144323229790
     656.4451634422948700       1.0408299043774605
     656.4453635757171241       0.9639154858887196
     656.4455637091393783       1.0268853493034840
     656.4457638425617461       0.9787849187850952
     656.4459639759840002       0.9847308648750186
     656.4461641094062543       0.9414282925426960
     656.4463642428285084       0.9752909354865551
     656.4465643762508762       1.0299122165888548
     656.4467645096731303       0.9999828471572982
     656.4469646430953844       0.9505300708115101
     656.4471647765176385       0.9668587483465672
     656.4473649099400063       0.9863355513662100
     656.4475650433622604       0.9879300482571125
     656.4477651767845146       1.0549131520092487
     656.4479653102067687       0.9443530254065990
     656.4481654436291365       1.0921839401125908
     656.4483655770513906       1.0836416557431221
     656.4485657104736447       0.9984004364814609
     656.4487658438958988       0.9795274529606104
     656.4489659773182666       0.9568308405578136
     656.4491661107405207       1.1250895112752914
     656.4493662441627748       0.9692579768598080
     656.4495663775850289       0.9998809974276810
     656.4497665110073967       0.9702110793441534
     656.4499666444296508       1.0321057327091694
     656.4501667778519050       0.9467790834605694
     656.4503669112741591       0.9790345672518015
     656.4505670446965269       0.9688183777034283
     656.4507671781187810       0.9700753204524517
     656.4509673115410351       0.9997530298132915
     656.4511674449632892       1.1394346058368683
     656.4513675783855433       0.9838027767837048
     656.4515677118079111       0.9206074848771095
     656.4517678452301652       0.9767010472714901
     656.4519679786524193       1.0024629402905703
     656.4521681120746734       1.0257142279297113
     656.4523682454970412       1.1158652454614639
     656.4525683789192954       0.9274057149887085
     656.4527685123415495       1.0809236690402031
     656.4529686457638036       0.9910518517717719
     656.4531687791861714       1.0335200279951096
     656.4533689126084255       1.0372217707335949
     656.4535690460306796       0.9005981758236885
     656.4537691794529337       0.9659716822206974
     656.4539693128753015       1.0065808156505227
     656.4541694462975556       0.9591103531420231
     656.4543695797198097       0.9049350395798683
     656.4545697131420638       0.9586941748857498
     656.4547698465644316       0.9920131284743547
     656.4549699799866858       0.9152420535683632
     656.4551701134089399       1.0789283141493797
     656.4553702468311940       0.9595366008579731
     656.4555703802535618       0.9244850352406502
     656.4557705136758159       1.0216701216995716
     656.4559706470980700       0.9444166533648968
     656.4561707805203241       0.9904743358492851
     656.4563709139425782       1.0206154864281416
     656.4565710473649460       0.9125841483473778
     656.4567711807872001       0.9791967887431383
     656.4569713142094542       0.9483089782297611
     656.4571714476317084       1.0162379145622253
     656.4573715810540762       0.9613651297986507
     656.4575717144763303       1.0661936104297638
     656.4577718478985844       1.0502973906695843
     656.4579719813208385       0.9966850019991398
     656.4581721147432063       0.9480347856879234
     656.4583722481654604       0.9884184496477246
     656.4585723815877145       1.0388895310461521
     656.4587725150099686       0.9432561285793781
     656.4589726484323364       1.0212551262229681
     656.4591727818545905       1.0058384588919580
     656.4593729152768447       0.9757413957268000
     656.4595730486990988       1.0212602671235800
     656.4597731821214666       0.9736980758607388
     656.4599733155437207       1.0267228521406651
     656.4601734489659748       1.0518078394234180
     656.4603735823882289       0.9662726595997810
     656.4605737158105967       0.9428487904369831
     656.4607738492328508       1.0479436591267586
     656.4609739826551049       0.9888168312609196
     656.4611741160773590       0.9910267367959023
     656.4613742494997268       1.0143997138366103
     656.4615743829219809       0.9910886669531465
     656.4617745163442351       0.9863291112706065
     656.4619746497664892       0.9772710036486387
     656.4621747831887433       0.9314040988683701
     656.4623749166111111       1.0014547479804605
     656.4625750500333652       1.0162426028400660
     656.4627751834556193       1.0212606191635132
     656.4629753168778734       1.0180239509791136
     656.4631754503002412       1.0088949035853148
     656.4633755837224953       0.9112191796302795
     656.4635757171447494       0.9133055284619331
     656.4637758505670035       1.0119655551388860
     656.4639759839893713       0.9200797528028488
     656.4641761174116255       1.0151411313563585
     656.4643762508338796       1.0362258255481720
     656.4645763842561337       1.0138689177110791
     656.4647765176785015       0.9857216402888298
     656.4649766511007556       1.0325876809656620
     656.4651767845230097       0.9090899303555489
     656.4653769179452638       1.0548293478786945
     656.4655770513676316       1.0686157867312431
     656.4657771847898857       0.9307002499699593
     656.4659773182121398       0.9388769790530205
     656.4661774516343939       1.0012462905142456
     656.4663775850567617       0.9721230268478394
     656.4665777184790159       0.9744573999196291
     656.4667778519012700       0.9705863595008850
     656.4669779853235241       0.9592727981507778
     656.4671781187458919       0.9484744705259800
     656.4673782521681460       1.0005273364949971
     656.4675783855904001       1.0142030213028193
     656.4677785190126542       0.9179532304406166
     656.4679786524349083       0.9233642667531967
     656.4681787858572761       0.9640713371336460
     656.4683789192795302       0.9996073936054017
     656.4685790527017843       0.9682760685682297
     656.4687791861240385       0.9909947514533997
     656.4689793195464063       1.0805059894919395
     656.4691794529686604       0.9688006602227688
     656.4693795863909145       0.9377921558916569
     656.4695797198131686       0.9151082858443260
     656.4697798532355364       0.9826578591018915
     656.4699799866577905       0.9989208845654503
     656.4701801200800446       0.9663971215486526
     656.4703802535022987       1.1233901977539062
     656.4705803869246665       1.0052170366980135
     656.4707805203469206       0.9708464760333300
     656.4709806537691748       1.0200380738824606
     656.4711807871914289       1.0023735552094877
     656.4713809206137967       0.9725677780807018
     656.4715810540360508       1.0064810239709914
     656.4717811874583049       1.0842603072524071
     656.4719813208805590       1.0259162634611130
     656.4721814543029268       1.0928802266716957
     656.4723815877251809       0.9717174135148525
     656.4725817211474350       1.0276874750852585
     656.4727818545696891       0.9377631060779095
     656.4729819879919432       0.9602930955588818
     656.4731821214143110       0.9002018347382545
     656.4733822548365652       0.9304262027144432
     656.4735823882588193       0.9885626034811139
     656.4737825216810734       1.0204522889107466
     656.4739826551034412       0.9566127248108387
     656.4741827885256953       0.9417555741965771
     656.4743829219479494       0.9435994215309620
     656.4745830553702035       0.9828376900404692
     656.4747831887925713       0.9205058068037033
     656.4749833222148254       0.9445111565291882
     656.4751834556370795       1.0638691112399101
     656.4753835890593336       1.0340539142489433
     656.4755837224817014       1.0333165787160397
     656.4757838559039556       1.1325946003198624
     656.4759839893262097       1.0353562608361244
     656.4761841227484638       0.8615699857473373
     656.4763842561708316       0.9910714598372579
     656.4765843895930857       0.9939473667182028
     656.4767845230153398       0.9758045654743910
     656.4769846564375939       0.9484206363558769
     656.4771847898599617       1.0607334673404694
     656.4773849232822158       1.0184575282037258
     656.4775850567044699       0.9910269025713205
     656.4777851901267240       1.0069819823838770
     656.4779853235490918       0.9724496919661760
     656.4781854569713460       0.9268144667148590
     656.4783855903936001       1.0209644418209791
     656.4785857238158542       0.9877753006294370
     656.4787858572381083       1.0298756491392851
     656.4789859906604761       0.9183212444186211
     656.4791861240827302       0.9202104508876801
     656.4793862575049843       0.9936418929137290
     656.4795863909272384       0.9920134814456105
     656.4797865243496062       1.0066213794052601
     656.4799866577718603       1.0070468671619892
     656.4801867911941144       1.0636035352945328
     656.4803869246163686       1.0130728725343943
     656.4805870580387364       1.0198155865073204
     656.4807871914609905       0.9729178119450808
     656.4809873248832446       0.9715786743909121
     656.4811874583054987       0.9637802764773369
     656.4813875917278665       1.0109662469476461
     656.4815877251501206       0.9941450036130846
     656.4817878585723747       1.0486272685229778
     656.4819879919946288       1.0558778718113899
     656.4821881254169966       0.9921907857060432
     656.4823882588392507       0.9588164873421192
     656.4825883922615049       1.0709999576210976
     656.4827885256837590       0.9446351863443851
     656.4829886591061268       1.0907422825694084
     656.4831887925283809       1.0466309003531933
     656.4833889259506350       0.9825721252709627
     656.4835890593728891       0.9191092625260353
     656.4837891927951432       0.9702655766159296
     656.4839893262175110       0.9870774699375033
     656.4841894596397651       1.0439986847341061
     656.4843895930620192       1.0017295362195000
     656.4845897264842733       1.0044890656135976
     656.4847898599066411       1.0525737889111042
     656.4849899933288953       1.0104532865807414
     656.4851901267511494       1.0912468060851097
     656.4853902601734035       1.0347939841449261
     656.4855903935957713       1.0248014833778143
     656.4857905270180254       0.9565774276852608
     656.4859906604402795       0.9533884748816490
     656.4861907938625336       0.8388972580432892
     656.4863909272849014       0.9625772126019001
     656.4865910607071555       1.0763852149248123
     656.4867911941294096       0.9372858926653862
     656.4869913275516637       1.0379961691796780
     656.4871914609740315       0.9665930867195129
     656.4873915943962857       0.9503271728754044
     656.4875917278185398       0.9106152206659317
     656.4877918612407939       1.0593468025326729
     656.4879919946631617       0.9615349769592285
     656.4881921280854158       0.9648393578827381
     656.4883922615076699       0.9359768107533455
     656.4885923949299240       1.0495440773665905
     656.4887925283522918       0.9914667829871178
     656.4889926617745459       0.9257285222411156
     656.4891927951968000       1.0485274679958820
     656.4893929286190541       1.0283900499343872
     656.4895930620413083       1.0096978414803743
     656.4897931954636761       1.0837785229086876
     656.4899933288859302       0.9956963649019599
     656.4901934623081843       1.0083456467837095
     656.4903935957304384       1.0645942389965057
     656.4905937291528062       1.0370114073157310
     656.4907938625750603       0.9721638876944780
     656.4909939959973144       1.0156742837280035
     656.4911941294195685       0.9828848131000996
     656.4913942628419363       0.9884831458330154
     656.4915943962641904       1.0018654766026884
     656.4917945296864445       1.0257980767637491
     656.4919946631086987       1.0097095100209117
     656.4921947965310665       0.9987820569658652
     656.4923949299533206       1.0229697059839964
     656.4925950633755747       0.9816526863723993
     656.4927951967978288       1.0613582730293274
     656.4929953302201966       0.9647726751863956
     656.4931954636424507       1.0176546480506659
     656.4933955970647048       1.0626191869378090
     656.4935957304869589       0.9885104810819030
     656.4937958639093267       0.9741542059928179
     656.4939959973315808       0.9504308141767979
     656.4941961307538350       0.8742734044790268
     656.4943962641760891       1.0314132273197174
     656.4945963975983432       1.0725038871169090
     656.4947965310207110       0.9881501737982035
     656.4949966644429651       0.9450158365070820
     656.4951967978652192       1.0796994268894196
     656.4953969312874733       1.0262478180229664
     656.4955970647098411       0.9622260443866253
     656.4957971981320952       0.9467624016106129
     656.4959973315543493       0.9831412415951490
     656.4961974649766034       0.9382712170481682
     656.4963975983989712       0.9993899521068670
     656.4965977318212254       0.9642498046159744
     656.4967978652434795       0.9733007494360209
     656.4969979986657336       1.0251518581062555
     656.4971981320881014       0.9733682572841644
     656.4973982655103555       0.9774494655430317
     656.4975983989326096       0.9618070423603058
     656.4977985323548637       0.9674825146794319
     656.4979986657772315       0.9647499136626720
     656.4981987991994856       0.9720565043389797
     656.4983989326217397       0.9901593001559377
     656.4985990660439938       1.0425856150686741
     656.4987991994663616       1.0447242371737957
     656.4989993328886158       0.9765333794057369
     656.4991994663108699       0.9748509917408228
     656.4993995997331240       0.9011397585272789
     656.4995997331554918       1.0971632301807404
     656.4997998665777459       0.9594059251248837
     656.5000000000000000       0.9780982378870249
