     656.2000000000000455       0.9909695051610470
     656.2002001334222996       1.0208795964717865
     656.2004002668445537       1.0547595024108887
     656.2006004002669215       0.9756438527256250
     656.2008005336891756       1.0166893117129803
     656.2010006671114297       1.0456460677087307
     656.2012008005336838       0.9910632167011499
     656.2014009339560516       1.0194444265216589
     656.2016010673783057       0.9897518055513501
     656.2018012008005599       1.0503916405141354
     656.2020013342228140       0.9904117919504642
     656.2022014676451818       0.9886972783133388
     656.2024016010674359       1.0199207011610270
     656.2026017344896900       0.9397956356406212
     656.2028018679119441       1.0215014088898897
     656.2030020013343119       0.9601809382438660
     656.2032021347565660       1.0100222518667579
     656.2034022681788201       0.9684873223304749
     656.2036024016010742       1.0020924252457917
     656.2038025350234420       1.0062344307079911
     656.2040026684456961       1.0686402842402458
     656.2042028018679503       0.9482433497905731
     656.2044029352902044       0.9035500288009644
     656.2046030687125722       1.0808235853910446
     656.2048032021348263       0.9537691324949265
     656.2050033355570804       1.0362420268356800
     656.2052034689793345       1.0574580132961273
     656.2054036024017023       0.9273007065057755
     656.2056037358239564       0.9298142343759537
     656.2058038692462105       0.9686783328652382
     656.2060040026684646       1.0897515565156937
     656.2062041360907187       0.9766917452216148
     656.2064042695130865       0.9144270420074463
     656.2066044029353407       1.0467678532004356
     656.2068045363575948       1.0027329456061125
     656.2070046697798489       1.0164700243622065
     656.2072048032022167       1.0186183266341686
     656.2074049366244708       0.9642445221543312
     656.2076050700467249       1.0419954210519791
     656.2078052034689790       1.0529456995427608
     656.2080053368913468       1.1115470528602600
     656.2082054703136009       0.9916166262701154
     656.2084056037358550       0.9645871743559837
     656.2086057371581092       1.0863368213176727
     656.2088058705804769       0.9828028865158558
     656.2090060040027311       0.9656143821775913
     656.2092061374249852       0.9586707241833210
     656.2094062708472393       1.0631062686443329
     656.2096064042696071       0.9113152846693993
     656.2098065376918612       0.8632923662662506
     656.2100066711141153       0.9360706806182861
     656.2102068045363694       1.0082411533221602
     656.2104069379587372       1.0667958334088326
     656.2106070713809913       1.0447345897555351
     656.2108072048032454       1.0271321963518858
     656.2110073382254996       0.9785268642008305
     656.2112074716477537       0.8680301010608673
     656.2114076050701215       1.0695377662777901
     656.2116077384923756       1.0005085699376650
     656.2118078719146297       0.9566068723797798
     656.2120080053368838       0.9495768249034882
     656.2122081387592516       1.0121166920289397
     656.2124082721815057       0.9903295906260610
     656.2126084056037598       0.9666632488369942
     656.2128085390260139       0.9857852933928370
     656.2130086724483817       1.1094950363039970
     656.2132088058706358       0.9712978471070528
     656.2134089392928900       1.0132557330653071
     656.2136090727151441       1.0284296777099371
     656.2138092061375119       0.9940477665513754
     656.2140093395597660       1.0845631211996078
     656.2142094729820201       1.0290841758251190
     656.2144096064042742       1.0083084283396602
     656.2146097398266420       0.9917381824925542
     656.2148098732488961       0.9993067903560586
     656.2150100066711502       0.9513092413544655
     656.2152101400934043       1.0532832853496075
     656.2154102735157721       1.0355210341513157
     656.2156104069380262       1.0696704909205437
     656.2158105403602804       1.0234293118119240
     656.2160106737825345       1.0164627283811569
     656.2162108072049023       1.0542851276695728
     656.2164109406271564       0.9964473582804203
     656.2166110740494105       0.9640836156904697
     656.2168112074716646       1.0238330047577620
     656.2170113408939187       1.0367800705134869
     656.2172114743162865       1.0578067004680634
     656.2174116077385406       0.9955304171890020
     656.2176117411607947       0.9102641940116882
     656.2178118745830488       1.0513372421264648
     656.2180120080054166       1.0674044489860535
     656.2182121414276708       1.0305724535137415
     656.2184122748499249       0.9724483434110880
     656.2186124082721790       1.0154131501913071
     656.2188125416945468       0.9148777201771736
     656.2190126751168009       0.9751317761838436
     656.2192128085390550       0.9384350888431072
     656.2194129419613091       1.0667553171515465
     656.2196130753836769       1.0273831933736801
     656.2198132088059310       1.0757798776030540
     656.2200133422281851       0.9746231995522976
     656.2202134756504392       1.0621579959988594
     656.2204136090728070       1.0128859281539917
     656.2206137424950612       1.0151878269389272
     656.2208138759173153       0.9683935232460499
     656.2210140093395694       1.0163670629262924
     656.2212141427619372       1.0907939821481705
     656.2214142761841913       0.9223804846405983
     656.2216144096064454       0.9351753666996956
     656.2218145430286995       1.0327353663742542
     656.2220146764509536       0.9189502298831940
     656.2222148098733214       0.9918822012841702
     656.2224149432955755       1.0560531131923199
     656.2226150767178297       1.0263753514736891
     656.2228152101400838       1.0284591317176819
     656.2230153435624516       0.9560813233256340
     656.2232154769847057       1.0070004309527576
     656.2234156104069598       1.0576917305588722
     656.2236157438292139       0.9951193761080503
     656.2238158772515817       0.9569581933319569
     656.2240160106738358       1.0099052377045155
     656.2242161440960899       1.0488304756581783
     656.2244162775183440       0.9868493163958192
     656.2246164109407118       1.0708584710955620
     656.2248165443629659       1.0748440250754356
     656.2250166777852201       0.9988772399956360
     656.2252168112074742       0.9326558336615562
     656.2254169446298420       1.0598620250821114
     656.2256170780520961       0.9396823942661285
     656.2258172114743502       1.0340406894683838
     656.2260173448966043       0.9356699287891388
     656.2262174783189721       1.0165416784584522
     656.2264176117412262       0.9518159404397011
     656.2266177451634803       0.9816653989255428
     656.2268178785857344       0.9860368277877569
     656.2270180120081022       1.0725302621722221
     656.2272181454303563       1.0186273567378521
     656.2274182788526105       0.9884984986856580
     656.2276184122748646       1.0845640674233437
     656.2278185456971187       1.0488538742065430
     656.2280186791194865       0.9981001864653081
     656.2282188125417406       0.9724278561770916
     656.2284189459639947       0.9827274195849895
     656.2286190793862488       1.0037013757973909
     656.2288192128086166       0.9412025623023510
     656.2290193462308707       1.0560448728501797
     656.2292194796531248       1.1280629485845566
     656.2294196130753789       0.9828533027321100
     656.2296197464977467       1.0470295622944832
     656.2298198799200009       0.9602321013808250
     656.2300200133422550       1.0563832037150860
     656.2302201467645091       0.9918309831991792
     656.2304202801868769       1.0101838475093246
     656.2306204136091310       0.9472983069717884
     656.2308205470313851       1.0337493680417538
     656.2310206804536392       0.9684158898890018
     656.2312208138760070       1.0431426241993904
     656.2314209472982611       1.0066838264465332
     656.2316210807205152       0.9809247702360153
     656.2318212141427693       0.9930734452791512
     656.2320213475651371       0.9926962880417705
     656.2322214809873913       1.0363622382283211
     656.2324216144096454       1.0436674281954765
     656.2326217478318995       1.0065542608499527
     656.2328218812541536       0.9856669651344419
     656.2330220146765214       1.1009417176246643
     656.2332221480987755       0.9876965647563338
     656.2334222815210296       1.0093804309144616
     656.2336224149432837       0.9513809941709042
     656.2338225483656515       0.9477803148329258
     656.2340226817879056       1.0250863116234541
     656.2342228152101598       0.9896939145401120
     656.2344229486324139       1.0227009598165751
     656.2346230820547817       0.9627952948212624
     656.2348232154770358       1.0806631520390511
     656.2350233488992899       0.9194067418575287
     656.2352234823215440       1.1290583461523056
     656.2354236157439118       1.0395805053412914
     656.2356237491661659       1.0384788773953915
     656.2358238825884200       1.0706516578793526
     656.2360240160106741       0.9513117782771587
     656.2362241494330419       1.0025667992886156
     656.2364242828552960       0.9204412102699280
     656.2366244162775502       1.0016162035753950
     656.2368245496998043       0.9422320015728474
     656.2370246831221721       0.8946169391274452
     656.2372248165444262       1.0769678503274918
     656.2374249499666803       0.9162959381937981
     656.2376250833889344       1.0032052365131676
     656.2378252168113022       0.9810790903866291
     656.2380253502335563       1.0562388859689236
     656.2382254836558104       0.9510432593524456
     656.2384256170780645       1.0055887843482196
     656.2386257505003186       0.9469676241278648
     656.2388258839226864       0.9680127762258053
     656.2390260173449406       1.0680263414978981
     656.2392261507671947       0.9468572139739990
     656.2394262841894488       0.9992534811026417
     656.2396264176118166       0.9302206411957741
     656.2398265510340707       1.0437421910464764
     656.2400266844563248       0.9847352188080549
     656.2402268178785789       1.0208550207316875
     656.2404269513009467       1.0054699415341020
     656.2406270847232008       0.9475659616291523
     656.2408272181454549       0.9957349379546940
     656.2410273515677090       1.0740427002310753
     656.2412274849900768       0.9311477318406105
     656.2414276184123310       1.0012338425731286
     656.2416277518345851       0.9896518224850297
     656.2418278852568392       1.0952107608318329
     656.2420280186792070       0.9558060579001904
     656.2422281521014611       0.9542727619409561
     656.2424282855237152       1.0121850725263357
     656.2426284189459693       1.0087746875360608
     656.2428285523683371       1.0856100916862488
     656.2430286857905912       1.0070457286201417
     656.2432288192128453       0.9524577446281910
     656.2434289526350994       0.9557417482137680
     656.2436290860574672       1.0351257398724556
     656.2438292194797214       0.9691045098006725
     656.2440293529019755       1.0410258732736111
     656.2442294863242296       0.9990923791774549
     656.2444296197464837       0.9770257771015167
     656.2446297531688515       0.9275994524359703
     656.2448298865911056       1.0557587333023548
     656.2450300200133597       1.0500521548092365
     656.2452301534356138       1.0430631861090660
     656.2454302868579816       1.0296516008675098
     656.2456304202802357       1.0341105721890926
     656.2458305537024899       1.0204812996089458
     656.2460306871247440       1.0333537757396698
     656.2462308205471118       1.0126461833715439
     656.2464309539693659       0.9771374631673098
     656.2466310873916200       1.0320915728807449
     656.2468312208138741       0.8968953341245651
     656.2470313542362419       0.9798860270529985
     656.2472314876584960       1.0573299005627632
     656.2474316210807501       0.8734011799097061
     656.2476317545030042       1.0653672069311142
     656.2478318879253720       0.9765621908009052
     656.2480320213476261       1.0316294431686401
     656.2482321547698803       0.9562127925455570
     656.2484322881921344       1.0180748347193003
     656.2486324216145022       0.9710464980453253
     656.2488325550367563       0.9814633447676897
     656.2490326884590104       1.0063701258040965
     656.2492328218812645       1.0089919026941061
     656.2494329553035186       0.9895799541845918
     656.2496330887258864       1.0702043026685715
     656.2498332221481405       1.0420794971287251
     656.2500333555703946       1.0501215942203999
     656.2502334889926487       1.0380537807941437
     656.2504336224150165       0.9937020889483392
     656.2506337558372707       0.9427962116897106
     656.2508338892595248       1.0695357844233513
     656.2510340226817789       0.9896117513999343
     656.2512341561041467       1.0310951452702284
     656.2514342895264008       1.0415526628494263
     656.2516344229486549       0.8750908747315407
     656.2518345563709090       1.0111015057191253
     656.2520346897932768       0.9414811022579670
     656.2522348232155309       1.0113097783178091
     656.2524349566377850       0.9956292458809912
     656.2526350900600391       0.9556493051350117
     656.2528352234824069       0.9393166005611420
     656.2530353569046611       0.9407442733645439
     656.2532354903269152       1.0756237432360649
     656.2534356237491693       1.0467881038784981
     656.2536357571715371       0.9171356409788132
     656.2538358905937912       0.9796873424202204
     656.2540360240160453       0.9459079392254353
     656.2542361574382994       1.0582740418612957
     656.2544362908606672       1.0863967686891556
     656.2546364242829213       0.9798817336559296
     656.2548365577051754       1.0615993440151215
     656.2550366911274295       0.9951579589396715
     656.2552368245496837       0.9770973976701498
     656.2554369579720515       0.9576570913195610
     656.2556370913943056       1.0500328429043293
     656.2558372248165597       0.9896386042237282
     656.2560373582388138       1.0618617348372936
     656.2562374916611816       0.9910354223102331
     656.2564376250834357       0.9725521504878998
     656.2566377585056898       1.0980078727006912
     656.2568378919279439       0.9951755497604609
     656.2570380253503117       1.0094564240425825
     656.2572381587725658       0.9919537296518683
     656.2574382921948200       0.9682399593293667
     656.2576384256170741       1.0655775293707848
     656.2578385590394419       1.0363549031317234
     656.2580386924616960       0.9594129733741283
     656.2582388258839501       0.9857705878093839
     656.2584389593062042       1.0031617977656424
     656.2586390927285720       0.9378295727074146
     656.2588392261508261       0.8961968272924423
     656.2590393595730802       1.0045469705946743
     656.2592394929953343       1.0482553355395794
     656.2594396264177021       1.0492660813033581
     656.2596397598399562       1.0591011419892311
     656.2598398932622104       0.9885818520560861
     656.2600400266844645       0.9993247867096215
     656.2602401601067186       1.0347432829439640
     656.2604402935290864       0.8889823332428932
     656.2606404269513405       0.9579657614231110
     656.2608405603735946       0.9471894390881062
     656.2610406937958487       1.0042970394715667
     656.2612408272182165       0.8915052041411400
     656.2614409606404706       0.9649647846817970
     656.2616410940627247       1.0455983430147171
     656.2618412274849788       1.0388284251093864
     656.2620413609073466       1.0184153690934181
     656.2622414943296008       1.0118709104135633
     656.2624416277518549       0.9869470791891217
     656.2626417611741090       0.9959220625460148
     656.2628418945964768       1.0468394309282303
     656.2630420280187309       1.0289272870868444
     656.2632421614409850       1.0667765960097313
     656.2634422948632391       0.9657698534429073
     656.2636424282856069       0.9583987332880497
     656.2638425617078610       0.9910067254677415
     656.2640426951301151       1.0886615812778473
     656.2642428285523692       0.9960237746126950
     656.2644429619747370       0.8989869803190231
     656.2646430953969912       0.9136265590786934
     656.2648432288192453       1.0333568565547466
     656.2650433622414994       1.0539321489632130
     656.2652434956638672       1.0308269616216421
     656.2654436290861213       0.9559848345816135
     656.2656437625083754       0.9974357176106423
     656.2658438959306295       1.0121952425688505
     656.2660440293528836       1.0170814041048288
     656.2662441627752514       0.9994680253439583
     656.2664442961975055       0.9454318881034851
     656.2666444296197596       0.9902850678190589
     656.2668445630420138       1.0038254533428699
     656.2670446964643816       0.9483629800379276
     656.2672448298866357       0.8393625169992447
     656.2674449633088898       1.0007736002444290
     656.2676450967311439       0.9730206485837698
     656.2678452301535117       1.0661029741168022
     656.2680453635757658       0.9971529396716505
     656.2682454969980199       0.9478711709380150
     656.2684456304202740       0.9576920680701733
     656.2686457638426418       1.0444911792874336
     656.2688458972648959       1.1031985804438591
     656.2690460306871501       0.9942802279256284
     656.2692461641094042       1.0870572552084923
     656.2694462975317720       1.0115597145631909
     656.2696464309540261       0.9521523453295231
     656.2698465643762802       0.9900671103969216
     656.2700466977985343       1.0094170542433858
     656.2702468312209021       0.9687704257667065
     656.2704469646431562       1.0294256266206503
     656.2706470980654103       0.9818292148411274
     656.2708472314876644       0.9956146129406989
     656.2710473649099185       0.9739133808761835
     656.2712474983322863       0.9837236516177654
     656.2714476317545405       1.0343493185937405
     656.2716477651767946       0.9721118211746216
     656.2718478985990487       0.9790427312254906
     656.2720480320214165       0.9208719357848167
     656.2722481654436706       0.9760666768997908
     656.2724482988659247       0.9771715849637985
     656.2726484322881788       0.9631775841116905
     656.2728485657105466       0.9261989369988441
     656.2730486991328007       0.9560192823410034
     656.2732488325550548       0.9885186376050115
     656.2734489659773089       0.9268061667680740
     656.2736490993996767       0.9901630235835910
     656.2738492328219309       1.0005408371798694
     656.2740493662441850       1.0087181571871042
     656.2742494996664391       1.0486374460160732
     656.2744496330888069       0.9840602241456509
     656.2746497665110610       1.0026315320283175
     656.2748498999333151       0.9722949769347906
     656.2750500333555692       1.0837265327572823
     656.2752501667779370       0.9967777349520475
     656.2754503002001911       1.0301550682634115
     656.2756504336224452       0.9818228911608458
     656.2758505670446993       1.0640034526586533
     656.2760507004670671       0.9375123977661133
     656.2762508338893213       0.9553838595747948
     656.2764509673115754       1.0437773577868938
     656.2766511007338295       0.9620240107178688
     656.2768512341560836       1.0125508354976773
     656.2770513675784514       0.9635612405836582
     656.2772515010007055       1.0322620868682861
     656.2774516344229596       0.9667110368609428
     656.2776517678452137       0.9847735213115811
     656.2778519012675815       0.9652027040719986
     656.2780520346898356       0.9887193711474538
     656.2782521681120897       1.0060768891125917
     656.2784523015343439       0.9749773088842630
     656.2786524349567117       0.9408464841544628
     656.2788525683789658       1.0149677796289325
     656.2790527018012199       0.9499278403818607
     656.2792528352234740       0.9566304273903370
     656.2794529686458418       1.0119962003082037
     656.2796531020680959       1.0219928529113531
     656.2798532354903500       1.0146233011037111
     656.2800533689126041       0.9719269219785929
     656.2802535023349719       0.9637743085622787
     656.2804536357572260       1.0266249757260084
     656.2806537691794802       0.9173745363950729
     656.2808539026017343       1.0507823228836060
     656.2810540360241021       0.9766259975731373
     656.2812541694463562       0.9691219236701727
     656.2814543028686103       0.9594309180974960
     656.2816544362908644       0.9636633284389973
     656.2818545697131185       0.9804966747760773
     656.2820547031354863       0.9544342495501041
     656.2822548365577404       1.0150851029902697
     656.2824549699799945       1.0312186162918806
     656.2826551034022486       1.0253024585545063
     656.2828552368246164       1.0200823191553354
     656.2830553702468706       1.0500460565090179
     656.2832555036691247       0.9787571318447590
     656.2834556370913788       1.0780152305960655
     656.2836557705137466       1.0587745718657970
     656.2838559039360007       0.9781300276517868
     656.2840560373582548       0.9785183388739824
     656.2842561707805089       1.0024659617338330
     656.2844563042028767       0.9646327979862690
     656.2846564376251308       0.9718887470662594
     656.2848565710473849       1.0235426537692547
     656.2850567044696390       1.0815135613083839
     656.2852568378920068       0.9506002217531204
     656.2854569713142610       0.9997027795179747
     656.2856571047365151       1.0423892773687840
     656.2858572381587692       0.9355180859565735
     656.2860573715811370       0.9727724343538284
     656.2862575050033911       0.9834812749177217
     656.2864576384256452       1.0055302153341472
     656.2866577718478993       1.0477456226944923
     656.2868579052702671       0.9862405965104699
     656.2870580386925212       0.9506225213408470
     656.2872581721147753       0.9876579362899065
     656.2874583055370294       0.9551372453570366
     656.2876584389592836       1.0587890110909939
     656.2878585723816514       1.0391515567898750
     656.2880587058039055       1.0293255876749754
     656.2882588392261596       0.9794307127594948
     656.2884589726484137       0.9988412238890305
     656.2886591060707815       1.0605870448052883
     656.2888592394930356       0.9612715393304825
     656.2890593729152897       0.9187628105282784
     656.2892595063375438       0.9948772629722953
     656.2894596397599116       1.0954520329833031
     656.2896597731821657       1.1054191961884499
     656.2898599066044198       0.9065970033407211
     656.2900600400266740       1.0805835127830505
     656.2902601734490418       1.0742187798023224
     656.2904603068712959       1.0730652585625648
     656.2906604402935500       0.9635581709444523
     656.2908605737158041       0.9846948841586709
     656.2910607071381719       1.0096070291474462
     656.2912608405604260       0.9740495793521404
     656.2914609739826801       1.0479106716811657
     656.2916611074049342       0.8990669026970863
     656.2918612408273020       1.0023717281874269
     656.2920613742495561       0.9349928796291351
     656.2922615076718103       1.0531513206660748
     656.2924616410940644       1.0892203003168106
     656.2926617745164322       1.0067342878319323
     656.2928619079386863       0.9827976357191801
     656.2930620413609404       1.0205141454935074
     656.2932621747831945       0.9032962694764137
     656.2934623082054486       1.0576208122074604
     656.2936624416278164       0.9687992129474878
     656.2938625750500705       0.9638596661388874
     656.2940627084723246       0.9176519066095352
     656.2942628418945787       0.9825301859527826
     656.2944629753169465       1.0088835731148720
     656.2946631087392007       0.9436985887587070
     656.2948632421614548       1.0152270337566733
     656.2950633755837089       0.9502137191593647
     656.2952635090060767       0.9628452248871326
     656.2954636424283308       1.0223393086344004
     656.2956637758505849       0.9732427913695574
     656.2958639092728390       0.9936537160538137
     656.2960640426952068       1.0268489513546228
     656.2962641761174609       0.8945462778210640
     656.2964643095397150       0.9575068689882755
     656.2966644429619691       1.0098672965541482
     656.2968645763843369       1.0241792052984238
     656.2970647098065911       0.9141225665807724
     656.2972648432288452       0.9464207030832767
     656.2974649766510993       0.8389969766139984
     656.2976651100734671       0.9532556235790253
     656.2978652434957212       1.0074840136803687
     656.2980653769179753       0.9841452483087778
     656.2982655103402294       1.0338628292083740
     656.2984656437624835       1.0665284022688866
     656.2986657771848513       0.9964308228809386
     656.2988659106071054       1.0103534357622266
     656.2990660440293595       0.9603710919618607
     656.2992661774516137       0.9875741321593523
     656.2994663108739815       1.0061784889549017
     656.2996664442962356       1.0008754818700254
     656.2998665777184897       1.0140436319634318
     656.3000667111407438       0.9812834374606609
     656.3002668445631116       0.9449262134730816
     656.3004669779853657       0.9814792145043612
     656.3006671114076198       1.0513038448989391
     656.3008672448298739       1.0087637081742287
     656.3010673782522417       0.9443415887653828
     656.3012675116744958       1.0159441698342562
     656.3014676450967499       1.0429043099284172
     656.3016677785190041       0.9399309642612934
     656.3018679119413719       0.9950292040593922
     656.3020680453636260       0.9168506860733032
     656.3022681787858801       1.0046364287845790
     656.3024683122081342       0.9636888839304447
     656.3026684456305020       1.0067448909394443
     656.3028685790527561       0.9877686006948352
     656.3030687124750102       0.9715239498764277
     656.3032688458972643       1.0619757138192654
     656.3034689793196321       1.0263907946646214
     656.3036691127418862       1.0502221584320068
     656.3038692461641403       0.9858570871874690
     656.3040693795863945       1.0870769172906876
     656.3042695130086486       0.9606909640133381
     656.3044696464310164       0.8898687809705734
     656.3046697798532705       1.1472101956605911
     656.3048699132755246       0.9224948510527611
     656.3050700466977787       0.9649698324501514
     656.3052701801201465       0.9507600292563438
     656.3054703135424006       1.0105483420193195
     656.3056704469646547       0.9775389507412910
     656.3058705803869088       0.9836035743355751
     656.3060707138092766       0.9903243118897080
     656.3062708472315308       1.0834617540240288
     656.3064709806537849       0.9723517503589392
     656.3066711140760390       1.1367359161376953
     656.3068712474984068       0.9919013474136591
     656.3070713809206609       0.9951790818013251
     656.3072715143429150       1.1003100499510765
     656.3074716477651691       1.0111551051959395
     656.3076717811875369       1.0123903555795550
     656.3078719146097910       0.9436045326292515
     656.3080720480320451       1.0936295613646507
     656.3082721814542992       0.9453742392361164
     656.3084723148766670       0.9456846714019775
     656.3086724482989212       1.0159982219338417
     656.3088725817211753       1.0342265181243420
     656.3090727151434294       1.0380050279200077
     656.3092728485656835       0.9702506866306067
     656.3094729819880513       0.8668534457683563
     656.3096731154103054       0.9551385715603828
     656.3098732488325595       1.0140534490346909
     656.3100733822548136       0.9817967768758535
     656.3102735156771814       0.9365477040410042
     656.3104736490994355       1.0150202503427863
     656.3106737825216896       0.9888774612918496
     656.3108739159439438       0.9922618768177927
     656.3110740493663116       0.9507282786071301
     656.3112741827885657       1.0420703738927841
     656.3114743162108198       0.9558280035853386
     656.3116744496330739       1.1176291853189468
     656.3118745830554417       1.0262252036482096
     656.3120747164776958       0.9920692490413785
     656.3122748498999499       1.0506411790847778
     656.3124749833222040       0.9382290281355381
     656.3126751167445718       1.0882216244935989
     656.3128752501668259       0.9449433423578739
     656.3130753835890800       0.9724830631166697
     656.3132755170113342       0.9108252003788948
     656.3134756504337020       0.9259764999151230
     656.3136757838559561       0.8704658448696136
     656.3138759172782102       0.9247301295399666
     656.3140760507004643       1.0050835958682001
     656.3142761841228321       1.0201279576867819
     656.3144763175450862       1.0464188121259212
     656.3146764509673403       0.9218485578894615
     656.3148765843895944       0.9751322586089373
     656.3150767178118485       0.9415980316698551
     656.3152768512342163       0.9858576459810138
     656.3154769846564704       1.0293049905449152
     656.3156771180787246       0.9481711015105247
     656.3158772515009787       1.0378251709043980
     656.3160773849233465       1.0414250902831554
     656.3162775183456006       0.9896691739559174
     656.3164776517678547       0.9123502820730209
     656.3166777851901088       0.9150601327419281
     656.3168779186124766       0.9785812906920910
     656.3170780520347307       0.9458395354449749
     656.3172781854569848       1.0099191740155220
     656.3174783188792389       1.0387190058827400
     656.3176784523016067       1.0316843055188656
     656.3178785857238609       0.9481164850294590
     656.3180787191461150       1.0184087734669447
     656.3182788525683691       0.9881328595802188
     656.3184789859907369       1.0252138730138540
     656.3186791194129910       1.0203801393508911
     656.3188792528352451       1.0443776212632656
     656.3190793862574992       0.9456137232482433
     656.3192795196798670       1.0693263337016106
     656.3194796531021211       0.9720605108886957
     656.3196797865243752       0.9807815607637167
     656.3198799199466293       0.9932089583016932
     656.3200800533688835       1.0018699675565585
     656.3202801867912513       1.0601874589920044
     656.3204803202135054       1.0967641845345497
     656.3206804536357595       0.9577375724911690
     656.3208805870580136       1.0365785434842110
     656.3210807204803814       1.0874363034963608
     656.3212808539026355       1.1145515069365501
     656.3214809873248896       0.9391217827796936
     656.3216811207471437       1.0025904094800353
     656.3218812541695115       1.0034567208494991
     656.3220813875917656       1.0315089859068394
     656.3222815210140197       0.9585644640028477
     656.3224816544362739       1.0630589872598648
     656.3226817878586417       0.9870289713144302
     656.3228819212808958       0.9992770641692914
     656.3230820547031499       0.9385601691901684
     656.3232821881254040       0.9749030191451311
     656.3234823215477718       0.9978444257285446
     656.3236824549700259       0.9940006257966161
     656.3238825883922800       1.0059705781750381
     656.3240827218145341       1.0597433820366859
     656.3242828552369019       1.0451348163187504
     656.3244829886591560       1.0101270275190473
     656.3246831220814101       1.0056457426398993
     656.3248832555036643       1.0278561469167471
     656.3250833889260321       0.9254809916019440
     656.3252835223482862       1.0576004385948181
     656.3254836557705403       1.0636365786194801
     656.3256837891927944       1.0427331738173962
     656.3258839226150485       1.0172874797135592
     656.3260840560374163       1.0553074479103088
     656.3262841894596704       0.9950155266560614
     656.3264843228819245       0.9521798826754093
     656.3266844563041786       1.0660385340452194
     656.3268845897265464       1.1238539442420006
     656.3270847231488005       0.9618008695542812
     656.3272848565710547       0.9862769693136215
     656.3274849899933088       0.9537707306444645
     656.3276851234156766       1.0790111273527145
     656.3278852568379307       0.9809926096349955
     656.3280853902601848       1.0661436989903450
     656.3282855236824389       1.0560284852981567
     656.3284856571048067       1.0007256373646669
     656.3286857905270608       0.9853821182623506
     656.3288859239493149       0.9993617953732610
     656.3290860573715690       0.9917387207970023
     656.3292861907939368       0.9267581179738045
     656.3294863242161910       0.9808411840349436
     656.3296864576384451       0.9923670119605958
     656.3298865910606992       0.9810647573322058
     656.3300867244830670       0.9627597667276859
     656.3302868579053211       1.0663739591836929
     656.3304869913275752       0.9782807324081659
     656.3306871247498293       0.9677577354013920
     656.3308872581721971       1.0900448411703110
     656.3310873915944512       1.0234222766011953
     656.3312875250167053       1.0853090137243271
     656.3314876584389594       0.9711666014045477
     656.3316877918612136       0.9228639155626297
     656.3318879252835814       0.9949907721020281
     656.3320880587058355       1.0140189826488495
     656.3322881921280896       0.9370324686169624
     656.3324883255503437       0.9787575323134661
     656.3326884589727115       0.9560701139271259
     656.3328885923949656       1.0052939718589187
     656.3330887258172197       0.9960589748807251
     656.3332888592394738       1.0165893640369177
     656.3334889926618416       0.9396015815436840
     656.3336891260840957       1.0526358373463154
     656.3338892595063498       1.0249817669391632
     656.3340893929286040       1.0077631114982069
     656.3342895263509718       1.0373239181935787
     656.3344896597732259       0.9725475329905748
     656.3346897931954800       1.0729605481028557
     656.3348899266177341       0.9849361777305603
     656.3350900600401019       0.9824731387197971
     656.3352901934623560       0.9356113672256470
     656.3354903268846101       1.0276005547493696
     656.3356904603068642       1.0053049097768962
     656.3358905937292320       0.9812607839703560
     656.3360907271514861       1.0532435961067677
     656.3362908605737402       0.9689654428511858
     656.3364909939959944       0.9584451094269753
     656.3366911274182485       1.0213808920234442
     656.3368912608406163       0.9797582589089870
     656.3370913942628704       0.9658395387232304
     656.3372915276851245       1.0076657654717565
     656.3374916611073786       1.0902522951364517
     656.3376917945297464       0.9765767212957144
     656.3378919279520005       1.0099777504801750
     656.3380920613742546       0.9190123379230499
     656.3382921947965087       0.9846620559692383
     656.3384923282188765       1.0259753949940205
     656.3386924616411306       0.9987048031762242
     656.3388925950633848       0.9376757331192493
     656.3390927284856389       0.9803216699510813
     656.3392928619080067       0.9515133239328861
     656.3394929953302608       0.9632414206862450
     656.3396931287525149       0.9449912793934345
     656.3398932621747690       0.8616854101419449
     656.3400933955971368       0.9299526959657669
     656.3402935290193909       0.9537013247609138
     656.3404936624416450       1.0076506459154189
     656.3406937958638991       0.9055973216891289
     656.3408939292862669       0.9216886833310127
     656.3410940627085211       0.9902508677914739
     656.3412941961307752       1.0128067908808589
     656.3414943295530293       1.0758116766810417
     656.3416944629753971       0.9918401222676039
     656.3418945963976512       0.9880141280591488
     656.3420947298199053       1.0228502899408340
     656.3422948632421594       0.9568291120231152
     656.3424949966644135       1.0509189441800117
     656.3426951300867813       1.0811024457216263
     656.3428952635090354       1.0722892880439758
     656.3430953969312895       1.0009900020668283
     656.3432955303535437       0.9811030887067318
     656.3434956637759115       0.9695869199931622
     656.3436957971981656       1.0477580688893795
     656.3438959306204197       1.0081232869997621
     656.3440960640426738       0.9940436291508377
     656.3442961974650416       1.0527196601033211
     656.3444963308872957       0.9990327780833468
     656.3446964643095498       1.1295159906148911
     656.3448965977318039       0.9877419285476208
     656.3450967311541717       0.9625419862568378
     656.3452968645764258       0.9846554826945066
     656.3454969979986799       1.0778621584177017
     656.3456971314209341       0.9104641228914261
     656.3458972648433019       0.9915654277428985
     656.3460973982655560       0.9711269009858370
     656.3462975316878101       0.9925639918074012
     656.3464976651100642       1.0086143547669053
     656.3466977985324320       1.0957237407565117
     656.3468979319546861       1.0077462582848966
     656.3470980653769402       1.0465281903743744
     656.3472981987991943       1.0170539319515228
     656.3474983322214484       1.0807365104556084
     656.3476984656438162       1.0400072932243347
     656.3478985990660703       1.0311943590641022
     656.3480987324883245       1.0388806089758873
     656.3482988659105786       0.9426533505320549
     656.3484989993329464       1.0241968743503094
     656.3486991327552005       0.9831640962511301
     656.3488992661774546       1.0131245153024793
     656.3490993995997087       1.0649122148752213
     656.3492995330220765       1.1115921959280968
     656.3494996664443306       0.9859301308169961
     656.3496997998665847       1.0190124455839396
     656.3498999332888388       1.0083280662074685
     656.3501000667112066       1.0370700918138027
     656.3503002001334607       1.0179825779050589
     656.3505003335557149       0.9968088425230235
     656.3507004669779690       1.0758285373449326
     656.3509006004003368       1.0084862057119608
     656.3511007338225909       1.0118005508556962
     656.3513008672448450       1.0290298741310835
     656.3515010006670991       0.9447146989405155
     656.3517011340894669       0.9862039880827069
     656.3519012675117210       1.0470612160861492
     656.3521014009339751       0.9269164055585860
     656.3523015343562292       0.9456100203096865
     656.3525016677785970       1.0208412520587442
     656.3527018012008512       0.9538871645927426
     656.3529019346231053       1.0786179751157756
     656.3531020680453594       1.0115453423932186
     656.3533022014676135       1.0547360964119423
     656.3535023348899813       1.0328611545264703
     656.3537024683122354       1.0099651627242541
     656.3539026017344895       0.9131387546658479
     656.3541027351567436       0.9821468591690009
     656.3543028685791114       1.0239348988979975
     656.3545030020013655       0.9992065013502605
     656.3547031354236196       1.0188523232936681
     656.3549032688458738       1.0082576991989947
     656.3551034022682416       0.9299793317913625
     656.3553035356904957       1.0198060236870679
     656.3555036691127498       1.0933467894791735
     656.3557038025350039       0.9925670921801323
     656.3559039359573717       0.9989820364860938
     656.3561040693796258       1.0014224486655823
     656.3563042028018799       1.0359111614521663
     656.3565043362241340       1.0051637194114122
     656.3567044696465018       0.9192771390072865
     656.3569046030687559       0.9498426020134525
     656.3571047364910100       0.9486101903005738
     656.3573048699132642       1.0471243299521578
     656.3575050033356320       1.0764466896621427
     656.3577051367578861       1.0050393785304901
     656.3579052701801402       1.0465197004313866
     656.3581054036023943       1.0413973033337718
     656.3583055370246484       1.0010945193807554
     656.3585056704470162       1.0412794165133645
     656.3587058038692703       1.0633393004284537
     656.3589059372915244       1.1053614019994631
     656.3591060707137785       1.0398405901594725
     656.3593062041361463       0.9995334243471815
     656.3595063375584004       1.0742855294584523
     656.3597064709806546       1.0647658480871001
     656.3599066044029087       1.0430074257809516
     656.3601067378252765       1.0681138334135432
     656.3603068712475306       0.9581885632381565
     656.3605070046697847       1.0159722468708496
     656.3607071380920388       1.0188531012272117
     656.3609072715144066       0.9932039534149789
     656.3611074049366607       1.0121857763245385
     656.3613075383589148       0.9851612888559500
     656.3615076717811689       0.9508232973531088
     656.3617078052035367       1.0335578254960383
     656.3619079386257908       0.9662446823227109
     656.3621080720480450       0.9260307421146391
     656.3623082054702991       1.0506091603151029
     656.3625083388926669       0.9897924507379199
     656.3627084723149210       1.0098213636288493
     656.3629086057371751       1.0241988647898195
     656.3631087391594292       1.0092037655874675
     656.3633088725817970       0.9448650171401499
     656.3635090060040511       0.9570540118017030
     656.3637091394263052       1.0025894414910845
     656.3639092728485593       1.0388866814020963
     656.3641094062708135       1.0075892075717818
     656.3643095396931813       0.9491789805676082
     656.3645096731154354       1.0349926707979067
     656.3647098065376895       1.0164465223106121
     656.3649099399599436       0.9960309847074698
     656.3651100733823114       1.0059812105080475
     656.3653102068045655       1.0944294026966515
     656.3655103402268196       1.0218545441047748
     656.3657104736490737       1.0247025869854118
     656.3659106070714415       0.9777999105438858
     656.3661107404936956       0.9489443373656835
     656.3663108739159497       1.0502099825237383
     656.3665110073382039       1.0048288998416151
     656.3667111407605717       1.0938298743872745
     656.3669112741828258       0.9841139879356253
     656.3671114076050799       1.0396747916607310
     656.3673115410273340       0.9896929934724761
     656.3675116744497018       1.0879014218481491
     656.3677118078719559       0.9629055272438610
     656.3679119412942100       0.9911009567879734
     656.3681120747164641       0.9882495894999305
     656.3683122081388319       1.1259610685196808
     656.3685123415610860       1.0564319046967565
     656.3687124749833401       1.0156230325077651
     656.3689126084055943       0.9785955860974438
     656.3691127418278484       1.0288325415771280
     656.3693128752502162       1.0209776010042688
     656.3695130086724703       1.0209221711712688
     656.3697131420947244       1.0349420154093969
     656.3699132755169785       0.9956971185893444
     656.3701134089393463       1.0016285301266885
     656.3703135423616004       0.9724817568511441
     656.3705136757838545       0.8470136821809209
     656.3707138092061086       0.9347650992099231
     656.3709139426284764       0.9632021245552518
     656.3711140760507305       1.1215479362258518
     656.3713142094729847       1.0054705636373620
     656.3715143428952388       0.9486286805910700
     656.3717144763176066       1.0359974788169022
     656.3719146097398607       0.9351017937201632
     656.3721147431621148       0.9312683179157215
     656.3723148765843689       0.9952595925087252
     656.3725150100067367       0.9106019279248527
     656.3727151434289908       1.0815135474456223
     656.3729152768512449       1.0330612080430126
     656.3731154102734990       0.9849015474792453
     656.3733155436958668       1.0296036930322092
     656.3735156771181209       0.9752591161411066
     656.3737158105403751       0.9587445520044463
     656.3739159439626292       1.0565804205323661
     656.3741160773849970       1.0323226221011788
     656.3743162108072511       1.0478961687472177
     656.3745163442295052       0.9803315908170612
     656.3747164776517593       0.8965827272292846
     656.3749166110740134       0.9011527076659545
     656.3751167444963812       0.9951634687907189
     656.3753168779186353       1.0033654862263000
     656.3755170113408894       1.0749966483685705
     656.3757171447631436       0.9581553034698015
     656.3759172781855113       1.0712041577392633
     656.3761174116077655       0.8974548936168633
     656.3763175450300196       1.0165325243841785
     656.3765176784522737       0.9996238825665205
     656.3767178118746415       0.9760783446277277
     656.3769179452968956       0.9422352222278256
     656.3771180787191497       0.9543253856187999
     656.3773182121414038       0.9173166137865603
     656.3775183455637716       0.8979561909629002
     656.3777184789860257       1.0823797732015716
     656.3779186124082798       0.9344679788684271
     656.3781187458305340       1.0425639633213437
     656.3783188792529018       0.9774047068105745
     656.3785190126751559       1.0099771354859031
     656.3787191460974100       0.9840082360595249
     656.3789192795196641       0.9165392483644262
     656.3791194129420319       1.0097848680467822
     656.3793195463642860       0.9284901616677038
     656.3795196797865401       0.9976906520374291
     656.3797198132087942       0.9475126394226996
     656.3799199466311620       0.8349438764864811
     656.3801200800534161       0.9104880286981638
     656.3803202134756702       0.9278334260341310
     656.3805203468979244       0.9137698354859316
     656.3807204803201785       0.8696389893572003
     656.3809206137425463       0.9999130331404762
     656.3811207471648004       0.8524446926146766
     656.3813208805870545       0.8559422897016390
     656.3815210140093086       0.8126169654270724
     656.3817211474316764       1.0010504434610601
     656.3819212808539305       0.8696020076554909
     656.3821214142761846       0.9220646303266345
     656.3823215476984387       0.8635454026877393
     656.3825216811208065       0.8000757997194287
     656.3827218145430606       0.8355183167066321
     656.3829219479653148       0.8224447197682593
     656.3831220813875689       0.8560718553777672
     656.3833222148099367       0.9024438745851254
     656.3835223482321908       0.8632299384468038
     656.3837224816544449       0.8697065644246879
     656.3839226150766990       0.8204741891331930
     656.3841227484990668       0.8043874867745220
     656.3843228819213209       0.7650447193604255
     656.3845230153435750       0.8465720906338126
     656.3847231487658291       0.7196032002979239
     656.3849232821881969       0.8147764430640347
     656.3851234156104510       0.7421011333377172
     656.3853235490327052       0.8105109157094401
     656.3855236824549593       0.8610169478787058
     656.3857238158772134       0.8516328992013926
     656.3859239492995812       0.8021162218908757
     656.3861240827218353       0.7252406820982762
     656.3863242161440894       0.7681653564755404
     656.3865243495663435       0.8706223261405925
     656.3867244829887113       0.7832340643767191
     656.3869246164109654       0.8307506857917273
     656.3871247498332195       0.7668747404267056
     656.3873248832554737       0.8644077210955821
     656.3875250166778414       0.7872792044319998
     656.3877251501000956       0.8097275678813172
     656.3879252835223497       0.7399359809132888
     656.3881254169446038       0.7932091783625193
     656.3883255503669716       0.9284884054020554
     656.3885256837892257       0.8166136041638437
     656.3887258172114798       0.8138935929835061
     656.3889259506337339       0.8706811680629835
     656.3891260840561017       0.9478357961630012
     656.3893262174783558       0.9154253675650749
     656.3895263509006099       0.7928619700650626
     656.3897264843228641       0.8188621434268063
     656.3899266177452319       0.8829245091149586
     656.3901267511674860       0.9297678657610604
     656.3903268845897401       0.8787667242111373
     656.3905270180119942       0.8692125120447090
     656.3907271514343620       0.9054026001674081
     656.3909272848566161       0.8854207444317727
     656.3911274182788702       0.9254643177644046
     656.3913275517011243       0.9050014561159947
     656.3915276851233784       0.8937128240942519
     656.3917278185457462       0.9314246884638446
     656.3919279519680003       0.9184310855393366
     656.3921280853902545       0.8668554666131623
     656.3923282188125086       0.9433477524175410
     656.3925283522348764       0.9250892626071927
     656.3927284856571305       0.9711993709351344
     656.3929286190793846       1.0139195092496536
     656.3931287525016387       0.9858099229564111
     656.3933288859240065       0.9310169768552130
     656.3935290193462606       0.9849244522883299
     656.3937291527685147       0.9283133251120668
     656.3939292861907688       1.0434737834040191
     656.3941294196131366       1.0110411976637823
     656.3943295530353907       0.9773807366412025
     656.3945296864576449       0.9855216896018525
     656.3947298198798990       0.9959425250299374
     656.3949299533022668       0.8736403790961680
     656.3951300867245209       0.8807091195146335
     656.3953302201467750       0.9741273610735581
     656.3955303535690291       1.0121935428155342
     656.3957304869913969       1.0498517107396899
     656.3959306204136510       1.0157276088563143
     656.3961307538359051       1.0177450289441357
     656.3963308872581592       0.9306565128417782
     656.3965310206804133       0.9308515825841670
     656.3967311541027811       0.9968653131507609
     656.3969312875250353       1.0452303068713102
     656.3971314209472894       0.9164730085418991
     656.3973315543695435       0.9583039341689422
     656.3975316877919113       0.9792626631385445
     656.3977318212141654       0.9505885879294816
     656.3979319546364195       0.9775976996374467
     656.3981320880586736       0.9682388048681345
     656.3983322214810414       0.8954349201172840
     656.3985323549032955       1.0652824251447752
     656.3987324883255496       0.9363054336725397
     656.3989326217478038       1.0104529879653794
     656.3991327551701715       0.9602872849743708
     656.3993328885924257       1.0283407209398043
     656.3995330220146798       1.0156111720392669
     656.3997331554369339       1.0341726018937689
     656.3999332888593017       1.0174685229315101
     656.4001334222815558       1.0204282562291969
     656.4003335557038099       0.9641216236055891
     656.4005336891260640       1.0240114147969943
     656.4007338225484318       0.9667791709266478
     656.4009339559706859       1.0728969254363867
     656.4011340893929400       0.9829648508988243
     656.4013342228151942       1.0277571931560461
     656.4015343562375620       1.0306544713114323
     656.4017344896598161       0.9116138701642572
     656.4019346230820702       1.0049889371709084
     656.4021347565043243       0.9900470351923963
     656.4023348899265784       0.9263893899854989
     656.4025350233489462       0.8860151117590858
     656.4027351567712003       0.9226199909285348
     656.4029352901934544       0.9823143403703454
     656.4031354236157085       1.0559890485514027
     656.4033355570380763       0.9549379148713431
     656.4035356904603304       0.9460476601413410
     656.4037358238825846       0.9611322365948811
     656.4039359573048387       1.0009996763053084
     656.4041360907272065       0.9969046458895889
     656.4043362241494606       1.0152801665145454
     656.4045363575717147       1.0730023512352185
     656.4047364909939688       0.9428098288915463
     656.4049366244163366       0.9948792675068759
     656.4051367578385907       1.0206803169001704
     656.4053368912608448       0.9556612969436379
     656.4055370246830989       0.9819144467406890
     656.4057371581054667       1.0464948294359382
     656.4059372915277208       1.0167051869263890
     656.4061374249499750       0.9781829020856746
     656.4063375583722291       0.9389288663572211
     656.4065376917945969       0.9667517545908962
     656.4067378252168510       1.0564131520052906
     656.4069379586391051       0.9788421622642427
     656.4071380920613592       0.9569035595413865
     656.4073382254836133       0.9652118415507547
     656.4075383589059811       1.0102080593856879
     656.4077384923282352       0.8852806538161123
     656.4079386257504893       0.9969297249553295
     656.4081387591727434       1.0475555545396711
     656.4083388925951112       1.0619343367976053
     656.4085390260173654       0.9923607616299697
     656.4087391594396195       1.0008324828174202
     656.4089392928618736       0.9033089259136210
     656.4091394262842414       0.9536398764148621
     656.4093395597064955       0.9916683875893627
     656.4095396931287496       0.9552173798519565
     656.4097398265510037       1.0112893133011878
     656.4099399599733715       1.0942656376164466
     656.4101400933956256       1.0363341963708557
     656.4103402268178797       1.0442146684396598
     656.4105403602401339       0.9611633821145631
     656.4107404936625016       1.0302930710109188
     656.4109406270847558       1.0357767711437564
     656.4111407605070099       1.0390304323650952
     656.4113408939292640       0.8653928337039678
     656.4115410273516318       0.9894357703718981
     656.4117411607738859       1.0710757820518699
     656.4119412941961400       1.0064563564033300
     656.4121414276183941       1.0062324995442387
     656.4123415610407619       1.0687045752525712
     656.4125416944630160       1.1484461426393868
     656.4127418278852701       1.0556689984852929
     656.4129419613075243       0.9039934724395871
     656.4131420947297784       1.0415594726677688
     656.4133422281521462       0.9683074243279386
     656.4135423615744003       1.0476896576521648
     656.4137424949966544       1.0116469412998534
     656.4139426284189085       1.0098371766477006
     656.4141427618412763       0.9852328374960395
     656.4143428952635304       1.0006042056469111
     656.4145430286857845       0.9076221957792275
     656.4147431621080386       0.9247827902428947
     656.4149432955304064       1.0451520942146468
     656.4151434289526605       0.9145484268661795
     656.4153435623749147       0.9768333341923905
     656.4155436957971688       0.9863559529183619
     656.4157438292195366       0.9235194697974959
     656.4159439626417907       0.9492760933934852
     656.4161440960640448       0.9229455888270790
     656.4163442294862989       1.1183982864021886
     656.4165443629086667       0.9491434134542690
     656.4167444963309208       1.0766260176896878
     656.4169446297531749       1.0602604709565524
     656.4171447631754290       0.9622753933072012
     656.4173448965977968       1.0806298255920357
     656.4175450300200509       0.9617123492062056
     656.4177451634423051       0.9829674549400783
     656.4179452968645592       1.0422134026885017
     656.4181454302869270       1.0465857796370972
     656.4183455637091811       1.0127156516537064
     656.4185456971314352       1.0253526400774713
     656.4187458305536893       1.0591797642409797
     656.4189459639759434       0.9626859575510023
     656.4191460973983112       0.9193270578980445
     656.4193462308205653       0.9592879302799701
     656.4195463642428194       0.9816871285438536
     656.4197464976650735       0.9595553986728191
     656.4199466310874413       0.9687338955700397
     656.4201467645096955       1.0282337721437216
     656.4203468979319496       1.0446051582694054
     656.4205470313542037       1.0492960736155510
     656.4207471647765715       1.0548708699643612
     656.4209472981988256       0.9484109766781330
     656.4211474316210797       0.9855611277744174
     656.4213475650433338       0.9954230957664549
     656.4215476984657016       0.9810496214777231
     656.4217478318879557       0.9995905165851582
     656.4219479653102098       0.9604092761874199
     656.4221480987324640       0.9276689291000366
     656.4223482321548317       1.0076231076382101
     656.4225483655770859       1.0272560268640518
     656.4227484989993400       1.0871591195464134
     656.4229486324215941       1.0211312901228666
     656.4231487658439619       0.9791651647537947
     656.4233488992662160       1.0085404878482223
     656.4235490326884701       0.8605890423059464
     656.4237491661107242       1.0442533977329731
     656.4239492995329783       0.9891740633174777
     656.4241494329553461       0.8955139145255089
     656.4243495663776002       0.9032073169946671
     656.4245496997998544       0.9544184096157551
     656.4247498332221085       1.0713783577084541
     656.4249499666444763       1.0471498668193817
     656.4251501000667304       0.9906028956174850
     656.4253502334889845       0.9939820487052202
     656.4255503669112386       0.9597422666847706
     656.4257505003336064       1.0255364030599594
     656.4259506337558605       0.9878388764336705
     656.4261507671781146       1.0276089999824762
     656.4263509006003687       0.9670440889894962
     656.4265510340227365       1.0301536954939365
     656.4267511674449906       1.0933052599430084
     656.4269513008672448       0.9709877092391253
     656.4271514342894989       1.0347206555306911
     656.4273515677118667       0.9364806488156319
     656.4275517011341208       1.1002417132258415
     656.4277518345563749       0.9825871549546719
     656.4279519679786290       1.0482255816459656
     656.4281521014009968       0.9962514936923981
     656.4283522348232509       1.0660005658864975
     656.4285523682455050       0.9884301191195846
     656.4287525016677591       0.9240714982151985
     656.4289526350901269       0.9417762346565723
     656.4291527685123810       1.0392998643219471
     656.4293529019346352       1.0285017080605030
     656.4295530353568893       1.0672893449664116
     656.4297531687791434       1.0074332156218588
     656.4299533022015112       0.9312649145722389
     656.4301534356237653       0.9970372982788831
     656.4303535690460194       0.9770010802894831
     656.4305537024682735       0.9908486464992166
     656.4307538358906413       0.9284568801522255
     656.4309539693128954       0.9824632536619902
     656.4311541027351495       0.9331839755177498
     656.4313542361574036       0.9822384919971228
     656.4315543695797714       0.9597163684666157
     656.4317545030020256       0.9433478005230427
     656.4319546364242797       1.0758336782455444
     656.4321547698465338       0.9498170800507069
     656.4323549032689016       1.0208099074661732
     656.4325550366911557       1.0180037319660187
     656.4327551701134098       0.9536210037767887
     656.4329553035356639       0.9834010545164347
     656.4331554369580317       1.0122988959774375
     656.4333555703802858       0.9899596776813269
     656.4335557038025399       1.0084991259500384
     656.4337558372247940       0.9668278135359287
     656.4339559706471618       1.0533558987081051
     656.4341561040694160       0.9519075527787209
     656.4343562374916701       1.0354001335799694
     656.4345563709139242       0.9496990479528904
     656.4347565043361783       0.9504458010196686
     656.4349566377585461       0.9546842314302921
     656.4351567711808002       0.9055396988987923
     656.4353569046030543       0.8718061000108719
     656.4355570380253084       0.9736516494303942
     656.4357571714476762       0.9816568512469530
     656.4359573048699303       0.9833376258611679
     656.4361574382921845       0.9861944327130914
     656.4363575717144386       0.9456618838012218
     656.4365577051368064       0.8850826993584633
     656.4367578385590605       0.9526436701416969
     656.4369579719813146       0.9703299645334482
     656.4371581054035687       0.9380809590220451
     656.4373582388259365       0.9642629511654377
     656.4375583722481906       1.0746870711445808
     656.4377585056704447       1.0125073557719588
     656.4379586390926988       0.9788806978613138
     656.4381587725150666       0.9467165395617485
     656.4383589059373207       0.9385242350399494
     656.4385590393595749       0.9370744079351425
     656.4387591727818290       1.0449983142316341
     656.4389593062041968       1.0411590039730072
     656.4391594396264509       1.0118943508714437
     656.4393595730487050       1.0071589224971831
     656.4395597064709591       0.9409211762249470
     656.4397598398933269       1.0337126962840557
     656.4399599733155810       0.9636419937014580
     656.4401601067378351       0.9747816566377878
     656.4403602401600892       0.9182296395301819
     656.4405603735823433       1.0083995694294572
     656.4407605070047111       1.0325489901006222
     656.4409606404269653       0.9992908138083294
     656.4411607738492194       1.0194880422204733
     656.4413609072714735       1.0166935026645660
     656.4415610406938413       0.9502746984362602
     656.4417611741160954       0.8880771175026894
     656.4419613075383495       0.9901736527681351
     656.4421614409606036       1.0142487138509750
     656.4423615743829714       0.9371167346835136
     656.4425617078052255       0.9571116119623184
     656.4427618412274796       1.0289944913238287
     656.4429619746497337       1.0247399564832449
     656.4431621080721015       0.9682064242660999
     656.4433622414943557       1.0360311158001423
     656.4435623749166098       0.9470629133284092
     656.4437625083388639       1.0109059484675527
     656.4439626417612317       0.9271947965025902
     656.4441627751834858       0.9413759894669056
     656.4443629086057399       1.0126236621290445
     656.4445630420279940       1.0366604812443256
     656.4447631754503618       1.0715381279587746
     656.4449633088726159       1.0098575716838241
     656.4451634422948700       0.9413265511393547
     656.4453635757171241       0.9681866243481636
     656.4455637091393783       1.0653687343001366
     656.4457638425617461       1.0221371892839670
     656.4459639759840002       0.9819362256675959
     656.4461641094062543       1.0998367890715599
     656.4463642428285084       1.0112106287851930
     656.4465643762508762       1.1069304868578911
     656.4467645096731303       0.9733835700899363
     656.4469646430953844       0.8646672219038010
     656.4471647765176385       0.9327240660786629
     656.4473649099400063       1.0793424099683762
     656.4475650433622604       0.9626637473702431
     656.4477651767845146       1.0000619881611783
     656.4479653102067687       1.0030972193926573
     656.4481654436291365       1.0170583166182041
     656.4483655770513906       1.0338568873703480
     656.4485657104736447       1.0733314380049706
     656.4487658438958988       0.9339417070150375
     656.4489659773182666       1.0674911364912987
     656.4491661107405207       0.9915229156613350
     656.4493662441627748       1.0002402638347121
     656.4495663775850289       1.0104522472247481
     656.4497665110073967       1.0429121367633343
     656.4499666444296508       0.9348137825727463
     656.4501667778519050       1.0189166981726885
     656.4503669112741591       1.0187420155853033
     656.4505670446965269       0.9571400880813599
     656.4507671781187810       0.9271860346198082
     656.4509673115410351       0.9605311341583729
     656.4511674449632892       1.0055867130868137
     656.4513675783855433       1.0367319136857986
     656.4515677118079111       1.0327701866626740
     656.4517678452301652       1.0675724148750305
     656.4519679786524193       1.0388368964195251
     656.4521681120746734       1.0175514202564955
     656.4523682454970412       0.9895804831758142
     656.4525683789192954       0.9158355742692947
     656.4527685123415495       1.1077372953295708
     656.4529686457638036       1.0413431748747826
     656.4531687791861714       0.9940579002723098
     656.4533689126084255       1.1074052974581718
     656.4535690460306796       1.0145278442651033
     656.4537691794529337       1.0859835222363472
     656.4539693128753015       1.0427924655377865
     656.4541694462975556       0.9073316529393196
     656.4543695797198097       0.9493776969611645
     656.4545697131420638       1.0346173495054245
     656.4547698465644316       0.9777866564691067
     656.4549699799866858       1.0707093700766563
     656.4551701134089399       0.9925757558085024
     656.4553702468311940       1.0288737397640944
     656.4555703802535618       0.9912079516798258
     656.4557705136758159       1.0492801330983639
     656.4559706470980700       1.0189668294042349
     656.4561707805203241       1.0670330822467804
     656.4563709139425782       0.9699869565665722
     656.4565710473649460       1.0477656014263630
     656.4567711807872001       0.9560730531811714
     656.4569713142094542       1.0379622504115105
     656.4571714476317084       1.0079777678474784
     656.4573715810540762       0.9880018392577767
     656.4575717144763303       0.9969502186868340
     656.4577718478985844       0.9664449132978916
     656.4579719813208385       0.9645822308957577
     656.4581721147432063       0.9966372954659164
     656.4583722481654604       1.0658640488982201
     656.4585723815877145       1.0293033607304096
     656.4587725150099686       1.0083400597795844
     656.4589726484323364       0.9706591833382845
     656.4591727818545905       1.0040040202438831
     656.4593729152768447       0.9662094525992870
     656.4595730486990988       0.9550094380974770
     656.4597731821214666       0.9715711623430252
     656.4599733155437207       0.9620836786925793
     656.4601734489659748       0.9830671921372414
     656.4603735823882289       1.0172014813870192
     656.4605737158105967       1.0078711491078138
     656.4607738492328508       1.0001154995916295
     656.4609739826551049       0.9352805688977242
     656.4611741160773590       0.9833206795156002
     656.4613742494997268       0.9328540042042732
     656.4615743829219809       0.9782096669077873
     656.4617745163442351       1.0044623403809965
     656.4619746497664892       0.9371280521154404
     656.4621747831887433       0.8812028020620346
     656.4623749166111111       1.0814462304115295
     656.4625750500333652       1.1066982299089432
     656.4627751834556193       0.9925888725556433
     656.4629753168778734       0.9756140764802694
     656.4631754503002412       1.0091877607628703
     656.4633755837224953       1.0762332230806351
     656.4635757171447494       1.0037123381625861
     656.4637758505670035       0.9810002781450748
     656.4639759839893713       0.9960079183802009
     656.4641761174116255       0.9208583310246468
     656.4643762508338796       0.9552585743367672
     656.4645763842561337       0.9259013459086418
     656.4647765176785015       0.9464391581714153
     656.4649766511007556       0.9900249764323235
     656.4651767845230097       1.0038610703777522
     656.4653769179452638       1.0071599609218538
     656.4655770513676316       1.0331955067813396
     656.4657771847898857       1.0597574524581432
     656.4659773182121398       1.0011966869933531
     656.4661774516343939       1.0322189107537270
     656.4663775850567617       0.9661348611116409
     656.4665777184790159       1.0213007982820272
     656.4667778519012700       0.9138580858707428
     656.4669779853235241       0.9891281211748719
     656.4671781187458919       0.9660883359611034
     656.4673782521681460       0.9761992990970612
     656.4675783855904001       1.0405566133558750
     656.4677785190126542       0.9790893867611885
     656.4679786524349083       1.0152453724294901
     656.4681787858572761       1.0015702719101682
     656.4683789192795302       0.9750981312245131
     656.4685790527017843       0.9812944922596216
     656.4687791861240385       0.9120199754834175
     656.4689793195464063       0.9998722081363667
     656.4691794529686604       1.0059158811345696
     656.4693795863909145       1.0136807532981038
     656.4695797198131686       0.9769451133906841
     656.4697798532355364       0.9679828174412251
     656.4699799866577905       1.0006135280127637
     656.4701801200800446       1.0907493606209755
     656.4703802535022987       0.9291718825697899
     656.4705803869246665       0.9745248463004827
     656.4707805203469206       1.0403504781424999
     656.4709806537691748       1.0230567883700132
     656.4711807871914289       1.0193670447915792
     656.4713809206137967       1.0502780340611935
     656.4715810540360508       1.0512858219444752
     656.4717811874583049       0.9544322676956654
     656.4719813208805590       0.9622616022825241
     656.4721814543029268       1.0528730861842632
     656.4723815877251809       1.0342908911406994
     656.4725817211474350       1.0535529032349586
     656.4727818545696891       1.0863183885812759
     656.4729819879919432       1.0189462192356586
     656.4731821214143110       0.9813739731907845
     656.4733822548365652       0.9572352804243565
     656.4735823882588193       1.0056634987704456
     656.4737825216810734       1.0863642022013664
     656.4739826551034412       1.0008448758162558
     656.4741827885256953       1.0340779460966587
     656.4743829219479494       1.0375522784888744
     656.4745830553702035       1.0517957471311092
     656.4747831887925713       1.0160110946744680
     656.4749833222148254       0.9648036248981953
     656.4751834556370795       1.0206900350749493
     656.4753835890593336       0.9888437855988741
     656.4755837224817014       1.0019533738959581
     656.4757838559039556       1.0478866957128048
     656.4759839893262097       0.9447601325809956
     656.4761841227484638       0.9843546990305185
     656.4763842561708316       0.9952874029986560
     656.4765843895930857       0.9825179185718298
     656.4767845230153398       0.9570091553032398
     656.4769846564375939       0.9656849540770054
     656.4771847898599617       0.9534271471202374
     656.4773849232822158       1.0090629933401942
     656.4775850567044699       0.9773499127477407
     656.4777851901267240       0.9880249733105302
     656.4779853235490918       1.0384019240736961
     656.4781854569713460       1.0426273941993713
     656.4783855903936001       1.0688225924968719
     656.4785857238158542       0.9475090801715851
     656.4787858572381083       1.0252114143222570
     656.4789859906604761       1.1054001376032829
     656.4791861240827302       1.0009798812679946
     656.4793862575049843       0.9654485769569874
     656.4795863909272384       0.9689101297408342
     656.4797865243496062       0.9903968358412385
     656.4799866577718603       0.9988928079837933
     656.4801867911941144       0.9565957970917225
     656.4803869246163686       0.9694088045507669
     656.4805870580387364       0.9594394750893116
     656.4807871914609905       0.9668327234685421
     656.4809873248832446       0.9364190176129341
     656.4811874583054987       0.9645788334310055
     656.4813875917278665       1.0047536310739815
     656.4815877251501206       0.9168597459793091
     656.4817878585723747       1.0320940278470516
     656.4819879919946288       1.0439294762909412
     656.4821881254169966       1.0970066264271736
     656.4823882588392507       1.0412325151264668
     656.4825883922615049       0.9409920610487461
     656.4827885256837590       0.9886263161897659
     656.4829886591061268       1.0422378368675709
     656.4831887925283809       0.9172274842858315
     656.4833889259506350       1.1021118313074112
     656.4835890593728891       0.9582460038363934
     656.4837891927951432       0.9987392539624125
     656.4839893262175110       1.0438568815588951
     656.4841894596397651       1.1379432827234268
     656.4843895930620192       1.0967739075422287
     656.4845897264842733       1.0165681354701519
     656.4847898599066411       0.9773601740598679
     656.4849899933288953       0.9369008094072342
     656.4851901267511494       0.9945250926539302
     656.4853902601734035       0.9718487672507763
     656.4855903935957713       1.0013306966284290
     656.4857905270180254       0.9672390557825565
     656.4859906604402795       1.0299766194075346
     656.4861907938625336       1.0197340454906225
     656.4863909272849014       1.0428427122533321
     656.4865910607071555       1.0146252429112792
     656.4867911941294096       0.9970886970404536
     656.4869913275516637       0.9677742570638657
     656.4871914609740315       0.9200198054313660
     656.4873915943962857       0.9958105203695595
     656.4875917278185398       1.0234797690063715
     656.4877918612407939       0.9798463173210621
     656.4879919946631617       0.9759370405226946
     656.4881921280854158       1.0162254162132740
     656.4883922615076699       1.0206289850175381
     656.4885923949299240       0.9714212417602539
     656.4887925283522918       1.0329358540475368
     656.4889926617745459       0.9545685090124607
     656.4891927951968000       0.9698909763246775
     656.4893929286190541       0.9354861304163933
     656.4895930620413083       1.0632715746760368
     656.4897931954636761       1.0030421551782638
     656.4899933288859302       1.0108477426692843
     656.4901934623081843       1.1164680123329163
     656.4903935957304384       1.0181737449020147
     656.4905937291528062       1.0353977493941784
     656.4907938625750603       0.9383048824965954
     656.4909939959973144       1.0032968129962683
     656.4911941294195685       0.9491874314844608
     656.4913942628419363       1.0506136678159237
     656.4915943962641904       0.9693497717380524
     656.4917945296864445       1.0859340578317642
     656.4919946631086987       1.0951684117317200
     656.4921947965310665       1.0242277793586254
     656.4923949299533206       1.0217764135450125
     656.4925950633755747       0.9349077194929123
     656.4927951967978288       0.9833268057554960
     656.4929953302201966       1.0119399335235357
     656.4931954636424507       1.1525388509035110
     656.4933955970647048       0.9653092510998249
     656.4935957304869589       0.9482731334865093
     656.4937958639093267       1.0238281451165676
     656.4939959973315808       0.9749110061675310
     656.4941961307538350       0.9527556784451008
     656.4943962641760891       1.0485049150884151
     656.4945963975983432       0.9730913247913122
     656.4947965310207110       1.0600897632539272
     656.4949966644429651       1.0247738268226385
     656.4951967978652192       1.0196060445159674
     656.4953969312874733       0.9233276620507240
     656.4955970647098411       1.0645734742283821
     656.4957971981320952       1.0579873993992805
     656.4959973315543493       0.9479087181389332
     656.4961974649766034       0.9262338876724243
     656.4963975983989712       1.0233294423669577
     656.4965977318212254       0.9648904949426651
     656.4967978652434795       1.0343717150390148
     656.4969979986657336       1.0029347829986364
     656.4971981320881014       0.9277931451797485
     656.4973982655103555       0.9538318961858749
     656.4975983989326096       1.1111641153693199
     656.4977985323548637       0.9806053861975670
     656.4979986657772315       0.9243866279721260
     656.4981987991994856       1.0245120823383331
     656.4983989326217397       0.9930721572600305
     656.4985990660439938       1.0093434732407331
     656.4987991994663616       1.0405505523085594
     656.4989993328886158       0.9274942427873611
     656.4991994663108699       0.9967762306332588
     656.4993995997331240       0.9657210037112236
     656.4995997331554918       1.0301423668861389
     656.4997998665777459       1.0199399497359991
     656.5000000000000000       0.9510570913553238
