     656.2000000000000455       0.9952150946483016
     656.2002001334222996       1.0070097008720040
     656.2004002668445537       1.0788284242153168
     656.2006004002669215       1.0248824916779995
     656.2008005336891756       1.0884323492646217
     656.2010006671114297       1.0582610331475735
     656.2012008005336838       0.9963829342741519
     656.2014009339560516       1.0280472468584776
     656.2016010673783057       0.9517695344984531
     656.2018012008005599       0.9964415936265141
     656.2020013342228140       1.0391854755580425
     656.2022014676451818       0.9808998350054026
     656.2024016010674359       0.9750025440007448
     656.2026017344896900       0.9248913228511810
     656.2028018679119441       0.9533093757927418
     656.2030020013343119       1.0115636587142944
     656.2032021347565660       0.9140755906701088
     656.2034022681788201       0.9341101199388504
     656.2036024016010742       1.0129963876679540
     656.2038025350234420       0.9958587745204568
     656.2040026684456961       1.0062620439566672
     656.2042028018679503       0.9784822613000870
     656.2044029352902044       0.9789149500429630
     656.2046030687125722       0.9817022271454334
     656.2048032021348263       0.9708324577659369
     656.2050033355570804       0.9308240562677383
     656.2052034689793345       0.9313282817602158
     656.2054036024017023       1.0402872562408447
     656.2056037358239564       1.1100475713610649
     656.2058038692462105       1.0240311156958342
     656.2060040026684646       1.0333751253783703
     656.2062041360907187       0.8994686827063560
     656.2064042695130865       0.9767446555197239
     656.2066044029353407       1.0136747946962714
     656.2068045363575948       0.9811430368572474
     656.2070046697798489       0.9442136883735657
     656.2072048032022167       0.9780783131718636
     656.2074049366244708       1.0155235873535275
     656.2076050700467249       0.8707767874002457
     656.2078052034689790       1.0179651752114296
     656.2080053368913468       0.9497857317328453
     656.2082054703136009       0.9640088975429535
     656.2084056037358550       0.9811871126294136
     656.2086057371581092       0.9496277794241905
     656.2088058705804769       1.0119017343968153
     656.2090060040027311       1.0240346603095531
     656.2092061374249852       1.0068705356679857
     656.2094062708472393       1.0599665120244026
     656.2096064042696071       1.0126277795061469
     656.2098065376918612       0.9475428760051727
     656.2100066711141153       1.0214062891900539
     656.2102068045363694       0.9518994837999344
     656.2104069379587372       1.0007629028405063
     656.2106070713809913       1.0021557239815593
     656.2108072048032454       1.0073753981851041
     656.2110073382254996       1.0411456488072872
     656.2112074716477537       1.0484948717057705
     656.2114076050701215       1.0308946464210749
     656.2116077384923756       1.0072245835326612
     656.2118078719146297       1.0013174996711314
     656.2120080053368838       1.0354418195784092
     656.2122081387592516       1.0235116537660360
     656.2124082721815057       0.9737977050244808
     656.2126084056037598       0.9592686481773853
     656.2128085390260139       1.0386499054729939
     656.2130086724483817       0.9389333128929138
     656.2132088058706358       0.9453302435576916
     656.2134089392928900       1.0235752463340759
     656.2136090727151441       0.9141442924737930
     656.2138092061375119       0.9860291974619031
     656.2140093395597660       1.0403119176626205
     656.2142094729820201       0.9010997191071510
     656.2144096064042742       1.0194681566208601
     656.2146097398266420       0.9963898269925267
     656.2148098732488961       0.9717010352760553
     656.2150100066711502       0.9085044562816620
     656.2152101400934043       0.9514253176748753
     656.2154102735157721       0.9464553222060204
     656.2156104069380262       0.9531279094517231
     656.2158105403602804       0.9634541459381580
     656.2160106737825345       0.9548876136541367
     656.2162108072049023       1.0887335762381554
     656.2164109406271564       1.0237295757979155
     656.2166110740494105       1.0350325889885426
     656.2168112074716646       0.9519309140741825
     656.2170113408939187       1.0183659158647060
     656.2172114743162865       0.8888085931539536
     656.2174116077385406       1.0066665606573224
     656.2176117411607947       0.9894986534491181
     656.2178118745830488       1.0297699719667435
     656.2180120080054166       0.9472863860428333
     656.2182121414276708       1.0040690829046071
     656.2184122748499249       1.0413132123649120
     656.2186124082721790       0.9788289256393909
     656.2188125416945468       1.0431642644107342
     656.2190126751168009       1.0363322049379349
     656.2192128085390550       1.0481646470725536
     656.2194129419613091       0.9712218660861254
     656.2196130753836769       1.0435094274580479
     656.2198132088059310       1.0034968168474734
     656.2200133422281851       0.9699180964380503
     656.2202134756504392       0.9934430471621454
     656.2204136090728070       1.0352215580642223
     656.2206137424950612       1.0444116294384003
     656.2208138759173153       1.1068233028054237
     656.2210140093395694       0.9827969688922167
     656.2212141427619372       1.0885782465338707
     656.2214142761841913       0.9671722613275051
     656.2216144096064454       0.9731934070587158
     656.2218145430286995       1.0602642893791199
     656.2220146764509536       0.8874820545315742
     656.2222148098733214       1.0850670337677002
     656.2224149432955755       0.9271480739116669
     656.2226150767178297       0.9600678943097591
     656.2228152101400838       1.0096321878954768
     656.2230153435624516       1.0417809598147869
     656.2232154769847057       1.0449734255671501
     656.2234156104069598       1.0724798440933228
     656.2236157438292139       0.9040729552507401
     656.2238158772515817       1.0569964349269867
     656.2240160106738358       1.0008524975855835
     656.2242161440960899       1.0343949124217033
     656.2244162775183440       0.9869552971795201
     656.2246164109407118       1.0063010449521244
     656.2248165443629659       1.0786042362451553
     656.2250166777852201       0.9405749179422855
     656.2252168112074742       1.0653513446450233
     656.2254169446298420       0.9630810059607029
     656.2256170780520961       0.9405533969402313
     656.2258172114743502       1.0065088109113276
     656.2260173448966043       1.0417286120355129
     656.2262174783189721       1.0560863576829433
     656.2264176117412262       1.0660046488046646
     656.2266177451634803       1.0515578202903271
     656.2268178785857344       1.0648153424263000
     656.2270180120081022       1.0377602763473988
     656.2272181454303563       1.0585874877870083
     656.2274182788526105       1.0179747026413679
     656.2276184122748646       1.0660211592912674
     656.2278185456971187       0.9624710716307163
     656.2280186791194865       1.0137905031442642
     656.2282188125417406       1.0003903292235918
     656.2284189459639947       1.0705586597323418
     656.2286190793862488       1.0479781292378902
     656.2288192128086166       0.9670453406870365
     656.2290193462308707       0.9306078180670738
     656.2292194796531248       1.0054136915132403
     656.2294196130753789       0.9648078419268131
     656.2296197464977467       1.0726146399974823
     656.2298198799200009       0.9893447868525982
     656.2300200133422550       1.0458916313946247
     656.2302201467645091       1.0025654635392129
     656.2304202801868769       1.0447556376457214
     656.2306204136091310       1.0667435452342033
     656.2308205470313851       1.0559780187904835
     656.2310206804536392       0.9850030494853854
     656.2312208138760070       1.0419737808406353
     656.2314209472982611       0.9816782865673304
     656.2316210807205152       0.9641695022583008
     656.2318212141427693       0.9552408158779144
     656.2320213475651371       0.8888755217194557
     656.2322214809873913       1.0306886117905378
     656.2324216144096454       1.1311516761779785
     656.2326217478318995       0.9455412849783897
     656.2328218812541536       0.9354111552238464
     656.2330220146765214       1.0251817852258682
     656.2332221480987755       0.9162735044956207
     656.2334222815210296       1.0043226783163846
     656.2336224149432837       0.9644177854061127
     656.2338225483656515       0.9753571916371584
     656.2340226817879056       0.9159310162067413
     656.2342228152101598       0.9461140744388103
     656.2344229486324139       1.0287484768778086
     656.2346230820547817       1.0482043214142323
     656.2348232154770358       0.9690739866346121
     656.2350233488992899       0.9018427729606628
     656.2352234823215440       1.0046065472997725
     656.2354236157439118       1.0679200813174248
     656.2356237491661659       1.0449597910046577
     656.2358238825884200       0.9730465468019247
     656.2360240160106741       0.9794327206909657
     656.2362241494330419       1.0532484054565430
     656.2364242828552960       1.0295247342437506
     656.2366244162775502       1.0509370528161526
     656.2368245496998043       1.0068089603446424
     656.2370246831221721       0.9344005659222603
     656.2372248165444262       1.0410499647259712
     656.2374249499666803       0.9020850434899330
     656.2376250833889344       0.9553343653678894
     656.2378252168113022       0.9718561619520187
     656.2380253502335563       0.9843541625887156
     656.2382254836558104       0.9558053612709045
     656.2384256170780645       1.0321923606097698
     656.2386257505003186       1.1046975478529930
     656.2388258839226864       1.0167188905179501
     656.2390260173449406       0.9523480422794819
     656.2392261507671947       1.0707169547677040
     656.2394262841894488       0.9638758972287178
     656.2396264176118166       1.0306844804435968
     656.2398265510340707       1.0244346503168344
     656.2400266844563248       0.9767839219421148
     656.2402268178785789       1.0721133202314377
     656.2404269513009467       0.9912579692900181
     656.2406270847232008       1.0927408263087273
     656.2408272181454549       0.9666415564715862
     656.2410273515677090       1.0215035397559404
     656.2412274849900768       0.9670139849185944
     656.2414276184123310       1.0170497503131628
     656.2416277518345851       1.0183747783303261
     656.2418278852568392       1.0395063087344170
     656.2420280186792070       0.9817682392895222
     656.2422281521014611       1.0373057983815670
     656.2424282855237152       0.9255130365490913
     656.2426284189459693       0.9053413644433022
     656.2428285523683371       1.0398503504693508
     656.2430286857905912       0.9458415396511555
     656.2432288192128453       0.9823536667972803
     656.2434289526350994       1.0478837788105011
     656.2436290860574672       1.0318464003503323
     656.2438292194797214       1.0210496690124273
     656.2440293529019755       1.0091941878199577
     656.2442294863242296       1.0353769324719906
     656.2444296197464837       1.0044574174098670
     656.2446297531688515       1.0934479013085365
     656.2448298865911056       0.9711445476859808
     656.2450300200133597       1.0973544716835022
     656.2452301534356138       1.0320188924670219
     656.2454302868579816       1.0756919085979462
     656.2456304202802357       1.0646574348211288
     656.2458305537024899       0.9910640688613057
     656.2460306871247440       1.0057890075258911
     656.2462308205471118       1.0358302369713783
     656.2464309539693659       0.9440006017684937
     656.2466310873916200       0.9638938382267952
     656.2468312208138741       0.9016726464033127
     656.2470313542362419       0.9656895473599434
     656.2472314876584960       1.0072685293853283
     656.2474316210807501       0.9738969560712576
     656.2476317545030042       1.0328070335090160
     656.2478318879253720       1.0296203289180994
     656.2480320213476261       0.9988577340263873
     656.2482321547698803       1.0012104656780139
     656.2484322881921344       0.9286847040057182
     656.2486324216145022       0.9973388926591724
     656.2488325550367563       1.0361726358532906
     656.2490326884590104       0.9421428926289082
     656.2492328218812645       0.9798680320382118
     656.2494329553035186       0.9695843160152435
     656.2496330887258864       0.9654208570718765
     656.2498332221481405       0.9766102768480778
     656.2500333555703946       1.0146554708480835
     656.2502334889926487       1.0213821288198233
     656.2504336224150165       0.9974189677741379
     656.2506337558372707       1.0054701934568584
     656.2508338892595248       0.9832309298217297
     656.2510340226817789       0.9876489676535130
     656.2512341561041467       0.9196107760071754
     656.2514342895264008       1.0020518144592643
     656.2516344229486549       1.0455276444554329
     656.2518345563709090       0.9553952030837536
     656.2520346897932768       0.9992940831580199
     656.2522348232155309       0.9929289631545544
     656.2524349566377850       0.9645998664200306
     656.2526350900600391       1.0080457180738449
     656.2528352234824069       0.9110348597168922
     656.2530353569046611       1.0154070844873786
     656.2532354903269152       0.9015537872910500
     656.2534356237491693       0.9971308275125921
     656.2536357571715371       1.0932057797908783
     656.2538358905937912       1.0292468667030334
     656.2540360240160453       1.0509070828557014
     656.2542361574382994       1.0346900746226311
     656.2544362908606672       0.9543349966406822
     656.2546364242829213       0.9662843681871891
     656.2548365577051754       1.0004064113018103
     656.2550366911274295       1.0958216413855553
     656.2552368245496837       0.9731882214546204
     656.2554369579720515       0.9852042691782117
     656.2556370913943056       0.9386657066643238
     656.2558372248165597       0.9724931064993143
     656.2560373582388138       0.9603720158338547
     656.2562374916611816       0.9766144920140505
     656.2564376250834357       0.9828986097127199
     656.2566377585056898       1.0334862433373928
     656.2568378919279439       1.1364330202341080
     656.2570380253503117       0.9991937427548692
     656.2572381587725658       1.0427535809576511
     656.2574382921948200       1.0191254857927561
     656.2576384256170741       1.0111689204350114
     656.2578385590394419       0.9664078354835510
     656.2580386924616960       0.9688104335218668
     656.2582388258839501       1.0196780506521463
     656.2584389593062042       1.0030961646698415
     656.2586390927285720       0.9552023820579052
     656.2588392261508261       1.0329210199415684
     656.2590393595730802       1.0400150306522846
     656.2592394929953343       1.0236758943647146
     656.2594396264177021       1.0309436079114676
     656.2596397598399562       0.9885209808126092
     656.2598398932622104       0.9781941901892424
     656.2600400266844645       1.0018110976088792
     656.2602401601067186       0.9596945382654667
     656.2604402935290864       0.9693063795566559
     656.2606404269513405       1.1144752055406570
     656.2608405603735946       1.0270979609340429
     656.2610406937958487       0.9942038101144135
     656.2612408272182165       1.0179024655371904
     656.2614409606404706       1.0051545919850469
     656.2616410940627247       1.1393953412771225
     656.2618412274849788       1.0355570204555988
     656.2620413609073466       1.0587876252830029
     656.2622414943296008       1.0527277365326881
     656.2624416277518549       1.0315765701234341
     656.2626417611741090       0.9973321885336190
     656.2628418945964768       0.9807517938315868
     656.2630420280187309       0.9710893239825964
     656.2632421614409850       0.9839389044791460
     656.2634422948632391       1.0386479273438454
     656.2636424282856069       1.0307816155254841
     656.2638425617078610       0.9738566987216473
     656.2640426951301151       1.0348402559757233
     656.2642428285523692       0.9838107507675886
     656.2644429619747370       0.9406762160360813
     656.2646430953969912       0.9545990228652954
     656.2648432288192453       1.0320010967552662
     656.2650433622414994       0.9675164781510830
     656.2652434956638672       0.9168124869465828
     656.2654436290861213       0.9629996530711651
     656.2656437625083754       0.9432654008269310
     656.2658438959306295       1.0062331645749509
     656.2660440293528836       0.9969556306023151
     656.2662441627752514       1.0201881900429726
     656.2664442961975055       0.9468006826937199
     656.2666444296197596       1.0304848086088896
     656.2668445630420138       1.0815277919173241
     656.2670446964643816       0.9739512894302607
     656.2672448298866357       1.0207052640616894
     656.2674449633088898       1.0053533720783889
     656.2676450967311439       0.9459807872772217
     656.2678452301535117       1.0692484378814697
     656.2680453635757658       1.0124934362247586
     656.2682454969980199       0.9948210353031754
     656.2684456304202740       0.9854784160852432
     656.2686457638426418       0.9910925971344113
     656.2688458972648959       1.0591556206345558
     656.2690460306871501       0.9991248894366436
     656.2692461641094042       0.9672051593661308
     656.2694462975317720       0.8710238486528397
     656.2696464309540261       0.9140651375055313
     656.2698465643762802       0.9875605786219238
     656.2700466977985343       1.0057828030548990
     656.2702468312209021       1.0291030947118995
     656.2704469646431562       0.9704205840826031
     656.2706470980654103       1.0141713637858625
     656.2708472314876644       0.9763216041028493
     656.2710473649099185       0.9594522155821313
     656.2712474983322863       1.0116517907008515
     656.2714476317545405       0.9946066662669160
     656.2716477651767946       0.9276707768440213
     656.2718478985990487       0.9571256451308678
     656.2720480320214165       1.0045502851717103
     656.2722481654436706       0.9372103661298644
     656.2724482988659247       1.0555544793605645
     656.2726484322881788       0.9967394222039495
     656.2728485657105466       0.9283245801925315
     656.2730486991328007       0.9598973207175228
     656.2732488325550548       1.0278317816554763
     656.2734489659773089       0.9544863961635945
     656.2736490993996767       0.9557755440471993
     656.2738492328219309       1.0494882427153702
     656.2740493662441850       1.0225586388256840
     656.2742494996664391       0.9335542768235232
     656.2744496330888069       0.9974553370841467
     656.2746497665110610       1.0197474360456189
     656.2748498999333151       0.9835444893673900
     656.2750500333555692       1.0001071942513495
     656.2752501667779370       0.9684666059882585
     656.2754503002001911       1.0110577344853637
     656.2756504336224452       1.0019289769640085
     656.2758505670446993       1.0322634428657675
     656.2760507004670671       1.0563235282782371
     656.2762508338893213       1.0280121993110740
     656.2764509673115754       0.9980364220453914
     656.2766511007338295       1.0555690712906469
     656.2768512341560836       1.0020799911133276
     656.2770513675784514       0.9945226287776421
     656.2772515010007055       0.9747028666611741
     656.2774516344229596       1.0337221733021651
     656.2776517678452137       1.0599257162037301
     656.2778519012675815       1.0347323825145796
     656.2780520346898356       1.0388829406909870
     656.2782521681120897       1.0449973414960199
     656.2784523015343439       0.9143536382916936
     656.2786524349567117       0.9950746131370998
     656.2788525683789658       1.0122734287833344
     656.2790527018012199       0.9904867004416915
     656.2792528352234740       0.9436577128272686
     656.2794529686458418       0.9753441931935429
     656.2796531020680959       1.0667585618686808
     656.2798532354903500       1.0562577569856804
     656.2800533689126041       0.9585176415266079
     656.2802535023349719       1.0199641327260374
     656.2804536357572260       0.9883116921632421
     656.2806537691794802       1.0030465810153419
     656.2808539026017343       1.0059753293264080
     656.2810540360241021       0.9854632676705085
     656.2812541694463562       0.9865046969371265
     656.2814543028686103       0.9241532187831460
     656.2816544362908644       0.9282490927445458
     656.2818545697131185       1.0134718949536685
     656.2820547031354863       1.0717667486498756
     656.2822548365577404       0.9464075218125775
     656.2824549699799945       0.9025634630175633
     656.2826551034022486       0.9960939931854752
     656.2828552368246164       1.0849241452557017
     656.2830553702468706       1.0098465982222149
     656.2832555036691247       0.9556937550924560
     656.2834556370913788       0.9474859521738001
     656.2836557705137466       0.9915749162473233
     656.2838559039360007       0.9335493494928550
     656.2840560373582548       0.9692409797561803
     656.2842561707805089       1.0204379381666844
     656.2844563042028767       0.8973608985235123
     656.2846564376251308       0.9569078958525890
     656.2848565710473849       0.9626577949371052
     656.2850567044696390       1.0400865386029921
     656.2852568378920068       1.0801745781388072
     656.2854569713142610       0.9957912481060472
     656.2856571047365151       1.0538992255268103
     656.2858572381587692       1.0275152973170574
     656.2860573715811370       1.0062902853197455
     656.2862575050033911       0.9351233014505126
     656.2864576384256452       1.0543721350363451
     656.2866577718478993       1.1230532440225922
     656.2868579052702671       0.9546133531187563
     656.2870580386925212       0.9799833228229737
     656.2872581721147753       1.0501952854022600
     656.2874583055370294       1.0275589300330297
     656.2876584389592836       1.0727093823756659
     656.2878585723816514       0.9893719362074407
     656.2880587058039055       0.9823237687420019
     656.2882588392261596       1.0197330447819546
     656.2884589726484137       0.9953531807586710
     656.2886591060707815       0.9711432753199618
     656.2888592394930356       1.0432101823035023
     656.2890593729152897       0.9760723024686724
     656.2892595063375438       0.8886084134608536
     656.2894596397599116       1.0099043384176021
     656.2896597731821657       1.0209774431726020
     656.2898599066044198       0.9628597965235021
     656.2900600400266740       0.9359683699568646
     656.2902601734490418       0.9790827015924900
     656.2904603068712959       1.0401439358645874
     656.2906604402935500       0.9450701151505577
     656.2908605737158041       0.9317741118524357
     656.2910607071381719       0.9517202835367138
     656.2912608405604260       1.0432248109853026
     656.2914609739826801       0.9715977062515306
     656.2916611074049342       1.0312454542418124
     656.2918612408273020       1.0099641695660990
     656.2920613742495561       0.9729902572205960
     656.2922615076718103       1.0430389646282898
     656.2924616410940644       0.9542642901641486
     656.2926617745164322       0.9598988846492189
     656.2928619079386863       1.0491341828378664
     656.2930620413609404       0.9848785427679466
     656.2932621747831945       1.0312247786801321
     656.2934623082054486       1.0010882623041522
     656.2936624416278164       1.0264961461048774
     656.2938625750500705       0.9233458762619174
     656.2940627084723246       0.9789816995700037
     656.2942628418945787       1.0578761792093865
     656.2944629753169465       1.0092663251670042
     656.2946631087392007       1.0075130175439533
     656.2948632421614548       1.0078146406036899
     656.2950633755837089       0.9883310283436835
     656.2952635090060767       1.0271245324365963
     656.2954636424283308       0.9388987541710003
     656.2956637758505849       0.9143680360085658
     656.2958639092728390       0.9914115742154749
     656.2960640426952068       0.9735393728585442
     656.2962641761174609       0.8468996762781436
     656.2964643095397150       0.8590566318248414
     656.2966644429619691       0.9630122635075077
     656.2968645763843369       0.9049950917308951
     656.2970647098065911       0.8287048735624032
     656.2972648432288452       0.9544766959920036
     656.2974649766510993       0.8824739964638862
     656.2976651100734671       1.0040811512570591
     656.2978652434957212       0.8793296270553517
     656.2980653769179753       0.9202615217097614
     656.2982655103402294       0.7962494164461339
     656.2984656437624835       0.9300943462963660
     656.2986657771848513       0.8704765949507027
     656.2988659106071054       0.8646773025486906
     656.2990660440293595       0.8889773176179013
     656.2992661774516137       1.0275508465241654
     656.2994663108739815       0.7778726253961097
     656.2996664442962356       0.9064321736864249
     656.2998665777184897       0.8007270197796985
     656.3000667111407438       0.8483632031068788
     656.3002668445631116       0.8471049683069093
     656.3004669779853657       0.7397179342144101
     656.3006671114076198       0.9431360800482836
     656.3008672448298739       0.8936739973316788
     656.3010673782522417       0.8642248200570923
     656.3012675116744958       0.8697802349513220
     656.3014676450967499       0.7406829100623030
     656.3016677785190041       0.7773193540298642
     656.3018679119413719       0.8337589243715411
     656.3020680453636260       0.7530526742790818
     656.3022681787858801       0.7350289969700515
     656.3024683122081342       0.8032425293742422
     656.3026684456305020       0.7993202240564410
     656.3028685790527561       0.7680139220128084
     656.3030687124750102       0.8068682707719295
     656.3032688458972643       0.7736935408378254
     656.3034689793196321       0.9511661653045540
     656.3036691127418862       0.7323693072577302
     656.3038692461641403       0.7797910114621365
     656.3040693795863945       0.7816975117462549
     656.3042695130086486       0.8217206461345672
     656.3044696464310164       0.7990238046787035
     656.3046697798532705       0.8076702446303067
     656.3048699132755246       0.7393157810808286
     656.3050700466977787       0.8124922205932672
     656.3052701801201465       0.7997812852075254
     656.3054703135424006       0.8360803660896552
     656.3056704469646547       0.7953912144477625
     656.3058705803869088       0.8120783567421562
     656.3060707138092766       0.7225465805297598
     656.3062708472315308       0.8889084130216628
     656.3064709806537849       0.8155837611272863
     656.3066711140760390       0.8987551153826059
     656.3068712474984068       0.8513012746269192
     656.3070713809206609       0.8402707832314154
     656.3072715143429150       0.8311463620917079
     656.3074716477651691       0.8287364783664931
     656.3076717811875369       0.9246851239081694
     656.3078719146097910       0.8328024410763609
     656.3080720480320451       1.0519581461682412
     656.3082721814542992       0.9038247992546615
     656.3084723148766670       0.9928912625234357
     656.3086724482989212       1.0234627060779471
     656.3088725817211753       0.8753658362696923
     656.3090727151434294       0.8978818228748497
     656.3092728485656835       0.9084942246648297
     656.3094729819880513       0.9239143781019565
     656.3096731154103054       0.9506296665846455
     656.3098732488325595       0.9763733139129575
     656.3100733822548136       0.8025141097686488
     656.3102735156771814       0.9565107752959577
     656.3104736490994355       1.0206797159621530
     656.3106737825216896       0.9791956835112885
     656.3108739159439438       1.0332328614265527
     656.3110740493663116       1.0246956651713914
     656.3112741827885657       0.9141479457298523
     656.3114743162108198       0.9665655374783416
     656.3116744496330739       0.9736740013309624
     656.3118745830554417       1.0280611804025477
     656.3120747164776958       0.9486274809123987
     656.3122748498999499       0.9326706149080771
     656.3124749833222040       0.9464574670594031
     656.3126751167445718       1.0015266094438888
     656.3128752501668259       1.0335939255780286
     656.3130753835890800       1.0070475331379858
     656.3132755170113342       0.9314228639378045
     656.3134756504337020       0.9287764129696506
     656.3136757838559561       0.9910688441651953
     656.3138759172782102       0.9917794396403330
     656.3140760507004643       0.9813782768108307
     656.3142761841228321       0.9725284682848221
     656.3144763175450862       1.1146359840010933
     656.3146764509673403       0.9482064592228540
     656.3148765843895944       1.0162043771598723
     656.3150767178118485       0.9440034794600425
     656.3152768512342163       0.9910505827407606
     656.3154769846564704       0.9601181260232206
     656.3156771180787246       0.9369732590917366
     656.3158772515009787       1.0259344827941637
     656.3160773849233465       1.0536082321528197
     656.3162775183456006       0.9529369856720306
     656.3164776517678547       0.9824912184744790
     656.3166777851901088       1.0149675445605117
     656.3168779186124766       1.0824659218066979
     656.3170780520347307       1.0486506270230675
     656.3172781854569848       1.1113643346716500
     656.3174783188792389       1.0355432534138282
     656.3176784523016067       1.0947248578119333
     656.3178785857238609       0.9482212510811554
     656.3180787191461150       1.0078077589578991
     656.3182788525683691       1.0598035524962399
     656.3184789859907369       1.0372859708453359
     656.3186791194129910       1.0080092206336588
     656.3188792528352451       0.9696819463224119
     656.3190793862574992       0.9668532123763266
     656.3192795196798670       1.0041868453837663
     656.3194796531021211       1.0261561615570498
     656.3196797865243752       1.0452322349756593
     656.3198799199466293       1.0071076939730523
     656.3200800533688835       1.0562720608785772
     656.3202801867912513       0.9878259994755948
     656.3204803202135054       0.9847673608856585
     656.3206804536357595       1.0238957349158058
     656.3208805870580136       1.0199929160355286
     656.3210807204803814       1.0040346135929195
     656.3212808539026355       1.0602470175820859
     656.3214809873248896       1.0033245187365329
     656.3216811207471437       0.9080498888841871
     656.3218812541695115       0.9727707999588384
     656.3220813875917656       0.9672598908559340
     656.3222815210140197       1.0537326513472145
     656.3224816544362739       0.9018691946571020
     656.3226817878586417       1.0596852570843245
     656.3228819212808958       1.0266039677726235
     656.3230820547031499       0.9429032005763422
     656.3232821881254040       0.9122206876933078
     656.3234823215477718       1.0167737647095583
     656.3236824549700259       0.9866480558390319
     656.3238825883922800       0.9960272304154114
     656.3240827218145341       0.9842305346879408
     656.3242828552369019       1.0432373904555403
     656.3244829886591560       0.9664804374384163
     656.3246831220814101       0.9947869750245356
     656.3248832555036643       1.0355129048540921
     656.3250833889260321       0.9970294902473386
     656.3252835223482862       1.0308972655442656
     656.3254836557705403       1.0205366996523084
     656.3256837891927944       1.0217682812122764
     656.3258839226150485       1.0618160117074538
     656.3260840560374163       1.0298030131477764
     656.3262841894596704       0.9546607064003866
     656.3264843228819245       1.0049642511821752
     656.3266844563041786       0.9814728022077371
     656.3268845897265464       1.0053414210348932
     656.3270847231488005       0.9808014480258551
     656.3272848565710547       1.0251557430044591
     656.3274849899933088       1.0659923521529377
     656.3276851234156766       1.0488484180180624
     656.3278852568379307       0.9647597951131440
     656.3280853902601848       1.0250916021136380
     656.3282855236824389       0.9526605596643103
     656.3284856571048067       1.0390874401272079
     656.3286857905270608       0.9392226743115940
     656.3288859239493149       1.0319056768012302
     656.3290860573715690       1.0913074758950669
     656.3292861907939368       0.9973129441881454
     656.3294863242161910       1.0241805276359059
     656.3296864576384451       0.9732369537382020
     656.3298865910606992       1.0329409501716220
     656.3300867244830670       1.1010814457607241
     656.3302868579053211       0.9792351815473788
     656.3304869913275752       0.9982577949726680
     656.3306871247498293       1.0557503364788847
     656.3308872581721971       1.0589007995886637
     656.3310873915944512       0.9104404598378006
     656.3312875250167053       0.9518916010788364
     656.3314876584389594       0.9944674358655025
     656.3316877918612136       1.0470208823646971
     656.3318879252835814       1.0119684888026153
     656.3320880587058355       1.0696875900013461
     656.3322881921280896       0.9574453160155091
     656.3324883255503437       0.9772751890114773
     656.3326884589727115       1.0092645240941960
     656.3328885923949656       1.0366506725545785
     656.3330887258172197       1.0536732673642313
     656.3332888592394738       1.0239012055097143
     656.3334889926618416       1.0052545052020456
     656.3336891260840957       1.0574365518986295
     656.3338892595063498       1.0026353290303938
     656.3340893929286040       1.0158246420323436
     656.3342895263509718       1.0296331681310851
     656.3344896597732259       1.0299657490104246
     656.3346897931954800       1.0129412580281367
     656.3348899266177341       0.9864901732653292
     656.3350900600401019       0.9809647258371056
     656.3352901934623560       1.0513863451778849
     656.3354903268846101       1.0534471645951244
     656.3356904603068642       0.9147373661398870
     656.3358905937292320       0.9253120198845851
     656.3360907271514861       0.9719711560755960
     656.3362908605737402       0.9853188665583724
     656.3364909939959944       1.0744995325803752
     656.3366911274182485       1.0497976951301096
     656.3368912608406163       0.9855228411033748
     656.3370913942628704       0.9768727663904427
     656.3372915276851245       0.9422157332301139
     656.3374916611073786       1.0079221613705158
     656.3376917945297464       0.9993849814054556
     656.3378919279520005       0.9876440614461899
     656.3380920613742546       0.9611072093248367
     656.3382921947965087       0.9062488302588463
     656.3384923282188765       0.9759646262973547
     656.3386924616411306       0.9989433101145551
     656.3388925950633848       0.9743675589561462
     656.3390927284856389       1.0206542909145355
     656.3392928619080067       0.9620258025825024
     656.3394929953302608       0.9509359337389469
     656.3396931287525149       1.0764777958393097
     656.3398932621747690       0.9271437898278236
     656.3400933955971368       0.9288362115621567
     656.3402935290193909       1.0843817666172981
     656.3404936624416450       0.9222638085484505
     656.3406937958638991       0.9080805256962776
     656.3408939292862669       1.0292096231132746
     656.3410940627085211       0.8645266741514206
     656.3412941961307752       0.9259731471538544
     656.3414943295530293       0.9910787008702755
     656.3416944629753971       1.0333995819091797
     656.3418945963976512       1.0725784525275230
     656.3420947298199053       1.0749677345156670
     656.3422948632421594       0.9698927197605371
     656.3424949966644135       1.0195298120379448
     656.3426951300867813       1.1202204823493958
     656.3428952635090354       0.9232195988297462
     656.3430953969312895       1.0729618147015572
     656.3432955303535437       0.9622140973806381
     656.3434956637759115       0.9655835069715977
     656.3436957971981656       0.9343890473246574
     656.3438959306204197       1.0659918189048767
     656.3440960640426738       0.9424287304282188
     656.3442961974650416       1.0485678724944592
     656.3444963308872957       1.0283820573240519
     656.3446964643095498       0.9644524492323399
     656.3448965977318039       0.8968113437294960
     656.3450967311541717       0.9617986194789410
     656.3452968645764258       0.9844496222212911
     656.3454969979986799       0.9513639807701111
     656.3456971314209341       1.0059091616421938
     656.3458972648433019       1.0441102646291256
     656.3460973982655560       0.9874269971624017
     656.3462975316878101       0.9011334553360939
     656.3464976651100642       0.9930610358715057
     656.3466977985324320       0.9589661620557308
     656.3468979319546861       0.9788488689810038
     656.3470980653769402       0.9594925343990326
     656.3472981987991943       1.1055073067545891
     656.3474983322214484       0.9745721668004990
     656.3476984656438162       1.0312994532287121
     656.3478985990660703       0.9554082639515400
     656.3480987324883245       0.9551725387573242
     656.3482988659105786       1.0359465107321739
     656.3484989993329464       0.9889619247987866
     656.3486991327552005       0.9972495690453798
     656.3488992661774546       0.9591252095997334
     656.3490993995997087       1.0206544175744057
     656.3492995330220765       0.9585350118577480
     656.3494996664443306       0.9736004229635000
     656.3496997998665847       1.1094662100076675
     656.3498999332888388       1.0550864934921265
     656.3501000667112066       1.0449341014027596
     656.3503002001334607       1.0397019796073437
     656.3505003335557149       0.8986226171255112
     656.3507004669779690       0.9865566352382302
     656.3509006004003368       0.9821765962988138
     656.3511007338225909       1.0163279213011265
     656.3513008672448450       1.0499509908258915
     656.3515010006670991       0.9984380761161447
     656.3517011340894669       0.9318982213735580
     656.3519012675117210       1.0722720772027969
     656.3521014009339751       1.0143777923658490
     656.3523015343562292       0.9747700840234756
     656.3525016677785970       1.0185197442770004
     656.3527018012008512       0.9359553009271622
     656.3529019346231053       0.9963868323247880
     656.3531020680453594       0.9963110976386815
     656.3533022014676135       0.9700165707617998
     656.3535023348899813       0.9818192236125469
     656.3537024683122354       0.9498499259352684
     656.3539026017344895       0.9731103293597698
     656.3541027351567436       0.9648778028786182
     656.3543028685791114       0.9019192308187485
     656.3545030020013655       1.0037804578896612
     656.3547031354236196       1.0148131670430303
     656.3549032688458738       0.9383521564304829
     656.3551034022682416       1.0384037643671036
     656.3553035356904957       0.9696929473429918
     656.3555036691127498       1.0744680687785149
     656.3557038025350039       1.0331532917916775
     656.3559039359573717       1.1058730110526085
     656.3561040693796258       0.9941925988532603
     656.3563042028018799       0.9308050572872162
     656.3565043362241340       0.9783113617449999
     656.3567044696465018       1.0334003902971745
     656.3569046030687559       0.9252938106656075
     656.3571047364910100       1.0335783436894417
     656.3573048699132642       1.0081939948722720
     656.3575050033356320       1.0601952634751797
     656.3577051367578861       1.0282865371555090
     656.3579052701801402       1.0086347525939345
     656.3581054036023943       0.9598273299634457
     656.3583055370246484       0.9584190919995308
     656.3585056704470162       1.0306967087090015
     656.3587058038692703       1.0792991444468498
     656.3589059372915244       1.0276323594152927
     656.3591060707137785       0.9896857636049390
     656.3593062041361463       1.0130548896268010
     656.3595063375584004       0.9483375363051891
     656.3597064709806546       0.9794762637466192
     656.3599066044029087       1.0049493913538754
     656.3601067378252765       1.0143067715689540
     656.3603068712475306       1.0164003334939480
     656.3605070046697847       0.9707475155591965
     656.3607071380920388       1.0332704149186611
     656.3609072715144066       1.0343273691833019
     656.3611074049366607       0.9812883157283068
     656.3613075383589148       0.9474519230425358
     656.3615076717811689       1.0882476791739464
     656.3617078052035367       0.9991538161411881
     656.3619079386257908       1.0116629032418132
     656.3621080720480450       0.9534743502736092
     656.3623082054702991       1.0325012169778347
     656.3625083388926669       0.9759268704801798
     656.3627084723149210       1.0118779120966792
     656.3629086057371751       1.0341856181621552
     656.3631087391594292       0.9814044237136841
     656.3633088725817970       0.9729432705789804
     656.3635090060040511       0.9476567395031452
     656.3637091394263052       1.1043754816055298
     656.3639092728485593       0.9510563164949417
     656.3641094062708135       1.0603588037192822
     656.3643095396931813       1.0085975620895624
     656.3645096731154354       0.9259882047772408
     656.3647098065376895       1.0267561208456755
     656.3649099399599436       0.8908346071839333
     656.3651100733823114       0.9394160099327564
     656.3653102068045655       1.0441354960203171
     656.3655103402268196       0.9369708225131035
     656.3657104736490737       0.9115535467863083
     656.3659106070714415       0.9989666434703395
     656.3661107404936956       1.0020389256533235
     656.3663108739159497       1.0071703628636897
     656.3665110073382039       0.9006894007325172
     656.3667111407605717       0.9874168680980802
     656.3669112741828258       1.0831280499696732
     656.3671114076050799       0.9884363552555442
     656.3673115410273340       0.9816014375537634
     656.3675116744497018       0.9129702076315880
     656.3677118078719559       1.0747475102543831
     656.3679119412942100       1.0545974075794220
     656.3681120747164641       0.9891831902787089
     656.3683122081388319       1.0048829428851604
     656.3685123415610860       0.9286083355545998
     656.3687124749833401       0.9418724179267883
     656.3689126084055943       0.9891326585784554
     656.3691127418278484       1.0831297412514687
     656.3693128752502162       1.0524763762950897
     656.3695130086724703       1.0588637478649616
     656.3697131420947244       1.0818944200873375
     656.3699132755169785       1.0077349427156150
     656.3701134089393463       1.1112007126212120
     656.3703135423616004       1.0505614392459393
     656.3705136757838545       1.0243531707674265
     656.3707138092061086       1.1429052799940109
     656.3709139426284764       1.0133542837575078
     656.3711140760507305       0.9574993960559368
     656.3713142094729847       1.0964835062623024
     656.3715143428952388       0.9892270611599088
     656.3717144763176066       1.0274387244135141
     656.3719146097398607       0.9695112109184265
     656.3721147431621148       1.0870058164000511
     656.3723148765843689       1.0484283156692982
     656.3725150100067367       1.1634595692157745
     656.3727151434289908       1.0375411510467529
     656.3729152768512449       0.9757472053170204
     656.3731154102734990       1.0208619888871908
     656.3733155436958668       1.0099172955378890
     656.3735156771181209       0.9895407119765878
     656.3737158105403751       1.0641892775893211
     656.3739159439626292       1.0547211356461048
     656.3741160773849970       0.9952415176667273
     656.3743162108072511       1.0356181785464287
     656.3745163442295052       1.0430837422609329
     656.3747164776517593       0.9994632393936627
     656.3749166110740134       0.9376200661063194
     656.3751167444963812       1.0703909844160080
     656.3753168779186353       0.9746592696756124
     656.3755170113408894       1.0984969660639763
     656.3757171447631436       1.0032889116555452
     656.3759172781855113       0.9843660537153482
     656.3761174116077655       1.0202321670949459
     656.3763175450300196       1.0034390462096781
     656.3765176784522737       0.9344610348343849
     656.3767178118746415       0.9748576376587152
     656.3769179452968956       1.0138385267928243
     656.3771180787191497       0.9587547630071640
     656.3773182121414038       0.9134583249688148
     656.3775183455637716       1.0678139626979828
     656.3777184789860257       1.0284346695989370
     656.3779186124082798       1.0095760840922594
     656.3781187458305340       1.1513810008764267
     656.3783188792529018       0.9148153811693192
     656.3785190126751559       1.0124666756018996
     656.3787191460974100       0.9604150280356407
     656.3789192795196641       1.0186212733387947
     656.3791194129420319       1.0587367378175259
     656.3793195463642860       1.0059621450491250
     656.3795196797865401       0.9698489569127560
     656.3797198132087942       1.0006973946001381
     656.3799199466311620       0.9331554844975471
     656.3801200800534161       1.0626942887902260
     656.3803202134756702       1.0057322825305164
     656.3805203468979244       1.0078226681798697
     656.3807204803201785       0.9235459268093109
     656.3809206137425463       1.0354324281215668
     656.3811207471648004       0.9698714260011911
     656.3813208805870545       0.8906069770455360
     656.3815210140093086       1.0237170625478029
     656.3817211474316764       0.9721456170082092
     656.3819212808539305       1.0230399426072836
     656.3821214142761846       0.9764449149370193
     656.3823215476984387       0.9319370761513710
     656.3825216811208065       0.9442616291344166
     656.3827218145430606       1.0155550390481949
     656.3829219479653148       0.9981442630523816
     656.3831220813875689       1.0064684757962823
     656.3833222148099367       0.9353173971176147
     656.3835223482321908       1.0351521186530590
     656.3837224816544449       1.0010093254968524
     656.3839226150766990       1.0010773044778034
     656.3841227484990668       0.9265705272555351
     656.3843228819213209       1.0753058493137360
     656.3845230153435750       0.9760061409324408
     656.3847231487658291       1.0099403141066432
     656.3849232821881969       0.9205535352230072
     656.3851234156104510       1.0151176070794463
     656.3853235490327052       1.0520043559372425
     656.3855236824549593       0.9903677757829428
     656.3857238158772134       0.9837356992065907
     656.3859239492995812       1.0010240691481158
     656.3861240827218353       0.9678268358111382
     656.3863242161440894       0.9817620199173689
     656.3865243495663435       1.0034873993135989
     656.3867244829887113       0.9612714387476444
     656.3869246164109654       0.9623270668089390
     656.3871247498332195       1.0309109129011631
     656.3873248832554737       0.9669338390231133
     656.3875250166778414       1.0174964424222708
     656.3877251501000956       1.0110029969364405
     656.3879252835223497       1.0565543174743652
     656.3881254169446038       0.9161286205053329
     656.3883255503669716       0.9271053001284599
     656.3885256837892257       1.0609428659081459
     656.3887258172114798       1.0086733633652329
     656.3889259506337339       1.0689536258578300
     656.3891260840561017       1.0403495393693447
     656.3893262174783558       1.0034906647633761
     656.3895263509006099       1.0849265679717064
     656.3897264843228641       0.9496389031410217
     656.3899266177452319       1.0170291047543287
     656.3901267511674860       1.0806678161025047
     656.3903268845897401       0.9955705637112260
     656.3905270180119942       1.0249018128961325
     656.3907271514343620       0.9978686191607267
     656.3909272848566161       0.9306468516588211
     656.3911274182788702       1.1324720680713654
     656.3913275517011243       0.9414876289665699
     656.3915276851233784       1.0296440329402685
     656.3917278185457462       1.0471383184194565
     656.3919279519680003       0.9659859500825405
     656.3921280853902545       0.9969472470693290
     656.3923282188125086       1.0031810142099857
     656.3925283522348764       0.9361796751618385
     656.3927284856571305       0.9075326994061470
     656.3929286190793846       1.1214348450303078
     656.3931287525016387       1.0503451898694038
     656.3933288859240065       0.9928699978627264
     656.3935290193462606       1.0048299171030521
     656.3937291527685147       1.0151079548522830
     656.3939292861907688       0.9940589820034802
     656.3941294196131366       1.0563625991344452
     656.3943295530353907       1.1004388704895973
     656.3945296864576449       0.9691950790584087
     656.3947298198798990       0.9897165307775140
     656.3949299533022668       0.9406369514763355
     656.3951300867245209       1.0143891340121627
     656.3953302201467750       0.8580232262611389
     656.3955303535690291       1.0236753448843956
     656.3957304869913969       0.9030699357390404
     656.3959306204136510       0.9668600112199783
     656.3961307538359051       0.9626975208520889
     656.3963308872581592       1.0713687762618065
     656.3965310206804133       0.9684176295995712
     656.3967311541027811       0.9684569574892521
     656.3969312875250353       0.9616119600832462
     656.3971314209472894       1.0338351018726826
     656.3973315543695435       0.9602008350193501
     656.3975316877919113       1.0538630001246929
     656.3977318212141654       1.0609881095588207
     656.3979319546364195       0.9129242226481438
     656.3981320880586736       1.0025426447391510
     656.3983322214810414       1.0252563599497080
     656.3985323549032955       1.0301190372556448
     656.3987324883255496       0.9559431709349155
     656.3989326217478038       0.9833226427435875
     656.3991327551701715       1.0780241936445236
     656.3993328885924257       1.0283292960375547
     656.3995330220146798       0.9258769229054451
     656.3997331554369339       1.0008602103334852
     656.3999332888593017       0.9403689913451672
     656.4001334222815558       1.0087486086413264
     656.4003335557038099       1.0646189749240875
     656.4005336891260640       0.9597531817853451
     656.4007338225484318       0.9975005821324885
     656.4009339559706859       0.9221205487847328
     656.4011340893929400       0.9859690545126796
     656.4013342228151942       0.9898788621649146
     656.4015343562375620       0.9904988929629326
     656.4017344896598161       1.0633512064814568
     656.4019346230820702       1.0106668351218104
     656.4021347565043243       1.0336199179291725
     656.4023348899265784       1.0096428608521819
     656.4025350233489462       1.0790834426879883
     656.4027351567712003       1.0707395672798157
     656.4029352901934544       1.0522878654301167
     656.4031354236157085       0.9922695904970169
     656.4033355570380763       1.0452875979244709
     656.4035356904603304       1.0306403525173664
     656.4037358238825846       0.9521235078573227
     656.4039359573048387       0.9848230527713895
     656.4041360907272065       0.9553664289414883
     656.4043362241494606       1.0169804897159338
     656.4045363575717147       0.9611612409353256
     656.4047364909939688       1.0202998649328947
     656.4049366244163366       0.9688768200576305
     656.4051367578385907       0.9875174993649125
     656.4053368912608448       0.9745158068835735
     656.4055370246830989       0.9429030120372772
     656.4057371581054667       1.0863558128476143
     656.4059372915277208       0.9439074285328388
     656.4061374249499750       0.8884762749075890
     656.4063375583722291       1.0136155905202031
     656.4065376917945969       1.0715180262923241
     656.4067378252168510       1.0283011738210917
     656.4069379586391051       1.0016000190516934
     656.4071380920613592       0.9773219916969538
     656.4073382254836133       0.9928162177093327
     656.4075383589059811       0.9892147034406662
     656.4077384923282352       1.0403968058526516
     656.4079386257504893       1.0010302636073902
     656.4081387591727434       1.0130474288016558
     656.4083388925951112       0.9954656921327114
     656.4085390260173654       0.9674950502812862
     656.4087391594396195       0.9097985923290253
     656.4089392928618736       0.9450260885059834
     656.4091394262842414       1.0300496313720942
     656.4093395597064955       0.9756613466888666
     656.4095396931287496       0.9894665488973260
     656.4097398265510037       1.0195088442414999
     656.4099399599733715       0.9782116804271936
     656.4101400933956256       1.0750977247953415
     656.4103402268178797       0.9942042310722172
     656.4105403602401339       0.9965886443387717
     656.4107404936625016       0.9452613405883312
     656.4109406270847558       0.9306296780705452
     656.4111407605070099       0.9499326050281525
     656.4113408939292640       1.0264100823551416
     656.4115410273516318       0.9802992213517427
     656.4117411607738859       1.0464565344154835
     656.4119412941961400       0.9275311008095741
     656.4121414276183941       1.0724511444568634
     656.4123415610407619       1.0037348095793277
     656.4125416944630160       1.0180974733084440
     656.4127418278852701       0.9555340744554996
     656.4129419613075243       0.9452828764915466
     656.4131420947297784       0.9906690800562501
     656.4133422281521462       0.9800672754645348
     656.4135423615744003       0.9820913299918175
     656.4137424949966544       0.9935295013710856
     656.4139426284189085       0.9977087131701410
     656.4141427618412763       1.0291365124285221
     656.4143428952635304       1.0004431336710695
     656.4145430286857845       0.9431191682815552
     656.4147431621080386       1.0035599730908871
     656.4149432955304064       1.0193827413022518
     656.4151434289526605       1.0419451855123043
     656.4153435623749147       0.9659204743802547
     656.4155436957971688       0.8514268398284912
     656.4157438292195366       0.9297970682382584
     656.4159439626417907       1.0775227770209312
     656.4161440960640448       0.9790573511272669
     656.4163442294862989       0.9661648608744144
     656.4165443629086667       1.0251637231558561
     656.4167444963309208       0.9921756619587541
     656.4169446297531749       1.1081883534789085
     656.4171447631754290       0.9990489371120930
     656.4173448965977968       0.9483283050358295
     656.4175450300200509       0.9611926004290581
     656.4177451634423051       0.9820206928998232
     656.4179452968645592       0.9586099125444889
     656.4181454302869270       1.0572998002171516
     656.4183455637091811       1.0360021293163300
     656.4185456971314352       0.9392809681594372
     656.4187458305536893       1.0343317240476608
     656.4189459639759434       0.9820404499769211
     656.4191460973983112       0.9560955874621868
     656.4193462308205653       1.0171598214656115
     656.4195463642428194       0.9918735679239035
     656.4197464976650735       1.0093597099184990
     656.4199466310874413       1.0629867538809776
     656.4201467645096955       1.0375121645629406
     656.4203468979319496       0.8988347724080086
     656.4205470313542037       1.0428812205791473
     656.4207471647765715       0.9624110087752342
     656.4209472981988256       1.0057009300217032
     656.4211474316210797       0.9183158129453659
     656.4213475650433338       0.9544046372175217
     656.4215476984657016       1.0660138353705406
     656.4217478318879557       1.0462573096156120
     656.4219479653102098       1.0029773251153529
     656.4221480987324640       0.9715724941343069
     656.4223482321548317       0.9360277131199837
     656.4225483655770859       1.0009147818200290
     656.4227484989993400       1.0319117568433285
     656.4229486324215941       1.0070738927461207
     656.4231487658439619       1.0318142101168633
     656.4233488992662160       0.9939355081878603
     656.4235490326884701       1.0451963730156422
     656.4237491661107242       0.9122124239802361
     656.4239492995329783       0.9761154819279909
     656.4241494329553461       1.0668205171823502
     656.4243495663776002       1.0537939332425594
     656.4245496997998544       0.9839252401143312
     656.4247498332221085       0.9697130266577005
     656.4249499666444763       1.0132006797939539
     656.4251501000667304       1.0342670120298862
     656.4253502334889845       1.0077859493903816
     656.4255503669112386       0.9375217072665691
     656.4257505003336064       0.9641403630375862
     656.4259506337558605       1.0380123369395733
     656.4261507671781146       1.0428375601768494
     656.4263509006003687       1.0379483215510845
     656.4265510340227365       1.0427023023366928
     656.4267511674449906       0.9646928757429123
     656.4269513008672448       1.0659297704696655
     656.4271514342894989       0.9703410807996988
     656.4273515677118667       1.0430799536406994
     656.4275517011341208       0.8911343291401863
     656.4277518345563749       1.0379634313285351
     656.4279519679786290       0.9760436899960041
     656.4281521014009968       0.9923337018117309
     656.4283522348232509       1.0283707529306412
     656.4285523682455050       1.0876803249120712
     656.4287525016677591       0.9409473761916161
     656.4289526350901269       1.0440763793885708
     656.4291527685123810       1.0300239957869053
     656.4293529019346352       0.9317624792456627
     656.4295530353568893       1.0507447235286236
     656.4297531687791434       1.0276776645332575
     656.4299533022015112       1.0551769733428955
     656.4301534356237653       0.9127527624368668
     656.4303535690460194       0.9783898852765560
     656.4305537024682735       0.9712365362793207
     656.4307538358906413       0.9656211845576763
     656.4309539693128954       1.0149909779429436
     656.4311541027351495       1.0231688283383846
     656.4313542361574036       0.9227593094110489
     656.4315543695797714       1.0006063278415240
     656.4317545030020256       0.9433781616389751
     656.4319546364242797       1.0084976265206933
     656.4321547698465338       0.9823015127331018
     656.4323549032689016       0.9938526800833642
     656.4325550366911557       0.9948516231961548
     656.4327551701134098       1.0155780659988523
     656.4329553035356639       0.9800137542188168
     656.4331554369580317       0.9735603388398886
     656.4333555703802858       1.0095097674056888
     656.4335557038025399       1.0120601905509830
     656.4337558372247940       0.9574339278042316
     656.4339559706471618       0.9979879234451801
     656.4341561040694160       1.0615485385060310
     656.4343562374916701       0.9324325099587440
     656.4345563709139242       0.9869546368718147
     656.4347565043361783       1.0579730235040188
     656.4349566377585461       0.9675616882741451
     656.4351567711808002       1.0114980433136225
     656.4353569046030543       1.0312397275120020
     656.4355570380253084       1.0082075921818614
     656.4357571714476762       0.9886762294918299
     656.4359573048699303       0.9784659761935472
     656.4361574382921845       0.9800558555871248
     656.4363575717144386       0.9956096536479890
     656.4365577051368064       1.1077610030770302
     656.4367578385590605       0.9948367490433156
     656.4369579719813146       1.0562019944190979
     656.4371581054035687       0.9532662704586983
     656.4373582388259365       1.0301180910319090
     656.4375583722481906       1.0197858549654484
     656.4377585056704447       1.0036511055659503
     656.4379586390926988       0.9932396239601076
     656.4381587725150666       0.9291869103908539
     656.4383589059373207       0.9961796230636537
     656.4385590393595749       1.0747052952647209
     656.4387591727818290       0.9408818297088146
     656.4389593062041968       0.9507353790104389
     656.4391594396264509       1.0355541221797466
     656.4393595730487050       1.0004460843920242
     656.4395597064709591       1.0056722438894212
     656.4397598398933269       0.9956217757426202
     656.4399599733155810       1.0549781434237957
     656.4401601067378351       0.9820378758013248
     656.4403602401600892       0.9560913220047951
     656.4405603735823433       1.0225700493901968
     656.4407605070047111       1.0353937521576881
     656.4409606404269653       0.9767874758690596
     656.4411607738492194       0.9032790213823318
     656.4413609072714735       0.9768643621355295
     656.4415610406938413       1.0028548068366945
     656.4417611741160954       0.9523534029722214
     656.4419613075383495       0.9482809491455555
     656.4421614409606036       0.9729716442525387
     656.4423615743829714       0.9433534182608128
     656.4425617078052255       0.9971675223205239
     656.4427618412274796       1.0048111141659319
     656.4429619746497337       0.9561823196709156
     656.4431621080721015       1.0218410193920135
     656.4433622414943557       1.0035629612393677
     656.4435623749166098       0.9038481861352921
     656.4437625083388639       1.0451004654169083
     656.4439626417612317       0.9438753537833691
     656.4441627751834858       0.9189363792538643
     656.4443629086057399       1.0440693013370037
     656.4445630420279940       0.9974332253914326
     656.4447631754503618       0.9741226900368929
     656.4449633088726159       0.9053520560264587
     656.4451634422948700       1.0843201205134392
     656.4453635757171241       1.0152579667046666
     656.4455637091393783       1.0276787616312504
     656.4457638425617461       0.9758343640714884
     656.4459639759840002       1.0876954570412636
     656.4461641094062543       0.9871447635814548
     656.4463642428285084       0.9134931489825249
     656.4465643762508762       0.9128264635801315
     656.4467645096731303       0.9720620568841696
     656.4469646430953844       0.9827432353049517
     656.4471647765176385       1.0432571135461330
     656.4473649099400063       0.9982356816763058
     656.4475650433622604       1.0598395727574825
     656.4477651767845146       1.0162509307265282
     656.4479653102067687       1.0363999865949154
     656.4481654436291365       0.9796658642590046
     656.4483655770513906       0.9782597571611404
     656.4485657104736447       1.0414578430354595
     656.4487658438958988       1.0457714013755322
     656.4489659773182666       1.0545130781829357
     656.4491661107405207       1.0347074195742607
     656.4493662441627748       0.9772727601230145
     656.4495663775850289       0.8838002458214760
     656.4497665110073967       1.0774428546428680
     656.4499666444296508       1.0779843404889107
     656.4501667778519050       0.9423478431999683
     656.4503669112741591       1.0170749705284834
     656.4505670446965269       1.0398492850363255
     656.4507671781187810       1.0175146739929914
     656.4509673115410351       1.0070802136324346
     656.4511674449632892       1.0900210663676262
     656.4513675783855433       0.9677739031612873
     656.4515677118079111       0.9788850322365761
     656.4517678452301652       1.0017812604783103
     656.4519679786524193       1.0152333695441484
     656.4521681120746734       0.9129591584205627
     656.4523682454970412       1.0082061029970646
     656.4525683789192954       0.9752765540033579
     656.4527685123415495       1.0558376684784889
     656.4529686457638036       1.0627434551715851
     656.4531687791861714       1.0519825816154480
     656.4533689126084255       1.0037304402794689
     656.4535690460306796       0.9918703641742468
     656.4537691794529337       1.0443671941757202
     656.4539693128753015       0.9923460311256349
     656.4541694462975556       1.0135252987965941
     656.4543695797198097       0.9973534808959812
     656.4545697131420638       1.0540031753480434
     656.4547698465644316       0.8713942468166351
     656.4549699799866858       0.9348166957497597
     656.4551701134089399       1.0018698181957006
     656.4553702468311940       1.0169991292059422
     656.4555703802535618       1.0495682768523693
     656.4557705136758159       0.9775177557021379
     656.4559706470980700       0.9589065425097942
     656.4561707805203241       0.9593505673110485
     656.4563709139425782       0.9309394955635071
     656.4565710473649460       0.9794714841991663
     656.4567711807872001       1.0546452812850475
     656.4569713142094542       0.9869808005169034
     656.4571714476317084       1.0507562831044197
     656.4573715810540762       1.0671811997890472
     656.4575717144763303       1.1319846212863922
     656.4577718478985844       1.0676768794655800
     656.4579719813208385       0.9953188919462264
     656.4581721147432063       1.0392558127641678
     656.4583722481654604       0.9339231103658676
     656.4585723815877145       1.0415733866393566
     656.4587725150099686       1.0266040507704020
     656.4589726484323364       0.9743768535554409
     656.4591727818545905       0.9879919188097119
     656.4593729152768447       1.0770532712340355
     656.4595730486990988       0.9543183967471123
     656.4597731821214666       0.9689893890172243
     656.4599733155437207       1.0676628276705742
     656.4601734489659748       0.9960266938433051
     656.4603735823882289       1.0169026087969542
     656.4605737158105967       1.0541450679302216
     656.4607738492328508       1.0331597104668617
     656.4609739826551049       0.8913649544119835
     656.4611741160773590       0.9339199364185333
     656.4613742494997268       1.0514584966003895
     656.4615743829219809       0.9831711109727621
     656.4617745163442351       1.1293604373931885
     656.4619746497664892       1.0622920282185078
     656.4621747831887433       0.9613786526024342
     656.4623749166111111       0.9271187633275986
     656.4625750500333652       0.9211506098508835
     656.4627751834556193       1.0128497974947095
     656.4629753168778734       1.0411060266196728
     656.4631754503002412       1.0249076820909977
     656.4633755837224953       1.0720409229397774
     656.4635757171447494       1.0348447225987911
     656.4637758505670035       0.9656048305332661
     656.4639759839893713       1.0076409392058849
     656.4641761174116255       0.9793765190988779
     656.4643762508338796       0.8842461928725243
     656.4645763842561337       1.0005853378097527
     656.4647765176785015       0.9541908279061317
     656.4649766511007556       0.9422601088881493
     656.4651767845230097       0.9987117453711107
     656.4653769179452638       1.0088593950495124
     656.4655770513676316       0.9634400308132172
     656.4657771847898857       0.9671643525362015
     656.4659773182121398       1.0362449809908867
     656.4661774516343939       1.0234302170574665
     656.4663775850567617       1.0172453951090574
     656.4665777184790159       1.0164429787546396
     656.4667778519012700       1.1013166531920433
     656.4669779853235241       0.9872720465064049
     656.4671781187458919       0.9918510774150491
     656.4673782521681460       0.9459097199141979
     656.4675783855904001       0.9923340049572289
     656.4677785190126542       0.8855972662568092
     656.4679786524349083       1.0294782351702452
     656.4681787858572761       1.1283932775259018
     656.4683789192795302       1.0433747917413712
     656.4685790527017843       0.9711741115897894
     656.4687791861240385       1.0271583925932646
     656.4689793195464063       1.0614066421985626
     656.4691794529686604       0.9847143590450287
     656.4693795863909145       1.1355262249708176
     656.4695797198131686       1.0145926764234900
     656.4697798532355364       1.0315477401018143
     656.4699799866577905       0.9457646645605564
     656.4701801200800446       1.0072767459787428
     656.4703802535022987       0.9116666018962860
     656.4705803869246665       1.1405574381351471
     656.4707805203469206       0.9766848199069500
     656.4709806537691748       1.0456101745367050
     656.4711807871914289       1.0194482151418924
     656.4713809206137967       0.9648352004587650
     656.4715810540360508       0.9290843307971954
     656.4717811874583049       1.0011345219099894
     656.4719813208805590       0.9871339481323957
     656.4721814543029268       0.9904877971857786
     656.4723815877251809       0.9842360634356737
     656.4725817211474350       0.9994870017399080
     656.4727818545696891       0.9166179001331329
     656.4729819879919432       0.9005000367760658
     656.4731821214143110       1.0098177883774042
     656.4733822548365652       1.0272925682365894
     656.4735823882588193       1.0092014931142330
     656.4737825216810734       1.0308675765991211
     656.4739826551034412       1.0150541588664055
     656.4741827885256953       1.0070564928464592
     656.4743829219479494       1.0319976285099983
     656.4745830553702035       0.9242773428559303
     656.4747831887925713       0.9333713874220848
     656.4749833222148254       0.9365176409482956
     656.4751834556370795       1.0173568073660135
     656.4753835890593336       1.0045292912982404
     656.4755837224817014       0.9808018673211336
     656.4757838559039556       1.0130255362018943
     656.4759839893262097       1.0569049008190632
     656.4761841227484638       0.9587832838296890
     656.4763842561708316       0.9954356648959219
     656.4765843895930857       1.0457183942198753
     656.4767845230153398       0.9648232050240040
     656.4769846564375939       1.0454688705503941
     656.4771847898599617       0.9816790595650673
     656.4773849232822158       1.0527057535946369
     656.4775850567044699       1.0182913597673178
     656.4777851901267240       1.0802230536937714
     656.4779853235490918       0.9832798019051552
     656.4781854569713460       1.0493673905730247
     656.4783855903936001       0.9454292543232441
     656.4785857238158542       0.9706106428056955
     656.4787858572381083       1.0241993628442287
     656.4789859906604761       0.9401702471077442
     656.4791861240827302       0.9346192330121994
     656.4793862575049843       1.0117213232442737
     656.4795863909272384       1.0247916113585234
     656.4797865243496062       0.9871102282777429
     656.4799866577718603       1.0256713982671499
     656.4801867911941144       1.0349464975297451
     656.4803869246163686       0.9519436620175838
     656.4805870580387364       0.9988678137306124
     656.4807871914609905       1.0255791582167149
     656.4809873248832446       1.0082238446921110
     656.4811874583054987       0.9599970839917660
     656.4813875917278665       1.1683689653873444
     656.4815877251501206       0.9588445946574211
     656.4817878585723747       1.0065359286963940
     656.4819879919946288       1.0782629474997520
     656.4821881254169966       1.1019019037485123
     656.4823882588392507       1.0411391109228134
     656.4825883922615049       1.0054436805658042
     656.4827885256837590       0.9493616223335266
     656.4829886591061268       0.9815545044839382
     656.4831887925283809       1.0552680194377899
     656.4833889259506350       1.0336101576685905
     656.4835890593728891       1.0491583161056042
     656.4837891927951432       1.0023479310330003
     656.4839893262175110       1.0066105360165238
     656.4841894596397651       1.0480839572846889
     656.4843895930620192       0.9395771250128746
     656.4845897264842733       1.0171159021556377
     656.4847898599066411       0.9340888485312462
     656.4849899933288953       0.9707896113395691
     656.4851901267511494       0.9802134763449430
     656.4853902601734035       0.9636616297066212
     656.4855903935957713       1.0331710055470467
     656.4857905270180254       1.0352024845778942
     656.4859906604402795       1.0670067444443703
     656.4861907938625336       1.0253257658332586
     656.4863909272849014       0.9937628996558487
     656.4865910607071555       1.0264250226318836
     656.4867911941294096       1.0072134286165237
     656.4869913275516637       0.8613779544830322
     656.4871914609740315       1.0869866013526917
     656.4873915943962857       1.0590934343636036
     656.4875917278185398       1.0251977238804102
     656.4877918612407939       1.0180614888668060
     656.4879919946631617       1.0420824028551579
     656.4881921280854158       1.0384592711925507
     656.4883922615076699       0.9913649987429380
     656.4885923949299240       1.0711559876799583
     656.4887925283522918       1.0708099007606506
     656.4889926617745459       1.0595113039016724
     656.4891927951968000       0.9814562890678644
     656.4893929286190541       1.0237254872918129
     656.4895930620413083       0.9908307073637843
     656.4897931954636761       0.9398450255393982
     656.4899933288859302       0.9978406925220042
     656.4901934623081843       0.9873559381812811
     656.4903935957304384       0.9939361615106463
     656.4905937291528062       0.9543169438838959
     656.4907938625750603       0.9623067416250706
     656.4909939959973144       0.9483483023941517
     656.4911941294195685       0.9599755294620991
     656.4913942628419363       0.9984457681421191
     656.4915943962641904       0.9310973957180977
     656.4917945296864445       1.0215366762131453
     656.4919946631086987       0.9730017781257629
     656.4921947965310665       1.0831047371029854
     656.4923949299533206       0.9958068355917931
     656.4925950633755747       1.0509184077382088
     656.4927951967978288       0.9510312192142010
     656.4929953302201966       1.0258298423141241
     656.4931954636424507       0.9530826695263386
     656.4933955970647048       1.0760127380490303
     656.4935957304869589       0.9604692421853542
     656.4937958639093267       0.9707710463553667
     656.4939959973315808       1.0635082945227623
     656.4941961307538350       1.0615347512066364
     656.4943962641760891       1.0198756437748671
     656.4945963975983432       0.9652134068310261
     656.4947965310207110       1.0044926521368325
     656.4949966644429651       0.9466182701289654
     656.4951967978652192       1.0794788748025894
     656.4953969312874733       1.0642778202891350
     656.4955970647098411       1.0234439354389906
     656.4957971981320952       0.9537511691451073
     656.4959973315543493       1.0135739687830210
     656.4961974649766034       0.9375111088156700
     656.4963975983989712       0.9597843736410141
     656.4965977318212254       0.8742177784442902
     656.4967978652434795       1.0333054922521114
     656.4969979986657336       0.9608622007071972
     656.4971981320881014       1.1071044430136681
     656.4973982655103555       0.9866226362064481
     656.4975983989326096       0.9530951865017414
     656.4977985323548637       1.0198277570307255
     656.4979986657772315       0.9840464722365141
     656.4981987991994856       1.0416348986327648
     656.4983989326217397       0.9874959094449878
     656.4985990660439938       1.0588686764240265
     656.4987991994663616       0.9420335628092289
     656.4989993328886158       1.0696787163615227
     656.4991994663108699       1.0099175348877907
     656.4993995997331240       1.0201139263808727
     656.4995997331554918       0.9738662652671337
     656.4997998665777459       1.0254595372825861
     656.5000000000000000       0.9949947954155505
