     656.2000000000000455       1.0483335442841053
     656.2002001334222996       1.0095559153705835
     656.2004002668445537       1.0156562160700560
     656.2006004002669215       1.0313364900648594
     656.2008005336891756       1.0043617179617286
     656.2010006671114297       0.9906224925071001
     656.2012008005336838       1.0156458895653486
     656.2014009339560516       0.9943736651912332
     656.2016010673783057       0.9293635487556458
     656.2018012008005599       0.9872736018151045
     656.2020013342228140       0.9787354022264481
     656.2022014676451818       1.0498695895075798
     656.2024016010674359       0.9130848646163940
     656.2026017344896900       0.9878694759681821
     656.2028018679119441       1.0111998347565532
     656.2030020013343119       1.0219868049025536
     656.2032021347565660       1.1096168160438538
     656.2034022681788201       0.9011156111955643
     656.2036024016010742       1.0865612477064133
     656.2038025350234420       1.0242811199277639
     656.2040026684456961       0.9586156867444515
     656.2042028018679503       0.9415323548018932
     656.2044029352902044       0.9932208373211324
     656.2046030687125722       1.0810296759009361
     656.2048032021348263       0.9686752855777740
     656.2050033355570804       0.9705030620098114
     656.2052034689793345       0.9739758670330048
     656.2054036024017023       0.9911826224997640
     656.2056037358239564       0.9967987004201859
     656.2058038692462105       1.0415727607905865
     656.2060040026684646       1.0467396341264248
     656.2062041360907187       1.0249619092792273
     656.2064042695130865       1.0076580080203712
     656.2066044029353407       1.0449578613042831
     656.2068045363575948       1.0265221931040287
     656.2070046697798489       0.9831286463886499
     656.2072048032022167       1.0078840581700206
     656.2074049366244708       0.9644110389053822
     656.2076050700467249       0.9592210464179516
     656.2078052034689790       1.0397787764668465
     656.2080053368913468       0.9836919996887445
     656.2082054703136009       1.0037978992331773
     656.2084056037358550       1.0011227423092350
     656.2086057371581092       1.0477703996002674
     656.2088058705804769       1.0603394173085690
     656.2090060040027311       1.0141730010509491
     656.2092061374249852       1.0657737478613853
     656.2094062708472393       1.0313950628042221
     656.2096064042696071       1.0033210727851838
     656.2098065376918612       0.9401176497340202
     656.2100066711141153       1.1293768584728241
     656.2102068045363694       1.0158651527017355
     656.2104069379587372       0.9216377213597298
     656.2106070713809913       1.0419489257037640
     656.2108072048032454       1.0510760918259621
     656.2110073382254996       1.0235089380294085
     656.2112074716477537       0.9258444681763649
     656.2114076050701215       1.0203573238104582
     656.2116077384923756       0.9087601974606514
     656.2118078719146297       1.0204822048544884
     656.2120080053368838       0.9375866241753101
     656.2122081387592516       1.0174921695142984
     656.2124082721815057       0.9974182732403278
     656.2126084056037598       0.9731960799545050
     656.2128085390260139       0.9913479322567582
     656.2130086724483817       0.9393544718623161
     656.2132088058706358       1.0013907629763708
     656.2134089392928900       1.0280852466821671
     656.2136090727151441       1.0355724655091763
     656.2138092061375119       0.9887293400242925
     656.2140093395597660       1.0732241496443748
     656.2142094729820201       1.1063587442040443
     656.2144096064042742       0.9606777168810368
     656.2146097398266420       1.0009435333195142
     656.2148098732488961       0.9770766366273165
     656.2150100066711502       1.0318753570318222
     656.2152101400934043       0.9844431309029460
     656.2154102735157721       1.0088737672194839
     656.2156104069380262       0.9230804219841957
     656.2158105403602804       1.0768430754542351
     656.2160106737825345       0.9892752179875970
     656.2162108072049023       1.0269931741058826
     656.2164109406271564       0.9366701692342758
     656.2166110740494105       0.9980925958370790
     656.2168112074716646       1.0039625004865229
     656.2170113408939187       1.0209295898675919
     656.2172114743162865       1.0149978101253510
     656.2174116077385406       1.0946534052491188
     656.2176117411607947       1.0443371869623661
     656.2178118745830488       1.0378991588950157
     656.2180120080054166       0.9773662760853767
     656.2182121414276708       1.0172869060188532
     656.2184122748499249       1.0058561484329402
     656.2186124082721790       0.9801245350390673
     656.2188125416945468       1.0247031096369028
     656.2190126751168009       0.9565811194479465
     656.2192128085390550       0.9535125792026520
     656.2194129419613091       0.9991925623035058
     656.2196130753836769       1.0146139040589333
     656.2198132088059310       0.9901651153340936
     656.2200133422281851       1.0420243218541145
     656.2202134756504392       1.0111279375851154
     656.2204136090728070       1.0999970063567162
     656.2206137424950612       0.9784818831831217
     656.2208138759173153       1.0585394501686096
     656.2210140093395694       1.0279670190066099
     656.2212141427619372       1.0210441779345274
     656.2214142761841913       1.0587578527629375
     656.2216144096064454       0.9481807872653008
     656.2218145430286995       0.9660991169512272
     656.2220146764509536       0.9403172023594379
     656.2222148098733214       1.0014539494877681
     656.2224149432955755       1.0357731394469738
     656.2226150767178297       0.9333151802420616
     656.2228152101400838       1.0160410124808550
     656.2230153435624516       0.9534216113388538
     656.2232154769847057       1.1607294380664825
     656.2234156104069598       1.0639657303690910
     656.2236157438292139       0.9697821494191885
     656.2238158772515817       1.0378568209707737
     656.2240160106738358       0.9885709108784795
     656.2242161440960899       1.0822310596704483
     656.2244162775183440       0.9647946283221245
     656.2246164109407118       0.9702530149370432
     656.2248165443629659       0.9758314564824104
     656.2250166777852201       1.0853932648897171
     656.2252168112074742       0.9552386999130249
     656.2254169446298420       1.0337188802659512
     656.2256170780520961       0.9665308520197868
     656.2258172114743502       0.9927304349839687
     656.2260173448966043       0.9959828276187181
     656.2262174783189721       1.0409417115151882
     656.2264176117412262       0.9416683055460453
     656.2266177451634803       0.9930042279884219
     656.2268178785857344       1.0387858562171459
     656.2270180120081022       1.0076631898991764
     656.2272181454303563       1.0023634484969079
     656.2274182788526105       0.9630771167576313
     656.2276184122748646       1.0335170216858387
     656.2278185456971187       0.9457360431551933
     656.2280186791194865       1.0302757211029530
     656.2282188125417406       0.9379834234714508
     656.2284189459639947       0.9708648473024368
     656.2286190793862488       0.9838963542133570
     656.2288192128086166       1.0155822355300188
     656.2290193462308707       1.0006776248337701
     656.2292194796531248       0.9484207332134247
     656.2294196130753789       1.0547607652842999
     656.2296197464977467       0.9274573102593422
     656.2298198799200009       0.9509972520172596
     656.2300200133422550       1.0183211285620928
     656.2302201467645091       0.9973727359902114
     656.2304202801868769       0.8749258071184158
     656.2306204136091310       0.9847098393365741
     656.2308205470313851       0.9288769513368607
     656.2310206804536392       0.9811672512441874
     656.2312208138760070       0.9849456623196602
     656.2314209472982611       1.0360964611172676
     656.2316210807205152       1.0219618324190378
     656.2318212141427693       0.9485974945127964
     656.2320213475651371       0.8783465102314949
     656.2322214809873913       1.0244304016232491
     656.2324216144096454       1.0354817435145378
     656.2326217478318995       1.0051086000166833
     656.2328218812541536       1.0778441429138184
     656.2330220146765214       0.9922655285336077
     656.2332221480987755       0.9878839841112494
     656.2334222815210296       1.0452733449637890
     656.2336224149432837       0.9148679673671722
     656.2338225483656515       1.0374395251274109
     656.2340226817879056       0.9974402717780322
     656.2342228152101598       0.9663314968347549
     656.2344229486324139       0.9103009179234505
     656.2346230820547817       0.9534517526626587
     656.2348232154770358       0.9282272234559059
     656.2350233488992899       0.9823719393461943
     656.2352234823215440       0.9439614638686180
     656.2354236157439118       0.8957244753837585
     656.2356237491661659       1.0574796870350838
     656.2358238825884200       1.0214279573410749
     656.2360240160106741       0.9774984940886497
     656.2362241494330419       0.9512942582368851
     656.2364242828552960       0.9892557486891747
     656.2366244162775502       0.9998796591535211
     656.2368245496998043       1.1052658930420876
     656.2370246831221721       1.0318668484687805
     656.2372248165444262       0.9489734172821045
     656.2374249499666803       0.9693281762301922
     656.2376250833889344       1.0435346961021423
     656.2378252168113022       0.9715350866317749
     656.2380253502335563       1.0692461133003235
     656.2382254836558104       0.9591078944504261
     656.2384256170780645       0.9693251159042120
     656.2386257505003186       1.0384823456406593
     656.2388258839226864       1.0549476556479931
     656.2390260173449406       0.9530595391988754
     656.2392261507671947       0.9577297158539295
     656.2394262841894488       1.0778458267450333
     656.2396264176118166       0.9046616628766060
     656.2398265510340707       1.0337921120226383
     656.2400266844563248       0.9077575877308846
     656.2402268178785789       1.0237977802753448
     656.2404269513009467       1.0682342872023582
     656.2406270847232008       0.9798237401992083
     656.2408272181454549       1.0100044002756476
     656.2410273515677090       1.0725208446383476
     656.2412274849900768       1.0532674603164196
     656.2414276184123310       1.0329760909080505
     656.2416277518345851       1.0415473096072674
     656.2418278852568392       1.0135528836399317
     656.2420280186792070       1.0093311471864581
     656.2422281521014611       0.9744393620640039
     656.2424282855237152       0.9536426179111004
     656.2426284189459693       1.0912303850054741
     656.2428285523683371       1.0898147448897362
     656.2430286857905912       0.9353386312723160
     656.2432288192128453       0.9960765643045306
     656.2434289526350994       0.9914869293570518
     656.2436290860574672       1.0864685028791428
     656.2438292194797214       1.0879790782928467
     656.2440293529019755       0.9996398774383124
     656.2442294863242296       1.0361977592110634
     656.2444296197464837       1.0351298749446869
     656.2446297531688515       0.9114302620291710
     656.2448298865911056       0.9017296731472015
     656.2450300200133597       1.0255644563585520
     656.2452301534356138       0.9645293205976486
     656.2454302868579816       0.8920809254050255
     656.2456304202802357       1.0470489300787449
     656.2458305537024899       0.9185440465807915
     656.2460306871247440       1.0547133944928646
     656.2462308205471118       1.0037551082205027
     656.2464309539693659       0.9285413026809692
     656.2466310873916200       0.9656260237097740
     656.2468312208138741       1.0192332565784454
     656.2470313542362419       1.0727912187576294
     656.2472314876584960       0.9403689838945866
     656.2474316210807501       0.9631398767232895
     656.2476317545030042       0.9916229881346226
     656.2478318879253720       1.0432014726102352
     656.2480320213476261       1.1250417679548264
     656.2482321547698803       1.0025628583971411
     656.2484322881921344       1.0434980057179928
     656.2486324216145022       0.9613196775317192
     656.2488325550367563       1.0783037319779396
     656.2490326884590104       0.9647287651896477
     656.2492328218812645       1.0374832637608051
     656.2494329553035186       1.0566996708512306
     656.2496330887258864       0.9943478060886264
     656.2498332221481405       0.9989275254774839
     656.2500333555703946       0.9463928751647472
     656.2502334889926487       1.0425209179520607
     656.2504336224150165       1.0010625518625602
     656.2506337558372707       1.0417349934577942
     656.2508338892595248       0.9751040674746037
     656.2510340226817789       1.0221288874745369
     656.2512341561041467       1.0607883706688881
     656.2514342895264008       0.9445172064006329
     656.2516344229486549       0.9919028654694557
     656.2518345563709090       0.9187487810850143
     656.2520346897932768       1.0217485930770636
     656.2522348232155309       0.9344809800386429
     656.2524349566377850       0.9626075439155102
     656.2526350900600391       0.9859893303364515
     656.2528352234824069       0.9398285672068596
     656.2530353569046611       0.9473950304090977
     656.2532354903269152       1.0373245440423489
     656.2534356237491693       0.9763801787048578
     656.2536357571715371       1.0316841714084148
     656.2538358905937912       0.9973846659995615
     656.2540360240160453       1.0466937087476254
     656.2542361574382994       1.0479536913335323
     656.2544362908606672       1.0763083025813103
     656.2546364242829213       0.9978419870603830
     656.2548365577051754       0.9932287139818072
     656.2550366911274295       0.9122745469212532
     656.2552368245496837       1.0245540942996740
     656.2554369579720515       0.9591153115034103
     656.2556370913943056       1.0738297104835510
     656.2558372248165597       1.0339268483221531
     656.2560373582388138       1.0284083727747202
     656.2562374916611816       1.0715196952223778
     656.2564376250834357       0.9214766919612885
     656.2566377585056898       1.0417489372193813
     656.2568378919279439       0.9398501142859459
     656.2570380253503117       0.9747948758304119
     656.2572381587725658       0.9470455981791019
     656.2574382921948200       0.9765564594417810
     656.2576384256170741       1.0194229595363140
     656.2578385590394419       1.0467641167342663
     656.2580386924616960       1.0481615774333477
     656.2582388258839501       0.9747326038777828
     656.2584389593062042       0.9951777001842856
     656.2586390927285720       1.0247658155858517
     656.2588392261508261       1.0522299483418465
     656.2590393595730802       1.0319074839353561
     656.2592394929953343       1.0248597431927919
     656.2594396264177021       0.9537097103893757
     656.2596397598399562       0.9386559166014194
     656.2598398932622104       0.9592462219297886
     656.2600400266844645       1.0307251047343016
     656.2602401601067186       1.0288420524448156
     656.2604402935290864       0.9704056940972805
     656.2606404269513405       0.9722779989242554
     656.2608405603735946       0.9453552290797234
     656.2610406937958487       1.0607256665825844
     656.2612408272182165       0.9918961497023702
     656.2614409606404706       0.9589220322668552
     656.2616410940627247       1.0028427874203771
     656.2618412274849788       1.0175741240382195
     656.2620413609073466       1.0330024510622025
     656.2622414943296008       0.9763089735060930
     656.2624416277518549       1.0138377994298935
     656.2626417611741090       1.0192496161907911
     656.2628418945964768       1.0201243255287409
     656.2630420280187309       0.9478247500956059
     656.2632421614409850       1.0506140589714050
     656.2634422948632391       1.0279618632048368
     656.2636424282856069       0.9513284452259541
     656.2638425617078610       1.0163857769221067
     656.2640426951301151       1.0388375036418438
     656.2642428285523692       1.0330128781497478
     656.2644429619747370       0.8907396271824837
     656.2646430953969912       0.9567544721066952
     656.2648432288192453       0.9857191154733300
     656.2650433622414994       0.9977991993073374
     656.2652434956638672       0.9022240713238716
     656.2654436290861213       0.9670800566673279
     656.2656437625083754       1.0303038638085127
     656.2658438959306295       1.0399465672671795
     656.2660440293528836       1.0117035275325179
     656.2662441627752514       1.0048047858290374
     656.2664442961975055       0.9770153407007456
     656.2666444296197596       1.0248206593096256
     656.2668445630420138       0.9836591370403767
     656.2670446964643816       1.1086196526885033
     656.2672448298866357       1.0059636714868248
     656.2674449633088898       0.9022434428334236
     656.2676450967311439       0.8593709468841553
     656.2678452301535117       1.0473368354141712
     656.2680453635757658       1.0240821894258261
     656.2682454969980199       0.9681166447699070
     656.2684456304202740       1.0157803725451231
     656.2686457638426418       1.0635870546102524
     656.2688458972648959       0.9203891530632973
     656.2690460306871501       1.0645506605505943
     656.2692461641094042       1.0069471444003284
     656.2694462975317720       1.0214836616069078
     656.2696464309540261       0.9862536098808050
     656.2698465643762802       1.0705101042985916
     656.2700466977985343       1.0315380357205868
     656.2702468312209021       0.9791635051369667
     656.2704469646431562       0.9480641074478626
     656.2706470980654103       1.0383772104978561
     656.2708472314876644       0.9175195768475533
     656.2710473649099185       0.9988265181891620
     656.2712474983322863       1.0230237599462271
     656.2714476317545405       0.9465130753815174
     656.2716477651767946       0.9686093330383301
     656.2718478985990487       0.9032769799232483
     656.2720480320214165       1.0472841300070286
     656.2722481654436706       1.0419483371078968
     656.2724482988659247       1.0876666083931923
     656.2726484322881788       1.0006429367931560
     656.2728485657105466       0.9582662396132946
     656.2730486991328007       1.0011043030535802
     656.2732488325550548       1.0910841152071953
     656.2734489659773089       0.9758727997541428
     656.2736490993996767       1.0019080119673163
     656.2738492328219309       0.9911819305270910
     656.2740493662441850       1.0492041222751141
     656.2742494996664391       0.9617099724709988
     656.2744496330888069       0.9504993371665478
     656.2746497665110610       1.0495015196502209
     656.2748498999333151       0.9885821947827934
     656.2750500333555692       0.9406196884810923
     656.2752501667779370       1.0477098226547241
     656.2754503002001911       1.0868694335222242
     656.2756504336224452       1.0126419244334097
     656.2758505670446993       1.1468906402587886
     656.2760507004670671       1.0216949656605712
     656.2762508338893213       0.9261168166995037
     656.2764509673115754       1.0301575902849418
     656.2766511007338295       0.9281690195202803
     656.2768512341560836       0.9795785192400180
     656.2770513675784514       0.9469644427299445
     656.2772515010007055       1.0953140407800595
     656.2774516344229596       1.0415133908390879
     656.2776517678452137       0.9035075977444473
     656.2778519012675815       1.0466242358088236
     656.2780520346898356       0.9942258214577654
     656.2782521681120897       0.9824916850774925
     656.2784523015343439       0.9975716019979798
     656.2786524349567117       0.9984809098531241
     656.2788525683789658       1.0367191955445478
     656.2790527018012199       1.0475863367316616
     656.2792528352234740       1.0442834459241599
     656.2794529686458418       0.9501261375839276
     656.2796531020680959       0.9662709981195591
     656.2798532354903500       0.9823935404409148
     656.2800533689126041       1.0311284158363443
     656.2802535023349719       1.0025440782752244
     656.2804536357572260       1.0211118645934707
     656.2806537691794802       1.1640020906880646
     656.2808539026017343       0.9184093549784426
     656.2810540360241021       0.9089610725551895
     656.2812541694463562       0.9570701308422387
     656.2814543028686103       0.9261753707946753
     656.2816544362908644       0.9309064596642362
     656.2818545697131185       0.9619013405987584
     656.2820547031354863       0.9714801106114870
     656.2822548365577404       1.0069588398813565
     656.2824549699799945       0.9873144504602331
     656.2826551034022486       1.0563070288483107
     656.2828552368246164       0.9910376843119566
     656.2830553702468706       0.9444185306617995
     656.2832555036691247       1.0595481653060053
     656.2834556370913788       0.9756035744159167
     656.2836557705137466       1.0694374510157996
     656.2838559039360007       1.0321502974763956
     656.2840560373582548       1.0259041457548168
     656.2842561707805089       1.0231339486779172
     656.2844563042028767       1.0089455439035411
     656.2846564376251308       1.0264777269144569
     656.2848565710473849       1.0529987958019409
     656.2850567044696390       1.0604016838413932
     656.2852568378920068       1.0499258452939924
     656.2854569713142610       1.0581311858694378
     656.2856571047365151       1.0213589296141343
     656.2858572381587692       0.9464098936042975
     656.2860573715811370       1.0279638686241750
     656.2862575050033911       1.1145813160298748
     656.2864576384256452       0.9933354046511618
     656.2866577718478993       0.9253644486411974
     656.2868579052702671       1.0503495530779818
     656.2870580386925212       1.0433987803243041
     656.2872581721147753       0.9572515330714688
     656.2874583055370294       1.0197247246145025
     656.2876584389592836       1.0529734240370416
     656.2878585723816514       0.9840482617378834
     656.2880587058039055       1.0254752163983325
     656.2882588392261596       0.9623992997180898
     656.2884589726484137       0.9281141177497355
     656.2886591060707815       0.9925755806887067
     656.2888592394930356       0.9056273648013451
     656.2890593729152897       0.9922709708968795
     656.2892595063375438       0.9900883266383167
     656.2894596397599116       0.9698212300931427
     656.2896597731821657       0.9675758327417525
     656.2898599066044198       1.0280386650045399
     656.2900600400266740       0.9596121676850775
     656.2902601734490418       1.0386096192728385
     656.2904603068712959       1.0332773299929516
     656.2906604402935500       0.9300548234909209
     656.2908605737158041       1.0558389909624539
     656.2910607071381719       1.0575700120837936
     656.2912608405604260       0.9537533800065451
     656.2914609739826801       1.0629252012523882
     656.2916611074049342       0.9380795950007519
     656.2918612408273020       1.0465044405702282
     656.2920613742495561       0.9894884341766020
     656.2922615076718103       0.9395427512113537
     656.2924616410940644       1.0170129843395033
     656.2926617745164322       1.0016068928004125
     656.2928619079386863       1.0357511212103796
     656.2930620413609404       0.9812460114751712
     656.2932621747831945       1.0600088441553810
     656.2934623082054486       0.9710505416847189
     656.2936624416278164       1.0501937518012405
     656.2938625750500705       0.9522510131816155
     656.2940627084723246       1.0015009028982755
     656.2942628418945787       0.9887558928889782
     656.2944629753169465       0.9582292155785143
     656.2946631087392007       1.0140474760835996
     656.2948632421614548       0.9402121271401648
     656.2950633755837089       0.9423453828269046
     656.2952635090060767       0.9337242537740715
     656.2954636424283308       1.0395440766990700
     656.2956637758505849       0.9783785026051177
     656.2958639092728390       0.8804232167364797
     656.2960640426952068       0.9514853414208284
     656.2962641761174609       1.0407644384453945
     656.2964643095397150       0.9502756597358765
     656.2966644429619691       0.9666622865064786
     656.2968645763843369       1.0155687417676320
     656.2970647098065911       0.9418510116542702
     656.2972648432288452       0.9402010861899698
     656.2974649766510993       0.9697284637833977
     656.2976651100734671       0.9889101707228112
     656.2978652434957212       1.0891820307461666
     656.2980653769179753       0.9750548514937460
     656.2982655103402294       1.0036145505991003
     656.2984656437624835       1.0314463371740659
     656.2986657771848513       1.0106550561567491
     656.2988659106071054       0.9285907364975732
     656.2990660440293595       0.9821545570782633
     656.2992661774516137       0.9816328454754959
     656.2994663108739815       1.0227192771680205
     656.2996664442962356       1.0947778914644504
     656.2998665777184897       1.0583807634994182
     656.3000667111407438       0.9929379891266052
     656.3002668445631116       0.9290610777201850
     656.3004669779853657       0.9212871512970748
     656.3006671114076198       0.9586305304625224
     656.3008672448298739       0.9331100030813603
     656.3010673782522417       0.9853557826117991
     656.3012675116744958       0.9644075386547640
     656.3014676450967499       1.0649175229096532
     656.3016677785190041       0.9819170077619844
     656.3018679119413719       1.0159553100987206
     656.3020680453636260       0.9603737912768682
     656.3022681787858801       0.9240850786315907
     656.3024683122081342       0.8688129385344447
     656.3026684456305020       0.9345869877084843
     656.3028685790527561       0.8428695506704095
     656.3030687124750102       0.9523083035758572
     656.3032688458972643       0.9215433156257209
     656.3034689793196321       0.9424192034143383
     656.3036691127418862       0.8145931230207027
     656.3038692461641403       0.8807203311237790
     656.3040693795863945       0.9374323532439353
     656.3042695130086486       0.8937285906417815
     656.3044696464310164       0.8781319357732376
     656.3046697798532705       0.9231910291920296
     656.3048699132755246       0.8791941022307297
     656.3050700466977787       0.8003941394117829
     656.3052701801201465       0.8388781185810331
     656.3054703135424006       0.8560875950651003
     656.3056704469646547       0.9327892663453916
     656.3058705803869088       0.9348092971573966
     656.3060707138092766       0.7629858666397973
     656.3062708472315308       0.8615331348733410
     656.3064709806537849       0.8058248094362286
     656.3066711140760390       0.7558857772122762
     656.3068712474984068       0.8060934865426125
     656.3070713809206609       0.7869503776797607
     656.3072715143429150       0.9069866087440379
     656.3074716477651691       0.6750970770255698
     656.3076717811875369       0.8070309010656622
     656.3078719146097910       0.8497929835265839
     656.3080720480320451       0.7786329579857074
     656.3082721814542992       0.7822915143832825
     656.3084723148766670       0.7482297527743129
     656.3086724482989212       0.8866442297885890
     656.3088725817211753       0.8295987828126108
     656.3090727151434294       0.8269631577883781
     656.3092728485656835       0.8775097801207307
     656.3094729819880513       0.8413827943263176
     656.3096731154103054       0.8124258013658308
     656.3098732488325595       0.8477450680562901
     656.3100733822548136       0.7986527539912578
     656.3102735156771814       0.8123999001689229
     656.3104736490994355       0.8426209325370472
     656.3106737825216896       0.9390801079380502
     656.3108739159439438       0.8411543801428915
     656.3110740493663116       0.8171978076190687
     656.3112741827885657       0.9120938291113123
     656.3114743162108198       0.9011575661686411
     656.3116744496330739       0.8234191909585372
     656.3118745830554417       0.8656891437595226
     656.3120747164776958       0.9168350982387424
     656.3122748498999499       0.9119183058245638
     656.3124749833222040       0.9795597587664890
     656.3126751167445718       0.8238836024161513
     656.3128752501668259       0.8767363291529765
     656.3130753835890800       0.8952991232726445
     656.3132755170113342       0.9151008746866743
     656.3134756504337020       0.9380516794943025
     656.3136757838559561       0.9179089659319341
     656.3138759172782102       0.9163620318336276
     656.3140760507004643       0.8106350070400558
     656.3142761841228321       0.9342814146454046
     656.3144763175450862       0.9119913870190818
     656.3146764509673403       0.9291499097649174
     656.3148765843895944       1.0230574088996094
     656.3150767178118485       0.8732568258199881
     656.3152768512342163       0.9277122204066572
     656.3154769846564704       0.9717269455303814
     656.3156771180787246       0.9820467783331145
     656.3158772515009787       1.0019403030476661
     656.3160773849233465       0.9810372178523802
     656.3162775183456006       0.9429404270989402
     656.3164776517678547       1.0000382712815976
     656.3166777851901088       0.9515073806439952
     656.3168779186124766       1.0034412052441168
     656.3170780520347307       1.0504097451971157
     656.3172781854569848       0.9509370656105992
     656.3174783188792389       1.0632500113259886
     656.3176784523016067       0.9572125243125275
     656.3178785857238609       0.9428782411406399
     656.3180787191461150       1.0222261465386557
     656.3182788525683691       1.0318625082185324
     656.3184789859907369       1.0252285866059885
     656.3186791194129910       0.9852586002463863
     656.3188792528352451       1.0041335819888508
     656.3190793862574992       1.0264042122237911
     656.3192795196798670       1.0725128901872640
     656.3194796531021211       0.8761131634063793
     656.3196797865243752       0.9954875717491540
     656.3198799199466293       0.9983361547652024
     656.3200800533688835       0.9999274508240239
     656.3202801867912513       1.0388423573533867
     656.3204803202135054       1.0016317738263549
     656.3206804536357595       0.9088330093734310
     656.3208805870580136       1.0068362993446383
     656.3210807204803814       0.9901304676740367
     656.3212808539026355       0.9906301845617520
     656.3214809873248896       0.9751825649041773
     656.3216811207471437       0.9809649879508694
     656.3218812541695115       1.0013282826322891
     656.3220813875917656       1.0348320272697942
     656.3222815210140197       1.0160411886260450
     656.3224816544362739       1.0100039772803571
     656.3226817878586417       0.9748590460498163
     656.3228819212808958       0.9192527894495988
     656.3230820547031499       0.9625941897259424
     656.3232821881254040       1.0855399915623649
     656.3234823215477718       1.0349790191644852
     656.3236824549700259       0.9091569642797076
     656.3238825883922800       1.0617745038508408
     656.3240827218145341       1.0012430751910530
     656.3242828552369019       1.0265700096220396
     656.3244829886591560       1.0229321026350100
     656.3246831220814101       0.9758232611829272
     656.3248832555036643       0.9875059339876286
     656.3250833889260321       1.0376238767664216
     656.3252835223482862       1.0274440010407488
     656.3254836557705403       0.9873957317777234
     656.3256837891927944       0.9454542533861595
     656.3258839226150485       0.9595724471183186
     656.3260840560374163       1.0177679494556495
     656.3262841894596704       1.0534887555913826
     656.3264843228819245       1.0098631023337243
     656.3266844563041786       1.0536595064889540
     656.3268845897265464       1.0041906708672994
     656.3270847231488005       0.9998634704841255
     656.3272848565710547       1.0302261573201392
     656.3274849899933088       1.0522224058617606
     656.3276851234156766       0.9427391799793601
     656.3278852568379307       1.0353489106515856
     656.3280853902601848       0.9975124254021875
     656.3282855236824389       1.0211381416478327
     656.3284856571048067       1.0418484528602163
     656.3286857905270608       1.0539820603271033
     656.3288859239493149       1.0001945612200189
     656.3290860573715690       1.0360552921493336
     656.3292861907939368       1.0652636384433851
     656.3294863242161910       0.9877513113354064
     656.3296864576384451       0.9471080551684341
     656.3298865910606992       0.9777925025006673
     656.3300867244830670       1.0310871062664835
     656.3302868579053211       0.9249157145113555
     656.3304869913275752       0.9448722801875221
     656.3306871247498293       0.9542879568612208
     656.3308872581721971       1.0061959331814236
     656.3310873915944512       0.9952451251878408
     656.3312875250167053       0.9779070890627637
     656.3314876584389594       0.9205244384425773
     656.3316877918612136       1.0824874361636425
     656.3318879252835814       1.0314938292261560
     656.3320880587058355       0.9579306135508315
     656.3322881921280896       0.9987016516804988
     656.3324883255503437       0.9644949284502643
     656.3326884589727115       0.9904831310934206
     656.3328885923949656       1.0837044843000085
     656.3330887258172197       0.8956742270531356
     656.3332888592394738       0.9466088886595007
     656.3334889926618416       1.0207684720524342
     656.3336891260840957       0.9889573457782437
     656.3338892595063498       1.0361558231516392
     656.3340893929286040       1.0503824722348210
     656.3342895263509718       1.0814021823320354
     656.3344896597732259       1.0154427167100284
     656.3346897931954800       1.0404882876770380
     656.3348899266177341       1.0504235736091871
     656.3350900600401019       0.9557774811311210
     656.3352901934623560       1.0605022869521967
     656.3354903268846101       1.0132197467265032
     656.3356904603068642       1.0206213723621620
     656.3358905937292320       0.9248333573165777
     656.3360907271514861       0.9884808547670055
     656.3362908605737402       0.9938919450999286
     656.3364909939959944       1.0020808284108409
     656.3366911274182485       0.9933618707538268
     656.3368912608406163       0.9620385020940285
     656.3370913942628704       0.9738787710644895
     656.3372915276851245       1.0488503538056877
     656.3374916611073786       1.0070728147391770
     656.3376917945297464       0.9650046862654432
     656.3378919279520005       0.9814757313574176
     656.3380920613742546       1.0086315553631793
     656.3382921947965087       0.9353970438239494
     656.3384923282188765       0.9099264293907373
     656.3386924616411306       0.9661868065594458
     656.3388925950633848       1.0355280153452548
     656.3390927284856389       0.9929555519483435
     656.3392928619080067       1.0625486001371964
     656.3394929953302608       1.1409686654805882
     656.3396931287525149       1.0080650579184121
     656.3398932621747690       0.9666415639221551
     656.3400933955971368       1.0254771057516257
     656.3402935290193909       1.0058512538671440
     656.3404936624416450       0.9837518930435145
     656.3406937958638991       1.0048503768630301
     656.3408939292862669       1.0340220928192121
     656.3410940627085211       1.0895492658019055
     656.3412941961307752       0.9661471247673028
     656.3414943295530293       1.0420671477913852
     656.3416944629753971       0.9818150792270895
     656.3418945963976512       0.9710600730031727
     656.3420947298199053       1.0156352575868368
     656.3422948632421594       0.9628126658499240
     656.3424949966644135       0.9761568848043679
     656.3426951300867813       0.9821690134704113
     656.3428952635090354       0.9928219527937472
     656.3430953969312895       1.0276375953108072
     656.3432955303535437       0.9812965877354145
     656.3434956637759115       1.0349613055586815
     656.3436957971981656       1.0270488504320383
     656.3438959306204197       1.0586827807128429
     656.3440960640426738       0.9923583380877972
     656.3442961974650416       0.9673922546207905
     656.3444963308872957       1.0716596394777298
     656.3446964643095498       0.9987793269101530
     656.3448965977318039       1.0553738437592983
     656.3450967311541717       0.9526081904768944
     656.3452968645764258       1.1029863357543945
     656.3454969979986799       0.9907206390053034
     656.3456971314209341       0.9775248710066080
     656.3458972648433019       1.0114405546337366
     656.3460973982655560       0.9733489919453859
     656.3462975316878101       0.9847811143845320
     656.3464976651100642       0.8410161137580872
     656.3466977985324320       0.9932732023298740
     656.3468979319546861       1.1021739467978477
     656.3470980653769402       0.9751508105546236
     656.3472981987991943       1.0050870319828391
     656.3474983322214484       0.9732213709503412
     656.3476984656438162       1.1089392900466919
     656.3478985990660703       0.9570558778941631
     656.3480987324883245       0.9943875917233527
     656.3482988659105786       0.9224206954240799
     656.3484989993329464       0.9947676020674407
     656.3486991327552005       0.9835464041680098
     656.3488992661774546       0.9993997281999327
     656.3490993995997087       1.1303951591253281
     656.3492995330220765       1.0693372637033463
     656.3494996664443306       1.0553278438746929
     656.3496997998665847       0.9159797504544258
     656.3498999332888388       0.9876925153657794
     656.3501000667112066       0.9653799459338188
     656.3503002001334607       0.9456395991146564
     656.3505003335557149       0.9204828813672066
     656.3507004669779690       0.9905231930315495
     656.3509006004003368       1.0402578972280025
     656.3511007338225909       1.0741366893053055
     656.3513008672448450       1.0887458249926567
     656.3515010006670991       0.9567292071878910
     656.3517011340894669       1.0635028034448624
     656.3519012675117210       0.9534162841737270
     656.3521014009339751       1.0319799967110157
     656.3523015343562292       0.9943779031746089
     656.3525016677785970       0.9238581880927086
     656.3527018012008512       1.0737050250172615
     656.3529019346231053       0.9764942359179258
     656.3531020680453594       1.0362261272966862
     656.3533022014676135       0.9491646401584148
     656.3535023348899813       1.0687641724944115
     656.3537024683122354       1.0354903936386108
     656.3539026017344895       1.0237382315099239
     656.3541027351567436       1.0728172734379768
     656.3543028685791114       0.9331195205450058
     656.3545030020013655       1.0507297813892365
     656.3547031354236196       0.9171995520591736
     656.3549032688458738       1.0348070524632931
     656.3551034022682416       1.0120581043884158
     656.3553035356904957       0.9518619403243065
     656.3555036691127498       1.0264698769897223
     656.3557038025350039       1.0471098087728024
     656.3559039359573717       1.0057579418644309
     656.3561040693796258       1.1110579594969749
     656.3563042028018799       0.9053541570901871
     656.3565043362241340       1.0485325120389462
     656.3567044696465018       0.9692675136029720
     656.3569046030687559       0.9753105677664280
     656.3571047364910100       1.0386142469942570
     656.3573048699132642       1.0556861273944378
     656.3575050033356320       1.0259668380022049
     656.3577051367578861       1.0325700119137764
     656.3579052701801402       1.0692753940820694
     656.3581054036023943       0.9724252466112375
     656.3583055370246484       1.0826534852385521
     656.3585056704470162       1.0114508243277669
     656.3587058038692703       0.9362590312957764
     656.3589059372915244       0.9503758214414120
     656.3591060707137785       0.8308108896017075
     656.3593062041361463       0.9909332208335400
     656.3595063375584004       1.0592975281178951
     656.3597064709806546       1.0464786775410175
     656.3599066044029087       0.9954410237260163
     656.3601067378252765       1.0072657675482333
     656.3603068712475306       1.0092183072119951
     656.3605070046697847       1.0452473051846027
     656.3607071380920388       1.0617465637624264
     656.3609072715144066       1.0204307176172733
     656.3611074049366607       1.0776289030909538
     656.3613075383589148       0.8971049413084984
     656.3615076717811689       1.0454451255500317
     656.3617078052035367       0.9033757597208023
     656.3619079386257908       1.0773713812232018
     656.3621080720480450       0.9657655544579029
     656.3623082054702991       1.0057139731943607
     656.3625083388926669       0.9989426771644503
     656.3627084723149210       0.9997340555419214
     656.3629086057371751       0.9632366299629211
     656.3631087391594292       0.9493952281773090
     656.3633088725817970       1.0413435548543930
     656.3635090060040511       0.9241816923022270
     656.3637091394263052       0.9749022834002972
     656.3639092728485593       1.0369926802814007
     656.3641094062708135       0.9298994690179825
     656.3643095396931813       0.9695102144032717
     656.3645096731154354       1.0886550024151802
     656.3647098065376895       1.0209340248256922
     656.3649099399599436       1.0072997035458684
     656.3651100733823114       0.9950990043580532
     656.3653102068045655       0.9694448113441467
     656.3655103402268196       1.0258170422166586
     656.3657104736490737       0.9260810241103172
     656.3659106070714415       1.0815575793385506
     656.3661107404936956       1.1150574460625648
     656.3663108739159497       1.0081810532137752
     656.3665110073382039       1.0532907620072365
     656.3667111407605717       1.0244410764425993
     656.3669112741828258       0.9832871146500111
     656.3671114076050799       1.0102746663615108
     656.3673115410273340       0.9650994315743446
     656.3675116744497018       0.9686423949897289
     656.3677118078719559       0.9641355536878109
     656.3679119412942100       0.9587281048297882
     656.3681120747164641       0.9840376321226358
     656.3683122081388319       0.9963798478711396
     656.3685123415610860       1.0002447023580316
     656.3687124749833401       0.9509812816977501
     656.3689126084055943       0.9341916814446449
     656.3691127418278484       0.9628440551459789
     656.3693128752502162       1.0142133412882686
     656.3695130086724703       0.9382874555885792
     656.3697131420947244       1.0611167252063751
     656.3699132755169785       1.0510163716971874
     656.3701134089393463       1.0670104548335075
     656.3703135423616004       1.0340323038399220
     656.3705136757838545       1.0025864960625768
     656.3707138092061086       0.9880869388580322
     656.3709139426284764       1.0362221598625183
     656.3711140760507305       1.0162747092545033
     656.3713142094729847       0.9932420798577368
     656.3715143428952388       1.0297520738095045
     656.3717144763176066       0.9751743860542774
     656.3719146097398607       1.0459027551114559
     656.3721147431621148       1.0194074027240276
     656.3723148765843689       0.9157561436295509
     656.3725150100067367       0.9837315622717142
     656.3727151434289908       1.0432607978582382
     656.3729152768512449       1.0482162795960903
     656.3731154102734990       0.9373917356133461
     656.3733155436958668       1.0581961460411549
     656.3735156771181209       1.0572715066373348
     656.3737158105403751       1.0059159561060369
     656.3739159439626292       1.0345176942646503
     656.3741160773849970       0.9682335592806339
     656.3743162108072511       1.0073987017385662
     656.3745163442295052       1.0106914173811674
     656.3747164776517593       0.9711509644985199
     656.3749166110740134       0.9749230239540339
     656.3751167444963812       0.9812107030302286
     656.3753168779186353       1.0866507142782211
     656.3755170113408894       1.0834771320223808
     656.3757171447631436       0.9545702971518040
     656.3759172781855113       1.0359615385532379
     656.3761174116077655       0.9876109650358558
     656.3763175450300196       0.9749713484197855
     656.3765176784522737       0.9948944789357483
     656.3767178118746415       0.9778592903167009
     656.3769179452968956       0.9609136916697025
     656.3771180787191497       1.0257685538381338
     656.3773182121414038       0.8777171745896339
     656.3775183455637716       1.0224798545241356
     656.3777184789860257       0.9879123810678720
     656.3779186124082798       1.0190444979816675
     656.3781187458305340       1.0401215516030788
     656.3783188792529018       1.0471452847123146
     656.3785190126751559       1.0380969382822514
     656.3787191460974100       1.0355600900948048
     656.3789192795196641       1.0457819774746895
     656.3791194129420319       0.9956383476965129
     656.3793195463642860       1.0925631970167160
     656.3795196797865401       0.9685697928071022
     656.3797198132087942       0.9942864305339754
     656.3799199466311620       1.0199646130204201
     656.3801200800534161       0.9804354067891836
     656.3803202134756702       1.0180173944681883
     656.3805203468979244       1.0572141893208027
     656.3807204803201785       0.9942584089003503
     656.3809206137425463       0.9700628034770489
     656.3811207471648004       1.0582553036510944
     656.3813208805870545       0.9836888518184423
     656.3815210140093086       1.0645705908536911
     656.3817211474316764       1.0881830230355263
     656.3819212808539305       0.9681820459663868
     656.3821214142761846       0.9645026810467243
     656.3823215476984387       0.9625487364828587
     656.3825216811208065       1.0980058088898659
     656.3827218145430606       0.9951504105702043
     656.3829219479653148       0.9248056784272194
     656.3831220813875689       1.0220185481011868
     656.3833222148099367       1.0311656892299652
     656.3835223482321908       1.0476630292832851
     656.3837224816544449       0.9997034555126447
     656.3839226150766990       1.0011421995004639
     656.3841227484990668       0.9833021368831396
     656.3843228819213209       1.0602548383176327
     656.3845230153435750       1.0675903931260109
     656.3847231487658291       1.0133827226236463
     656.3849232821881969       1.0171488430351019
     656.3851234156104510       1.0421104207634926
     656.3853235490327052       1.0889419987797737
     656.3855236824549593       0.9500270225107670
     656.3857238158772134       0.9943861118517816
     656.3859239492995812       0.9744809437543154
     656.3861240827218353       0.9592662975192070
     656.3863242161440894       1.0262013580650091
     656.3865243495663435       1.0302164647728205
     656.3867244829887113       1.0077919438481331
     656.3869246164109654       1.0352723374962807
     656.3871247498332195       0.9830447938293219
     656.3873248832554737       0.9861301491037011
     656.3875250166778414       0.9441402256488800
     656.3877251501000956       1.0668162554502487
     656.3879252835223497       1.0444324538111687
     656.3881254169446038       0.9645795300602913
     656.3883255503669716       0.8761654868721962
     656.3885256837892257       1.0212655421346426
     656.3887258172114798       1.0266165770590305
     656.3889259506337339       1.0182341653853655
     656.3891260840561017       0.9475632905960083
     656.3893262174783558       0.9853479322046041
     656.3895263509006099       1.1075839027762413
     656.3897264843228641       0.9789000265300274
     656.3899266177452319       0.9713331069797277
     656.3901267511674860       0.9540807045996189
     656.3903268845897401       0.9754466228187084
     656.3905270180119942       0.9560771211981773
     656.3907271514343620       0.9412992298603058
     656.3909272848566161       1.0270139183849096
     656.3911274182788702       1.0875124558806419
     656.3913275517011243       0.9808579552918673
     656.3915276851233784       0.9768776055425406
     656.3917278185457462       1.0033205829095095
     656.3919279519680003       1.0109777525067329
     656.3921280853902545       0.9529882483184338
     656.3923282188125086       0.9498373977839947
     656.3925283522348764       0.9873289242386818
     656.3927284856571305       1.0555958412587643
     656.3929286190793846       1.0289266854524612
     656.3931287525016387       1.0599314235150814
     656.3933288859240065       0.9668810330331326
     656.3935290193462606       1.0086978543549776
     656.3937291527685147       1.0509222522377968
     656.3939292861907688       1.0536634735763073
     656.3941294196131366       0.9773232284933329
     656.3943295530353907       0.9645461328327656
     656.3945296864576449       1.0529805906116962
     656.3947298198798990       0.9625667929649353
     656.3949299533022668       1.0498057119548321
     656.3951300867245209       1.0079392399638891
     656.3953302201467750       1.0389095507562160
     656.3955303535690291       1.0875733271241188
     656.3957304869913969       1.0343114621937275
     656.3959306204136510       1.0399425812065601
     656.3961307538359051       1.0087315132841468
     656.3963308872581592       1.0766354203224182
     656.3965310206804133       1.0166713818907738
     656.3967311541027811       1.0775625258684158
     656.3969312875250353       1.0095604052767158
     656.3971314209472894       0.9708102699369192
     656.3973315543695435       0.9268057048320770
     656.3975316877919113       1.0025400256272405
     656.3977318212141654       0.9918680163100362
     656.3979319546364195       1.1321083307266235
     656.3981320880586736       1.0081227933987975
     656.3983322214810414       1.0380595289170742
     656.3985323549032955       1.1089025363326073
     656.3987324883255496       0.9815425090491772
     656.3989326217478038       1.0088047143071890
     656.3991327551701715       0.9530857503414154
     656.3993328885924257       1.0147865265607834
     656.3995330220146798       1.0223716329783201
     656.3997331554369339       0.9829176012426615
     656.3999332888593017       1.0190521683543921
     656.4001334222815558       0.9992674673558213
     656.4003335557038099       1.0330380685627460
     656.4005336891260640       0.9600749425590038
     656.4007338225484318       0.9942966084927320
     656.4009339559706859       0.9872026043012738
     656.4011340893929400       0.8980623111128807
     656.4013342228151942       1.1445609778165817
     656.4015343562375620       1.1084625348448753
     656.4017344896598161       1.0254151728004217
     656.4019346230820702       1.0848368704319000
     656.4021347565043243       1.0727215856313705
     656.4023348899265784       0.9762550462037325
     656.4025350233489462       0.9875673176720738
     656.4027351567712003       1.0218205302953720
     656.4029352901934544       1.0261856224387884
     656.4031354236157085       0.9651461429893970
     656.4033355570380763       1.0397294275462627
     656.4035356904603304       0.9738145414739847
     656.4037358238825846       1.0338130630552769
     656.4039359573048387       0.9204381480813026
     656.4041360907272065       0.9665294997394085
     656.4043362241494606       1.0690004378557205
     656.4045363575717147       0.9343299865722656
     656.4047364909939688       1.0663598403334618
     656.4049366244163366       0.9504603408277035
     656.4051367578385907       0.8808553293347359
     656.4053368912608448       1.0250465422868729
     656.4055370246830989       1.0562791340053082
     656.4057371581054667       1.0512179099023342
     656.4059372915277208       1.0253151860088110
     656.4061374249499750       0.9411002136766911
     656.4063375583722291       0.9675886221230030
     656.4065376917945969       1.0548953302204609
     656.4067378252168510       0.9294843077659607
     656.4069379586391051       1.0038908359128982
     656.4071380920613592       1.0032019782811403
     656.4073382254836133       1.0007044072845019
     656.4075383589059811       1.0559957586228848
     656.4077384923282352       0.9732893072068691
     656.4079386257504893       1.0292285680770874
     656.4081387591727434       1.0775856003165245
     656.4083388925951112       1.0238077063113451
     656.4085390260173654       0.9690754562616348
     656.4087391594396195       1.0352946445345879
     656.4089392928618736       1.0302864108234644
     656.4091394262842414       0.9387008734047413
     656.4093395597064955       0.9522880762815475
     656.4095396931287496       0.9435796625912189
     656.4097398265510037       0.9868763312697411
     656.4099399599733715       1.0085818273946643
     656.4101400933956256       0.9769974071532488
     656.4103402268178797       0.9421658329665661
     656.4105403602401339       0.9606850631535053
     656.4107404936625016       0.8836971968412399
     656.4109406270847558       1.0661468878388405
     656.4111407605070099       0.9674927927553654
     656.4113408939292640       1.0416471734642982
     656.4115410273516318       1.0137990731745958
     656.4117411607738859       0.9793874472379684
     656.4119412941961400       0.9575327076017857
     656.4121414276183941       1.0619707405567169
     656.4123415610407619       0.9603353478014469
     656.4125416944630160       0.9765952061861753
     656.4127418278852701       1.0289691425859928
     656.4129419613075243       0.9427339434623718
     656.4131420947297784       0.9601557478308678
     656.4133422281521462       0.9945396129041910
     656.4135423615744003       0.9600631184875965
     656.4137424949966544       1.0037494245916605
     656.4139426284189085       1.1228936687111855
     656.4141427618412763       1.0929509624838829
     656.4143428952635304       0.9429666437208652
     656.4145430286857845       1.0269107799977064
     656.4147431621080386       0.9311086907982826
     656.4149432955304064       0.9580956399440765
     656.4151434289526605       0.9661623723804951
     656.4153435623749147       0.9359882548451424
     656.4155436957971688       1.0172841139137745
     656.4157438292195366       0.9982309212209657
     656.4159439626417907       1.0870283991098404
     656.4161440960640448       0.9168979972600937
     656.4163442294862989       1.0041979043744504
     656.4165443629086667       0.9304344430565834
     656.4167444963309208       0.9453469105064869
     656.4169446297531749       1.0885293185710907
     656.4171447631754290       0.9422691352665424
     656.4173448965977968       0.9993078248226084
     656.4175450300200509       1.0027222095523030
     656.4177451634423051       1.0992376431822777
     656.4179452968645592       1.0233139991760254
     656.4181454302869270       0.9348259940743446
     656.4183455637091811       0.9888280723243952
     656.4185456971314352       0.9928393727168441
     656.4187458305536893       0.9235862344503403
     656.4189459639759434       0.9813616815954447
     656.4191460973983112       0.9315292611718178
     656.4193462308205653       0.9554838016629219
     656.4195463642428194       1.0497715473175049
     656.4197464976650735       0.9641441293060780
     656.4199466310874413       0.9448811225593090
     656.4201467645096955       1.0181031543761492
     656.4203468979319496       0.9806151613593102
     656.4205470313542037       0.9514531306922436
     656.4207471647765715       1.0490251779556274
     656.4209472981988256       0.9904600307345390
     656.4211474316210797       1.0827050134539604
     656.4213475650433338       1.0070143984630704
     656.4215476984657016       0.9687742106616497
     656.4217478318879557       0.9975574689451605
     656.4219479653102098       0.9579716548323631
     656.4221480987324640       0.9563851989805698
     656.4223482321548317       1.0591665282845497
     656.4225483655770859       1.0358261540532112
     656.4227484989993400       0.9573747627437115
     656.4229486324215941       0.9787638895213604
     656.4231487658439619       0.9591624364256859
     656.4233488992662160       0.9815134499222040
     656.4235490326884701       1.0665945634245872
     656.4237491661107242       1.0002628288639244
     656.4239492995329783       1.0245331842452288
     656.4241494329553461       1.0074636833742261
     656.4243495663776002       0.9819384682923555
     656.4245496997998544       1.0347861014306545
     656.4247498332221085       1.0305726323276758
     656.4249499666444763       1.0170615892857313
     656.4251501000667304       0.9248892441391945
     656.4253502334889845       1.0113847292959690
     656.4255503669112386       1.0670779123902321
     656.4257505003336064       0.9864212181419134
     656.4259506337558605       0.9768506083637476
     656.4261507671781146       1.0070941159501672
     656.4263509006003687       0.9812663141638041
     656.4265510340227365       1.0262951534241438
     656.4267511674449906       0.9836518839001656
     656.4269513008672448       1.0388144887983799
     656.4271514342894989       1.0988901481032372
     656.4273515677118667       0.9664504081010818
     656.4275517011341208       1.0269377138465643
     656.4277518345563749       0.9165219962596893
     656.4279519679786290       1.0925725623965263
     656.4281521014009968       0.9843280799686909
     656.4283522348232509       0.9547125957906246
     656.4285523682455050       1.0097270794212818
     656.4287525016677591       0.9695558510720730
     656.4289526350901269       1.0531934387981892
     656.4291527685123810       1.0794792547821999
     656.4293529019346352       0.9452231563627720
     656.4295530353568893       0.9250938221812248
     656.4297531687791434       0.9818356875330210
     656.4299533022015112       0.9306999221444130
     656.4301534356237653       1.0418425723910332
     656.4303535690460194       1.0037134711164981
     656.4305537024682735       0.9962569701019675
     656.4307538358906413       0.9598940648138523
     656.4309539693128954       0.9326990693807602
     656.4311541027351495       0.9994473014958203
     656.4313542361574036       0.9374970346689224
     656.4315543695797714       0.9243221133947372
     656.4317545030020256       1.0227045770734549
     656.4319546364242797       0.9283151552081108
     656.4321547698465338       1.0415891073644161
     656.4323549032689016       1.1340594738721848
     656.4325550366911557       0.9842644333839417
     656.4327551701134098       0.9035702273249626
     656.4329553035356639       1.0395886190235615
     656.4331554369580317       1.0068323439918458
     656.4333555703802858       1.0489852055907249
     656.4335557038025399       1.0778683051466942
     656.4337558372247940       1.0315383225679398
     656.4339559706471618       1.0102019747719169
     656.4341561040694160       1.0079154958948493
     656.4343562374916701       0.9851996554061770
     656.4345563709139242       0.9891718626022339
     656.4347565043361783       1.0061510726809502
     656.4349566377585461       0.9632240459322929
     656.4351567711808002       1.1069182157516479
     656.4353569046030543       1.0019483569776639
     656.4355570380253084       1.0326768457889557
     656.4357571714476762       1.0094658201560378
     656.4359573048699303       0.9059688225388527
     656.4361574382921845       0.9544342570006847
     656.4363575717144386       0.9322091713547707
     656.4365577051368064       0.9614802673459053
     656.4367578385590605       0.9589380957186222
     656.4369579719813146       1.0146921528503299
     656.4371581054035687       0.9871393973007798
     656.4373582388259365       0.9981925972970203
     656.4375583722481906       1.0235177539288998
     656.4377585056704447       1.0626067295670509
     656.4379586390926988       0.9017012938857079
     656.4381587725150666       1.0263141132891178
     656.4383589059373207       1.0066171116195619
     656.4385590393595749       0.9447079934179783
     656.4387591727818290       1.0079722246155143
     656.4389593062041968       0.9427816011011600
     656.4391594396264509       1.0568660162389278
     656.4393595730487050       0.8857241943478584
     656.4395597064709591       1.0719007179141045
     656.4397598398933269       1.0166740063577890
     656.4399599733155810       1.0261745434254408
     656.4401601067378351       1.0478871501982212
     656.4403602401600892       1.0651784017682076
     656.4405603735823433       0.9990095432149246
     656.4407605070047111       0.9698296394199133
     656.4409606404269653       0.9876595987007022
     656.4411607738492194       0.9515321813523769
     656.4413609072714735       0.9714990854263306
     656.4415610406938413       0.9594726413488388
     656.4417611741160954       0.9932798966765404
     656.4419613075383495       1.0238988623023033
     656.4421614409606036       0.9448232091963291
     656.4423615743829714       0.9599938988685608
     656.4425617078052255       1.0698476210236549
     656.4427618412274796       0.9974235405679792
     656.4429619746497337       1.0156426597386599
     656.4431621080721015       0.9584910087287426
     656.4433622414943557       1.0029161067213863
     656.4435623749166098       0.9747795872390270
     656.4437625083388639       1.0188778396695852
     656.4439626417612317       1.0215677917003632
     656.4441627751834858       0.9373402148485184
     656.4443629086057399       1.0050471867434680
     656.4445630420279940       1.0154570015147328
     656.4447631754503618       0.9134945869445801
     656.4449633088726159       1.0158212371170521
     656.4451634422948700       0.9934683716855943
     656.4453635757171241       1.0172395128756762
     656.4455637091393783       0.9101425260305405
     656.4457638425617461       0.9751836434006691
     656.4459639759840002       1.0280778948217630
     656.4461641094062543       0.9772787336260080
     656.4463642428285084       1.0172525085508823
     656.4465643762508762       1.0602820292115211
     656.4467645096731303       1.0853682830929756
     656.4469646430953844       0.9831949919462204
     656.4471647765176385       0.9629459492862225
     656.4473649099400063       1.0686793625354767
     656.4475650433622604       0.9375376999378204
     656.4477651767845146       1.0163921769708395
     656.4479653102067687       0.9852067157626152
     656.4481654436291365       0.9577493183314800
     656.4483655770513906       1.0417156144976616
     656.4485657104736447       0.9487175270915031
     656.4487658438958988       1.0209628324955702
     656.4489659773182666       1.0382026545703411
     656.4491661107405207       0.9492983445525169
     656.4493662441627748       1.0088288197293878
     656.4495663775850289       0.9819251839071512
     656.4497665110073967       0.9776939265429974
     656.4499666444296508       1.0569741204380989
     656.4501667778519050       1.0002472677151673
     656.4503669112741591       1.0314425341784954
     656.4505670446965269       0.9612104594707489
     656.4507671781187810       1.0377126075327396
     656.4509673115410351       1.0060796155594289
     656.4511674449632892       1.0347614735364914
     656.4513675783855433       0.8913589939475060
     656.4515677118079111       1.0123451035469770
     656.4517678452301652       0.9707335475832224
     656.4519679786524193       0.9637948460876942
     656.4521681120746734       1.0434336215257645
     656.4523682454970412       0.8953009247779846
     656.4525683789192954       0.9784535113722086
     656.4527685123415495       0.9401011466979980
     656.4529686457638036       0.9915208881720901
     656.4531687791861714       0.9296716153621674
     656.4533689126084255       1.0482563190162182
     656.4535690460306796       1.0263330079615116
     656.4537691794529337       1.0340083651244640
     656.4539693128753015       1.0504088215529919
     656.4541694462975556       0.8618990778923035
     656.4543695797198097       0.9759165905416012
     656.4545697131420638       0.9826422836631536
     656.4547698465644316       0.9734761826694012
     656.4549699799866858       1.0124252298846841
     656.4551701134089399       1.0352394133806229
     656.4553702468311940       0.9736230913549662
     656.4555703802535618       0.8826869204640388
     656.4557705136758159       1.0753947347402573
     656.4559706470980700       0.9258271753787994
     656.4561707805203241       0.8501325547695160
     656.4563709139425782       1.0087776063010097
     656.4565710473649460       1.0011275633005425
     656.4567711807872001       0.9846428213641047
     656.4569713142094542       0.9737140405923128
     656.4571714476317084       1.0235503949224949
     656.4573715810540762       1.0604447722434998
     656.4575717144763303       1.0027209660038352
     656.4577718478985844       0.9375192746520042
     656.4579719813208385       1.0560523755848408
     656.4581721147432063       1.0181693490594625
     656.4583722481654604       1.0180959366261959
     656.4585723815877145       1.0236468911170959
     656.4587725150099686       1.0471976809203625
     656.4589726484323364       0.9481417462229729
     656.4591727818545905       0.9854947896674275
     656.4593729152768447       0.9513265639543533
     656.4595730486990988       1.0216548535972834
     656.4597731821214666       1.0074775428511202
     656.4599733155437207       1.1158803626894951
     656.4601734489659748       0.9901464777067304
     656.4603735823882289       0.9732705354690552
     656.4605737158105967       0.9514335729181767
     656.4607738492328508       0.9453210942447186
     656.4609739826551049       0.9592798091471195
     656.4611741160773590       1.0760957002639771
     656.4613742494997268       0.9440794102847576
     656.4615743829219809       1.0404795520007610
     656.4617745163442351       1.0311201512813568
     656.4619746497664892       1.0114783188328147
     656.4621747831887433       1.0008215928683057
     656.4623749166111111       1.0180573854595423
     656.4625750500333652       0.9780786987394094
     656.4627751834556193       1.0191581342369318
     656.4629753168778734       1.0245749372988939
     656.4631754503002412       0.9533121362328529
     656.4633755837224953       1.0327714495360851
     656.4635757171447494       0.9922470054589212
     656.4637758505670035       0.9687760286033154
     656.4639759839893713       1.0123168257996440
     656.4641761174116255       0.9451565667986870
     656.4643762508338796       1.0736477300524712
     656.4645763842561337       0.9545589312911034
     656.4647765176785015       1.0885039046406746
     656.4649766511007556       0.9258278384804726
     656.4651767845230097       1.0085880709812045
     656.4653769179452638       0.9211290106177330
     656.4655770513676316       0.9574522152543068
     656.4657771847898857       0.9231849610805511
     656.4659773182121398       0.9388980157673359
     656.4661774516343939       1.0274915974587202
     656.4663775850567617       1.0350381396710873
     656.4665777184790159       1.0981028750538826
     656.4667778519012700       1.0927424803376198
     656.4669779853235241       1.0118407933041453
     656.4671781187458919       1.0541637241840363
     656.4673782521681460       0.9531852826476097
     656.4675783855904001       1.0844976305961609
     656.4677785190126542       1.0582002177834511
     656.4679786524349083       1.0239521451294422
     656.4681787858572761       1.0436113215982914
     656.4683789192795302       0.9945996198803186
     656.4685790527017843       1.0418992675840855
     656.4687791861240385       0.9671039506793022
     656.4689793195464063       1.0577723495662212
     656.4691794529686604       0.9737692773342133
     656.4693795863909145       0.9756947774440050
     656.4695797198131686       0.9553466290235519
     656.4697798532355364       0.9710791762918234
     656.4699799866577905       1.0318033657968044
     656.4701801200800446       1.0342870987951756
     656.4703802535022987       1.0027375402860343
     656.4705803869246665       0.9679896458983421
     656.4707805203469206       1.0154708269983530
     656.4709806537691748       1.0363939963281155
     656.4711807871914289       1.0121949519962072
     656.4713809206137967       0.9827620927244425
     656.4715810540360508       0.8796212449669838
     656.4717811874583049       0.9979877662844956
     656.4719813208805590       0.9484178051352501
     656.4721814543029268       0.9843833344057202
     656.4723815877251809       1.0345490984618664
     656.4725817211474350       1.0495246611535549
     656.4727818545696891       0.9817797783762217
     656.4729819879919432       1.0131619153544307
     656.4731821214143110       1.0515571236610413
     656.4733822548365652       0.8799618333578110
     656.4735823882588193       0.9411171488463879
     656.4737825216810734       1.0685776546597481
     656.4739826551034412       1.0494766086339951
     656.4741827885256953       1.0117239272221923
     656.4743829219479494       1.0403548926115036
     656.4745830553702035       0.9945990275591612
     656.4747831887925713       0.9467441253364086
     656.4749833222148254       0.9958411040715873
     656.4751834556370795       0.9847175534814596
     656.4753835890593336       1.0002379699435551
     656.4755837224817014       1.0332832746207714
     656.4757838559039556       1.0392008759081364
     656.4759839893262097       0.9542172402143478
     656.4761841227484638       0.9917231090366840
     656.4763842561708316       1.0189445335417986
     656.4765843895930857       0.9646247290074825
     656.4767845230153398       0.8832681775093079
     656.4769846564375939       0.9434040710330009
     656.4771847898599617       0.9712386038154364
     656.4773849232822158       1.0418224744498730
     656.4775850567044699       0.9922523573040962
     656.4777851901267240       1.0159334708005190
     656.4779853235490918       1.0224129278212786
     656.4781854569713460       1.0486270301043987
     656.4783855903936001       0.9384302981197834
     656.4785857238158542       0.9922594451345503
     656.4787858572381083       0.9431301280856133
     656.4789859906604761       0.8678563982248306
     656.4791861240827302       0.9278618916869164
     656.4793862575049843       1.0414514951407909
     656.4795863909272384       1.0228978786617517
     656.4797865243496062       0.9488729834556580
     656.4799866577718603       1.0757442787289619
     656.4801867911941144       0.8634437024593353
     656.4803869246163686       1.0346627123653889
     656.4805870580387364       1.0526605360209942
     656.4807871914609905       0.9972106949426234
     656.4809873248832446       1.0068996655754745
     656.4811874583054987       1.0336043201386929
     656.4813875917278665       1.0014702266780660
     656.4815877251501206       1.0802551805973053
     656.4817878585723747       0.9992070583393797
     656.4819879919946288       0.9778769593685865
     656.4821881254169966       1.0574056096374989
     656.4823882588392507       1.0688887163996696
     656.4825883922615049       1.0535277724266052
     656.4827885256837590       0.9646126776933670
     656.4829886591061268       1.0145577741786838
     656.4831887925283809       1.0766097381711006
     656.4833889259506350       0.9933045976795256
     656.4835890593728891       0.9784835204482079
     656.4837891927951432       0.9521584436297417
     656.4839893262175110       1.0036630840040743
     656.4841894596397651       0.9473720416426659
     656.4843895930620192       0.9248217120766640
     656.4845897264842733       0.9847008660435677
     656.4847898599066411       0.9638801105320454
     656.4849899933288953       0.9769945628941059
     656.4851901267511494       0.9879391975700855
     656.4853902601734035       1.0208680070936680
     656.4855903935957713       0.9832050967961550
     656.4857905270180254       0.9498539008200169
     656.4859906604402795       0.9407530650496483
     656.4861907938625336       1.0538562200963497
     656.4863909272849014       0.9658059254288673
     656.4865910607071555       0.9527149535715580
     656.4867911941294096       0.9963626689277589
     656.4869913275516637       1.0778574794530869
     656.4871914609740315       0.9805179182440042
     656.4873915943962857       1.0144134256988764
     656.4875917278185398       0.9376169778406620
     656.4877918612407939       1.0171444844454527
     656.4879919946631617       1.0583813674747944
     656.4881921280854158       0.9695619102567434
     656.4883922615076699       1.0199000965803862
     656.4885923949299240       0.9512500390410423
     656.4887925283522918       1.0123049831017852
     656.4889926617745459       1.0035913994070143
     656.4891927951968000       0.9887080760672688
     656.4893929286190541       1.0624153204262257
     656.4895930620413083       1.0313034802675247
     656.4897931954636761       1.0868924781680107
     656.4899933288859302       1.0239898841828108
     656.4901934623081843       1.0074747139587998
     656.4903935957304384       1.0012091286480427
     656.4905937291528062       0.9638962037861347
     656.4907938625750603       0.9187057986855507
     656.4909939959973144       1.0207841657102108
     656.4911941294195685       0.9877573270350695
     656.4913942628419363       1.0478044189512730
     656.4915943962641904       0.9703974239528179
     656.4917945296864445       1.0271594710648060
     656.4919946631086987       1.0025093634612858
     656.4921947965310665       0.9588991440832615
     656.4923949299533206       1.0734888240695000
     656.4925950633755747       0.9543463028967381
     656.4927951967978288       0.9670122638344765
     656.4929953302201966       1.0291372276842594
     656.4931954636424507       1.0309580862522125
     656.4933955970647048       0.9961356676649302
     656.4935957304869589       0.9975759864319116
     656.4937958639093267       1.0706596001982689
     656.4939959973315808       1.0301411133259535
     656.4941961307538350       1.0286169350147247
     656.4943962641760891       0.9343647956848145
     656.4945963975983432       0.9807898718863726
     656.4947965310207110       1.0197765901684761
     656.4949966644429651       0.9718960970640182
     656.4951967978652192       0.9445488490164280
     656.4953969312874733       0.9585538432002068
     656.4955970647098411       0.9983245141338557
     656.4957971981320952       1.0136471753939986
     656.4959973315543493       0.9718981236219406
     656.4961974649766034       1.0483427755534649
     656.4963975983989712       0.9420630037784576
     656.4965977318212254       1.0007152002071962
     656.4967978652434795       1.1422739773988724
     656.4969979986657336       0.9934868677519262
     656.4971981320881014       0.9122970774769783
     656.4973982655103555       1.0973153337836266
     656.4975983989326096       1.0608339868485928
     656.4977985323548637       1.0098668271675706
     656.4979986657772315       1.0277805328369141
     656.4981987991994856       1.0615098774433136
     656.4983989326217397       1.0518670342862606
     656.4985990660439938       0.8921579122543335
     656.4987991994663616       0.9445815607905388
     656.4989993328886158       0.9084489792585373
     656.4991994663108699       1.0322687178850174
     656.4993995997331240       1.0500158481299877
     656.4995997331554918       1.0048284372314811
     656.4997998665777459       1.0059662116691470
     656.5000000000000000       1.0244738273322582
