     656.2000000000000455       0.9622981734573841
     656.2002001334222996       1.0451118424534798
     656.2004002668445537       1.1214513778686523
     656.2006004002669215       1.0125227961689234
     656.2008005336891756       0.9301822036504745
     656.2010006671114297       1.0387161448597908
     656.2012008005336838       1.0640403777360916
     656.2014009339560516       1.0337915048003197
     656.2016010673783057       1.0108228474855423
     656.2018012008005599       0.9532484188675880
     656.2020013342228140       0.9375209212303162
     656.2022014676451818       0.9359282851219177
     656.2024016010674359       0.9839192219078541
     656.2026017344896900       1.0658572614192963
     656.2028018679119441       0.9275487661361694
     656.2030020013343119       0.9617931842803955
     656.2032021347565660       0.9978445183951408
     656.2034022681788201       1.0360924266278744
     656.2036024016010742       0.9883716609328985
     656.2038025350234420       1.0064181708730757
     656.2040026684456961       0.9204156473278999
     656.2042028018679503       1.0558649003505707
     656.2044029352902044       0.9488301612436771
     656.2046030687125722       0.9418190829455853
     656.2048032021348263       0.9858770007267594
     656.2050033355570804       0.9640846140682697
     656.2052034689793345       0.9953696266748011
     656.2054036024017023       0.9313431978225708
     656.2056037358239564       0.9784610811620951
     656.2058038692462105       1.1306925415992737
     656.2060040026684646       1.0460264831781387
     656.2062041360907187       1.0095942132174969
     656.2064042695130865       0.9543395265936852
     656.2066044029353407       1.0006575249135494
     656.2068045363575948       1.1293396800756454
     656.2070046697798489       0.8904909715056419
     656.2072048032022167       0.9876508554443717
     656.2074049366244708       1.0478807128965855
     656.2076050700467249       1.0220181252807379
     656.2078052034689790       0.9867304069921374
     656.2080053368913468       1.0275725759565830
     656.2082054703136009       1.0071522155776620
     656.2084056037358550       1.0791823640465736
     656.2086057371581092       0.9487261399626732
     656.2088058705804769       0.9625019617378712
     656.2090060040027311       0.9914748417213559
     656.2092061374249852       1.0699896514415741
     656.2094062708472393       1.0619410984218121
     656.2096064042696071       0.9776274338364601
     656.2098065376918612       0.9547881372272968
     656.2100066711141153       0.9699211176484823
     656.2102068045363694       1.0341562181711197
     656.2104069379587372       0.9744422379881144
     656.2106070713809913       1.0085566388443112
     656.2108072048032454       0.9680652804672718
     656.2110073382254996       0.9084286466240883
     656.2112074716477537       0.9806547462940216
     656.2114076050701215       0.9148836955428123
     656.2116077384923756       1.0142474072054029
     656.2118078719146297       0.9724806044250727
     656.2120080053368838       1.0063343555666506
     656.2122081387592516       0.9565414972603321
     656.2124082721815057       0.9713090080767870
     656.2126084056037598       1.0286857392638922
     656.2128085390260139       1.0283981841057539
     656.2130086724483817       0.9941593282856047
     656.2132088058706358       0.9158360064029694
     656.2134089392928900       1.0023629439529032
     656.2136090727151441       1.0192862227559090
     656.2138092061375119       1.0395711474120617
     656.2140093395597660       1.0150311095640063
     656.2142094729820201       0.9876311458647251
     656.2144096064042742       0.9588326103985310
     656.2146097398266420       0.9481889121234417
     656.2148098732488961       1.1293297708034515
     656.2150100066711502       0.9237746074795723
     656.2152101400934043       0.9783481676131487
     656.2154102735157721       1.0056048943661153
     656.2156104069380262       0.9659717418253422
     656.2158105403602804       1.0095971720293164
     656.2160106737825345       1.0141216432675719
     656.2162108072049023       0.9822634402662516
     656.2164109406271564       1.0197147540748119
     656.2166110740494105       1.0768475160002708
     656.2168112074716646       0.9035826846957207
     656.2170113408939187       1.0079807564616203
     656.2172114743162865       0.9341823831200600
     656.2174116077385406       1.0632223337888718
     656.2176117411607947       0.9886489612981677
     656.2178118745830488       0.9084448888897896
     656.2180120080054166       1.0524582676589489
     656.2182121414276708       1.0165838152170181
     656.2184122748499249       1.1018994003534317
     656.2186124082721790       1.0553906559944153
     656.2188125416945468       0.9182731583714485
     656.2190126751168009       1.0000230288915191
     656.2192128085390550       0.9557782933115959
     656.2194129419613091       1.0634582862257957
     656.2196130753836769       1.0676700174808502
     656.2198132088059310       1.0292423199862242
     656.2200133422281851       1.0414694510400295
     656.2202134756504392       0.9761975277215242
     656.2204136090728070       0.9601677767932415
     656.2206137424950612       0.9678997695446014
     656.2208138759173153       0.9561112374067307
     656.2210140093395694       1.0016498977784067
     656.2212141427619372       0.9096900895237923
     656.2214142761841913       1.0246132146567106
     656.2216144096064454       1.0528628043830395
     656.2218145430286995       1.0063341208733618
     656.2220146764509536       1.0378647893667221
     656.2222148098733214       0.9905542945489287
     656.2224149432955755       0.9546557441353798
     656.2226150767178297       0.9899815618991852
     656.2228152101400838       1.0273873843252659
     656.2230153435624516       1.0648892968893051
     656.2232154769847057       0.9818362556397915
     656.2234156104069598       1.0171664636582136
     656.2236157438292139       1.0014235391281545
     656.2238158772515817       1.0350268594920635
     656.2240160106738358       0.9555853828787804
     656.2242161440960899       1.0085550621151924
     656.2244162775183440       1.0150943016633391
     656.2246164109407118       0.9448400773108006
     656.2248165443629659       0.9898612694814801
     656.2250166777852201       0.9914232390001416
     656.2252168112074742       0.9960291301831603
     656.2254169446298420       1.0255298204720020
     656.2256170780520961       0.9602229185402393
     656.2258172114743502       1.0301437415182590
     656.2260173448966043       0.9993972387746908
     656.2262174783189721       0.9778310377150774
     656.2264176117412262       0.9852791381999850
     656.2266177451634803       0.9984607556834817
     656.2268178785857344       0.9291776120662689
     656.2270180120081022       0.9352644756436348
     656.2272181454303563       1.0275102835148573
     656.2274182788526105       1.0060223564505577
     656.2276184122748646       0.9512564167380333
     656.2278185456971187       0.9377897903323174
     656.2280186791194865       1.0673136264085770
     656.2282188125417406       0.9850468514487147
     656.2284189459639947       1.0320333391427994
     656.2286190793862488       0.9435130245983601
     656.2288192128086166       0.9620074741542339
     656.2290193462308707       0.9623893015086651
     656.2292194796531248       0.9537370204925537
     656.2294196130753789       1.0195102225989103
     656.2296197464977467       0.9262529686093330
     656.2298198799200009       1.0272004660218954
     656.2300200133422550       1.1190203577280045
     656.2302201467645091       1.0391538292169571
     656.2304202801868769       1.0344110690057278
     656.2306204136091310       1.0528280995786190
     656.2308205470313851       0.9477430991828442
     656.2310206804536392       0.9721019025892019
     656.2312208138760070       0.9492734894156456
     656.2314209472982611       1.1172744631767273
     656.2316210807205152       0.9350909814238548
     656.2318212141427693       0.9752400200814009
     656.2320213475651371       1.0389152728021145
     656.2322214809873913       1.0786272212862968
     656.2324216144096454       1.0364703536033630
     656.2326217478318995       0.9622557759284973
     656.2328218812541536       0.9700181055814028
     656.2330220146765214       1.0183411017060280
     656.2332221480987755       1.0585128329694271
     656.2334222815210296       1.0757583975791931
     656.2336224149432837       1.0216712914407253
     656.2338225483656515       1.0412664934992790
     656.2340226817879056       0.9991125045344234
     656.2342228152101598       0.9632436521351337
     656.2344229486324139       0.9419706948101521
     656.2346230820547817       0.9744307305663824
     656.2348232154770358       1.0979715511202812
     656.2350233488992899       1.0882166251540184
     656.2352234823215440       0.9036595597863197
     656.2354236157439118       0.9796810802072287
     656.2356237491661659       0.9693355504423380
     656.2358238825884200       0.9560336954891682
     656.2360240160106741       1.0424046367406845
     656.2362241494330419       1.0498883873224258
     656.2364242828552960       1.0747559294104576
     656.2366244162775502       0.9673148393630981
     656.2368245496998043       1.0531139075756073
     656.2370246831221721       0.9266457706689835
     656.2372248165444262       1.1025499626994133
     656.2374249499666803       0.9843107182532549
     656.2376250833889344       0.9896079013124108
     656.2378252168113022       0.9969054444227368
     656.2380253502335563       1.0850221812725067
     656.2382254836558104       0.9447952210903168
     656.2384256170780645       0.9326624944806099
     656.2386257505003186       0.9481747932732105
     656.2388258839226864       0.9425809979438782
     656.2390260173449406       1.1010433658957481
     656.2392261507671947       1.0057448949664831
     656.2394262841894488       1.0102835148572922
     656.2396264176118166       1.0119264870882034
     656.2398265510340707       1.0605448372662067
     656.2400266844563248       1.0567536614835262
     656.2402268178785789       1.0594721250236034
     656.2404269513009467       0.9912014277651906
     656.2406270847232008       0.9967108101118356
     656.2408272181454549       0.9332761168479919
     656.2410273515677090       0.9338939040899277
     656.2412274849900768       1.0421651862561703
     656.2414276184123310       1.0590226650238037
     656.2416277518345851       1.0907568037509918
     656.2418278852568392       1.0177489556372166
     656.2420280186792070       1.0759253352880478
     656.2422281521014611       0.9846362452954054
     656.2424282855237152       0.9587001986801624
     656.2426284189459693       1.1205884814262390
     656.2428285523683371       0.9842450302094221
     656.2430286857905912       0.8706876635551453
     656.2432288192128453       0.9331118240952492
     656.2434289526350994       1.0670380815863609
     656.2436290860574672       0.9853351935744286
     656.2438292194797214       0.9479039199650288
     656.2440293529019755       0.9651884511113167
     656.2442294863242296       1.0326484218239784
     656.2444296197464837       1.0612107478082180
     656.2446297531688515       1.0164613630622625
     656.2448298865911056       1.0082503417506814
     656.2450300200133597       0.9365593791007996
     656.2452301534356138       0.9396901838481426
     656.2454302868579816       1.0009458434069529
     656.2456304202802357       0.9638987220823765
     656.2458305537024899       1.0648921951651573
     656.2460306871247440       0.9915707837790251
     656.2462308205471118       1.0008632635581307
     656.2464309539693659       1.0725525021553040
     656.2466310873916200       0.9820657335221767
     656.2468312208138741       0.9896701835095882
     656.2470313542362419       0.9866827903315425
     656.2472314876584960       0.9777149874716997
     656.2474316210807501       1.0200879815965891
     656.2476317545030042       1.0662249922752380
     656.2478318879253720       1.0958580076694489
     656.2480320213476261       0.9526841379702091
     656.2482321547698803       1.0806108787655830
     656.2484322881921344       1.0307795703411102
     656.2486324216145022       1.0144964447245002
     656.2488325550367563       0.9311149567365646
     656.2490326884590104       1.0455684661865234
     656.2492328218812645       0.9559493809938431
     656.2494329553035186       1.0810655355453491
     656.2496330887258864       0.8936113491654396
     656.2498332221481405       0.9708511326462030
     656.2500333555703946       0.9962492990307510
     656.2502334889926487       0.8952068910002708
     656.2504336224150165       1.0339779704809189
     656.2506337558372707       0.8973589017987251
     656.2508338892595248       1.0165624897927046
     656.2510340226817789       0.9520086944103241
     656.2512341561041467       1.0482414960861206
     656.2514342895264008       1.0349497348070145
     656.2516344229486549       1.0015683580422774
     656.2518345563709090       0.9285640269517899
     656.2520346897932768       0.9832378346472979
     656.2522348232155309       0.9439654275774956
     656.2524349566377850       1.0171024948358536
     656.2526350900600391       0.9431353397667408
     656.2528352234824069       0.9905443908646703
     656.2530353569046611       1.0160715486854315
     656.2532354903269152       0.9933220213279128
     656.2534356237491693       0.9605442732572556
     656.2536357571715371       1.0521244779229164
     656.2538358905937912       0.9985579036874697
     656.2540360240160453       1.0049319616518915
     656.2542361574382994       0.9201754331588745
     656.2544362908606672       1.0093170916661620
     656.2546364242829213       1.0263952314853668
     656.2548365577051754       1.0388530418276787
     656.2550366911274295       1.0208406355232000
     656.2552368245496837       1.0202742405235767
     656.2554369579720515       0.9184813424944878
     656.2556370913943056       1.0697370320558548
     656.2558372248165597       1.0392982698976994
     656.2560373582388138       0.9232090413570404
     656.2562374916611816       0.9914442459121346
     656.2564376250834357       0.9928761930204928
     656.2566377585056898       0.9230359643697739
     656.2568378919279439       1.0217182785272598
     656.2570380253503117       1.0039543625898659
     656.2572381587725658       1.0072207688353956
     656.2574382921948200       1.0370985977351665
     656.2576384256170741       1.0383606813848019
     656.2578385590394419       0.9974030910525471
     656.2580386924616960       1.0563633106648922
     656.2582388258839501       0.9280484095215797
     656.2584389593062042       1.0403247922658920
     656.2586390927285720       0.9776400253176689
     656.2588392261508261       0.9648284800350666
     656.2590393595730802       1.0197134055197239
     656.2592394929953343       1.0156760346144438
     656.2594396264177021       0.9967621832620353
     656.2596397598399562       1.0814706236124039
     656.2598398932622104       0.9446856677532196
     656.2600400266844645       0.9719035979360342
     656.2602401601067186       0.9507561437785625
     656.2604402935290864       1.0117602637037635
     656.2606404269513405       0.9723296463489532
     656.2608405603735946       0.9590714015066624
     656.2610406937958487       1.0570361800491810
     656.2612408272182165       0.9738679639995098
     656.2614409606404706       0.9880247572436929
     656.2616410940627247       1.0035510957241058
     656.2618412274849788       1.0786804929375648
     656.2620413609073466       1.0603998675942421
     656.2622414943296008       1.0275093968957663
     656.2624416277518549       1.0323524698615074
     656.2626417611741090       0.9269614219665527
     656.2628418945964768       0.9323620349168777
     656.2630420280187309       1.0421816557645798
     656.2632421614409850       0.9640641510486603
     656.2634422948632391       1.0495975166559219
     656.2636424282856069       0.9790771622210741
     656.2638425617078610       0.9819772858172655
     656.2640426951301151       1.0364052541553974
     656.2642428285523692       0.9463488049805164
     656.2644429619747370       1.0623536072671413
     656.2646430953969912       1.0022413830738515
     656.2648432288192453       1.0413814596831799
     656.2650433622414994       0.9631820209324360
     656.2652434956638672       1.0139531642198563
     656.2654436290861213       0.9038315340876579
     656.2656437625083754       1.0423258505761623
     656.2658438959306295       0.9268629550933838
     656.2660440293528836       0.9279766157269478
     656.2662441627752514       1.0509058609604836
     656.2664442961975055       1.0551945082843304
     656.2666444296197596       0.9407270587980747
     656.2668445630420138       0.9168803542852402
     656.2670446964643816       1.0241687484085560
     656.2672448298866357       0.8913332000374794
     656.2674449633088898       0.9558248072862625
     656.2676450967311439       1.0623531453311443
     656.2678452301535117       0.9682217314839363
     656.2680453635757658       1.0328441672027111
     656.2682454969980199       0.9640768356621265
     656.2684456304202740       1.0162932109087706
     656.2686457638426418       1.0284788999706507
     656.2688458972648959       0.9720918145030737
     656.2690460306871501       1.0401113294064999
     656.2692461641094042       1.0742209181189537
     656.2694462975317720       1.0081034144386649
     656.2696464309540261       0.9526525773108006
     656.2698465643762802       0.9997408063791227
     656.2700466977985343       1.0888983309268951
     656.2702468312209021       1.0686758384108543
     656.2704469646431562       0.9988618650240824
     656.2706470980654103       0.9703930970281363
     656.2708472314876644       1.0428967773914337
     656.2710473649099185       1.0523749850690365
     656.2712474983322863       0.9957112544216216
     656.2714476317545405       1.0464841164648533
     656.2716477651767946       0.9813902396708726
     656.2718478985990487       1.0443579256534574
     656.2720480320214165       0.9700436089187858
     656.2722481654436706       1.0132164256647225
     656.2724482988659247       0.9232254996895783
     656.2726484322881788       0.9380489028990260
     656.2728485657105466       0.9778495281934724
     656.2730486991328007       0.9051864892244318
     656.2732488325550548       0.9498218335211246
     656.2734489659773089       1.0594632029533340
     656.2736490993996767       1.0285692214965749
     656.2738492328219309       0.9352377504110233
     656.2740493662441850       1.0233212094753830
     656.2742494996664391       0.9788043405860438
     656.2744496330888069       0.9744968414306311
     656.2746497665110610       0.9880403270944470
     656.2748498999333151       1.0564119629561195
     656.2750500333555692       0.9617584645747108
     656.2752501667779370       1.0918575748799733
     656.2754503002001911       1.0593553557989805
     656.2756504336224452       0.9502608776089380
     656.2758505670446993       0.9854770209635715
     656.2760507004670671       1.0377181470387580
     656.2762508338893213       0.9487798139443515
     656.2764509673115754       1.0239761732505170
     656.2766511007338295       1.0222202297280794
     656.2768512341560836       0.9651878029080510
     656.2770513675784514       0.9974834311248670
     656.2772515010007055       1.0274815000538058
     656.2774516344229596       0.8603381067435703
     656.2776517678452137       0.9838889185228055
     656.2778519012675815       0.9182313456974811
     656.2780520346898356       1.0269520114887301
     656.2782521681120897       1.0124201681156575
     656.2784523015343439       1.0180468298063747
     656.2786524349567117       1.1043921112413073
     656.2788525683789658       0.8299020825980324
     656.2790527018012199       1.0635566486748016
     656.2792528352234740       0.9725780001166754
     656.2794529686458418       1.0017962881940488
     656.2796531020680959       0.9308549609706723
     656.2798532354903500       1.0316182259000297
     656.2800533689126041       0.9575348080906326
     656.2802535023349719       0.9905795717204439
     656.2804536357572260       1.0564792331769688
     656.2806537691794802       0.9793177306980987
     656.2808539026017343       0.9965389991432783
     656.2810540360241021       1.0458611409434189
     656.2812541694463562       0.9979533202686917
     656.2814543028686103       0.9908373502813324
     656.2816544362908644       1.0197010626891498
     656.2818545697131185       1.1093724282490529
     656.2820547031354863       0.9993864337489946
     656.2822548365577404       1.0073271335650744
     656.2824549699799945       0.9776699670945072
     656.2826551034022486       0.9933083159576243
     656.2828552368246164       1.0206048888423016
     656.2830553702468706       1.0166451506623668
     656.2832555036691247       1.0581917689282068
     656.2834556370913788       0.9883004323073170
     656.2836557705137466       0.8645496472831229
     656.2838559039360007       1.0332066895408594
     656.2840560373582548       0.9873820758384350
     656.2842561707805089       0.9659362671849223
     656.2844563042028767       1.0551392963301973
     656.2846564376251308       1.0205905382785549
     656.2848565710473849       1.0129803075670019
     656.2850567044696390       1.0201912236675568
     656.2852568378920068       1.0212261962484916
     656.2854569713142610       1.0080839552703846
     656.2856571047365151       0.9665107148979599
     656.2858572381587692       1.0580815063001912
     656.2860573715811370       0.9877080128261526
     656.2862575050033911       0.9548683780501982
     656.2864576384256452       1.0301025624126061
     656.2866577718478993       1.0076574254069048
     656.2868579052702671       0.9534965212258318
     656.2870580386925212       1.0617437723998906
     656.2872581721147753       1.0056332233256429
     656.2874583055370294       0.9478138601906305
     656.2876584389592836       0.9535503630850229
     656.2878585723816514       0.9070425021681493
     656.2880587058039055       0.9895573071809989
     656.2882588392261596       1.0377615358694907
     656.2884589726484137       1.0387016042027193
     656.2886591060707815       1.0072683482559883
     656.2888592394930356       0.9811423670056109
     656.2890593729152897       0.9790851960667017
     656.2892595063375438       0.9585264370347438
     656.2894596397599116       0.9529400718973974
     656.2896597731821657       0.9967035638508567
     656.2898599066044198       0.9511047086736296
     656.2900600400266740       0.8714686067217204
     656.2902601734490418       1.0048464991798105
     656.2904603068712959       0.9617715262290909
     656.2906604402935500       0.9177591831539500
     656.2908605737158041       0.9005197326807851
     656.2910607071381719       1.0410855325394044
     656.2912608405604260       1.0751742836203528
     656.2914609739826801       0.9445888269585901
     656.2916611074049342       0.9456340112159884
     656.2918612408273020       1.0411128892782133
     656.2920613742495561       1.0283935948711860
     656.2922615076718103       0.9368798413586629
     656.2924616410940644       0.9943506616319177
     656.2926617745164322       0.9954298960802448
     656.2928619079386863       1.0282238540441475
     656.2930620413609404       1.0151100254728851
     656.2932621747831945       0.9134619789632656
     656.2934623082054486       0.9402849665443221
     656.2936624416278164       0.8714833138016118
     656.2938625750500705       1.0114081816217637
     656.2940627084723246       1.0411164405701727
     656.2942628418945787       1.0466318329251836
     656.2944629753169465       0.9353700910668109
     656.2946631087392007       0.9732596918728188
     656.2948632421614548       1.0349694614444864
     656.2950633755837089       0.9991828647120714
     656.2952635090060767       0.9900077666163395
     656.2954636424283308       0.9351888338762463
     656.2956637758505849       0.9877773604814467
     656.2958639092728390       0.9962212242175366
     656.2960640426952068       0.9562651671212389
     656.2962641761174609       0.9858805644277571
     656.2964643095397150       1.0083154327480777
     656.2966644429619691       0.9986723450411851
     656.2968645763843369       0.9436803850296185
     656.2970647098065911       0.9631502793559079
     656.2972648432288452       1.0475961104640104
     656.2974649766510993       0.9818476965784555
     656.2976651100734671       1.0512043264810675
     656.2978652434957212       0.9388518176421963
     656.2980653769179753       0.9097063824652580
     656.2982655103402294       0.9351228683720496
     656.2984656437624835       0.9302494324648158
     656.2986657771848513       0.8993035734560054
     656.2988659106071054       0.9440118584593600
     656.2990660440293595       0.9486363223620058
     656.2992661774516137       0.9611545319197650
     656.2994663108739815       0.9313664039773878
     656.2996664442962356       0.9773959709292253
     656.2998665777184897       0.8982752425012710
     656.3000667111407438       0.9103443811792193
     656.3002668445631116       0.9253292070493255
     656.3004669779853657       1.0519285283121820
     656.3006671114076198       0.8020068087529059
     656.3008672448298739       0.9328504094055978
     656.3010673782522417       0.8728336994782988
     656.3012675116744958       0.8999721830403932
     656.3014676450967499       0.9851910520097502
     656.3016677785190041       0.8043746720986157
     656.3018679119413719       0.8783210314014447
     656.3020680453636260       0.8561035349416759
     656.3022681787858801       0.8762860738431089
     656.3024683122081342       0.7499743832408099
     656.3026684456305020       0.8256337273936958
     656.3028685790527561       0.8030737686661646
     656.3030687124750102       0.8993279820253217
     656.3032688458972643       0.8052982818551053
     656.3034689793196321       0.8170236000434505
     656.3036691127418862       0.8345713840372144
     656.3038692461641403       0.8521351526690665
     656.3040693795863945       0.8186736680011879
     656.3042695130086486       0.8063101417306241
     656.3044696464310164       0.8390941436659664
     656.3046697798532705       0.7109290428925957
     656.3048699132755246       0.8280330636926119
     656.3050700466977787       0.7465711130119885
     656.3052701801201465       0.8038000674979927
     656.3054703135424006       0.8401751343058510
     656.3056704469646547       0.8023123139552958
     656.3058705803869088       0.8670802934610389
     656.3060707138092766       0.7962490279076726
     656.3062708472315308       0.7188631304864025
     656.3064709806537849       0.8368385132368250
     656.3066711140760390       0.8338707794219391
     656.3068712474984068       0.7860955051700456
     656.3070713809206609       0.7762477008107659
     656.3072715143429150       0.8457087179162133
     656.3074716477651691       0.8539231124124318
     656.3076717811875369       0.8879491699105133
     656.3078719146097910       0.8733769135360072
     656.3080720480320451       0.7280656527557187
     656.3082721814542992       0.8856233018475830
     656.3084723148766670       0.7937101200019707
     656.3086724482989212       0.8446126367061939
     656.3088725817211753       0.8856596466485476
     656.3090727151434294       0.8135446222157723
     656.3092728485656835       0.9020354407689911
     656.3094729819880513       0.9135597140350301
     656.3096731154103054       0.8925178399575414
     656.3098732488325595       0.8781058866498267
     656.3100733822548136       0.8901429346061870
     656.3102735156771814       0.9193940349178118
     656.3104736490994355       0.9645162209114059
     656.3106737825216896       0.8903324488152626
     656.3108739159439438       0.9964809044478410
     656.3110740493663116       0.9141170220274388
     656.3112741827885657       1.0105861518577215
     656.3114743162108198       0.9521925713813159
     656.3116744496330739       1.0035791261170837
     656.3118745830554417       0.9408534087501390
     656.3120747164776958       0.8579338017070293
     656.3122748498999499       0.9724592507056740
     656.3124749833222040       0.8971598173238585
     656.3126751167445718       0.9770980428569840
     656.3128752501668259       0.9569610284269918
     656.3130753835890800       0.9680171610286381
     656.3132755170113342       0.9064418262784988
     656.3134756504337020       0.9721142849643817
     656.3136757838559561       0.9369306518603370
     656.3138759172782102       0.9640220763283069
     656.3140760507004643       0.9902121139348938
     656.3142761841228321       1.0300875465205515
     656.3144763175450862       1.0031815307066558
     656.3146764509673403       0.9576014600802779
     656.3148765843895944       0.9797976728749661
     656.3150767178118485       0.9958891734928474
     656.3152768512342163       0.9538260040811157
     656.3154769846564704       0.9569893502820306
     656.3156771180787246       1.1218898034609961
     656.3158772515009787       0.9712809624979042
     656.3160773849233465       1.0071694630941859
     656.3162775183456006       0.9956384021332858
     656.3164776517678547       1.0614805407752299
     656.3166777851901088       1.0418060318076747
     656.3168779186124766       0.9717371404643781
     656.3170780520347307       1.0352580772102749
     656.3172781854569848       0.9099447652829640
     656.3174783188792389       1.0259542177683096
     656.3176784523016067       0.9770101768975131
     656.3178785857238609       0.9482443872607355
     656.3180787191461150       1.0352851996554828
     656.3182788525683691       0.9963351895340440
     656.3184789859907369       1.0617443566701517
     656.3186791194129910       0.9929799868218434
     656.3188792528352451       0.9055372382340544
     656.3190793862574992       0.9993754837695635
     656.3192795196798670       1.0221352802197308
     656.3194796531021211       0.9304394329964287
     656.3196797865243752       0.9731497054128815
     656.3198799199466293       0.9257014895207651
     656.3200800533688835       0.9846906163538760
     656.3202801867912513       0.8972087159537868
     656.3204803202135054       0.9279864280659881
     656.3206804536357595       1.1626820908757700
     656.3208805870580136       1.0324694053555312
     656.3210807204803814       1.0118527476257875
     656.3212808539026355       0.9759618924339721
     656.3214809873248896       1.0188871355172959
     656.3216811207471437       1.0419652015427543
     656.3218812541695115       1.0487641722420542
     656.3220813875917656       0.9538469977251086
     656.3222815210140197       1.0151491589246482
     656.3224816544362739       0.9475770842595025
     656.3226817878586417       1.0022964726866079
     656.3228819212808958       1.0184763155866325
     656.3230820547031499       1.0534005106178266
     656.3232821881254040       0.9755674595942478
     656.3234823215477718       0.9576334255155085
     656.3236824549700259       0.8699697172944135
     656.3238825883922800       1.0486369157948059
     656.3240827218145341       1.1266379031636968
     656.3242828552369019       1.0649816501282645
     656.3244829886591560       0.9991885410577345
     656.3246831220814101       1.0567127427987217
     656.3248832555036643       0.9729723172647895
     656.3250833889260321       0.9989671107314727
     656.3252835223482862       0.9250948683009482
     656.3254836557705403       0.9214496024468648
     656.3256837891927944       1.0185080002925984
     656.3258839226150485       0.9616616195795465
     656.3260840560374163       1.0721782676351599
     656.3262841894596704       1.0071149446206116
     656.3264843228819245       1.0682880981120997
     656.3266844563041786       0.9706521818333793
     656.3268845897265464       1.0225691513729718
     656.3270847231488005       0.9684178432668661
     656.3272848565710547       1.0172514845652150
     656.3274849899933088       0.9667212814464884
     656.3276851234156766       0.9856112076363113
     656.3278852568379307       1.0197746171999720
     656.3280853902601848       1.0121405354014255
     656.3282855236824389       0.9669487629796480
     656.3284856571048067       1.0403658332152168
     656.3286857905270608       0.9915193855518486
     656.3288859239493149       1.0047669491909021
     656.3290860573715690       1.0303680006900122
     656.3292861907939368       0.9519840491690680
     656.3294863242161910       1.0484606233059919
     656.3296864576384451       0.9923287472423621
     656.3298865910606992       1.0118061983497622
     656.3300867244830670       0.9984726263032390
     656.3302868579053211       0.9712614672610218
     656.3304869913275752       1.0544137764629096
     656.3306871247498293       1.1389501241052340
     656.3308872581721971       0.9884829938259172
     656.3310873915944512       0.9900028266416814
     656.3312875250167053       1.0291990022053379
     656.3314876584389594       0.9411727524535550
     656.3316877918612136       1.0506610460034693
     656.3318879252835814       1.1047544106450786
     656.3320880587058355       0.9661020450015049
     656.3322881921280896       1.0721071362296528
     656.3324883255503437       0.9879570985071471
     656.3326884589727115       0.9526638127763061
     656.3328885923949656       1.0691512301493209
     656.3330887258172197       1.0830201059529727
     656.3332888592394738       1.0455293171072477
     656.3334889926618416       1.0381463021015178
     656.3336891260840957       0.9464615993184368
     656.3338892595063498       0.9368720278131748
     656.3340893929286040       1.0410710386923436
     656.3342895263509718       0.9955246499733705
     656.3344896597732259       0.9604493118818495
     656.3346897931954800       1.0287520047274390
     656.3348899266177341       0.9762498214838941
     656.3350900600401019       1.0306245386599153
     656.3352901934623560       1.0103125544263993
     656.3354903268846101       0.9530293792485560
     656.3356904603068642       1.0361473560332821
     656.3358905937292320       1.0571002773940270
     656.3360907271514861       0.9905936671420732
     656.3362908605737402       1.0888025686144693
     656.3364909939959944       0.9565709270536807
     656.3366911274182485       0.9150895476341185
     656.3368912608406163       1.1081915870308836
     656.3370913942628704       1.0258449614047978
     656.3372915276851245       0.9491893835365753
     656.3374916611073786       0.9519692547619331
     656.3376917945297464       1.0002451254404141
     656.3378919279520005       0.9808582849800581
     656.3380920613742546       0.9112601950764653
     656.3382921947965087       0.9624230004847047
     656.3384923282188765       0.9982970608398317
     656.3386924616411306       1.0415162146091461
     656.3388925950633848       0.8979676440358161
     656.3390927284856389       1.0119214840233326
     656.3392928619080067       1.1023344397544861
     656.3394929953302608       1.0546956174075603
     656.3396931287525149       1.0895513892173767
     656.3398932621747690       1.0348683297634125
     656.3400933955971368       0.9721027668565512
     656.3402935290193909       1.0039994544349611
     656.3404936624416450       1.0384369753301144
     656.3406937958638991       1.0566472373902798
     656.3408939292862669       1.0123423011973500
     656.3410940627085211       1.0054673650301993
     656.3412941961307752       1.0970049872994423
     656.3414943295530293       0.9917659061029553
     656.3416944629753971       1.0455263927578926
     656.3418945963976512       0.9810003153979778
     656.3420947298199053       0.9159356653690338
     656.3422948632421594       1.0444955006241798
     656.3424949966644135       1.0093645825982094
     656.3426951300867813       0.9997995167068439
     656.3428952635090354       1.1365169286727905
     656.3430953969312895       0.8581486940383911
     656.3432955303535437       0.9628407880663872
     656.3434956637759115       1.0203435271978378
     656.3436957971981656       0.9677239842712879
     656.3438959306204197       1.0897065401077271
     656.3440960640426738       1.0026008465792984
     656.3442961974650416       0.9205121323466301
     656.3444963308872957       0.9357379972934723
     656.3446964643095498       1.0191196687519550
     656.3448965977318039       1.0397067256271839
     656.3450967311541717       1.0788434594869614
     656.3452968645764258       1.0649077147245407
     656.3454969979986799       1.0611301138997078
     656.3456971314209341       1.0480012595653534
     656.3458972648433019       0.9562496803700924
     656.3460973982655560       1.0350415632128716
     656.3462975316878101       1.0083691542968154
     656.3464976651100642       0.9806719925254583
     656.3466977985324320       0.9731005299836397
     656.3468979319546861       0.9721867311745882
     656.3470980653769402       1.0720438584685326
     656.3472981987991943       1.0707577392458916
     656.3474983322214484       1.0896327644586563
     656.3476984656438162       0.9739603213965893
     656.3478985990660703       1.0599471405148506
     656.3480987324883245       1.0308518409729004
     656.3482988659105786       0.9395475871860981
     656.3484989993329464       0.9608597233891487
     656.3486991327552005       1.0232733115553856
     656.3488992661774546       1.0914728865027428
     656.3490993995997087       0.9635536149144173
     656.3492995330220765       0.9600046277046204
     656.3494996664443306       1.0610929690301418
     656.3496997998665847       0.9926408058963716
     656.3498999332888388       1.0063983025029302
     656.3501000667112066       1.0441320501267910
     656.3503002001334607       1.0721010193228722
     656.3505003335557149       1.0152311790734529
     656.3507004669779690       1.0928055122494698
     656.3509006004003368       0.9965309354010969
     656.3511007338225909       0.9606365598738194
     656.3513008672448450       0.9109397828578949
     656.3515010006670991       0.9889696212485433
     656.3517011340894669       0.9086085632443428
     656.3519012675117210       1.0444530658423901
     656.3521014009339751       0.9919321769848466
     656.3523015343562292       1.0208802800625563
     656.3525016677785970       1.0154347792267799
     656.3527018012008512       1.0438209250569344
     656.3529019346231053       1.0178748816251755
     656.3531020680453594       0.8824395388364792
     656.3533022014676135       0.9207219704985619
     656.3535023348899813       0.9968811415601522
     656.3537024683122354       1.0178178437054157
     656.3539026017344895       0.9324997365474701
     656.3541027351567436       0.9259396493434906
     656.3543028685791114       1.0320367850363255
     656.3545030020013655       1.0361164212226868
     656.3547031354236196       1.0098315151408315
     656.3549032688458738       1.1006575152277946
     656.3551034022682416       0.9444437026977539
     656.3553035356904957       0.9607928059995174
     656.3555036691127498       0.9925449234433472
     656.3557038025350039       1.0361132584512234
     656.3559039359573717       0.9451172240078449
     656.3561040693796258       0.9798192977905273
     656.3563042028018799       1.0330859087407589
     656.3565043362241340       0.9833798781037331
     656.3567044696465018       1.0093101281672716
     656.3569046030687559       0.9801282826811075
     656.3571047364910100       1.0039894520305097
     656.3573048699132642       1.0009773470228538
     656.3575050033356320       1.0126197738572955
     656.3577051367578861       0.9324042052030563
     656.3579052701801402       1.0701441690325737
     656.3581054036023943       0.9736687093973160
     656.3583055370246484       1.0024921873118728
     656.3585056704470162       0.9696926884353161
     656.3587058038692703       1.0256472025066614
     656.3589059372915244       0.9863291140645742
     656.3591060707137785       1.0108000468462706
     656.3593062041361463       1.0611347369849682
     656.3595063375584004       1.0173068791627884
     656.3597064709806546       0.9617299698293209
     656.3599066044029087       0.9627019800245762
     656.3601067378252765       1.0531389825046062
     656.3603068712475306       0.9907630532979965
     656.3605070046697847       1.0437151864171028
     656.3607071380920388       1.0125629780814052
     656.3609072715144066       0.9733330756425858
     656.3611074049366607       0.9433408491313457
     656.3613075383589148       0.9722872674465179
     656.3615076717811689       1.0683643966913223
     656.3617078052035367       0.9760684780776501
     656.3619079386257908       0.9891539989039302
     656.3621080720480450       1.0221602953970432
     656.3623082054702991       1.0512094385921955
     656.3625083388926669       1.0503816418349743
     656.3627084723149210       1.1239319071173668
     656.3629086057371751       1.0513688735663891
     656.3631087391594292       1.0973830744624138
     656.3633088725817970       0.9918920500203967
     656.3635090060040511       1.0801468417048454
     656.3637091394263052       1.0085372710600495
     656.3639092728485593       0.9620182923972607
     656.3641094062708135       0.9571384377777576
     656.3643095396931813       1.0475215874612331
     656.3645096731154354       0.9769849721342325
     656.3647098065376895       1.0414650440216064
     656.3649099399599436       0.9585891254246235
     656.3651100733823114       1.0511761307716370
     656.3653102068045655       0.8989626765251160
     656.3655103402268196       1.0748996287584305
     656.3657104736490737       0.9004272967576981
     656.3659106070714415       0.9686316847801208
     656.3661107404936956       0.9757403600960970
     656.3663108739159497       0.9771004226058722
     656.3665110073382039       0.9491211511194706
     656.3667111407605717       1.0045887450687587
     656.3669112741828258       1.0042026410810649
     656.3671114076050799       0.9603897631168365
     656.3673115410273340       1.0432637743651867
     656.3675116744497018       1.0471506528556347
     656.3677118078719559       1.1059211418032646
     656.3679119412942100       0.9777540974318981
     656.3681120747164641       1.0138732464984059
     656.3683122081388319       0.9493640996515751
     656.3685123415610860       0.9721231479197741
     656.3687124749833401       0.9628206752240658
     656.3689126084055943       1.0748979076743126
     656.3691127418278484       0.9946621698327363
     656.3693128752502162       1.0431189201772213
     656.3695130086724703       1.0905774459242821
     656.3697131420947244       0.9947902844287455
     656.3699132755169785       0.9698053654283285
     656.3701134089393463       1.0229564104229212
     656.3703135423616004       1.0201447810977697
     656.3705136757838545       0.9973460459150374
     656.3707138092061086       1.0997799262404442
     656.3709139426284764       1.0060716439038515
     656.3711140760507305       1.0717400088906288
     656.3713142094729847       1.0470255874097347
     656.3715143428952388       0.9984794695628807
     656.3717144763176066       0.8385795652866364
     656.3719146097398607       1.0288503803312778
     656.3721147431621148       1.0630014687776566
     656.3723148765843689       0.9330928325653076
     656.3725150100067367       0.9316068887710571
     656.3727151434289908       1.0604446008801460
     656.3729152768512449       1.0785259380936623
     656.3731154102734990       0.9511212110519409
     656.3733155436958668       1.0308908224105835
     656.3735156771181209       0.9552011750638485
     656.3737158105403751       1.0371515452861786
     656.3739159439626292       1.0168817061930895
     656.3741160773849970       0.9608798697590828
     656.3743162108072511       1.0166149605065584
     656.3745163442295052       1.0043681687675416
     656.3747164776517593       1.0158039908856153
     656.3749166110740134       0.9700346346944571
     656.3751167444963812       0.9377730675041676
     656.3753168779186353       0.9329537674784660
     656.3755170113408894       1.0277059413492680
     656.3757171447631436       1.0262412726879120
     656.3759172781855113       0.9850393831729889
     656.3761174116077655       0.9594288542866707
     656.3763175450300196       0.9947101613506675
     656.3765176784522737       1.0360100790858269
     656.3767178118746415       1.0364618450403214
     656.3769179452968956       0.9652735926210880
     656.3771180787191497       0.9661451168358326
     656.3773182121414038       1.0421957485377789
     656.3775183455637716       1.0774031504988670
     656.3777184789860257       1.0158078279346228
     656.3779186124082798       1.0007848119712435
     656.3781187458305340       1.0051136505790055
     656.3783188792529018       0.9956121295690536
     656.3785190126751559       1.0425907038152218
     656.3787191460974100       0.9902814626693726
     656.3789192795196641       1.0104221580550075
     656.3791194129420319       1.0122435223311186
     656.3793195463642860       0.9911958994343877
     656.3795196797865401       1.0756111964583397
     656.3797198132087942       1.0690349265933037
     656.3799199466311620       0.9832669962197542
     656.3801200800534161       0.9788909889757633
     656.3803202134756702       1.0598321743309498
     656.3805203468979244       0.9477425552904606
     656.3807204803201785       0.9611855633556843
     656.3809206137425463       0.9998139309755061
     656.3811207471648004       0.9529617466032505
     656.3813208805870545       0.9425787627696991
     656.3815210140093086       0.9832982607185841
     656.3817211474316764       0.9715951532125473
     656.3819212808539305       1.0592789240181446
     656.3821214142761846       1.0398733653128147
     656.3823215476984387       1.0385158844292164
     656.3825216811208065       1.0207560192793608
     656.3827218145430606       1.0378836840391159
     656.3829219479653148       1.0015783626586199
     656.3831220813875689       0.9361582323908806
     656.3833222148099367       1.0165447853505611
     656.3835223482321908       1.0192620530724525
     656.3837224816544449       0.9673842303454876
     656.3839226150766990       0.9830793868750334
     656.3841227484990668       1.0119835231453180
     656.3843228819213209       0.9483919478952885
     656.3845230153435750       0.9847099641337991
     656.3847231487658291       1.0153548186644912
     656.3849232821881969       1.0033286001998931
     656.3851234156104510       0.9882489116862416
     656.3853235490327052       0.9797915499657393
     656.3855236824549593       1.0104442015290260
     656.3857238158772134       1.0113171758130193
     656.3859239492995812       1.0073164002969861
     656.3861240827218353       1.0149361165240407
     656.3863242161440894       1.0148178311064839
     656.3865243495663435       1.0775803551077843
     656.3867244829887113       1.1167365908622742
     656.3869246164109654       0.9240349903702736
     656.3871247498332195       1.0647463127970695
     656.3873248832554737       1.0340326614677906
     656.3875250166778414       1.0335570722818375
     656.3877251501000956       0.9537747390568256
     656.3879252835223497       0.9006163105368614
     656.3881254169446038       1.0292722173035145
     656.3883255503669716       1.0286927577108145
     656.3885256837892257       1.0272664763033390
     656.3887258172114798       0.8767595142126083
     656.3889259506337339       0.9309810325503349
     656.3891260840561017       1.0462270714342594
     656.3893262174783558       0.9190154671669006
     656.3895263509006099       1.0812228545546532
     656.3897264843228641       1.0177179127931595
     656.3899266177452319       1.0123203750699759
     656.3901267511674860       1.0700417980551720
     656.3903268845897401       1.0031477471347898
     656.3905270180119942       0.8802161440253258
     656.3907271514343620       1.1086286455392838
     656.3909272848566161       0.9918781490996480
     656.3911274182788702       1.0147676765918732
     656.3913275517011243       0.9327780455350876
     656.3915276851233784       1.0263838302344084
     656.3917278185457462       1.0082134781405330
     656.3919279519680003       0.9697580058127642
     656.3921280853902545       1.0466857366263866
     656.3923282188125086       0.9492332339286804
     656.3925283522348764       1.0209505185484886
     656.3927284856571305       1.0165070500224829
     656.3929286190793846       1.0738693028688431
     656.3931287525016387       0.9981433922657743
     656.3933288859240065       1.0755673199892044
     656.3935290193462606       1.0242333579808474
     656.3937291527685147       0.9968862407840788
     656.3939292861907688       0.9729133602231741
     656.3941294196131366       1.0245367046445608
     656.3943295530353907       1.0101333213970065
     656.3945296864576449       1.0382574461400509
     656.3947298198798990       1.0123270181939006
     656.3949299533022668       1.0660332813858986
     656.3951300867245209       0.9733567629009485
     656.3953302201467750       0.9589886777102947
     656.3955303535690291       0.8848534822463989
     656.3957304869913969       0.9868094893172383
     656.3959306204136510       1.0501858107745647
     656.3961307538359051       0.9612518139183521
     656.3963308872581592       1.0049275341443717
     656.3965310206804133       1.0280180107802153
     656.3967311541027811       0.9670887887477875
     656.3969312875250353       1.0945029333233833
     656.3971314209472894       0.9595327712595463
     656.3973315543695435       0.9611550197005272
     656.3975316877919113       0.9118768945336342
     656.3977318212141654       1.0100762974470854
     656.3979319546364195       1.0097432155162096
     656.3981320880586736       1.0303945969790220
     656.3983322214810414       0.9851380465552211
     656.3985323549032955       1.0043183839879930
     656.3987324883255496       1.1174123063683510
     656.3989326217478038       1.0435519926249981
     656.3991327551701715       1.0780566558241844
     656.3993328885924257       1.0557036399841309
     656.3995330220146798       1.0136529011651874
     656.3997331554369339       0.8355705589056015
     656.3999332888593017       0.9737402405589819
     656.4001334222815558       1.0650398954749107
     656.4003335557038099       0.9835603237152100
     656.4005336891260640       0.9911678340286016
     656.4007338225484318       0.9878899045288563
     656.4009339559706859       0.9456602856516838
     656.4011340893929400       0.9811169654130936
     656.4013342228151942       0.9477841071784496
     656.4015343562375620       1.1284013837575912
     656.4017344896598161       0.9812138397246599
     656.4019346230820702       0.9269295409321785
     656.4021347565043243       0.9613766670227051
     656.4023348899265784       0.9579697325825691
     656.4025350233489462       0.9507723711431026
     656.4027351567712003       0.9930079146288335
     656.4029352901934544       1.0759729370474815
     656.4031354236157085       1.0150321647524834
     656.4033355570380763       0.9022475704550743
     656.4035356904603304       0.9782964047044516
     656.4037358238825846       1.0018486430635676
     656.4039359573048387       0.9698558095842600
     656.4041360907272065       0.9056968018412590
     656.4043362241494606       1.0680305138230324
     656.4045363575717147       1.0726653262972832
     656.4047364909939688       0.9318076595664024
     656.4049366244163366       1.0022536125034094
     656.4051367578385907       1.0394660122692585
     656.4053368912608448       1.0303098801523447
     656.4055370246830989       1.0253133978694677
     656.4057371581054667       1.0642198249697685
     656.4059372915277208       1.0704284980893135
     656.4061374249499750       1.0196871738880873
     656.4063375583722291       0.9934308789670467
     656.4065376917945969       0.9634773805737495
     656.4067378252168510       0.9860311010852456
     656.4069379586391051       1.0083650462329388
     656.4071380920613592       0.9354897812008858
     656.4073382254836133       0.9299200847744942
     656.4075383589059811       1.0622046366333961
     656.4077384923282352       1.0022573806345463
     656.4079386257504893       0.9712081570178270
     656.4081387591727434       0.9311393573880196
     656.4083388925951112       1.0026886041741818
     656.4085390260173654       0.9023151770234108
     656.4087391594396195       0.9857353325933218
     656.4089392928618736       0.9642021693289280
     656.4091394262842414       0.9706232994794846
     656.4093395597064955       0.9970833435654640
     656.4095396931287496       0.9925061822868884
     656.4097398265510037       1.0662023425102234
     656.4099399599733715       1.0950187817215919
     656.4101400933956256       1.1219099164009094
     656.4103402268178797       0.9766077995300293
     656.4105403602401339       1.0556713640689850
     656.4107404936625016       0.9243243783712387
     656.4109406270847558       0.9968379985075444
     656.4111407605070099       0.9893396766856313
     656.4113408939292640       1.0131224067881703
     656.4115410273516318       0.9641886837780476
     656.4117411607738859       1.0486245006322861
     656.4119412941961400       1.0239287018775940
     656.4121414276183941       0.8817002624273300
     656.4123415610407619       0.9954605684615672
     656.4125416944630160       1.0076686562970281
     656.4127418278852701       0.9936690106987953
     656.4129419613075243       1.0438741035759449
     656.4131420947297784       0.9798927139490843
     656.4133422281521462       1.0417108461260796
     656.4135423615744003       0.8953809142112732
     656.4137424949966544       1.0694535300135612
     656.4139426284189085       1.0232691615819931
     656.4141427618412763       1.0187039319425821
     656.4143428952635304       0.9573250599205494
     656.4145430286857845       0.9717055317014456
     656.4147431621080386       0.9447301924228668
     656.4149432955304064       0.9990022066049278
     656.4151434289526605       0.9309733957052231
     656.4153435623749147       0.9582805931568146
     656.4155436957971688       1.0991856381297112
     656.4157438292195366       1.0319716297090054
     656.4159439626417907       1.0077774911187589
     656.4161440960640448       1.0663492232561111
     656.4163442294862989       0.9944384847767651
     656.4165443629086667       0.9351790621876717
     656.4167444963309208       1.0086230179294944
     656.4169446297531749       1.0582452602684498
     656.4171447631754290       1.0049300058744848
     656.4173448965977968       1.0368301942944527
     656.4175450300200509       1.0692229196429253
     656.4177451634423051       1.0851062461733818
     656.4179452968645592       0.9222760796546936
     656.4181454302869270       1.0131006790325046
     656.4183455637091811       0.9906186982989311
     656.4185456971314352       1.0214581917971373
     656.4187458305536893       0.9378416240215302
     656.4189459639759434       0.9714722186326981
     656.4191460973983112       0.8982067555189133
     656.4193462308205653       0.9874930186197162
     656.4195463642428194       0.9885270819067955
     656.4197464976650735       1.0968702062964439
     656.4199466310874413       0.9817734509706497
     656.4201467645096955       0.9517796374857426
     656.4203468979319496       1.0938371047377586
     656.4205470313542037       1.1425423324108124
     656.4207471647765715       1.0570596642792225
     656.4209472981988256       1.0795476734638214
     656.4211474316210797       1.0737086161971092
     656.4213475650433338       1.0349840484559536
     656.4215476984657016       1.0556109137833118
     656.4217478318879557       0.9873783858492970
     656.4219479653102098       0.9413257874548435
     656.4221480987324640       1.0393601767718792
     656.4223482321548317       1.0255791638046503
     656.4225483655770859       1.0525672435760498
     656.4227484989993400       0.9602271877229214
     656.4229486324215941       1.0192976426333189
     656.4231487658439619       1.0529254786670208
     656.4233488992662160       0.9670636691153049
     656.4235490326884701       1.1116413995623589
     656.4237491661107242       1.0805732533335686
     656.4239492995329783       0.9332659319043159
     656.4241494329553461       0.9502906538546085
     656.4243495663776002       1.0538271144032478
     656.4245496997998544       1.0229744371026754
     656.4247498332221085       1.0116836670786142
     656.4249499666444763       1.0064961626194417
     656.4251501000667304       0.9125214070081711
     656.4253502334889845       1.0857741162180901
     656.4255503669112386       1.0185498781502247
     656.4257505003336064       1.0411019735038280
     656.4259506337558605       1.0296946670860052
     656.4261507671781146       0.9616735540330410
     656.4263509006003687       1.0337764471769333
     656.4265510340227365       1.0721298828721046
     656.4267511674449906       0.9847897468134761
     656.4269513008672448       0.9492265172302723
     656.4271514342894989       0.9514332786202431
     656.4273515677118667       0.9458472020924091
     656.4275517011341208       1.0187907125800848
     656.4277518345563749       0.9957497771829367
     656.4279519679786290       0.9875945532694459
     656.4281521014009968       1.0322657935321331
     656.4283522348232509       0.9188972413539886
     656.4285523682455050       0.9901135610416532
     656.4287525016677591       1.0117853274568915
     656.4289526350901269       1.0660141855478287
     656.4291527685123810       0.9240334630012512
     656.4293529019346352       0.9816094860434532
     656.4295530353568893       0.9806635584682226
     656.4297531687791434       0.9564291462302208
     656.4299533022015112       0.9918587803840637
     656.4301534356237653       0.9400128237903118
     656.4303535690460194       1.0008122542058118
     656.4305537024682735       0.9739312101155519
     656.4307538358906413       1.0096470452845097
     656.4309539693128954       1.0631074383854866
     656.4311541027351495       0.9320726394653320
     656.4313542361574036       1.0351847298443317
     656.4315543695797714       1.0200288612395525
     656.4317545030020256       1.0265526156872511
     656.4319546364242797       0.9676267690956593
     656.4321547698465338       1.1035569235682487
     656.4323549032689016       1.0324008576571941
     656.4325550366911557       0.8533014357089996
     656.4327551701134098       1.0188698861747980
     656.4329553035356639       0.9997668346622959
     656.4331554369580317       1.0324644036591053
     656.4333555703802858       0.9467261135578156
     656.4335557038025399       1.0114669511094689
     656.4337558372247940       0.9722027629613876
     656.4339559706471618       1.0916607975959778
     656.4341561040694160       1.0014895683852956
     656.4343562374916701       0.9679189100861549
     656.4345563709139242       0.9302849620580673
     656.4347565043361783       0.9659870155155659
     656.4349566377585461       1.0746135562658310
     656.4351567711808002       0.9299477413296700
     656.4353569046030543       0.9901714976876974
     656.4355570380253084       0.9136440902948380
     656.4357571714476762       0.9799222070723772
     656.4359573048699303       0.9671298377215862
     656.4361574382921845       0.9480598606169224
     656.4363575717144386       1.0370272062718868
     656.4365577051368064       1.0751736760139465
     656.4367578385590605       1.0110545977950096
     656.4369579719813146       1.0524204336106777
     656.4371581054035687       1.0170164126902819
     656.4373582388259365       1.0129802152514458
     656.4375583722481906       1.0405579730868340
     656.4377585056704447       1.0385206975042820
     656.4379586390926988       0.9670872204005718
     656.4381587725150666       0.9335278272628784
     656.4383589059373207       1.0612471289932728
     656.4385590393595749       0.9978235980961472
     656.4387591727818290       0.9339362606406212
     656.4389593062041968       1.0285193454474211
     656.4391594396264509       1.0687280520796776
     656.4393595730487050       0.9603085927665234
     656.4395597064709591       0.9910650681704283
     656.4397598398933269       0.9092188701033592
     656.4399599733155810       0.9939847565256059
     656.4401601067378351       1.0397833772003651
     656.4403602401600892       1.0006323099369183
     656.4405603735823433       1.0538289956748486
     656.4407605070047111       1.0116411531344056
     656.4409606404269653       0.9673756696283817
     656.4411607738492194       1.0041327509097755
     656.4413609072714735       1.0285440180450678
     656.4415610406938413       0.9872037647292018
     656.4417611741160954       0.9902328709140420
     656.4419613075383495       1.0057614506222308
     656.4421614409606036       0.9505087025463581
     656.4423615743829714       0.9674421548843384
     656.4425617078052255       0.9693404901772738
     656.4427618412274796       1.0589607916772366
     656.4429619746497337       1.1150970980525017
     656.4431621080721015       0.9951147479005158
     656.4433622414943557       0.9981799168745056
     656.4435623749166098       1.0129142524674535
     656.4437625083388639       0.9464178979396820
     656.4439626417612317       1.0023278973530978
     656.4441627751834858       1.0311566386371851
     656.4443629086057399       0.8786278441548347
     656.4445630420279940       1.0605642460286617
     656.4447631754503618       0.9971800802741200
     656.4449633088726159       0.9754185955971479
     656.4451634422948700       0.9805633854120970
     656.4453635757171241       1.0266188569366932
     656.4455637091393783       0.8938750699162483
     656.4457638425617461       0.9848394403234124
     656.4459639759840002       1.0345004759728909
     656.4461641094062543       1.0264248698949814
     656.4463642428285084       0.9703550282865763
     656.4465643762508762       1.0592758245766163
     656.4467645096731303       0.9439820833504200
     656.4469646430953844       0.9447105042636395
     656.4471647765176385       1.0069251297973096
     656.4473649099400063       0.9676926545798779
     656.4475650433622604       1.0128558520227671
     656.4477651767845146       1.0480464845895767
     656.4479653102067687       1.0094859329983592
     656.4481654436291365       1.0167885478585958
     656.4483655770513906       0.9695307817310095
     656.4485657104736447       1.0504167154431343
     656.4487658438958988       1.0818996056914330
     656.4489659773182666       0.9726423285901546
     656.4491661107405207       1.0061433063820004
     656.4493662441627748       0.8754211664199829
     656.4495663775850289       0.8953264132142067
     656.4497665110073967       1.0181589927524328
     656.4499666444296508       0.9679320268332958
     656.4501667778519050       1.0076358984224498
     656.4503669112741591       1.0173183735460043
     656.4505670446965269       1.1293813437223434
     656.4507671781187810       1.0009915796108544
     656.4509673115410351       0.9928081496618688
     656.4511674449632892       0.9442298002541065
     656.4513675783855433       1.0533761791884899
     656.4515677118079111       0.9880502382293344
     656.4517678452301652       0.9602104686200619
     656.4519679786524193       0.9614369124174118
     656.4521681120746734       1.0489420928061008
     656.4523682454970412       1.0883367285132408
     656.4525683789192954       0.9906739639118314
     656.4527685123415495       0.9252083227038383
     656.4529686457638036       0.9605433270335197
     656.4531687791861714       0.9818094354122877
     656.4533689126084255       0.9833155442029238
     656.4535690460306796       0.9682268574833870
     656.4537691794529337       1.0136727588251233
     656.4539693128753015       0.9364072903990746
     656.4541694462975556       0.9888822855427861
     656.4543695797198097       0.9777978062629700
     656.4545697131420638       0.9759756922721863
     656.4547698465644316       0.8274451792240143
     656.4549699799866858       1.0296556185930967
     656.4551701134089399       1.0442868284881115
     656.4553702468311940       1.0449589602649212
     656.4555703802535618       1.0464157387614250
     656.4557705136758159       0.9625328667461872
     656.4559706470980700       1.0588144622743130
     656.4561707805203241       0.8648110777139664
     656.4563709139425782       1.1013712435960770
     656.4565710473649460       1.0436462983489037
     656.4567711807872001       1.0258002672344446
     656.4569713142094542       0.9400842227041721
     656.4571714476317084       0.8704002052545547
     656.4573715810540762       0.9514964632689953
     656.4575717144763303       1.0933212041854858
     656.4577718478985844       0.9786551352590322
     656.4579719813208385       0.9501276724040508
     656.4581721147432063       0.9139471203088760
     656.4583722481654604       1.0525803565979004
     656.4585723815877145       1.0859301239252090
     656.4587725150099686       1.0298205912113190
     656.4589726484323364       1.0399054847657681
     656.4591727818545905       0.9036091640591621
     656.4593729152768447       0.9073156416416168
     656.4595730486990988       0.9444971866905689
     656.4597731821214666       0.9922907068394125
     656.4599733155437207       1.0185065250843763
     656.4601734489659748       1.0585249923169613
     656.4603735823882289       0.9705583099275827
     656.4605737158105967       1.0887743979692459
     656.4607738492328508       0.9989334777928889
     656.4609739826551049       1.0081871338188648
     656.4611741160773590       1.1205403953790665
     656.4613742494997268       0.9761758595705032
     656.4615743829219809       0.9377894587814808
     656.4617745163442351       1.0366919860243797
     656.4619746497664892       0.9630599655210972
     656.4621747831887433       0.9812441281974316
     656.4623749166111111       0.9710683319717646
     656.4625750500333652       0.9535038731992245
     656.4627751834556193       1.0656685680150986
     656.4629753168778734       0.9580401591956615
     656.4631754503002412       1.0235567558556795
     656.4633755837224953       0.9945198404602706
     656.4635757171447494       1.0208799540996552
     656.4637758505670035       1.0532669611275196
     656.4639759839893713       1.0126893147826195
     656.4641761174116255       0.9831262510269880
     656.4643762508338796       0.9095261394977570
     656.4645763842561337       0.9522709101438522
     656.4647765176785015       1.0720260590314865
     656.4649766511007556       0.9961989654693753
     656.4651767845230097       1.0187865905463696
     656.4653769179452638       0.9772346112877131
     656.4655770513676316       1.0220814552158117
     656.4657771847898857       1.0464189201593399
     656.4659773182121398       0.8865785375237465
     656.4661774516343939       0.9889258295297623
     656.4663775850567617       0.8881769850850105
     656.4665777184790159       0.9864579075947404
     656.4667778519012700       0.9740526378154755
     656.4669779853235241       1.0288579892367125
     656.4671781187458919       0.9695473816245794
     656.4673782521681460       1.0312280952930450
     656.4675783855904001       0.9051598459482193
     656.4677785190126542       0.9823131076991558
     656.4679786524349083       0.9706775210797787
     656.4681787858572761       0.9933007028885186
     656.4683789192795302       0.9114555791020393
     656.4685790527017843       0.9972629714757204
     656.4687791861240385       1.0190992355346680
     656.4689793195464063       1.0612272731959820
     656.4691794529686604       0.9712895620614290
     656.4693795863909145       0.9141627550125122
     656.4695797198131686       1.0722723305225372
     656.4697798532355364       1.0305374711751938
     656.4699799866577905       1.0388190485537052
     656.4701801200800446       1.0441840924322605
     656.4703802535022987       0.9936680258251727
     656.4705803869246665       0.9857870470732450
     656.4707805203469206       0.9473250135779381
     656.4709806537691748       1.0854901075363159
     656.4711807871914289       1.0015887666959316
     656.4713809206137967       1.0100841615349054
     656.4715810540360508       1.0410865209996700
     656.4717811874583049       0.9788896236568689
     656.4719813208805590       0.9443053640425205
     656.4721814543029268       1.0149135841056705
     656.4723815877251809       0.9733708966523409
     656.4725817211474350       0.9644608013331890
     656.4727818545696891       0.9914881428703666
     656.4729819879919432       1.0112135987728834
     656.4731821214143110       0.9732866380363703
     656.4733822548365652       1.0387051068246365
     656.4735823882588193       0.9355086758732796
     656.4737825216810734       0.9669307656586170
     656.4739826551034412       0.9414723105728626
     656.4741827885256953       0.9532283432781696
     656.4743829219479494       0.9919039439409971
     656.4745830553702035       1.0946246683597565
     656.4747831887925713       1.0569418855011463
     656.4749833222148254       1.0518891774117947
     656.4751834556370795       1.0200275983661413
     656.4753835890593336       1.0223881378769875
     656.4755837224817014       1.0409712493419647
     656.4757838559039556       1.0594134218990803
     656.4759839893262097       0.9577747583389282
     656.4761841227484638       1.0211919806897640
     656.4763842561708316       0.9345460757613182
     656.4765843895930857       1.0246946886181831
     656.4767845230153398       0.9776207096874714
     656.4769846564375939       1.0991054400801659
     656.4771847898599617       1.0410508364439011
     656.4773849232822158       1.0499857179820538
     656.4775850567044699       0.9721474964171648
     656.4777851901267240       0.9667459242045879
     656.4779853235490918       1.0413732156157494
     656.4781854569713460       1.0240612756460905
     656.4783855903936001       1.0679827630519867
     656.4785857238158542       1.0774462223052979
     656.4787858572381083       1.0460735037922859
     656.4789859906604761       1.0375362746417522
     656.4791861240827302       0.9711307641118765
     656.4793862575049843       1.0004162619297858
     656.4795863909272384       1.0680635720491409
     656.4797865243496062       0.9508650042116642
     656.4799866577718603       1.0224490277469158
     656.4801867911941144       1.0360712409019470
     656.4803869246163686       0.9637400992214680
     656.4805870580387364       1.0352374315261841
     656.4807871914609905       0.9989160342374817
     656.4809873248832446       0.9325371235609055
     656.4811874583054987       0.9867220399901271
     656.4813875917278665       1.0280566755682230
     656.4815877251501206       0.9945334289222956
     656.4817878585723747       1.0349895767867565
     656.4819879919946288       1.0607571303844452
     656.4821881254169966       0.9266822934150696
     656.4823882588392507       1.0407283678650856
     656.4825883922615049       1.0218721907585859
     656.4827885256837590       0.9268695786595345
     656.4829886591061268       0.9633016251027584
     656.4831887925283809       0.9157954007387161
     656.4833889259506350       1.0116872284561396
     656.4835890593728891       1.0999448969960213
     656.4837891927951432       1.0199427902698517
     656.4839893262175110       0.9799904339015484
     656.4841894596397651       0.9325229972600937
     656.4843895930620192       0.9974427195265889
     656.4845897264842733       0.9848289471119642
     656.4847898599066411       1.0554974488914013
     656.4849899933288953       1.0720720142126083
     656.4851901267511494       1.0401412919163704
     656.4853902601734035       0.9741523358970881
     656.4855903935957713       0.9865408893674612
     656.4857905270180254       1.0014051522593945
     656.4859906604402795       1.0755883976817131
     656.4861907938625336       1.0041756895370781
     656.4863909272849014       0.9854641687124968
     656.4865910607071555       1.0340741463005543
     656.4867911941294096       1.0108689479529858
     656.4869913275516637       1.0080629410222173
     656.4871914609740315       0.9785272609442472
     656.4873915943962857       0.9805425759404898
     656.4875917278185398       0.8586445301771164
     656.4877918612407939       0.9000333696603775
     656.4879919946631617       1.0325113758444786
     656.4881921280854158       0.9458993077278137
     656.4883922615076699       0.9432938918471336
     656.4885923949299240       1.0877446010708809
     656.4887925283522918       0.9894217373803258
     656.4889926617745459       1.0755516514182091
     656.4891927951968000       1.0150453867390752
     656.4893929286190541       0.9447471536695957
     656.4895930620413083       1.0132953273132443
     656.4897931954636761       0.9183394759893417
     656.4899933288859302       1.0347314104437828
     656.4901934623081843       0.9564900211989880
     656.4903935957304384       1.0189140345901251
     656.4905937291528062       0.9764653462916613
     656.4907938625750603       0.9643658436834812
     656.4909939959973144       0.9780697245150805
     656.4911941294195685       1.0147172650322318
     656.4913942628419363       1.0151555016636848
     656.4915943962641904       1.0147634418681264
     656.4917945296864445       0.9393142685294151
     656.4919946631086987       0.9358622133731842
     656.4921947965310665       1.0510845743119717
     656.4923949299533206       1.0668247863650322
     656.4925950633755747       0.9215622916817665
     656.4927951967978288       1.0639748498797417
     656.4929953302201966       0.9688580129295588
     656.4931954636424507       0.9523691087961197
     656.4933955970647048       0.9998040230275365
     656.4935957304869589       0.9984365279087797
     656.4937958639093267       0.8982998728752136
     656.4939959973315808       0.9795854035764933
     656.4941961307538350       0.9485264047980309
     656.4943962641760891       1.0132751492783427
     656.4945963975983432       1.0423167459666729
     656.4947965310207110       0.9884936669841409
     656.4949966644429651       1.0645399019122124
     656.4951967978652192       1.1091486960649490
     656.4953969312874733       1.0572281181812286
     656.4955970647098411       0.9618490748107433
     656.4957971981320952       0.9369852989912033
     656.4959973315543493       1.0281882863491774
     656.4961974649766034       0.8652848452329636
     656.4963975983989712       1.1341465711593628
     656.4965977318212254       1.0094961998984218
     656.4967978652434795       1.0003182725049555
     656.4969979986657336       0.9645232893526554
     656.4971981320881014       1.0349095873534679
     656.4973982655103555       0.9576586447656155
     656.4975983989326096       0.9611314870417118
     656.4977985323548637       1.0075575164519250
     656.4979986657772315       1.0376221202313900
     656.4981987991994856       0.9914250709116459
     656.4983989326217397       1.0303940512239933
     656.4985990660439938       1.0409031026065350
     656.4987991994663616       1.0571629218757153
     656.4989993328886158       1.0469581857323647
     656.4991994663108699       0.9389953054487705
     656.4993995997331240       1.0360364876687527
     656.4995997331554918       0.9245082810521126
     656.4997998665777459       0.9842161890119314
     656.5000000000000000       0.9841288495808840
