     656.2000000000000455       0.9953722935169935
     656.2002001334222996       1.0143936425447464
     656.2004002668445537       1.0560800321400166
     656.2006004002669215       1.0390198044478893
     656.2008005336891756       1.0092699257656932
     656.2010006671114297       1.0813087821006775
     656.2012008005336838       0.9772251471877098
     656.2014009339560516       0.9370871633291245
     656.2016010673783057       0.8813667744398117
     656.2018012008005599       1.0277088582515717
     656.2020013342228140       0.9578720256686211
     656.2022014676451818       0.9925711131654680
     656.2024016010674359       1.0268304646015167
     656.2026017344896900       1.0134766399860382
     656.2028018679119441       1.0161375477910042
     656.2030020013343119       1.0783312246203423
     656.2032021347565660       1.0975778624415398
     656.2034022681788201       1.0360909290611744
     656.2036024016010742       0.9993833869812079
     656.2038025350234420       0.9840653389692307
     656.2040026684456961       1.0565018132328987
     656.2042028018679503       0.9911877717822790
     656.2044029352902044       1.0126524120569229
     656.2046030687125722       0.9613712020218372
     656.2048032021348263       0.9731362704187632
     656.2050033355570804       0.9306418448686600
     656.2052034689793345       1.0180166419595480
     656.2054036024017023       1.0440046787261963
     656.2056037358239564       1.0300987120717764
     656.2058038692462105       0.9750717673450708
     656.2060040026684646       0.9166824594140053
     656.2062041360907187       1.0349077880382538
     656.2064042695130865       0.9753196015954018
     656.2066044029353407       1.0965183898806572
     656.2068045363575948       0.9491624236106873
     656.2070046697798489       0.9764482919126749
     656.2072048032022167       1.1083844080567360
     656.2074049366244708       0.9408211149275303
     656.2076050700467249       0.9542697221040726
     656.2078052034689790       1.1042925491929054
     656.2080053368913468       1.0602922439575195
     656.2082054703136009       1.0615944229066372
     656.2084056037358550       1.0363460853695869
     656.2086057371581092       0.9485118426382542
     656.2088058705804769       0.9787335731089115
     656.2090060040027311       0.9918050030246377
     656.2092061374249852       1.0184863395988941
     656.2094062708472393       1.0531063489615917
     656.2096064042696071       1.0546685531735420
     656.2098065376918612       1.0065934094600379
     656.2100066711141153       0.9911968819797039
     656.2102068045363694       1.0002983336744364
     656.2104069379587372       1.0473766550421715
     656.2106070713809913       0.9735914915800095
     656.2108072048032454       1.0980938151478767
     656.2110073382254996       1.0873077735304832
     656.2112074716477537       1.0603705011308193
     656.2114076050701215       1.0007801681640558
     656.2116077384923756       0.9544242657721043
     656.2118078719146297       0.9766013845801353
     656.2120080053368838       0.9683429263532162
     656.2122081387592516       1.0377361439168453
     656.2124082721815057       1.0021121981553733
     656.2126084056037598       0.9656415246427059
     656.2128085390260139       1.0561148896813393
     656.2130086724483817       1.0691306516528130
     656.2132088058706358       0.9593362286686897
     656.2134089392928900       0.9403548166155815
     656.2136090727151441       1.0658967122435570
     656.2138092061375119       1.0301951859146357
     656.2140093395597660       0.9887350965291262
     656.2142094729820201       0.9812952894717455
     656.2144096064042742       0.9916997887194157
     656.2146097398266420       0.9921480445191264
     656.2148098732488961       0.9073625504970551
     656.2150100066711502       1.0051487716846168
     656.2152101400934043       1.0849836841225624
     656.2154102735157721       0.9502380490303040
     656.2156104069380262       1.0019110316643491
     656.2158105403602804       0.8567505776882172
     656.2160106737825345       0.9354671910405159
     656.2162108072049023       0.9342759847640991
     656.2164109406271564       0.9789512809365988
     656.2166110740494105       0.9586558640003204
     656.2168112074716646       1.0564127676188946
     656.2170113408939187       1.0560352690517902
     656.2172114743162865       1.0155236274003983
     656.2174116077385406       0.9436387903988361
     656.2176117411607947       0.9613053686916828
     656.2178118745830488       1.0395681373775005
     656.2180120080054166       0.9798624590039253
     656.2182121414276708       1.0440040193498135
     656.2184122748499249       0.9640683121979237
     656.2186124082721790       1.0285029746592045
     656.2188125416945468       1.0354435853660107
     656.2190126751168009       0.9652148298919201
     656.2192128085390550       0.9822946004569530
     656.2194129419613091       0.9303853362798691
     656.2196130753836769       1.0674987658858299
     656.2198132088059310       0.9839451182633638
     656.2200133422281851       1.0727723389863968
     656.2202134756504392       0.9480014741420746
     656.2204136090728070       1.0023207627236843
     656.2206137424950612       0.9885191284120083
     656.2208138759173153       0.9854215187951922
     656.2210140093395694       0.9889864707365632
     656.2212141427619372       0.9120359048247337
     656.2214142761841913       0.9880367079749703
     656.2216144096064454       0.9349434450268745
     656.2218145430286995       1.0373186171054840
     656.2220146764509536       1.1539062708616257
     656.2222148098733214       1.0513500049710274
     656.2224149432955755       1.0115753924474120
     656.2226150767178297       0.9537539631128311
     656.2228152101400838       1.0309512466192245
     656.2230153435624516       0.9397586621344090
     656.2232154769847057       1.0025416275020689
     656.2234156104069598       1.0052371649071574
     656.2236157438292139       0.9592849202454090
     656.2238158772515817       1.0469987653195858
     656.2240160106738358       0.9696589801460505
     656.2242161440960899       1.0284934993833303
     656.2244162775183440       0.9174380227923393
     656.2246164109407118       0.9000443592667580
     656.2248165443629659       0.9619117975234985
     656.2250166777852201       0.9659461118280888
     656.2252168112074742       0.9571681246161461
     656.2254169446298420       0.9885040894150734
     656.2256170780520961       0.9812800344079733
     656.2258172114743502       0.9428912587463856
     656.2260173448966043       0.9370527043938637
     656.2262174783189721       1.0556501820683479
     656.2264176117412262       1.0071414071135223
     656.2266177451634803       0.9858923805877566
     656.2268178785857344       1.0123757841065526
     656.2270180120081022       1.0432218462228775
     656.2272181454303563       1.0642022043466568
     656.2274182788526105       1.0917379185557365
     656.2276184122748646       1.0432595312595367
     656.2278185456971187       1.0778117105364799
     656.2280186791194865       1.0039785103872418
     656.2282188125417406       0.9879721533507109
     656.2284189459639947       1.0123747698962688
     656.2286190793862488       1.0623870305716991
     656.2288192128086166       0.9137715920805931
     656.2290193462308707       1.0756335556507111
     656.2292194796531248       0.9928524666465819
     656.2294196130753789       1.0548097975552082
     656.2296197464977467       0.9426364339888096
     656.2298198799200009       0.9156767800450325
     656.2300200133422550       0.9067953154444695
     656.2302201467645091       0.9935440891422331
     656.2304202801868769       1.0134883141145110
     656.2306204136091310       0.9928575484082103
     656.2308205470313851       1.1096245571970940
     656.2310206804536392       1.0228321012109518
     656.2312208138760070       0.9994191158330068
     656.2314209472982611       0.9190808311104774
     656.2316210807205152       0.9449956826865673
     656.2318212141427693       1.0123023381456733
     656.2320213475651371       0.9947983021847904
     656.2322214809873913       1.0371955595910549
     656.2324216144096454       0.9848731858655810
     656.2326217478318995       1.0017944934079424
     656.2328218812541536       0.9620234370231628
     656.2330220146765214       0.9986782293999568
     656.2332221480987755       0.9792873971164227
     656.2334222815210296       0.9553485848009586
     656.2336224149432837       1.0306445863097906
     656.2338225483656515       1.0014455160126090
     656.2340226817879056       1.0024275130126625
     656.2342228152101598       0.9957922538742423
     656.2344229486324139       1.0189577154815197
     656.2346230820547817       1.0183765664696693
     656.2348232154770358       0.9969296774361283
     656.2350233488992899       1.0254953000694513
     656.2352234823215440       0.9154620915651321
     656.2354236157439118       1.0092926472425461
     656.2356237491661659       1.0216357111930847
     656.2358238825884200       1.0524177849292755
     656.2360240160106741       1.0001887549879029
     656.2362241494330419       0.9461616016924381
     656.2364242828552960       0.9154079630970955
     656.2366244162775502       0.9841245617717505
     656.2368245496998043       1.0034302864223719
     656.2370246831221721       1.0061993370763958
     656.2372248165444262       0.9549086764454842
     656.2374249499666803       0.8887292146682739
     656.2376250833889344       1.0372679457068443
     656.2378252168113022       0.9964819937013090
     656.2380253502335563       1.0245514791458845
     656.2382254836558104       0.9042400792241096
     656.2384256170780645       0.9607430621981621
     656.2386257505003186       0.9602022059261799
     656.2388258839226864       0.9644279666244984
     656.2390260173449406       1.0200698524713516
     656.2392261507671947       1.0746724382042885
     656.2394262841894488       0.9690316934138536
     656.2396264176118166       1.0642118379473686
     656.2398265510340707       1.0548907294869423
     656.2400266844563248       0.9501880221068859
     656.2402268178785789       1.0222129896283150
     656.2404269513009467       1.0524273030459881
     656.2406270847232008       1.0024086653720587
     656.2408272181454549       1.0245339926332235
     656.2410273515677090       0.9456746615469456
     656.2412274849900768       0.9187799319624901
     656.2414276184123310       0.9720447454601526
     656.2416277518345851       0.9428461119532585
     656.2418278852568392       0.9985086981905624
     656.2420280186792070       1.0127822710201144
     656.2422281521014611       0.9599957838654518
     656.2424282855237152       1.0503388904035091
     656.2426284189459693       0.9013437703251839
     656.2428285523683371       0.9250510856509209
     656.2430286857905912       0.9808988124132156
     656.2432288192128453       0.9278434291481972
     656.2434289526350994       1.0480278730392456
     656.2436290860574672       0.9675773568451405
     656.2438292194797214       0.9580534063279629
     656.2440293529019755       0.9944141125306487
     656.2442294863242296       1.0674107298254967
     656.2444296197464837       0.9756794832646847
     656.2446297531688515       0.9985970058478415
     656.2448298865911056       0.9433982595801353
     656.2450300200133597       0.9458960480988026
     656.2452301534356138       1.0036344621330500
     656.2454302868579816       0.9746160171926022
     656.2456304202802357       0.9799223467707634
     656.2458305537024899       0.9668566249310970
     656.2460306871247440       1.0257061179727316
     656.2462308205471118       0.9087872356176376
     656.2464309539693659       0.9765716809779406
     656.2466310873916200       1.0536593869328499
     656.2468312208138741       0.9336871951818466
     656.2470313542362419       0.9406279325485229
     656.2472314876584960       1.0236775707453489
     656.2474316210807501       0.9449146315455437
     656.2476317545030042       1.0236205141991377
     656.2478318879253720       1.0182871278375387
     656.2480320213476261       0.9811801407486200
     656.2482321547698803       0.8613881617784500
     656.2484322881921344       1.0379063822329044
     656.2486324216145022       0.9895140826702118
     656.2488325550367563       0.9352949634194374
     656.2490326884590104       0.9474202878773212
     656.2492328218812645       1.0366587564349174
     656.2494329553035186       0.9461800046265125
     656.2496330887258864       0.9412163980305195
     656.2498332221481405       0.9739534668624401
     656.2500333555703946       0.9980578792747110
     656.2502334889926487       0.9160656034946442
     656.2504336224150165       1.0495143346488476
     656.2506337558372707       0.9877107460051775
     656.2508338892595248       0.9669290333986282
     656.2510340226817789       0.9345878437161446
     656.2512341561041467       1.0085405465215445
     656.2514342895264008       0.9992495111655444
     656.2516344229486549       1.0092615913599730
     656.2518345563709090       0.9895940003916621
     656.2520346897932768       1.0181227196007967
     656.2522348232155309       1.0731998533010483
     656.2524349566377850       1.0389845483005047
     656.2526350900600391       0.9826895166188478
     656.2528352234824069       1.0013882921775803
     656.2530353569046611       0.8910961151123047
     656.2532354903269152       1.0209419336169958
     656.2534356237491693       1.0138204097747803
     656.2536357571715371       1.0115527659654617
     656.2538358905937912       0.9866853179410100
     656.2540360240160453       0.9578349776566029
     656.2542361574382994       0.9073251411318779
     656.2544362908606672       0.9967230602633208
     656.2546364242829213       1.0619826726615429
     656.2548365577051754       1.0906273350119591
     656.2550366911274295       1.1307273209095001
     656.2552368245496837       1.0467453785240650
     656.2554369579720515       1.0074365907348692
     656.2556370913943056       1.0722434446215630
     656.2558372248165597       1.0400565005838871
     656.2560373582388138       0.9766088910400867
     656.2562374916611816       0.9467724598944187
     656.2564376250834357       1.0090727107599378
     656.2566377585056898       0.9213489815592766
     656.2568378919279439       1.0720728412270546
     656.2570380253503117       1.0297793652862310
     656.2572381587725658       1.0321533307433128
     656.2574382921948200       1.0751994177699089
     656.2576384256170741       1.0668105408549309
     656.2578385590394419       0.9766434244811535
     656.2580386924616960       1.0084082847461104
     656.2582388258839501       1.0346570499241352
     656.2584389593062042       1.0106310686096549
     656.2586390927285720       1.0008635348640382
     656.2588392261508261       0.9749370776116848
     656.2590393595730802       0.9733648747205734
     656.2592394929953343       0.9716333709657192
     656.2594396264177021       1.0281892456114292
     656.2596397598399562       0.9298764094710350
     656.2598398932622104       0.9811649434268475
     656.2600400266844645       0.9301162585616112
     656.2602401601067186       1.0141799664124846
     656.2604402935290864       1.0706210583448410
     656.2606404269513405       0.9534295424818993
     656.2608405603735946       1.0160400085151196
     656.2610406937958487       1.0031978990882635
     656.2612408272182165       1.0765850767493248
     656.2614409606404706       1.0046372916549444
     656.2616410940627247       1.0013817104045302
     656.2618412274849788       1.0568931512534618
     656.2620413609073466       1.0633546635508537
     656.2622414943296008       0.9127540960907936
     656.2624416277518549       1.0205110702663660
     656.2626417611741090       1.0249560158699751
     656.2628418945964768       0.9477357864379883
     656.2630420280187309       0.9085726141929626
     656.2632421614409850       0.9508091099560261
     656.2634422948632391       0.9629285149276257
     656.2636424282856069       0.9168817475438118
     656.2638425617078610       1.0087543018162251
     656.2640426951301151       0.9651638977229595
     656.2642428285523692       1.0155155528336763
     656.2644429619747370       0.8984900563955307
     656.2646430953969912       1.0379362218081951
     656.2648432288192453       0.9103452041745186
     656.2650433622414994       0.9782134853303432
     656.2652434956638672       0.9877720866352320
     656.2654436290861213       0.8922984078526497
     656.2656437625083754       0.9686391353607178
     656.2658438959306295       1.0526791028678417
     656.2660440293528836       1.0604154653847218
     656.2662441627752514       1.0415215566754341
     656.2664442961975055       0.8879714235663414
     656.2666444296197596       1.0507088787853718
     656.2668445630420138       1.0285969376564026
     656.2670446964643816       1.0781773552298546
     656.2672448298866357       0.9783752597868443
     656.2674449633088898       0.9216545894742012
     656.2676450967311439       0.9801854733377695
     656.2678452301535117       1.0543899349868298
     656.2680453635757658       0.9079800322651863
     656.2682454969980199       0.9678366743028164
     656.2684456304202740       1.0162968188524246
     656.2686457638426418       1.0666955336928368
     656.2688458972648959       1.0165422819554806
     656.2690460306871501       1.0062226126901805
     656.2692461641094042       0.9250325933098793
     656.2694462975317720       1.0272267498075962
     656.2696464309540261       0.9507212415337563
     656.2698465643762802       0.9731385856866837
     656.2700466977985343       0.9477161504328251
     656.2702468312209021       1.0178842972964048
     656.2704469646431562       0.9674442559480667
     656.2706470980654103       1.0380288287997246
     656.2708472314876644       1.0773346349596977
     656.2710473649099185       0.9496564306318760
     656.2712474983322863       0.9485507532954216
     656.2714476317545405       1.0414228588342667
     656.2716477651767946       1.0822433531284332
     656.2718478985990487       0.9906624266877770
     656.2720480320214165       1.0323464758694172
     656.2722481654436706       0.9930374538525939
     656.2724482988659247       0.9745862297713757
     656.2726484322881788       0.9988070541294292
     656.2728485657105466       1.0225223712623119
     656.2730486991328007       0.9058329686522484
     656.2732488325550548       1.0616175495088100
     656.2734489659773089       0.9229944869875908
     656.2736490993996767       0.9605169892311096
     656.2738492328219309       1.0248039346188307
     656.2740493662441850       0.9150220602750778
     656.2742494996664391       1.0692397654056549
     656.2744496330888069       0.9945599259808660
     656.2746497665110610       0.9802875332534313
     656.2748498999333151       1.0030523349996656
     656.2750500333555692       1.0038034915924072
     656.2752501667779370       0.9990840082173236
     656.2754503002001911       0.9659841582179070
     656.2756504336224452       0.8887173980474472
     656.2758505670446993       1.0318620167672634
     656.2760507004670671       1.0144468713551760
     656.2762508338893213       1.0523248091340065
     656.2764509673115754       1.0357280820608139
     656.2766511007338295       0.9915008330717683
     656.2768512341560836       0.9906196137890220
     656.2770513675784514       0.9507696256041527
     656.2772515010007055       0.9854210168123245
     656.2774516344229596       1.0242884997278452
     656.2776517678452137       0.9982721756678075
     656.2778519012675815       1.0873369500041008
     656.2780520346898356       0.9924817993305624
     656.2782521681120897       1.0403656363487244
     656.2784523015343439       1.0541585162281990
     656.2786524349567117       0.9549936652183533
     656.2788525683789658       1.0201049353927374
     656.2790527018012199       1.0588641129434109
     656.2792528352234740       1.0052999225445092
     656.2794529686458418       1.0704301446676254
     656.2796531020680959       0.9858059715479611
     656.2798532354903500       0.9952432587742804
     656.2800533689126041       0.9793158657848834
     656.2802535023349719       0.9804410785436628
     656.2804536357572260       0.9361059665679928
     656.2806537691794802       1.0204508174210782
     656.2808539026017343       1.0742483362555495
     656.2810540360241021       1.0384343080222596
     656.2812541694463562       0.9644167721271497
     656.2814543028686103       1.0063732862472508
     656.2816544362908644       0.9349261000752410
     656.2818545697131185       0.9358036741614284
     656.2820547031354863       0.9889855878427539
     656.2822548365577404       1.0499233342707031
     656.2824549699799945       1.0016444585053064
     656.2826551034022486       1.0268431510776006
     656.2828552368246164       1.0370791219174458
     656.2830553702468706       0.9191153347491627
     656.2832555036691247       1.0183195378630492
     656.2834556370913788       1.1154181882737810
     656.2836557705137466       1.0730109140275081
     656.2838559039360007       0.9593401663002703
     656.2840560373582548       1.0517517738040434
     656.2842561707805089       0.9531920813018521
     656.2844563042028767       0.9696021080009143
     656.2846564376251308       1.0233742669213333
     656.2848565710473849       0.9793522600068214
     656.2850567044696390       1.0949699059105444
     656.2852568378920068       1.0464337840643094
     656.2854569713142610       1.0767307206941141
     656.2856571047365151       0.9780462607674468
     656.2858572381587692       1.0610187239850370
     656.2860573715811370       0.9745326097921291
     656.2862575050033911       0.9957439708335857
     656.2864576384256452       1.0683136284088115
     656.2866577718478993       0.9760953951258571
     656.2868579052702671       0.9950758451081484
     656.2870580386925212       1.0153516176371591
     656.2872581721147753       1.0064199523936332
     656.2874583055370294       1.0478401555231862
     656.2876584389592836       1.0250487325669246
     656.2878585723816514       1.0278442704284116
     656.2880587058039055       1.0715180706342711
     656.2882588392261596       1.0005468245641498
     656.2884589726484137       1.1119077347881705
     656.2886591060707815       1.0212018908980016
     656.2888592394930356       1.0553091714579896
     656.2890593729152897       1.0374614653735055
     656.2892595063375438       0.9909639856841854
     656.2894596397599116       0.9814811261655234
     656.2896597731821657       0.9643662753120229
     656.2898599066044198       0.9995593023933012
     656.2900600400266740       1.0188529713139822
     656.2902601734490418       0.9281694414438080
     656.2904603068712959       0.9749441159590033
     656.2906604402935500       1.0402497989309332
     656.2908605737158041       0.9849480028544093
     656.2910607071381719       1.0757806876026064
     656.2912608405604260       1.0327120597632407
     656.2914609739826801       1.0368401448370133
     656.2916611074049342       1.0570784858668953
     656.2918612408273020       0.9555802467111757
     656.2920613742495561       0.9182036531731914
     656.2922615076718103       1.0204094725708379
     656.2924616410940644       0.9446776651795872
     656.2926617745164322       1.0074866996643790
     656.2928619079386863       1.0957521269114818
     656.2930620413609404       1.0707058078823783
     656.2932621747831945       1.0254521571758692
     656.2934623082054486       0.8884101220088642
     656.2936624416278164       1.0688007851301760
     656.2938625750500705       0.9817383661581274
     656.2940627084723246       0.9402903295487802
     656.2942628418945787       1.0450895837155478
     656.2944629753169465       1.0576799186781671
     656.2946631087392007       0.9682681038410639
     656.2948632421614548       0.9985144696540432
     656.2950633755837089       1.0130139227933102
     656.2952635090060767       0.9607738802118384
     656.2954636424283308       1.0030844079967505
     656.2956637758505849       1.0223721113097977
     656.2958639092728390       1.0497515879159507
     656.2960640426952068       1.0240404831112737
     656.2962641761174609       1.0153592368237465
     656.2964643095397150       0.9742977857803977
     656.2966644429619691       0.9811050534183784
     656.2968645763843369       1.0594143233648903
     656.2970647098065911       1.0716166313764899
     656.2972648432288452       0.9101758856263441
     656.2974649766510993       1.0107734318324502
     656.2976651100734671       1.0200276524741498
     656.2978652434957212       0.9697155666004902
     656.2980653769179753       1.0521890115001900
     656.2982655103402294       0.9667374282409751
     656.2984656437624835       0.9335050376320136
     656.2986657771848513       0.9913520685985021
     656.2988659106071054       1.0148081914672202
     656.2990660440293595       1.0735621769046408
     656.2992661774516137       1.0091566553012781
     656.2994663108739815       1.0601740167777960
     656.2996664442962356       1.0316314905253001
     656.2998665777184897       1.1361493150748299
     656.3000667111407438       0.9892897524551697
     656.3002668445631116       1.0170358993050022
     656.3004669779853657       0.9354005434450141
     656.3006671114076198       0.9998393764946280
     656.3008672448298739       0.9279166709922566
     656.3010673782522417       1.0162925108985528
     656.3012675116744958       1.0484141207789319
     656.3014676450967499       1.0713546598117332
     656.3016677785190041       0.9918858857623851
     656.3018679119413719       0.9822000996823145
     656.3020680453636260       0.9776081271208032
     656.3022681787858801       1.0538696125825915
     656.3024683122081342       1.0070500191242424
     656.3026684456305020       0.9793924501428243
     656.3028685790527561       1.0318429736545256
     656.3030687124750102       0.9538157970651149
     656.3032688458972643       0.8564287034264498
     656.3034689793196321       1.0024374610437559
     656.3036691127418862       1.0063948515274785
     656.3038692461641403       0.9903892786588995
     656.3040693795863945       1.0267467795205536
     656.3042695130086486       0.9401792428682053
     656.3044696464310164       0.9229210878103422
     656.3046697798532705       0.9405425794712026
     656.3048699132755246       0.9658507392708143
     656.3050700466977787       0.9314256806046435
     656.3052701801201465       0.9393300145977718
     656.3054703135424006       0.9491735083822589
     656.3056704469646547       0.9895114577729663
     656.3058705803869088       1.0332227472215871
     656.3060707138092766       0.9695393243037568
     656.3062708472315308       0.9617987084882754
     656.3064709806537849       0.9670774860457656
     656.3066711140760390       0.9896700729600775
     656.3068712474984068       0.8828019085303909
     656.3070713809206609       0.9072837735099974
     656.3072715143429150       0.9518329622161881
     656.3074716477651691       0.8328242097490310
     656.3076717811875369       0.9502927670269697
     656.3078719146097910       0.9605499933592357
     656.3080720480320451       0.9367529171882716
     656.3082721814542992       0.9057098030348292
     656.3084723148766670       0.8472879309710538
     656.3086724482989212       0.8801711776423742
     656.3088725817211753       0.8560817389401507
     656.3090727151434294       0.8725866751493295
     656.3092728485656835       0.8004103076391436
     656.3094729819880513       0.9159989661116720
     656.3096731154103054       0.8340701582473145
     656.3098732488325595       0.8887832600928590
     656.3100733822548136       0.8502235423116375
     656.3102735156771814       0.8717593251009738
     656.3104736490994355       0.8343372544926251
     656.3106737825216896       0.7635522246808550
     656.3108739159439438       0.8670612765957763
     656.3110740493663116       0.8423548317709396
     656.3112741827885657       0.8056926770980433
     656.3114743162108198       0.8572861717996195
     656.3116744496330739       0.7400745948092327
     656.3118745830554417       0.8645796928326710
     656.3120747164776958       0.8104603777935592
     656.3122748498999499       0.7699829817106510
     656.3124749833222040       0.7460934849900556
     656.3126751167445718       0.7753577632043711
     656.3128752501668259       0.7843267244001740
     656.3130753835890800       0.7841727127249827
     656.3132755170113342       0.7916215695773861
     656.3134756504337020       0.7931246718324835
     656.3136757838559561       0.7251935721711513
     656.3138759172782102       0.6754756720467294
     656.3140760507004643       0.7957169476792636
     656.3142761841228321       0.7555098170617414
     656.3144763175450862       0.9210151044031976
     656.3146764509673403       0.8576216841732232
     656.3148765843895944       0.8872015968415290
     656.3150767178118485       0.8510359852480306
     656.3152768512342163       0.8870865615479078
     656.3154769846564704       0.8167341923907032
     656.3156771180787246       0.8442734854525490
     656.3158772515009787       0.8509245055554250
     656.3160773849233465       0.7629274118391739
     656.3162775183456006       0.8383889673484923
     656.3164776517678547       0.7974565522083926
     656.3166777851901088       0.7942673395250852
     656.3168779186124766       0.8139988983656683
     656.3170780520347307       0.9575279174653577
     656.3172781854569848       0.8288486291568268
     656.3174783188792389       0.8036409981729068
     656.3176784523016067       0.8920421197407976
     656.3178785857238609       0.7660891433337667
     656.3180787191461150       0.8747590595874175
     656.3182788525683691       0.9194535875455786
     656.3184789859907369       0.9228051777367713
     656.3186791194129910       0.9472108061723932
     656.3188792528352451       0.9166941721242103
     656.3190793862574992       0.9711256394823147
     656.3192795196798670       0.9116690190925033
     656.3194796531021211       0.9644970627882468
     656.3196797865243752       0.9323178925861442
     656.3198799199466293       1.0075100951078351
     656.3200800533688835       0.9635306869493803
     656.3202801867912513       0.8850747101458053
     656.3204803202135054       0.9426699908063729
     656.3206804536357595       0.9309164723408090
     656.3208805870580136       1.0010877453383433
     656.3210807204803814       0.9273862695047955
     656.3212808539026355       0.8995610777169368
     656.3214809873248896       1.0665476461344423
     656.3216811207471437       0.9656079988351268
     656.3218812541695115       0.9791114717535954
     656.3220813875917656       0.9325930921435001
     656.3222815210140197       0.9448905736236016
     656.3224816544362739       1.0660912820608686
     656.3226817878586417       1.0094511981414440
     656.3228819212808958       0.9142807614974663
     656.3230820547031499       1.0287833327025877
     656.3232821881254040       1.0126591806088050
     656.3234823215477718       0.9902266490946882
     656.3236824549700259       0.9633356992481221
     656.3238825883922800       0.9957915013361650
     656.3240827218145341       0.9765582900098422
     656.3242828552369019       1.1038505388162074
     656.3244829886591560       0.9886994338278617
     656.3246831220814101       0.9852087273964548
     656.3248832555036643       1.0494865302295706
     656.3250833889260321       0.9594400919805419
     656.3252835223482862       0.9744985105956780
     656.3254836557705403       1.0891944192698091
     656.3256837891927944       1.0067716784489966
     656.3258839226150485       1.0220491947489485
     656.3260840560374163       1.0000051758957551
     656.3262841894596704       0.9533078508366739
     656.3264843228819245       0.9620239813432186
     656.3266844563041786       1.0211694756305962
     656.3268845897265464       0.9131626017043692
     656.3270847231488005       0.9785988737601127
     656.3272848565710547       1.0294515941902265
     656.3274849899933088       0.9922289268045350
     656.3276851234156766       0.9858593573107530
     656.3278852568379307       0.9896553789186848
     656.3280853902601848       0.9099533312760559
     656.3282855236824389       1.0242697339311606
     656.3284856571048067       1.0134335891700976
     656.3286857905270608       0.9392533129805567
     656.3288859239493149       1.0391415371903778
     656.3290860573715690       0.9479607653205795
     656.3292861907939368       1.0441079085404881
     656.3294863242161910       1.0368035479129158
     656.3296864576384451       0.9397162080340965
     656.3298865910606992       0.9972958071268475
     656.3300867244830670       1.0434278797396308
     656.3302868579053211       0.9780708137688552
     656.3304869913275752       1.0235118285624178
     656.3306871247498293       0.9310626828877965
     656.3308872581721971       0.9421660457936083
     656.3310873915944512       1.0091404631378831
     656.3312875250167053       0.9560722931526576
     656.3314876584389594       0.9955529759487823
     656.3316877918612136       0.9881416543699618
     656.3318879252835814       1.0352362949579104
     656.3320880587058355       0.9619100624267599
     656.3322881921280896       0.9442657278770312
     656.3324883255503437       1.0918644037899603
     656.3326884589727115       0.9179032117044578
     656.3328885923949656       1.0189356013392490
     656.3330887258172197       0.9920319399009236
     656.3332888592394738       0.9761472570114909
     656.3334889926618416       1.0128892795268745
     656.3336891260840957       1.0067145327575395
     656.3338892595063498       0.9582266198290971
     656.3340893929286040       1.1218583521937435
     656.3342895263509718       1.0412876433791978
     656.3344896597732259       0.9933835979227991
     656.3346897931954800       0.9765335342344461
     656.3348899266177341       1.0738573574342918
     656.3350900600401019       0.9642203884084385
     656.3352901934623560       1.0604498915725695
     656.3354903268846101       1.0298444702509366
     656.3356904603068642       0.9784368136989589
     656.3358905937292320       1.0743777761301232
     656.3360907271514861       0.9866197711085369
     656.3362908605737402       0.9727419749031702
     656.3364909939959944       0.9542936299019352
     656.3366911274182485       0.9721696750453409
     656.3368912608406163       1.0350322319409559
     656.3370913942628704       1.0759423770992051
     656.3372915276851245       0.8985480702646558
     656.3374916611073786       1.0113007025555745
     656.3376917945297464       1.0237154828043291
     656.3378919279520005       0.9076162039774174
     656.3380920613742546       1.0542360532905892
     656.3382921947965087       0.9958983441906372
     656.3384923282188765       1.0295082976561876
     656.3386924616411306       0.9681500862579355
     656.3388925950633848       1.0535197664551563
     656.3390927284856389       1.0490022411089179
     656.3392928619080067       1.0560166349799118
     656.3394929953302608       0.9633640086913620
     656.3396931287525149       0.9740992578724256
     656.3398932621747690       0.9307615234811477
     656.3400933955971368       0.9767631608536266
     656.3402935290193909       0.9641834869654109
     656.3404936624416450       1.0141568407183141
     656.3406937958638991       0.9689184725118533
     656.3408939292862669       0.9960047420927670
     656.3410940627085211       0.9799398090606825
     656.3412941961307752       0.9841560926229322
     656.3414943295530293       1.0441094338852270
     656.3416944629753971       1.1013835817546189
     656.3418945963976512       0.9736925922313666
     656.3420947298199053       0.8881590142831746
     656.3422948632421594       0.9582397975017538
     656.3424949966644135       1.0356947965912995
     656.3426951300867813       0.9741466306145115
     656.3428952635090354       0.9668476432558518
     656.3430953969312895       1.0122215040025777
     656.3432955303535437       0.9921239549292515
     656.3434956637759115       1.0255109816788528
     656.3436957971981656       0.9677730761467657
     656.3438959306204197       1.0921652019023380
     656.3440960640426738       0.9552620984613543
     656.3442961974650416       0.9117818549275158
     656.3444963308872957       0.9180935397744017
     656.3446964643095498       0.9984335403423646
     656.3448965977318039       1.0031536377500667
     656.3450967311541717       1.0358808860182713
     656.3452968645764258       1.0085561824962463
     656.3454969979986799       1.0708303079009034
     656.3456971314209341       1.0583641342818721
     656.3458972648433019       1.0539107434451571
     656.3460973982655560       1.0496825985610478
     656.3462975316878101       0.9636037200689311
     656.3464976651100642       0.9517402946949002
     656.3466977985324320       0.9383737444877622
     656.3468979319546861       0.9033156707882880
     656.3470980653769402       0.9725700784474610
     656.3472981987991943       0.9930579238571227
     656.3474983322214484       0.9971355164889246
     656.3476984656438162       0.9479366056621075
     656.3478985990660703       1.0321481116116047
     656.3480987324883245       0.9813074711710215
     656.3482988659105786       1.0247008800506592
     656.3484989993329464       1.0107943639159203
     656.3486991327552005       1.0341118834912777
     656.3488992661774546       0.9353968277573586
     656.3490993995997087       0.9830669965595007
     656.3492995330220765       1.0156208788976073
     656.3494996664443306       0.9660645909607410
     656.3496997998665847       0.9982341479044408
     656.3498999332888388       1.0304881390184164
     656.3501000667112066       1.0161595642566681
     656.3503002001334607       0.9369760975241661
     656.3505003335557149       0.9664002582430840
     656.3507004669779690       0.8913042321801186
     656.3509006004003368       1.0246691368520260
     656.3511007338225909       1.1076527461409569
     656.3513008672448450       0.9861019011586905
     656.3515010006670991       0.9298873618245125
     656.3517011340894669       1.0204879771918058
     656.3519012675117210       0.9661147259175777
     656.3521014009339751       0.9519960172474384
     656.3523015343562292       1.0008174384129234
     656.3525016677785970       1.0412365011870861
     656.3527018012008512       0.9700209666043520
     656.3529019346231053       0.9746692292392254
     656.3531020680453594       0.9912798302248120
     656.3533022014676135       0.9603703320026398
     656.3535023348899813       1.0038570463657379
     656.3537024683122354       0.9535469301044941
     656.3539026017344895       1.0949176698923111
     656.3541027351567436       0.8892369642853737
     656.3543028685791114       1.0303501393646002
     656.3545030020013655       1.0092773279175162
     656.3547031354236196       0.9774199612438679
     656.3549032688458738       0.9313935562968254
     656.3551034022682416       0.9498492479324341
     656.3553035356904957       0.9972268587443978
     656.3555036691127498       0.9515617825090885
     656.3557038025350039       0.9791039340198040
     656.3559039359573717       0.9738972540944815
     656.3561040693796258       0.9940084419213235
     656.3563042028018799       0.9797276984900236
     656.3565043362241340       0.9735995642840862
     656.3567044696465018       1.0209972541779280
     656.3569046030687559       1.0467120073735714
     656.3571047364910100       1.0593840442597866
     656.3573048699132642       1.0357416123151779
     656.3575050033356320       0.9818505402654409
     656.3577051367578861       1.0485040955245495
     656.3579052701801402       0.9545513577759266
     656.3581054036023943       1.0524030029773712
     656.3583055370246484       1.0413619503378868
     656.3585056704470162       1.0070507884956896
     656.3587058038692703       1.1165151596069336
     656.3589059372915244       0.9823179505765438
     656.3591060707137785       1.0860036835074425
     656.3593062041361463       1.0830586031079292
     656.3595063375584004       1.0265630614012480
     656.3597064709806546       0.9954867418855429
     656.3599066044029087       1.0660175010561943
     656.3601067378252765       0.9206568673253059
     656.3603068712475306       1.0506566129624844
     656.3605070046697847       0.9506517164409161
     656.3607071380920388       0.9336836040019989
     656.3609072715144066       1.0108360722661018
     656.3611074049366607       0.9736370109021664
     656.3613075383589148       1.0197903718799353
     656.3615076717811689       1.0090071801096201
     656.3617078052035367       0.9490270204842091
     656.3619079386257908       0.9946729862131178
     656.3621080720480450       0.9727709237486124
     656.3623082054702991       1.0111799407750368
     656.3625083388926669       0.9966377746313810
     656.3627084723149210       0.9457238651812077
     656.3629086057371751       1.0451388843357563
     656.3631087391594292       1.0194782223552465
     656.3633088725817970       1.0901462286710739
     656.3635090060040511       0.9760735258460045
     656.3637091394263052       1.0392944328486919
     656.3639092728485593       1.0245342608541250
     656.3641094062708135       0.9646671302616596
     656.3643095396931813       0.9452222883701324
     656.3645096731154354       0.8925112709403038
     656.3647098065376895       1.1002836450934410
     656.3649099399599436       0.9418176896870136
     656.3651100733823114       1.0991648510098457
     656.3653102068045655       1.0292835477739573
     656.3655103402268196       0.9276344254612923
     656.3657104736490737       1.0420555621385574
     656.3659106070714415       1.0986877530813217
     656.3661107404936956       0.9181653633713722
     656.3663108739159497       1.0626614317297935
     656.3665110073382039       0.9903051266446710
     656.3667111407605717       0.9920048909261823
     656.3669112741828258       1.0524679683148861
     656.3671114076050799       0.9081750363111496
     656.3673115410273340       1.0398098826408386
     656.3675116744497018       1.0103408237919211
     656.3677118078719559       0.9403599910438061
     656.3679119412942100       1.0272168349474669
     656.3681120747164641       1.0580991767346859
     656.3683122081388319       1.1142923757433891
     656.3685123415610860       1.0092528145760298
     656.3687124749833401       0.9772105533629656
     656.3689126084055943       1.0919522643089294
     656.3691127418278484       0.9522907063364983
     656.3693128752502162       0.9938874491490424
     656.3695130086724703       0.9734811596572399
     656.3697131420947244       0.9761515744030476
     656.3699132755169785       0.8610782772302628
     656.3701134089393463       1.0211428068578243
     656.3703135423616004       0.9897634768858552
     656.3705136757838545       0.9587826654314995
     656.3707138092061086       0.9982944509247318
     656.3709139426284764       0.9547978080809116
     656.3711140760507305       1.0436710081994534
     656.3713142094729847       0.9473108984529972
     656.3715143428952388       0.9837159551680088
     656.3717144763176066       1.0359036177396774
     656.3719146097398607       0.9561477079987526
     656.3721147431621148       1.0572152994573116
     656.3723148765843689       1.0456274561583996
     656.3725150100067367       1.0191100891679525
     656.3727151434289908       1.0669043958187103
     656.3729152768512449       1.0188857503235340
     656.3731154102734990       0.8783229812979698
     656.3733155436958668       1.0887019783258438
     656.3735156771181209       1.0414824150502682
     656.3737158105403751       1.0318228825926781
     656.3739159439626292       0.9807633925229311
     656.3741160773849970       1.0600551143288612
     656.3743162108072511       0.9860018473118544
     656.3745163442295052       0.9985732417553663
     656.3747164776517593       0.9716303404420614
     656.3749166110740134       0.9315937161445618
     656.3751167444963812       1.0155587662011385
     656.3753168779186353       0.9696014076471329
     656.3755170113408894       1.0127639463171363
     656.3757171447631436       1.0743563696742058
     656.3759172781855113       1.0066163847222924
     656.3761174116077655       0.9296475425362587
     656.3763175450300196       1.0925587937235832
     656.3765176784522737       1.0579698272049427
     656.3767178118746415       0.9530189111828804
     656.3769179452968956       1.0366338044404984
     656.3771180787191497       0.9667627662420273
     656.3773182121414038       0.9382060654461384
     656.3775183455637716       1.0419615544378757
     656.3777184789860257       0.9762541223317385
     656.3779186124082798       1.0413547381758690
     656.3781187458305340       1.0238919146358967
     656.3783188792529018       1.0219826363027096
     656.3785190126751559       0.9647151082754135
     656.3787191460974100       1.0005537554388866
     656.3789192795196641       0.9395079538226128
     656.3791194129420319       1.0182658396661282
     656.3793195463642860       1.0278376732021570
     656.3795196797865401       1.0147999245673418
     656.3797198132087942       0.9305481836199760
     656.3799199466311620       1.0428448729217052
     656.3801200800534161       1.0401053726673126
     656.3803202134756702       0.8945161700248718
     656.3805203468979244       1.0934834405779839
     656.3807204803201785       1.0296750646084547
     656.3809206137425463       0.9491298422217369
     656.3811207471648004       1.0010646950686350
     656.3813208805870545       1.0154467914253473
     656.3815210140093086       1.0731822773814201
     656.3817211474316764       0.9864191468805075
     656.3819212808539305       1.0417793095111847
     656.3821214142761846       1.0525867342948914
     656.3823215476984387       0.9553241617977619
     656.3825216811208065       0.9488690719008446
     656.3827218145430606       1.1648996025323868
     656.3829219479653148       1.0489038005471230
     656.3831220813875689       1.0569919236004353
     656.3833222148099367       0.9647841975092888
     656.3835223482321908       1.0287273954600096
     656.3837224816544449       1.0364160276949406
     656.3839226150766990       0.9983558176318184
     656.3841227484990668       0.9478451907634735
     656.3843228819213209       1.0070974007248878
     656.3845230153435750       0.9847527276724577
     656.3847231487658291       0.9616188146173954
     656.3849232821881969       1.0341726392507553
     656.3851234156104510       1.0595676973462105
     656.3853235490327052       1.0352254919707775
     656.3855236824549593       0.9901233883574605
     656.3857238158772134       0.9768081381917000
     656.3859239492995812       0.9904970889911056
     656.3861240827218353       0.9874896788969636
     656.3863242161440894       0.9778132122009993
     656.3865243495663435       1.0028944213408977
     656.3867244829887113       0.9692023601382971
     656.3869246164109654       1.0197188016027212
     656.3871247498332195       0.9899068269878626
     656.3873248832554737       1.0381759814918041
     656.3875250166778414       1.1239553093910217
     656.3877251501000956       0.9495412446558475
     656.3879252835223497       0.9546184241771698
     656.3881254169446038       1.0373176746070385
     656.3883255503669716       0.9494786597788334
     656.3885256837892257       1.0286931097507477
     656.3887258172114798       1.0528241060674191
     656.3889259506337339       1.0006102139595896
     656.3891260840561017       1.0895070359110832
     656.3893262174783558       0.9316145777702332
     656.3895263509006099       1.0741500183939934
     656.3897264843228641       0.9691108223050833
     656.3899266177452319       1.0452591069042683
     656.3901267511674860       0.9930550367571414
     656.3903268845897401       0.9819873515516520
     656.3905270180119942       1.0449107177555561
     656.3907271514343620       1.0337853543460369
     656.3909272848566161       0.9219588488340378
     656.3911274182788702       0.9132206439971924
     656.3913275517011243       1.0604297481477261
     656.3915276851233784       1.0351232960820198
     656.3917278185457462       1.0368805043399334
     656.3919279519680003       1.0444407872855663
     656.3921280853902545       0.9860804378986359
     656.3923282188125086       1.0789141878485680
     656.3925283522348764       1.0259608179330826
     656.3927284856571305       0.9874558076262474
     656.3929286190793846       1.0165096223354340
     656.3931287525016387       0.9573560692369938
     656.3933288859240065       0.9881549663841724
     656.3935290193462606       1.0664878711104393
     656.3937291527685147       1.0184296909719706
     656.3939292861907688       0.9219679608941078
     656.3941294196131366       1.0833517014980316
     656.3943295530353907       0.9719538781791925
     656.3945296864576449       1.0812981575727463
     656.3947298198798990       0.9810204301029444
     656.3949299533022668       1.0319618396461010
     656.3951300867245209       1.0260510686784983
     656.3953302201467750       1.0234048683196306
     656.3955303535690291       1.0202195160090923
     656.3957304869913969       0.9648009315133095
     656.3959306204136510       0.9868671046569943
     656.3961307538359051       0.9983913745963946
     656.3963308872581592       0.9771141074597836
     656.3965310206804133       1.0242587458342314
     656.3967311541027811       0.8582823872566223
     656.3969312875250353       1.0643624514341354
     656.3971314209472894       0.9823067132383585
     656.3973315543695435       1.0463009662926197
     656.3975316877919113       0.9427611343562603
     656.3977318212141654       1.0128143373876810
     656.3979319546364195       1.0034942526835948
     656.3981320880586736       0.9915333222597837
     656.3983322214810414       1.0592877343297005
     656.3985323549032955       0.9000614061951637
     656.3987324883255496       0.9853199282661080
     656.3989326217478038       1.0655376836657524
     656.3991327551701715       0.9859889103099704
     656.3993328885924257       0.9857472153380513
     656.3995330220146798       1.0269457399845123
     656.3997331554369339       1.0319922417402267
     656.3999332888593017       0.9621378667652607
     656.4001334222815558       0.9590318351984024
     656.4003335557038099       1.0290663894265890
     656.4005336891260640       0.8849823474884033
     656.4007338225484318       1.0707345083355904
     656.4009339559706859       0.9570107087492943
     656.4011340893929400       1.0564600825309753
     656.4013342228151942       1.0067554735578597
     656.4015343562375620       0.9969226757530123
     656.4017344896598161       0.9828625973314047
     656.4019346230820702       0.9840044267475605
     656.4021347565043243       0.9073799699544907
     656.4023348899265784       1.0356849022209644
     656.4025350233489462       0.9904269045218825
     656.4027351567712003       0.8950005397200584
     656.4029352901934544       1.0089577278122306
     656.4031354236157085       1.0264534335583448
     656.4033355570380763       1.0436663553118706
     656.4035356904603304       1.0629719793796539
     656.4037358238825846       1.0116220144554973
     656.4039359573048387       1.1212178394198418
     656.4041360907272065       1.0566631555557251
     656.4043362241494606       0.9008623436093330
     656.4045363575717147       0.9705788008868694
     656.4047364909939688       1.0087212985381484
     656.4049366244163366       1.0756008401513100
     656.4051367578385907       0.9919174276292324
     656.4053368912608448       0.9815012253820896
     656.4055370246830989       0.9759203232824802
     656.4057371581054667       0.9987467165337875
     656.4059372915277208       1.0567785091698170
     656.4061374249499750       1.0557399205863476
     656.4063375583722291       1.0638933479785919
     656.4065376917945969       1.0262319147586823
     656.4067378252168510       0.9978265450336039
     656.4069379586391051       0.9727220777422190
     656.4071380920613592       0.9379422068595886
     656.4073382254836133       1.0161839853972197
     656.4075383589059811       0.9797782991081476
     656.4077384923282352       1.0215180497616529
     656.4079386257504893       1.0625199899077415
     656.4081387591727434       1.0382417254149914
     656.4083388925951112       1.0177762396633625
     656.4085390260173654       1.0182666797190905
     656.4087391594396195       0.9662512354552746
     656.4089392928618736       1.0245850291103125
     656.4091394262842414       1.0328482352197170
     656.4093395597064955       1.0157625675201416
     656.4095396931287496       1.0327201038599014
     656.4097398265510037       0.9760293643921614
     656.4099399599733715       1.0873701423406601
     656.4101400933956256       1.0946752876043320
     656.4103402268178797       1.0396269857883453
     656.4105403602401339       0.9938836712390184
     656.4107404936625016       0.9594985805451870
     656.4109406270847558       0.9506778456270695
     656.4111407605070099       0.9359259381890297
     656.4113408939292640       0.9596887379884720
     656.4115410273516318       0.9458408467471600
     656.4117411607738859       1.0811783000826836
     656.4119412941961400       1.0266710128635168
     656.4121414276183941       0.9269229248166084
     656.4123415610407619       1.0195033699274063
     656.4125416944630160       0.9955859370529652
     656.4127418278852701       1.0482637174427509
     656.4129419613075243       0.9596591480076313
     656.4131420947297784       0.9892203789204359
     656.4133422281521462       1.0521974265575409
     656.4135423615744003       0.9225955829024315
     656.4137424949966544       0.9923140243627131
     656.4139426284189085       0.9112285450100899
     656.4141427618412763       0.9438184387981892
     656.4143428952635304       1.0490904971957207
     656.4145430286857845       0.9795099962502718
     656.4147431621080386       1.0201179217547178
     656.4149432955304064       1.0931162759661674
     656.4151434289526605       1.0421230383217335
     656.4153435623749147       0.9857387766242027
     656.4155436957971688       1.0078294863924384
     656.4157438292195366       1.0156543962657452
     656.4159439626417907       1.0036192839033902
     656.4161440960640448       0.9955866937525570
     656.4163442294862989       0.9587585292756557
     656.4165443629086667       1.0169794391840696
     656.4167444963309208       1.0452875383198261
     656.4169446297531749       1.0084626963362098
     656.4171447631754290       1.0622079484164715
     656.4173448965977968       1.0069516049697995
     656.4175450300200509       1.0160474404692650
     656.4177451634423051       1.0304836668074131
     656.4179452968645592       0.9690661896020174
     656.4181454302869270       0.9758557379245758
     656.4183455637091811       1.0271189510822296
     656.4185456971314352       0.9484718926250935
     656.4187458305536893       0.9910173239186406
     656.4189459639759434       0.9706284813582897
     656.4191460973983112       1.0095016891136765
     656.4193462308205653       0.9603512100875378
     656.4195463642428194       1.0568474195897579
     656.4197464976650735       0.9558479078114033
     656.4199466310874413       1.0120882475748658
     656.4201467645096955       1.1177437677979469
     656.4203468979319496       0.9786296002566814
     656.4205470313542037       1.0560944043099880
     656.4207471647765715       0.9939603237435222
     656.4209472981988256       0.8973915055394173
     656.4211474316210797       0.9814731292426586
     656.4213475650433338       1.0598665885627270
     656.4215476984657016       1.0186942741274834
     656.4217478318879557       0.9367823973298073
     656.4219479653102098       0.9908819124102592
     656.4221480987324640       1.1151672825217247
     656.4223482321548317       1.0222002323716879
     656.4225483655770859       0.9961666038725525
     656.4227484989993400       0.9750869143754244
     656.4229486324215941       1.0107387090101838
     656.4231487658439619       1.0092799123376608
     656.4233488992662160       1.0352470539510250
     656.4235490326884701       1.0256143398582935
     656.4237491661107242       0.9572999812662601
     656.4239492995329783       0.9188196510076523
     656.4241494329553461       1.0558207742869854
     656.4243495663776002       1.0237731318920851
     656.4245496997998544       0.9623784758150578
     656.4247498332221085       0.9590411260724068
     656.4249499666444763       1.0109733743593097
     656.4251501000667304       1.0485361255705357
     656.4253502334889845       0.9540330804884434
     656.4255503669112386       0.9810265004634857
     656.4257505003336064       0.9932328192517161
     656.4259506337558605       0.9879672536626458
     656.4261507671781146       0.9861617935821414
     656.4263509006003687       1.0273124482482672
     656.4265510340227365       1.0124480752274394
     656.4267511674449906       0.9815768245607615
     656.4269513008672448       0.9475603513419628
     656.4271514342894989       1.0055781286209822
     656.4273515677118667       1.1762833148241043
     656.4275517011341208       0.9566738680005074
     656.4277518345563749       0.9793384764343500
     656.4279519679786290       0.9706839732825756
     656.4281521014009968       0.8954413384199142
     656.4283522348232509       0.9709406998008490
     656.4285523682455050       0.9554260671138763
     656.4287525016677591       1.0357321277260780
     656.4289526350901269       0.9667049050331116
     656.4291527685123810       0.9676782898604870
     656.4293529019346352       1.0326777659356594
     656.4295530353568893       1.0219664555042982
     656.4297531687791434       1.0289575848728418
     656.4299533022015112       1.1067191958427429
     656.4301534356237653       1.0527906604111195
     656.4303535690460194       1.0183430239558220
     656.4305537024682735       0.9617747329175472
     656.4307538358906413       0.9415353946387768
     656.4309539693128954       0.9627128578722477
     656.4311541027351495       0.9762274343520403
     656.4313542361574036       1.0208570677787066
     656.4315543695797714       0.9588998146355152
     656.4317545030020256       0.9641454853117466
     656.4319546364242797       1.0461033061146736
     656.4321547698465338       1.0653076991438866
     656.4323549032689016       0.9355931654572487
     656.4325550366911557       1.0225816089659929
     656.4327551701134098       1.0286914911121130
     656.4329553035356639       0.9930187454447150
     656.4331554369580317       0.9126568511128426
     656.4333555703802858       0.9951505586504936
     656.4335557038025399       0.9581998661160469
     656.4337558372247940       1.0050415811128914
     656.4339559706471618       1.0124812219291925
     656.4341561040694160       1.0068323607556522
     656.4343562374916701       0.9528307355940342
     656.4345563709139242       0.9887107210233808
     656.4347565043361783       1.0539098754525185
     656.4349566377585461       1.0052507105283439
     656.4351567711808002       1.0072459517978132
     656.4353569046030543       1.0341572985053062
     656.4355570380253084       1.0022444296628237
     656.4357571714476762       0.9262085333466530
     656.4359573048699303       1.0326423570513725
     656.4361574382921845       0.9952620533294976
     656.4363575717144386       0.9866915270686150
     656.4365577051368064       0.9427445642650127
     656.4367578385590605       1.0488895624876022
     656.4369579719813146       1.0018940739100799
     656.4371581054035687       1.0342635847628117
     656.4373582388259365       0.9869074085727334
     656.4375583722481906       0.9531921632587910
     656.4377585056704447       1.0594062022864819
     656.4379586390926988       0.9319138303399086
     656.4381587725150666       1.0204173345118761
     656.4383589059373207       0.8560916632413864
     656.4385590393595749       0.9961535925976932
     656.4387591727818290       0.9018057435750961
     656.4389593062041968       0.9838248360902071
     656.4391594396264509       1.0017214951803908
     656.4393595730487050       1.0354488529264927
     656.4395597064709591       0.9768720176070929
     656.4397598398933269       1.0541833937168121
     656.4399599733155810       1.0082304235547781
     656.4401601067378351       0.8719678074121475
     656.4403602401600892       1.0096120983362198
     656.4405603735823433       1.0168104656040668
     656.4407605070047111       0.9157017469406128
     656.4409606404269653       0.9324371665716171
     656.4411607738492194       0.9723569098860025
     656.4413609072714735       1.0195826627314091
     656.4415610406938413       0.9929676093161106
     656.4417611741160954       0.9085728600621223
     656.4419613075383495       1.0431661382317543
     656.4421614409606036       0.9311633035540581
     656.4423615743829714       0.9364864379167557
     656.4425617078052255       0.9896599706262350
     656.4427618412274796       0.9303924441337585
     656.4429619746497337       1.0384832285344601
     656.4431621080721015       1.0011109489714727
     656.4433622414943557       0.9739004168659449
     656.4435623749166098       1.1073744818568230
     656.4437625083388639       1.0617945864796638
     656.4439626417612317       0.9495934136211872
     656.4441627751834858       0.9237363934516907
     656.4443629086057399       1.0415361486375332
     656.4445630420279940       1.0532782152295113
     656.4447631754503618       0.9929960952140391
     656.4449633088726159       1.0272660795599222
     656.4451634422948700       1.1015243679285049
     656.4453635757171241       0.9599228613078594
     656.4455637091393783       0.9087002202868462
     656.4457638425617461       0.9942783508449793
     656.4459639759840002       1.0899060145020485
     656.4461641094062543       0.9204333126544952
     656.4463642428285084       1.0320418439805508
     656.4465643762508762       0.9911762485280633
     656.4467645096731303       1.0320776216685772
     656.4469646430953844       1.0802787169814110
     656.4471647765176385       1.0289772246032953
     656.4473649099400063       1.0616500750184059
     656.4475650433622604       0.8955002203583717
     656.4477651767845146       0.9846420511603355
     656.4479653102067687       0.9710567351430655
     656.4481654436291365       0.9811009634286165
     656.4483655770513906       1.0692731216549873
     656.4485657104736447       0.9217006564140320
     656.4487658438958988       1.0391449630260468
     656.4489659773182666       0.9203013479709625
     656.4491661107405207       1.0338491722941399
     656.4493662441627748       0.9964886719826609
     656.4495663775850289       0.9730875287204981
     656.4497665110073967       1.0993095785379410
     656.4499666444296508       0.9955665082670748
     656.4501667778519050       0.8723817020654678
     656.4503669112741591       1.0005757046164945
     656.4505670446965269       1.1120397001504898
     656.4507671781187810       0.9334916844964027
     656.4509673115410351       1.0640020221471786
     656.4511674449632892       1.0436926744878292
     656.4513675783855433       1.0895343869924545
     656.4515677118079111       0.9672724083065987
     656.4517678452301652       1.0361841097474098
     656.4519679786524193       1.0156819894909859
     656.4521681120746734       1.0270471330732107
     656.4523682454970412       0.9884248292073607
     656.4525683789192954       0.9969189793337137
     656.4527685123415495       1.0706069692969322
     656.4529686457638036       1.0006890519871376
     656.4531687791861714       0.9990146935451776
     656.4533689126084255       1.0457378961145878
     656.4535690460306796       0.9678280614316463
     656.4537691794529337       1.0344781465828419
     656.4539693128753015       0.9120122641324997
     656.4541694462975556       0.9612731710076332
     656.4543695797198097       0.9768101070076227
     656.4545697131420638       1.0591715350747108
     656.4547698465644316       1.0038073789328337
     656.4549699799866858       1.0267200749367476
     656.4551701134089399       1.0207799468189478
     656.4553702468311940       1.0164304133504629
     656.4555703802535618       1.0216031596064568
     656.4557705136758159       1.0244295112788677
     656.4559706470980700       1.0349728837609291
     656.4561707805203241       0.8996479287743568
     656.4563709139425782       0.9770583361387253
     656.4565710473649460       1.0650643780827522
     656.4567711807872001       1.0228143315762281
     656.4569713142094542       1.1220453530550003
     656.4571714476317084       0.9069601595401764
     656.4573715810540762       1.0312807783484459
     656.4575717144763303       0.8834668174386024
     656.4577718478985844       0.9722447600215673
     656.4579719813208385       0.9225729256868362
     656.4581721147432063       1.0002064340951620
     656.4583722481654604       1.0513323247432709
     656.4585723815877145       0.9900626568123698
     656.4587725150099686       0.9754195772111416
     656.4589726484323364       0.8480478078126907
     656.4591727818545905       1.0552737526595592
     656.4593729152768447       1.0389748923480511
     656.4595730486990988       1.0379627011716366
     656.4597731821214666       1.0094698769971728
     656.4599733155437207       0.9995122182008345
     656.4601734489659748       0.9809594340622425
     656.4603735823882289       1.0205722898244858
     656.4605737158105967       0.9359543845057487
     656.4607738492328508       1.0065774247050285
     656.4609739826551049       0.9497916512191296
     656.4611741160773590       0.9799371082335711
     656.4613742494997268       0.9721796419471502
     656.4615743829219809       1.0162883754819632
     656.4617745163442351       0.9893040973693132
     656.4619746497664892       0.9281701669096947
     656.4621747831887433       0.9556673504412174
     656.4623749166111111       0.9952788283117115
     656.4625750500333652       0.9576576203107834
     656.4627751834556193       1.1206213757395744
     656.4629753168778734       1.1602354496717453
     656.4631754503002412       1.0348620750010014
     656.4633755837224953       0.9794640596956015
     656.4635757171447494       0.9764085877686739
     656.4637758505670035       1.0301302466541529
     656.4639759839893713       0.9980238059069961
     656.4641761174116255       0.9291126132011414
     656.4643762508338796       0.9657015055418015
     656.4645763842561337       1.0416157469153404
     656.4647765176785015       0.9809494893997908
     656.4649766511007556       1.0298198014497757
     656.4651767845230097       1.0686567649245262
     656.4653769179452638       0.9836524222046137
     656.4655770513676316       1.0401456058025360
     656.4657771847898857       0.9387023560702801
     656.4659773182121398       0.9820445049554110
     656.4661774516343939       1.0197775866836309
     656.4663775850567617       0.9575080163776875
     656.4665777184790159       0.9972646797541529
     656.4667778519012700       1.0140839247033000
     656.4669779853235241       0.9162945747375488
     656.4671781187458919       0.9374736919999123
     656.4673782521681460       0.9670450426638126
     656.4675783855904001       1.0388054437935352
     656.4677785190126542       0.9622915349900723
     656.4679786524349083       0.9745014552026987
     656.4681787858572761       0.9727814160287380
     656.4683789192795302       0.9466735348105431
     656.4685790527017843       0.9567394442856312
     656.4687791861240385       1.0279009621590376
     656.4689793195464063       0.9591009728610516
     656.4691794529686604       1.0277341194450855
     656.4693795863909145       0.9870815649628639
     656.4695797198131686       0.9835342522710562
     656.4697798532355364       0.9640881270170212
     656.4699799866577905       0.9326963648200035
     656.4701801200800446       0.9334518387913704
     656.4703802535022987       0.9411005862057209
     656.4705803869246665       1.0207980331033468
     656.4707805203469206       0.9920328315347433
     656.4709806537691748       0.9775263983756304
     656.4711807871914289       0.9824012536555529
     656.4713809206137967       1.0048888688907027
     656.4715810540360508       0.9731224030256271
     656.4717811874583049       0.9889978999271989
     656.4719813208805590       0.9382585287094116
     656.4721814543029268       1.0710266008973122
     656.4723815877251809       0.9796788413077593
     656.4725817211474350       1.0631333366036415
     656.4727818545696891       0.9393223151564598
     656.4729819879919432       1.0262511316686869
     656.4731821214143110       1.0310260783880949
     656.4733822548365652       1.0229372438043356
     656.4735823882588193       0.9631215929985046
     656.4737825216810734       0.9142887368798256
     656.4739826551034412       0.9945267005823553
     656.4741827885256953       0.9976533784065396
     656.4743829219479494       1.0802390500903130
     656.4745830553702035       1.0368325971066952
     656.4747831887925713       1.0738779306411743
     656.4749833222148254       1.0012987646041438
     656.4751834556370795       1.0151565866544843
     656.4753835890593336       1.0605456121265888
     656.4755837224817014       0.9819524344056845
     656.4757838559039556       0.9662669897079468
     656.4759839893262097       1.0165908243507147
     656.4761841227484638       1.0293748658150434
     656.4763842561708316       1.0316798985004425
     656.4765843895930857       0.9310634434223175
     656.4767845230153398       0.9655872210860252
     656.4769846564375939       0.9913287283852696
     656.4771847898599617       1.0649446770548820
     656.4773849232822158       1.0038403223734349
     656.4775850567044699       0.9393238909542561
     656.4777851901267240       0.9825920592993498
     656.4779853235490918       1.0137686608359218
     656.4781854569713460       1.0381256379187107
     656.4783855903936001       1.0588030517101288
     656.4785857238158542       0.9970802783500403
     656.4787858572381083       0.9804107043892145
     656.4789859906604761       1.0015066963387653
     656.4791861240827302       0.9884889954701066
     656.4793862575049843       0.9821747262030840
     656.4795863909272384       0.9195793271064758
     656.4797865243496062       1.0148252835497260
     656.4799866577718603       0.9591039456427097
     656.4801867911941144       0.9806426856666803
     656.4803869246163686       0.9231754913926125
     656.4805870580387364       0.9609314501285553
     656.4807871914609905       1.0174948237836361
     656.4809873248832446       0.9514201246201992
     656.4811874583054987       0.9422129690647125
     656.4813875917278665       0.9468959905207157
     656.4815877251501206       1.0825970694422722
     656.4817878585723747       1.0224715061485767
     656.4819879919946288       0.9617662020027637
     656.4821881254169966       0.9035768359899521
     656.4823882588392507       1.0112408399581909
     656.4825883922615049       0.9361832067370415
     656.4827885256837590       0.9703612495213747
     656.4829886591061268       1.0013535120524466
     656.4831887925283809       0.8896171525120735
     656.4833889259506350       0.9638291299343109
     656.4835890593728891       1.0217987876385450
     656.4837891927951432       1.0106409816071391
     656.4839893262175110       0.9282454922795296
     656.4841894596397651       1.0137722492218018
     656.4843895930620192       0.9735383838415146
     656.4845897264842733       1.0284845214337111
     656.4847898599066411       1.0079422090202570
     656.4849899933288953       1.0467802546918392
     656.4851901267511494       0.9731076955795288
     656.4853902601734035       1.0156601238995790
     656.4855903935957713       1.0380545146763325
     656.4857905270180254       0.9595830366015434
     656.4859906604402795       1.0361789725720882
     656.4861907938625336       1.0744836404919624
     656.4863909272849014       1.0027101100422442
     656.4865910607071555       1.0019041683990508
     656.4867911941294096       0.9449919871985912
     656.4869913275516637       1.0556688867509365
     656.4871914609740315       1.0376901589334011
     656.4873915943962857       0.9898832300677896
     656.4875917278185398       1.0112462816759944
     656.4877918612407939       0.9409072510898113
     656.4879919946631617       0.9270762801170349
     656.4881921280854158       0.9586281478404999
     656.4883922615076699       1.0710363313555717
     656.4885923949299240       0.9918663678690791
     656.4887925283522918       1.0382652133703232
     656.4889926617745459       1.0136972889304161
     656.4891927951968000       1.0935982391238213
     656.4893929286190541       1.0208903439342976
     656.4895930620413083       0.9653127714991570
     656.4897931954636761       1.0066832671873271
     656.4899933288859302       0.9663284420967102
     656.4901934623081843       0.9745898805558681
     656.4903935957304384       0.9801102206110954
     656.4905937291528062       0.9871454024687409
     656.4907938625750603       0.9134065583348274
     656.4909939959973144       1.0221485905349255
     656.4911941294195685       0.9919720599427819
     656.4913942628419363       0.9404826946556568
     656.4915943962641904       0.9909042092040181
     656.4917945296864445       0.9074070826172829
     656.4919946631086987       0.9615491218864918
     656.4921947965310665       0.8911120370030403
     656.4923949299533206       1.0069789113476872
     656.4925950633755747       1.0816416963934898
     656.4927951967978288       0.9978904484305531
     656.4929953302201966       0.9949571932666004
     656.4931954636424507       1.0630342960357666
     656.4933955970647048       1.0087302392348647
     656.4935957304869589       1.0096544716507196
     656.4937958639093267       0.9638847373425961
     656.4939959973315808       0.9619950465857983
     656.4941961307538350       1.0707828179001808
     656.4943962641760891       0.9945133863948286
     656.4945963975983432       1.0206152200698853
     656.4947965310207110       0.9344895184040070
     656.4949966644429651       1.0079620247706771
     656.4951967978652192       0.9045476093888283
     656.4953969312874733       0.9421849660575390
     656.4955970647098411       0.9156013131141663
     656.4957971981320952       1.0173149388283491
     656.4959973315543493       1.0090329963713884
     656.4961974649766034       0.9501172900199890
     656.4963975983989712       1.0744615495204926
     656.4965977318212254       1.0370743796229362
     656.4967978652434795       1.0521698892116547
     656.4969979986657336       0.9725224375724792
     656.4971981320881014       0.9708924312144518
     656.4973982655103555       1.0396113395690918
     656.4975983989326096       0.9663541577756405
     656.4977985323548637       0.9612435810267925
     656.4979986657772315       0.9355967789888382
     656.4981987991994856       1.0409393869340420
     656.4983989326217397       0.9714406840503216
     656.4985990660439938       1.0441894046962261
     656.4987991994663616       0.9540975466370583
     656.4989993328886158       0.9906288767233491
     656.4991994663108699       1.0297004077583551
     656.4993995997331240       1.0263596456497908
     656.4995997331554918       1.0008605234324932
     656.4997998665777459       0.9512831978499889
     656.5000000000000000       0.9433482587337494
