     656.2000000000000455       1.0376422517001629
     656.2002001334222996       1.0518580488860607
     656.2004002668445537       0.9139944761991501
     656.2006004002669215       1.0388687774538994
     656.2008005336891756       1.0211895667016506
     656.2010006671114297       1.0187426712363958
     656.2012008005336838       0.9428089968860149
     656.2014009339560516       0.9304533675312996
     656.2016010673783057       0.9698036853224039
     656.2018012008005599       1.0163852777332067
     656.2020013342228140       1.0538529045879841
     656.2022014676451818       1.0740423500537872
     656.2024016010674359       1.0199281517416239
     656.2026017344896900       1.0338296145200729
     656.2028018679119441       0.9356322437524796
     656.2030020013343119       1.0105310296639800
     656.2032021347565660       0.9355088397860527
     656.2034022681788201       0.9892834546044469
     656.2036024016010742       0.9577505178749561
     656.2038025350234420       0.9672603346407413
     656.2040026684456961       1.0163532160222530
     656.2042028018679503       1.1207396313548088
     656.2044029352902044       0.9894428402185440
     656.2046030687125722       0.9881004728376865
     656.2048032021348263       1.0823078975081444
     656.2050033355570804       1.0110222054645419
     656.2052034689793345       1.0691483691334724
     656.2054036024017023       1.0153704239055514
     656.2056037358239564       1.0276174843311310
     656.2058038692462105       0.9931418322958052
     656.2060040026684646       1.0159027948975563
     656.2062041360907187       1.0661168321967125
     656.2064042695130865       0.9163349717855453
     656.2066044029353407       0.9646957330405712
     656.2068045363575948       1.0442293286323547
     656.2070046697798489       0.9577283188700676
     656.2072048032022167       0.9873617291450500
     656.2074049366244708       1.0718059241771698
     656.2076050700467249       0.9568455591797829
     656.2078052034689790       1.0511437654495239
     656.2080053368913468       1.0227673165500164
     656.2082054703136009       0.9828993938863277
     656.2084056037358550       1.0312786251306534
     656.2086057371581092       1.0337541028857231
     656.2088058705804769       1.0316142067313194
     656.2090060040027311       0.9922747239470482
     656.2092061374249852       1.0089805768802762
     656.2094062708472393       0.9714768677949905
     656.2096064042696071       0.9502288103103638
     656.2098065376918612       1.0025644195266068
     656.2100066711141153       1.0211123581975698
     656.2102068045363694       0.9398572482168674
     656.2104069379587372       0.9687490351498127
     656.2106070713809913       0.9633777812123299
     656.2108072048032454       1.0166735853999853
     656.2110073382254996       0.9797960445284843
     656.2112074716477537       1.0366608984768391
     656.2114076050701215       0.9858308956027031
     656.2116077384923756       1.0180442761629820
     656.2118078719146297       0.9069609120488167
     656.2120080053368838       1.0057806097902358
     656.2122081387592516       0.9896078268066049
     656.2124082721815057       1.0663145482540131
     656.2126084056037598       0.9253459125757217
     656.2128085390260139       0.8925793245434761
     656.2130086724483817       0.9682172201573849
     656.2132088058706358       0.9404656700789928
     656.2134089392928900       1.0569381229579449
     656.2136090727151441       0.9936781181022525
     656.2138092061375119       0.9854705585166812
     656.2140093395597660       0.9976281849667430
     656.2142094729820201       0.9704666696488857
     656.2144096064042742       0.9154618829488754
     656.2146097398266420       1.0071352594532073
     656.2148098732488961       1.1022413372993469
     656.2150100066711502       0.9788207374513149
     656.2152101400934043       0.9877699101343751
     656.2154102735157721       1.0568403601646423
     656.2156104069380262       1.0174575764685869
     656.2158105403602804       0.9855574974790215
     656.2160106737825345       1.0881623625755310
     656.2162108072049023       0.9786330852657557
     656.2164109406271564       0.9847532957792282
     656.2166110740494105       0.9176772460341454
     656.2168112074716646       0.9440495707094669
     656.2170113408939187       0.8937557712197304
     656.2172114743162865       0.9814896639436483
     656.2174116077385406       1.0031552647706121
     656.2176117411607947       0.9737866632640362
     656.2178118745830488       1.0301811993122101
     656.2180120080054166       1.0121547505259514
     656.2182121414276708       1.0347178131341934
     656.2184122748499249       1.0860976725816727
     656.2186124082721790       1.0506426505744457
     656.2188125416945468       1.0331631638109684
     656.2190126751168009       1.0414851978421211
     656.2192128085390550       1.0398803651332855
     656.2194129419613091       0.9147259369492531
     656.2196130753836769       1.0028203001711518
     656.2198132088059310       0.9275253862142563
     656.2200133422281851       0.9007898271083832
     656.2202134756504392       1.0655366107821465
     656.2204136090728070       1.0216409619897604
     656.2206137424950612       1.0599833019077778
     656.2208138759173153       0.9376821927726269
     656.2210140093395694       0.9511546157300472
     656.2212141427619372       1.0553502850234509
     656.2214142761841913       0.9643969535827637
     656.2216144096064454       1.0806622505187988
     656.2218145430286995       1.0125861493870616
     656.2220146764509536       1.0327972508966923
     656.2222148098733214       0.9727345202118158
     656.2224149432955755       0.9846332445740700
     656.2226150767178297       1.0047805635258555
     656.2228152101400838       1.0379457771778107
     656.2230153435624516       0.9688789118081331
     656.2232154769847057       0.9674836695194244
     656.2234156104069598       1.0498811192810535
     656.2236157438292139       1.0739199221134186
     656.2238158772515817       1.0347301959991455
     656.2240160106738358       0.9042729735374451
     656.2242161440960899       0.9969117010477930
     656.2244162775183440       1.0206618793308735
     656.2246164109407118       0.9376147501170635
     656.2248165443629659       1.0046508214436471
     656.2250166777852201       1.0746493265032768
     656.2252168112074742       0.9685261808335781
     656.2254169446298420       0.9524487517774105
     656.2256170780520961       0.9820946864783764
     656.2258172114743502       0.9766152817755938
     656.2260173448966043       1.0630433261394501
     656.2262174783189721       0.9834997449070215
     656.2264176117412262       1.0195864066481590
     656.2266177451634803       1.0551203899085522
     656.2268178785857344       1.0251670721918344
     656.2270180120081022       1.0115739945322275
     656.2272181454303563       1.0644485875964165
     656.2274182788526105       0.9725011643022299
     656.2276184122748646       0.9428323805332184
     656.2278185456971187       0.9202077686786652
     656.2280186791194865       0.9292694553732872
     656.2282188125417406       1.0218224246054888
     656.2284189459639947       0.9383579604327679
     656.2286190793862488       1.0247188117355108
     656.2288192128086166       0.8774759769439697
     656.2290193462308707       0.9419574923813343
     656.2292194796531248       0.9605764783918858
     656.2294196130753789       1.1253126412630081
     656.2296197464977467       1.0481331869959831
     656.2298198799200009       0.9633820131421089
     656.2300200133422550       0.9742118809372187
     656.2302201467645091       1.0395383685827255
     656.2304202801868769       1.0384674295783043
     656.2306204136091310       0.9760584160685539
     656.2308205470313851       1.0462233833968639
     656.2310206804536392       0.9618833176791668
     656.2312208138760070       0.9767766632139683
     656.2314209472982611       0.8830370381474495
     656.2316210807205152       0.9643210954964161
     656.2318212141427693       1.0656370073556900
     656.2320213475651371       0.9885586360469460
     656.2322214809873913       0.9618573635816574
     656.2324216144096454       0.9589066840708256
     656.2326217478318995       0.9835607279092073
     656.2328218812541536       0.8894322887063026
     656.2330220146765214       0.9480673000216484
     656.2332221480987755       1.0408234708011150
     656.2334222815210296       0.9851373294368386
     656.2336224149432837       1.0377639867365360
     656.2338225483656515       0.9818485844880342
     656.2340226817879056       0.9947685911320150
     656.2342228152101598       0.9355769529938698
     656.2344229486324139       1.0254604723304510
     656.2346230820547817       0.9808453228324652
     656.2348232154770358       0.9886395242065191
     656.2350233488992899       1.0236539505422115
     656.2352234823215440       1.0962330847978592
     656.2354236157439118       1.0583264715969563
     656.2356237491661659       1.0437858365476131
     656.2358238825884200       0.9671944752335548
     656.2360240160106741       1.0445626787841320
     656.2362241494330419       1.0034683831036091
     656.2364242828552960       1.0266546960920095
     656.2366244162775502       0.9687455557286739
     656.2368245496998043       1.0049516428261995
     656.2370246831221721       0.9545096978545189
     656.2372248165444262       0.9770848397165537
     656.2374249499666803       0.9597067423164845
     656.2376250833889344       1.0363244116306305
     656.2378252168113022       1.0088768573477864
     656.2380253502335563       1.0291634202003479
     656.2382254836558104       1.0488255880773067
     656.2384256170780645       0.9112216010689735
     656.2386257505003186       0.9368203282356262
     656.2388258839226864       0.9745297431945801
     656.2390260173449406       1.0246989335864782
     656.2392261507671947       1.0523843765258789
     656.2394262841894488       0.9431327879428864
     656.2396264176118166       1.0390609726309776
     656.2398265510340707       1.0442025475203991
     656.2400266844563248       0.9720893297344446
     656.2402268178785789       1.0124938739463687
     656.2404269513009467       0.9513974823057652
     656.2406270847232008       0.9531617127358913
     656.2408272181454549       0.9385728538036346
     656.2410273515677090       1.0013954284368083
     656.2412274849900768       0.9749531764537096
     656.2414276184123310       0.9133040308952332
     656.2416277518345851       1.0294549651443958
     656.2418278852568392       0.9772892333567142
     656.2420280186792070       1.0730199739336967
     656.2422281521014611       1.0122997267171741
     656.2424282855237152       1.0643706843256950
     656.2426284189459693       0.9985253384802490
     656.2428285523683371       0.9738217350095510
     656.2430286857905912       0.9181449040770531
     656.2432288192128453       0.8757022395730019
     656.2434289526350994       0.9482314586639404
     656.2436290860574672       1.1121217608451843
     656.2438292194797214       1.0276039149612188
     656.2440293529019755       1.0804161354899406
     656.2442294863242296       0.9518559910356998
     656.2444296197464837       1.0089553687721491
     656.2446297531688515       1.0167785268276930
     656.2448298865911056       1.1273442357778549
     656.2450300200133597       1.1047719642519951
     656.2452301534356138       1.0806311219930649
     656.2454302868579816       1.0364263020455837
     656.2456304202802357       1.0886061042547226
     656.2458305537024899       0.9728245884180069
     656.2460306871247440       1.0268800687044859
     656.2462308205471118       0.9981644946383312
     656.2464309539693659       1.0008415310876444
     656.2466310873916200       1.0048435139469802
     656.2468312208138741       1.0170340966433287
     656.2470313542362419       1.0643483921885490
     656.2472314876584960       0.9701108355075121
     656.2474316210807501       1.0015576429432258
     656.2476317545030042       0.9250611960887909
     656.2478318879253720       1.0729221031069756
     656.2480320213476261       0.9985522247152403
     656.2482321547698803       1.0062185679562390
     656.2484322881921344       1.0190618168562651
     656.2486324216145022       1.0605203770101070
     656.2488325550367563       0.9627444818615913
     656.2490326884590104       0.9924755995161831
     656.2492328218812645       0.9669782631099224
     656.2494329553035186       1.0454613044857979
     656.2496330887258864       0.9594551958143711
     656.2498332221481405       0.9215476661920547
     656.2500333555703946       1.0348411463201046
     656.2502334889926487       1.0715092420578003
     656.2504336224150165       0.9143336489796638
     656.2506337558372707       0.9570114165544510
     656.2508338892595248       1.0795099064707756
     656.2510340226817789       0.9717187136411667
     656.2512341561041467       0.9706183765083551
     656.2514342895264008       1.0099239135161042
     656.2516344229486549       1.0035265095066279
     656.2518345563709090       0.9592982679605484
     656.2520346897932768       1.0461849384009838
     656.2522348232155309       1.0175137352198362
     656.2524349566377850       1.0494041107594967
     656.2526350900600391       1.0332501344382763
     656.2528352234824069       0.9701406229287386
     656.2530353569046611       0.9468685425817966
     656.2532354903269152       1.0115850865840912
     656.2534356237491693       0.9969137960579246
     656.2536357571715371       0.9300353452563286
     656.2538358905937912       0.9677707441151142
     656.2540360240160453       1.0926506891846657
     656.2542361574382994       0.9587630368769169
     656.2544362908606672       1.0116053717210889
     656.2546364242829213       0.9776996783912182
     656.2548365577051754       0.9752884265035391
     656.2550366911274295       1.0649940967559814
     656.2552368245496837       0.9714185204356909
     656.2554369579720515       1.0232550334185362
     656.2556370913943056       1.0933696553111076
     656.2558372248165597       0.9326195269823074
     656.2560373582388138       0.9492817632853985
     656.2562374916611816       1.0020706984214485
     656.2564376250834357       0.9532552994787693
     656.2566377585056898       0.8748649060726166
     656.2568378919279439       0.9422924928367138
     656.2570380253503117       0.9017792493104935
     656.2572381587725658       0.9390974380075932
     656.2574382921948200       0.9932614145800471
     656.2576384256170741       0.9706809036433697
     656.2578385590394419       0.9829142410308123
     656.2580386924616960       0.9788063485175371
     656.2582388258839501       0.9774949401617050
     656.2584389593062042       0.9743832200765610
     656.2586390927285720       1.0238347519189119
     656.2588392261508261       1.0802701488137245
     656.2590393595730802       0.9517491348087788
     656.2592394929953343       1.0080605549737811
     656.2594396264177021       1.0599842965602875
     656.2596397598399562       0.9055964425206184
     656.2598398932622104       0.9709171559661627
     656.2600400266844645       0.9446209780871868
     656.2602401601067186       0.9547815062105656
     656.2604402935290864       0.9556148126721382
     656.2606404269513405       0.9050797522068024
     656.2608405603735946       0.9164356291294098
     656.2610406937958487       1.0459964834153652
     656.2612408272182165       1.0277061518281698
     656.2614409606404706       0.9908937141299248
     656.2616410940627247       1.0051915557123721
     656.2618412274849788       1.0392364375293255
     656.2620413609073466       0.9960798169486225
     656.2622414943296008       1.0118441646918654
     656.2624416277518549       0.9821159280836582
     656.2626417611741090       1.0359018743038177
     656.2628418945964768       1.0104814944788814
     656.2630420280187309       1.0543116331100464
     656.2632421614409850       0.9231455177068710
     656.2634422948632391       1.0216361507773399
     656.2636424282856069       1.0284722577780485
     656.2638425617078610       0.9340932816267014
     656.2640426951301151       0.9805939719080925
     656.2642428285523692       1.0442177616059780
     656.2644429619747370       1.0492924638092518
     656.2646430953969912       1.0201577506959438
     656.2648432288192453       1.0072600296698511
     656.2650433622414994       0.9458593614399433
     656.2652434956638672       0.9590659476816654
     656.2654436290861213       1.0077908239327371
     656.2656437625083754       0.9903637776151299
     656.2658438959306295       0.9308335632085800
     656.2660440293528836       0.9248332008719444
     656.2662441627752514       0.9823193382471800
     656.2664442961975055       1.0120516410097480
     656.2666444296197596       0.9107536524534225
     656.2668445630420138       1.0572164729237556
     656.2670446964643816       1.0010975206969306
     656.2672448298866357       1.0457177273929119
     656.2674449633088898       0.9690845850855112
     656.2676450967311439       0.9752152264118195
     656.2678452301535117       0.9972808950114995
     656.2680453635757658       0.9462943002581596
     656.2682454969980199       0.9652346558868885
     656.2684456304202740       1.0079609276726842
     656.2686457638426418       0.9395522288978100
     656.2688458972648959       1.0101285725831985
     656.2690460306871501       1.0103384321555495
     656.2692461641094042       0.9301879405975342
     656.2694462975317720       0.9418331570923328
     656.2696464309540261       0.9833092261105776
     656.2698465643762802       1.0243668854236603
     656.2700466977985343       1.0440487563610077
     656.2702468312209021       1.0514181517064571
     656.2704469646431562       0.9694454465061426
     656.2706470980654103       0.9558213725686073
     656.2708472314876644       0.9979789063800126
     656.2710473649099185       0.9164354726672173
     656.2712474983322863       1.0412516854703426
     656.2714476317545405       1.0867220014333725
     656.2716477651767946       0.9661699160933495
     656.2718478985990487       1.0640261545777321
     656.2720480320214165       1.0398174412548542
     656.2722481654436706       0.9871061220765114
     656.2724482988659247       1.0355647429823875
     656.2726484322881788       1.0854951217770576
     656.2728485657105466       1.0843112319707870
     656.2730486991328007       1.0054239621385932
     656.2732488325550548       0.9680187441408634
     656.2734489659773089       0.9692792743444443
     656.2736490993996767       1.0067352056503296
     656.2738492328219309       0.9028136804699898
     656.2740493662441850       0.9928449718281627
     656.2742494996664391       0.9407749176025391
     656.2744496330888069       1.0671054422855377
     656.2746497665110610       0.9454717636108398
     656.2748498999333151       0.9889125945046544
     656.2750500333555692       1.0812459364533424
     656.2752501667779370       1.0365902110934258
     656.2754503002001911       1.0081453192979097
     656.2756504336224452       0.9944452242925763
     656.2758505670446993       0.9377659969031811
     656.2760507004670671       0.8864566460251808
     656.2762508338893213       1.0150678027421236
     656.2764509673115754       1.0380746200680733
     656.2766511007338295       0.8777510598301888
     656.2768512341560836       0.9909612098708749
     656.2770513675784514       0.9721944201737642
     656.2772515010007055       1.0573255419731140
     656.2774516344229596       0.9858897905796766
     656.2776517678452137       1.0489361919462681
     656.2778519012675815       0.9575832672417164
     656.2780520346898356       1.0012517068535089
     656.2782521681120897       1.0439045913517475
     656.2784523015343439       0.9517758749425411
     656.2786524349567117       1.0350734554231167
     656.2788525683789658       1.0563730709254742
     656.2790527018012199       0.9668807126581669
     656.2792528352234740       0.9543078690767288
     656.2794529686458418       1.0141355982050300
     656.2796531020680959       0.8877174109220505
     656.2798532354903500       1.0727624446153641
     656.2800533689126041       1.0521468892693520
     656.2802535023349719       1.0591877512633801
     656.2804536357572260       1.0256848037242889
     656.2806537691794802       1.0060394355095923
     656.2808539026017343       1.0024441678542644
     656.2810540360241021       0.9394791908562183
     656.2812541694463562       0.9938393109478056
     656.2814543028686103       0.9629391059279442
     656.2816544362908644       1.0661845058202744
     656.2818545697131185       0.9744188580662012
     656.2820547031354863       0.9100042358040810
     656.2822548365577404       0.9825795162469149
     656.2824549699799945       0.9372855648398399
     656.2826551034022486       1.0570280738174915
     656.2828552368246164       0.9388665556907654
     656.2830553702468706       1.0067785917781293
     656.2832555036691247       0.9794232938438654
     656.2834556370913788       0.9661461599171162
     656.2836557705137466       0.9213484376668930
     656.2838559039360007       1.0929264649748802
     656.2840560373582548       0.9830330312252045
     656.2842561707805089       0.9052495211362839
     656.2844563042028767       1.0163813605904579
     656.2846564376251308       1.0098412912338972
     656.2848565710473849       0.9319360032677650
     656.2850567044696390       1.0081775756552815
     656.2852568378920068       0.9889990473166108
     656.2854569713142610       1.0358267277479172
     656.2856571047365151       1.0212866850197315
     656.2858572381587692       0.9934820099733770
     656.2860573715811370       1.0138375032693148
     656.2862575050033911       1.0840563699603081
     656.2864576384256452       1.0482829660177231
     656.2866577718478993       1.1113668605685234
     656.2868579052702671       0.9657079540193081
     656.2870580386925212       1.0253638681024313
     656.2872581721147753       0.9579480364918709
     656.2874583055370294       1.0184828732162714
     656.2876584389592836       0.9135375171899796
     656.2878585723816514       0.9538549520075321
     656.2880587058039055       1.0778260752558708
     656.2882588392261596       0.9380474314093590
     656.2884589726484137       1.0696252211928368
     656.2886591060707815       1.0387530215084553
     656.2888592394930356       0.9653592854738235
     656.2890593729152897       0.9643560387194157
     656.2892595063375438       1.0279588103294373
     656.2894596397599116       0.9979613481555134
     656.2896597731821657       1.0760524049401283
     656.2898599066044198       1.0579979680478573
     656.2900600400266740       1.0224920790642500
     656.2902601734490418       1.0854349583387375
     656.2904603068712959       0.9885308574885130
     656.2906604402935500       0.9829449374228716
     656.2908605737158041       0.9824391473084688
     656.2910607071381719       1.0891364738345146
     656.2912608405604260       1.0219941847026348
     656.2914609739826801       1.0131610250100493
     656.2916611074049342       0.9248992502689362
     656.2918612408273020       0.9331040158867836
     656.2920613742495561       0.9689230732619762
     656.2922615076718103       0.9258365407586098
     656.2924616410940644       1.0393869988620281
     656.2926617745164322       1.0428256466984749
     656.2928619079386863       1.0232099648565054
     656.2930620413609404       0.9538039825856686
     656.2932621747831945       1.0156662296503782
     656.2934623082054486       1.0083477506414056
     656.2936624416278164       0.9708314985036850
     656.2938625750500705       1.0374832190573215
     656.2940627084723246       0.9920677673071623
     656.2942628418945787       1.0642734542489052
     656.2944629753169465       1.0168428830802441
     656.2946631087392007       1.1131887808442116
     656.2948632421614548       0.9735781904309988
     656.2950633755837089       0.9830194190144539
     656.2952635090060767       1.0464495830237865
     656.2954636424283308       0.9698854591697454
     656.2956637758505849       1.0194101836532354
     656.2958639092728390       0.9496563673019409
     656.2960640426952068       1.0893413648009300
     656.2962641761174609       1.0436105728149414
     656.2964643095397150       0.9004006162285805
     656.2966644429619691       1.0065136044286191
     656.2968645763843369       1.0341943912208080
     656.2970647098065911       0.9953317665494978
     656.2972648432288452       1.0515488944947720
     656.2974649766510993       0.9723210986703634
     656.2976651100734671       1.0339895188808441
     656.2978652434957212       1.0782808437943459
     656.2980653769179753       0.9996340287325438
     656.2982655103402294       1.0282100271433592
     656.2984656437624835       1.0658319368958473
     656.2986657771848513       1.0273877419531345
     656.2988659106071054       0.9524775929749012
     656.2990660440293595       1.0713992565870285
     656.2992661774516137       0.9969192147254944
     656.2994663108739815       1.0046117547899485
     656.2996664442962356       0.9792926609516144
     656.2998665777184897       0.9977428172715008
     656.3000667111407438       0.9965425033587962
     656.3002668445631116       1.0300465282052755
     656.3004669779853657       0.9782133512198925
     656.3006671114076198       1.0065699866972864
     656.3008672448298739       1.0280778147280216
     656.3010673782522417       0.9784593805670738
     656.3012675116744958       1.0804648026823997
     656.3014676450967499       1.0338281206786633
     656.3016677785190041       0.9932452817447484
     656.3018679119413719       0.9719174448400736
     656.3020680453636260       1.0154732363298535
     656.3022681787858801       0.9515306614339352
     656.3024683122081342       1.0583896413445473
     656.3026684456305020       1.0212277453392744
     656.3028685790527561       0.9913586424663663
     656.3030687124750102       0.9695786628872156
     656.3032688458972643       1.0072557711973786
     656.3034689793196321       0.9379334077239037
     656.3036691127418862       0.9809740073978901
     656.3038692461641403       1.0224414914846420
     656.3040693795863945       1.1058396026492119
     656.3042695130086486       0.8599641174077988
     656.3044696464310164       0.9252392649650574
     656.3046697798532705       0.9396263584494591
     656.3048699132755246       1.0381767489016056
     656.3050700466977787       1.0427501611411572
     656.3052701801201465       0.9761456940323114
     656.3054703135424006       1.0667833834886551
     656.3056704469646547       1.0420177243649960
     656.3058705803869088       0.9693668093532324
     656.3060707138092766       0.9316085353493690
     656.3062708472315308       1.0076911235228181
     656.3064709806537849       0.9816086981445551
     656.3066711140760390       1.0986189395189285
     656.3068712474984068       1.0349800251424313
     656.3070713809206609       1.0304245259612799
     656.3072715143429150       1.0007031984278001
     656.3074716477651691       0.8882796987891197
     656.3076717811875369       1.0495545305311680
     656.3078719146097910       0.9833719339221716
     656.3080720480320451       1.0365249589085579
     656.3082721814542992       0.9784854538738728
     656.3084723148766670       0.9865504335612059
     656.3086724482989212       1.0486582480370998
     656.3088725817211753       0.9699113015085459
     656.3090727151434294       0.9776446241885424
     656.3092728485656835       1.0212907027453184
     656.3094729819880513       1.0627894699573517
     656.3096731154103054       1.0210999976843596
     656.3098732488325595       0.9974286367651075
     656.3100733822548136       1.0431624837219715
     656.3102735156771814       1.0654747709631920
     656.3104736490994355       1.0646296739578247
     656.3106737825216896       1.0820894837379456
     656.3108739159439438       0.9758186973631382
     656.3110740493663116       1.0737818628549576
     656.3112741827885657       1.0498243793845177
     656.3114743162108198       0.9350209012627602
     656.3116744496330739       0.9227350801229477
     656.3118745830554417       1.0156624782830477
     656.3120747164776958       1.0095136268064380
     656.3122748498999499       1.0274671707302332
     656.3124749833222040       0.9773303512483835
     656.3126751167445718       0.9698184225708246
     656.3128752501668259       1.0475238598883152
     656.3130753835890800       1.0521977245807648
     656.3132755170113342       1.0945233628153801
     656.3134756504337020       1.0277600474655628
     656.3136757838559561       0.9382447935640812
     656.3138759172782102       1.0401666723191738
     656.3140760507004643       1.0380658321082592
     656.3142761841228321       1.0597600005567074
     656.3144763175450862       1.1106524616479874
     656.3146764509673403       0.9789913501590490
     656.3148765843895944       1.0534683950245380
     656.3150767178118485       1.0530537739396095
     656.3152768512342163       0.9369403421878815
     656.3154769846564704       0.9400693774223328
     656.3156771180787246       0.9963560819160193
     656.3158772515009787       1.0155695257708430
     656.3160773849233465       1.0868218317627907
     656.3162775183456006       1.0195318441838026
     656.3164776517678547       1.0297315102070570
     656.3166777851901088       1.0255060475319624
     656.3168779186124766       1.0105765154585242
     656.3170780520347307       1.0244665592908859
     656.3172781854569848       1.0697022676467896
     656.3174783188792389       1.0973769724369049
     656.3176784523016067       0.9310294538736343
     656.3178785857238609       1.0238132607191801
     656.3180787191461150       1.0330705195665359
     656.3182788525683691       1.0256849136203527
     656.3184789859907369       1.0213530287146568
     656.3186791194129910       0.9930666042491794
     656.3188792528352451       1.1059815064072609
     656.3190793862574992       1.0543117523193359
     656.3192795196798670       1.0657915547490120
     656.3194796531021211       1.0191104933619499
     656.3196797865243752       1.0563695840537548
     656.3198799199466293       1.0346329845488071
     656.3200800533688835       0.9693249966949224
     656.3202801867912513       1.0232913605868816
     656.3204803202135054       1.0234675835818052
     656.3206804536357595       0.9596514590084553
     656.3208805870580136       1.0551637597382069
     656.3210807204803814       0.9379563368856907
     656.3212808539026355       0.9852505829185247
     656.3214809873248896       1.0230017174035311
     656.3216811207471437       1.0633344799280167
     656.3218812541695115       0.9247954785823822
     656.3220813875917656       1.0742607787251472
     656.3222815210140197       1.0007480330532417
     656.3224816544362739       0.9186663031578064
     656.3226817878586417       1.0152385113760829
     656.3228819212808958       0.9854063736274838
     656.3230820547031499       1.0054559078998864
     656.3232821881254040       1.0502669475972652
     656.3234823215477718       1.0477987341582775
     656.3236824549700259       0.9966305179987103
     656.3238825883922800       0.9720221776515245
     656.3240827218145341       1.0291539877653122
     656.3242828552369019       0.9731266740709543
     656.3244829886591560       1.0143414065241814
     656.3246831220814101       1.0896635279059410
     656.3248832555036643       0.9728608280420303
     656.3250833889260321       0.9401273950934410
     656.3252835223482862       0.9468934871256351
     656.3254836557705403       0.9473305158317089
     656.3256837891927944       1.0153590012341738
     656.3258839226150485       1.0571325197815895
     656.3260840560374163       1.0458252690732479
     656.3262841894596704       1.0375432632863522
     656.3264843228819245       1.0784014761447906
     656.3266844563041786       1.0114356977865100
     656.3268845897265464       0.9718313366174698
     656.3270847231488005       0.9528420455753803
     656.3272848565710547       1.0001169074603240
     656.3274849899933088       0.8750987425446510
     656.3276851234156766       0.9422046542167664
     656.3278852568379307       1.0042002350091934
     656.3280853902601848       1.0395895168185234
     656.3282855236824389       0.9555288851261139
     656.3284856571048067       0.9954397939145565
     656.3286857905270608       1.0140337785705924
     656.3288859239493149       0.9426140673458576
     656.3290860573715690       1.0624953880906105
     656.3292861907939368       1.0078855436295271
     656.3294863242161910       0.9700739998370409
     656.3296864576384451       1.0632413849234581
     656.3298865910606992       0.9631481058895588
     656.3300867244830670       1.0199323128908873
     656.3302868579053211       1.0525814555585384
     656.3304869913275752       1.0250611491501331
     656.3306871247498293       0.9860751610249281
     656.3308872581721971       0.9908249573782086
     656.3310873915944512       1.0037349623162299
     656.3312875250167053       1.0188982468098402
     656.3314876584389594       1.0298603717237711
     656.3316877918612136       0.9151071012020111
     656.3318879252835814       0.8899657800793648
     656.3320880587058355       0.9572426192462444
     656.3322881921280896       0.9540994837880135
     656.3324883255503437       0.9473849721252918
     656.3326884589727115       1.0135374516248703
     656.3328885923949656       0.9736490752547979
     656.3330887258172197       1.0631150603294373
     656.3332888592394738       1.0664406940340996
     656.3334889926618416       0.9505805671215057
     656.3336891260840957       1.0437312014400959
     656.3338892595063498       0.9091231599450111
     656.3340893929286040       1.0534091889858246
     656.3342895263509718       1.0673486366868019
     656.3344896597732259       0.9520823098719120
     656.3346897931954800       0.9336223229765892
     656.3348899266177341       0.9903206583112478
     656.3350900600401019       0.9976450058165938
     656.3352901934623560       1.0431272536516190
     656.3354903268846101       1.0102195246145129
     656.3356904603068642       0.9860042016953230
     656.3358905937292320       0.9713980555534363
     656.3360907271514861       1.0367119573056698
     656.3362908605737402       1.0627618953585625
     656.3364909939959944       1.0227772090584040
     656.3366911274182485       1.0075966897420585
     656.3368912608406163       0.9221754148602486
     656.3370913942628704       1.0607161819934845
     656.3372915276851245       0.9666979499161243
     656.3374916611073786       0.9910699920728803
     656.3376917945297464       0.9856526385992765
     656.3378919279520005       0.9712543431669474
     656.3380920613742546       1.0352904424071312
     656.3382921947965087       0.9927361048758030
     656.3384923282188765       1.0364172123372555
     656.3386924616411306       1.0080640409141779
     656.3388925950633848       0.9995015222812071
     656.3390927284856389       1.0376393869519234
     656.3392928619080067       1.0189809724688530
     656.3394929953302608       0.9616862870752811
     656.3396931287525149       1.0021232671570033
     656.3398932621747690       1.0034925905056298
     656.3400933955971368       1.0049677588976920
     656.3402935290193909       0.9520792290568352
     656.3404936624416450       1.0595131032168865
     656.3406937958638991       0.9905723836272955
     656.3408939292862669       0.9871898321434855
     656.3410940627085211       1.0402993373572826
     656.3412941961307752       1.0387563407421112
     656.3414943295530293       1.0030431884806603
     656.3416944629753971       1.0297442208975554
     656.3418945963976512       1.0158600267022848
     656.3420947298199053       0.9362980946898460
     656.3422948632421594       0.9653378985822201
     656.3424949966644135       0.9530614428222179
     656.3426951300867813       1.1193186268210411
     656.3428952635090354       1.0036073424853384
     656.3430953969312895       0.9725117105990648
     656.3432955303535437       1.0111529296264052
     656.3434956637759115       0.9661254957318306
     656.3436957971981656       1.0689062103629112
     656.3438959306204197       0.9366025626659393
     656.3440960640426738       1.0040122908540070
     656.3442961974650416       0.9676480889320374
     656.3444963308872957       1.0526470206677914
     656.3446964643095498       1.0253767669200897
     656.3448965977318039       1.0006086264620535
     656.3450967311541717       0.9733716994524002
     656.3452968645764258       1.0300669353455305
     656.3454969979986799       0.9782407265156507
     656.3456971314209341       0.9787258077412844
     656.3458972648433019       0.9908613348379731
     656.3460973982655560       0.9550044015049934
     656.3462975316878101       1.0391150526702404
     656.3464976651100642       1.0195533763617277
     656.3466977985324320       1.0082625485956669
     656.3468979319546861       0.9727972894906998
     656.3470980653769402       0.9489863738417625
     656.3472981987991943       0.9659236185252666
     656.3474983322214484       0.9618983455002308
     656.3476984656438162       0.9876425508409739
     656.3478985990660703       0.9529885873198509
     656.3480987324883245       1.0038422381039709
     656.3482988659105786       0.9802618529647589
     656.3484989993329464       0.9694245327264071
     656.3486991327552005       0.9908287292346358
     656.3488992661774546       1.0632888004183769
     656.3490993995997087       1.0392109416425228
     656.3492995330220765       0.9800988174974918
     656.3494996664443306       1.0026659527793527
     656.3496997998665847       0.9900077804923058
     656.3498999332888388       1.0022905429359525
     656.3501000667112066       1.0212992858141661
     656.3503002001334607       1.0131836533546448
     656.3505003335557149       0.9550288878381252
     656.3507004669779690       1.0335740931332111
     656.3509006004003368       1.0370164811611176
     656.3511007338225909       0.9781700987368822
     656.3513008672448450       0.9395934529602528
     656.3515010006670991       1.0756439194083214
     656.3517011340894669       1.0449025593698025
     656.3519012675117210       0.9749314505606890
     656.3521014009339751       0.9652705490589142
     656.3523015343562292       0.9656054563820362
     656.3525016677785970       0.9686505198478699
     656.3527018012008512       0.9277838394045830
     656.3529019346231053       1.0562158897519112
     656.3531020680453594       1.0515913926064968
     656.3533022014676135       0.9234224334359169
     656.3535023348899813       0.9928004965186119
     656.3537024683122354       1.0410458482801914
     656.3539026017344895       0.9514453597366810
     656.3541027351567436       0.9919393537566066
     656.3543028685791114       1.0195665974169970
     656.3545030020013655       0.9840355496853589
     656.3547031354236196       1.0243016518652439
     656.3549032688458738       0.9917160226032136
     656.3551034022682416       1.0587623529136176
     656.3553035356904957       0.9750865753740067
     656.3555036691127498       0.9807193018496029
     656.3557038025350039       1.0506541505455960
     656.3559039359573717       0.9453231617808325
     656.3561040693796258       1.0502358749508831
     656.3563042028018799       1.0424823872744999
     656.3565043362241340       1.0938649848103466
     656.3567044696465018       1.0231053121387874
     656.3569046030687559       1.0195984765887136
     656.3571047364910100       0.9459535814821537
     656.3573048699132642       0.9866127893328398
     656.3575050033356320       1.0187721885740362
     656.3577051367578861       0.9639796391128915
     656.3579052701801402       1.0014485116115859
     656.3581054036023943       1.0076659186741970
     656.3583055370246484       0.9978785440323948
     656.3585056704470162       0.9817660152909546
     656.3587058038692703       1.0079207746308272
     656.3589059372915244       0.9969230766868397
     656.3591060707137785       1.0089823035515511
     656.3593062041361463       0.9843124095339330
     656.3595063375584004       1.0358976200206969
     656.3597064709806546       1.0125923799328007
     656.3599066044029087       0.9800788108226886
     656.3601067378252765       0.9704227205319634
     656.3603068712475306       0.9937621387587475
     656.3605070046697847       1.0049723517056961
     656.3607071380920388       1.0526722632217755
     656.3609072715144066       0.9482658132726729
     656.3611074049366607       0.9370609149078590
     656.3613075383589148       0.8767067640658336
     656.3615076717811689       1.0460679642351347
     656.3617078052035367       0.9184576346767185
     656.3619079386257908       0.9665493591643000
     656.3621080720480450       0.8983770682053863
     656.3623082054702991       1.0014336012993206
     656.3625083388926669       0.9546621327501221
     656.3627084723149210       1.0232246831234129
     656.3629086057371751       1.0090004619926976
     656.3631087391594292       1.0278942615576154
     656.3633088725817970       1.0829584887460522
     656.3635090060040511       1.0618015776097165
     656.3637091394263052       0.9873553432445299
     656.3639092728485593       0.9530417672818553
     656.3641094062708135       1.0151713115047523
     656.3643095396931813       1.0851110774407904
     656.3645096731154354       0.9753474928377169
     656.3647098065376895       0.9571378603035209
     656.3649099399599436       0.9941660847667476
     656.3651100733823114       0.9673723854174328
     656.3653102068045655       0.9407513745437739
     656.3655103402268196       1.1327506066696991
     656.3657104736490737       1.0415591544212119
     656.3659106070714415       0.9903500465922639
     656.3661107404936956       0.9690055746962304
     656.3663108739159497       1.0312661069756186
     656.3665110073382039       0.9431150431290414
     656.3667111407605717       0.9540876032743454
     656.3669112741828258       1.0570462596924997
     656.3671114076050799       0.9877857944859859
     656.3673115410273340       0.9618511492518957
     656.3675116744497018       0.9330483647025198
     656.3677118078719559       1.0850136636574477
     656.3679119412942100       0.9791960220827738
     656.3681120747164641       0.9281527814379160
     656.3683122081388319       1.0127710842319730
     656.3685123415610860       0.9698418049681805
     656.3687124749833401       1.0804950642785256
     656.3689126084055943       1.0136146150455203
     656.3691127418278484       1.0354660697659015
     656.3693128752502162       0.9463725488094891
     656.3695130086724703       1.0509355171167389
     656.3697131420947244       0.9764834997343617
     656.3699132755169785       0.9938642077517689
     656.3701134089393463       1.0005045751092552
     656.3703135423616004       1.0674521388672160
     656.3705136757838545       1.0224241895882356
     656.3707138092061086       0.9554278432781350
     656.3709139426284764       1.0773070424865581
     656.3711140760507305       1.0686429668138597
     656.3713142094729847       1.0855358040181466
     656.3715143428952388       1.0587556535336242
     656.3717144763176066       1.0034384174035182
     656.3719146097398607       0.9934177496648606
     656.3721147431621148       0.9736998537244146
     656.3723148765843689       1.0224195984869358
     656.3725150100067367       1.0133083120736819
     656.3727151434289908       0.9217871286896149
     656.3729152768512449       0.9479262011890671
     656.3731154102734990       0.9554345647814281
     656.3733155436958668       0.8891192102522060
     656.3735156771181209       0.9351542339631134
     656.3737158105403751       1.0502315614901452
     656.3739159439626292       1.0166363247597459
     656.3741160773849970       0.9890859983805153
     656.3743162108072511       0.9476041646963677
     656.3745163442295052       0.9788039021579686
     656.3747164776517593       0.9841966484085106
     656.3749166110740134       1.0196915927532721
     656.3751167444963812       1.0654763597663226
     656.3753168779186353       0.9561764256597756
     656.3755170113408894       0.8931128670957581
     656.3757171447631436       1.0003122435164864
     656.3759172781855113       0.8821604744178652
     656.3761174116077655       1.0150395779225345
     656.3763175450300196       0.9809343113099188
     656.3765176784522737       0.9853675934982273
     656.3767178118746415       1.0604131176134106
     656.3769179452968956       0.9406976658137581
     656.3771180787191497       1.1363806420126343
     656.3773182121414038       0.9381578349142092
     656.3775183455637716       0.9666574640373548
     656.3777184789860257       1.0464844763343284
     656.3779186124082798       0.9999943788022116
     656.3781187458305340       0.9820253157732185
     656.3783188792529018       0.9878921400524386
     656.3785190126751559       1.0158787186176972
     656.3787191460974100       0.9556875685710202
     656.3789192795196641       1.0044158992538750
     656.3791194129420319       1.0224734689988613
     656.3793195463642860       0.9814949685800102
     656.3795196797865401       0.8991295294613644
     656.3797198132087942       0.9813137541670304
     656.3799199466311620       1.0290581031635222
     656.3801200800534161       0.9623869503352336
     656.3803202134756702       0.9612144312018978
     656.3805203468979244       0.9051106510585527
     656.3807204803201785       1.0233835301717593
     656.3809206137425463       0.8648209853422820
     656.3811207471648004       0.9704754484426742
     656.3813208805870545       0.9462414865126825
     656.3815210140093086       0.9394021833342496
     656.3817211474316764       0.8513850972513056
     656.3819212808539305       0.8679816883416415
     656.3821214142761846       0.8966076013307074
     656.3823215476984387       0.9261737738752376
     656.3825216811208065       0.9127559215184353
     656.3827218145430606       0.9121895310412299
     656.3829219479653148       0.9322565162371558
     656.3831220813875689       0.8235934708838795
     656.3833222148099367       0.9832653421978312
     656.3835223482321908       0.8788258928228930
     656.3837224816544449       0.9919782186252039
     656.3839226150766990       0.8768649338086872
     656.3841227484990668       0.8965650357573098
     656.3843228819213209       0.8760841455086168
     656.3845230153435750       0.8588659433600792
     656.3847231487658291       0.8572308664897530
     656.3849232821881969       0.8800397925793260
     656.3851234156104510       0.8322569117223162
     656.3853235490327052       0.8155189280784019
     656.3855236824549593       0.7596332701204629
     656.3857238158772134       0.8605243964032886
     656.3859239492995812       0.8818244216592550
     656.3861240827218353       0.8880927811961066
     656.3863242161440894       0.8813750006184250
     656.3865243495663435       0.8272512565646660
     656.3867244829887113       0.8115299103879545
     656.3869246164109654       0.9367441887153597
     656.3871247498332195       0.7959507994397883
     656.3873248832554737       0.7001818198069240
     656.3875250166778414       0.8611051274649477
     656.3877251501000956       0.8080370660152764
     656.3879252835223497       0.8156720041602989
     656.3881254169446038       0.8068711538200375
     656.3883255503669716       0.7468688053330672
     656.3885256837892257       0.7314268468901767
     656.3887258172114798       0.7922678225269110
     656.3889259506337339       0.8228004108552343
     656.3891260840561017       0.7291813244693081
     656.3893262174783558       0.8601027999928196
     656.3895263509006099       0.8640616733827648
     656.3897264843228641       0.7801941408539178
     656.3899266177452319       0.8428837060659211
     656.3901267511674860       0.8546130425196707
     656.3903268845897401       0.8619793496346899
     656.3905270180119942       0.8674791015182927
     656.3907271514343620       0.7761195720420159
     656.3909272848566161       0.8591327682611056
     656.3911274182788702       0.8792625180015620
     656.3913275517011243       0.8000187136371821
     656.3915276851233784       0.8220594595624038
     656.3917278185457462       0.9644696498597763
     656.3919279519680003       0.9019334619961004
     656.3921280853902545       0.9475155495090546
     656.3923282188125086       0.9368478414833794
     656.3925283522348764       0.9645348260787459
     656.3927284856571305       0.8702964555121657
     656.3929286190793846       0.8482483589760937
     656.3931287525016387       0.9063977097759061
     656.3933288859240065       0.9613394847998009
     656.3935290193462606       0.9106408520266811
     656.3937291527685147       1.0272799428823454
     656.3939292861907688       0.9596768849465761
     656.3941294196131366       0.8926034710087535
     656.3943295530353907       0.9333817248968993
     656.3945296864576449       1.0071763776486247
     656.3947298198798990       0.8739587723106050
     656.3949299533022668       0.9229822125143130
     656.3951300867245209       0.9181686857835000
     656.3953302201467750       0.9373911523980658
     656.3955303535690291       1.0613142535923954
     656.3957304869913969       0.9981867113601263
     656.3959306204136510       0.9581177135912227
     656.3961307538359051       0.9675304495539671
     656.3963308872581592       0.9524515390508539
     656.3965310206804133       0.9845847820502097
     656.3967311541027811       1.0011876790222103
     656.3969312875250353       0.9754844626478830
     656.3971314209472894       1.0023452461472859
     656.3973315543695435       1.0054250889334528
     656.3975316877919113       1.1062939121318962
     656.3977318212141654       1.0013824100374382
     656.3979319546364195       1.0096161573184341
     656.3981320880586736       0.9891705511024316
     656.3983322214810414       0.9592263996877568
     656.3985323549032955       1.0081714523101748
     656.3987324883255496       1.0102115546498411
     656.3989326217478038       1.0119763376613009
     656.3991327551701715       0.9926182876144061
     656.3993328885924257       0.9829226163025134
     656.3995330220146798       0.9886610156491852
     656.3997331554369339       0.9519035542351069
     656.3999332888593017       1.0346547768772720
     656.4001334222815558       0.9771075876160116
     656.4003335557038099       0.9582042739372195
     656.4005336891260640       0.8768152485343838
     656.4007338225484318       0.9527276902580810
     656.4009339559706859       0.9887505529963413
     656.4011340893929400       1.0308737180895762
     656.4013342228151942       0.9653623680886755
     656.4015343562375620       1.0327149072261423
     656.4017344896598161       0.9742695981371213
     656.4019346230820702       0.9707665114176526
     656.4021347565043243       0.9327447500508059
     656.4023348899265784       0.9391455851038926
     656.4025350233489462       1.0890640572333958
     656.4027351567712003       0.9683904467923128
     656.4029352901934544       0.9753929850406239
     656.4031354236157085       1.0012351552498024
     656.4033355570380763       1.0025598236572018
     656.4035356904603304       1.0796650699035095
     656.4037358238825846       0.9685333603184926
     656.4039359573048387       1.0581566154327371
     656.4041360907272065       1.0170153128378887
     656.4043362241494606       1.0323654878344142
     656.4045363575717147       1.0262831504535646
     656.4047364909939688       1.0548952362721891
     656.4049366244163366       0.8935692230198922
     656.4051367578385907       0.9998343525959749
     656.4053368912608448       0.9545347950929637
     656.4055370246830989       0.9337287007718983
     656.4057371581054667       1.0011876093289016
     656.4059372915277208       1.0445747501229703
     656.4061374249499750       1.0034415141300723
     656.4063375583722291       1.0114098586336930
     656.4065376917945969       0.9979103998041515
     656.4067378252168510       1.1183829030476931
     656.4069379586391051       1.0739581633864139
     656.4071380920613592       0.9759786591020859
     656.4073382254836133       0.9521279493833673
     656.4075383589059811       1.0372330575403614
     656.4077384923282352       0.9832473026644393
     656.4079386257504893       0.9734938726739031
     656.4081387591727434       0.9583612984940290
     656.4083388925951112       1.0286896905504297
     656.4085390260173654       0.9744353498648636
     656.4087391594396195       0.9612964169712166
     656.4089392928618736       1.1264001703516850
     656.4091394262842414       1.0805768191106488
     656.4093395597064955       1.0712436640745326
     656.4095396931287496       1.0564430503229632
     656.4097398265510037       1.0099253804770139
     656.4099399599733715       0.9805198514112495
     656.4101400933956256       0.9894742370287686
     656.4103402268178797       1.0465030505840049
     656.4105403602401339       1.0373906460663900
     656.4107404936625016       0.9682809861793041
     656.4109406270847558       0.9900836321763382
     656.4111407605070099       1.0025127349274228
     656.4113408939292640       1.0023644964265057
     656.4115410273516318       0.9799248413172761
     656.4117411607738859       0.9341071270519202
     656.4119412941961400       1.0810057631207299
     656.4121414276183941       0.9703479548192315
     656.4123415610407619       1.0542500854697292
     656.4125416944630160       0.9833684119598154
     656.4127418278852701       1.0307824134503731
     656.4129419613075243       0.9891211940850599
     656.4131420947297784       1.0005594436305292
     656.4133422281521462       1.1050276528259064
     656.4135423615744003       0.9353915300660598
     656.4137424949966544       1.0124891528335784
     656.4139426284189085       1.0236713493375917
     656.4141427618412763       1.0015044525412362
     656.4143428952635304       1.0080900088913669
     656.4145430286857845       1.0148249109558460
     656.4147431621080386       0.9516799151432138
     656.4149432955304064       1.0917115732694451
     656.4151434289526605       0.9712878335029570
     656.4153435623749147       1.0659857839176636
     656.4155436957971688       1.0531647503255748
     656.4157438292195366       0.9958456181835854
     656.4159439626417907       0.9936728961705540
     656.4161440960640448       0.9565224386709191
     656.4163442294862989       1.0143556324735226
     656.4165443629086667       0.9832523670026574
     656.4167444963309208       0.9924589660935347
     656.4169446297531749       1.0866890400637885
     656.4171447631754290       0.9640883989625006
     656.4173448965977968       1.0807577371592343
     656.4175450300200509       0.9971508106679022
     656.4177451634423051       0.9454107992348687
     656.4179452968645592       1.0451352447269713
     656.4181454302869270       0.9797558914868901
     656.4183455637091811       0.9955718424170439
     656.4185456971314352       1.0862367525696228
     656.4187458305536893       1.0433812625705836
     656.4189459639759434       1.0686694905161613
     656.4191460973983112       1.0441737882792783
     656.4193462308205653       1.0607365630566963
     656.4195463642428194       0.9415994398295803
     656.4197464976650735       1.0306819975376078
     656.4199466310874413       1.0540827289223635
     656.4201467645096955       0.9305353164672828
     656.4203468979319496       1.0610817074775680
     656.4205470313542037       1.0143504543229929
     656.4207471647765715       1.0335068441927426
     656.4209472981988256       1.0521985255181785
     656.4211474316210797       1.0691733956336971
     656.4213475650433338       1.0075358711183069
     656.4215476984657016       1.0238569471985102
     656.4217478318879557       0.9142346680164336
     656.4219479653102098       0.9072117581963538
     656.4221480987324640       1.0021577633451670
     656.4223482321548317       1.0091157527640462
     656.4225483655770859       0.9822207838296890
     656.4227484989993400       0.9785993397235870
     656.4229486324215941       0.9486327469348907
     656.4231487658439619       0.9124556407332420
     656.4233488992662160       0.9682066179811954
     656.4235490326884701       0.9544607885181904
     656.4237491661107242       1.0097566805779934
     656.4239492995329783       1.0294522400945425
     656.4241494329553461       0.9445563778281212
     656.4243495663776002       0.9795273579657078
     656.4245496997998544       1.0191866364330053
     656.4247498332221085       0.9833726845681667
     656.4249499666444763       0.9675319753587246
     656.4251501000667304       0.9796524066478014
     656.4253502334889845       0.9130970090627670
     656.4255503669112386       0.9696124494075775
     656.4257505003336064       0.9459071382880211
     656.4259506337558605       1.0171531792730093
     656.4261507671781146       1.0411072745919228
     656.4263509006003687       1.0307551603764296
     656.4265510340227365       0.9910746412351727
     656.4267511674449906       0.9522986002266407
     656.4269513008672448       0.9885232616215944
     656.4271514342894989       1.0067492113448679
     656.4273515677118667       1.0335468202829361
     656.4275517011341208       1.0616446100175381
     656.4277518345563749       0.9722860027104616
     656.4279519679786290       0.9834493715316057
     656.4281521014009968       0.9737321250140667
     656.4283522348232509       0.9606836102902889
     656.4285523682455050       0.9973623105324805
     656.4287525016677591       0.9707396049052477
     656.4289526350901269       0.9976784549653530
     656.4291527685123810       1.1129681468009949
     656.4293529019346352       1.0198526158928871
     656.4295530353568893       0.9801169726997614
     656.4297531687791434       0.9921723436564207
     656.4299533022015112       1.0643258914351463
     656.4301534356237653       1.0350728444755077
     656.4303535690460194       1.0807922035455704
     656.4305537024682735       0.9259997680783272
     656.4307538358906413       1.0909471735358238
     656.4309539693128954       1.0549007020890713
     656.4311541027351495       1.0369809605181217
     656.4313542361574036       1.0089460797607899
     656.4315543695797714       0.9956536781974137
     656.4317545030020256       1.1305813789367676
     656.4319546364242797       0.9933854453265667
     656.4321547698465338       1.0213935431092978
     656.4323549032689016       0.9748007562011480
     656.4325550366911557       0.9997497603471857
     656.4327551701134098       0.9803781192749739
     656.4329553035356639       1.0181278642266989
     656.4331554369580317       0.9740566257387400
     656.4333555703802858       1.0273441858589649
     656.4335557038025399       0.9426092542707920
     656.4337558372247940       1.1349688172340393
     656.4339559706471618       0.9912262056022882
     656.4341561040694160       1.1233511194586754
     656.4343562374916701       0.9174956455826759
     656.4345563709139242       0.9757485035806894
     656.4347565043361783       1.0176508557051420
     656.4349566377585461       0.9416616745293140
     656.4351567711808002       0.9290517792105675
     656.4353569046030543       0.9593963287770748
     656.4355570380253084       0.9196152240037918
     656.4357571714476762       0.9818270225077868
     656.4359573048699303       0.9646061249077320
     656.4361574382921845       1.0615512914955616
     656.4363575717144386       0.9948517056182027
     656.4365577051368064       0.9739621337503195
     656.4367578385590605       1.0170025676488876
     656.4369579719813146       0.9823592994362116
     656.4371581054035687       0.9234487488865852
     656.4373582388259365       0.9599967785179615
     656.4375583722481906       1.0416832193732262
     656.4377585056704447       0.9481775872409344
     656.4379586390926988       0.9824565257877111
     656.4381587725150666       1.0285382773727179
     656.4383589059373207       1.0154371783137321
     656.4385590393595749       1.0177298597991467
     656.4387591727818290       1.0599571876227856
     656.4389593062041968       0.8897478356957436
     656.4391594396264509       0.9653461910784245
     656.4393595730487050       1.0361799746751785
     656.4395597064709591       0.9672519080340862
     656.4397598398933269       0.9847509767860174
     656.4399599733155810       1.0055924039334059
     656.4401601067378351       0.9602507762610912
     656.4403602401600892       1.0349515080451965
     656.4405603735823433       1.0329391323029995
     656.4407605070047111       1.0139577556401491
     656.4409606404269653       0.9929095827974379
     656.4411607738492194       0.9335740357637405
     656.4413609072714735       1.0698764026165009
     656.4415610406938413       1.0536562576889992
     656.4417611741160954       1.0743101611733437
     656.4419613075383495       0.9714937768876553
     656.4421614409606036       1.0151132987812161
     656.4423615743829714       1.0029953697230667
     656.4425617078052255       0.9932949892245233
     656.4427618412274796       0.9465263113379478
     656.4429619746497337       0.9770069569349289
     656.4431621080721015       0.9827361125499010
     656.4433622414943557       0.9570445902645588
     656.4435623749166098       1.0127153834328055
     656.4437625083388639       1.0549848973751068
     656.4439626417612317       0.9312416240572929
     656.4441627751834858       1.0425342880189419
     656.4443629086057399       1.0596776381134987
     656.4445630420279940       0.9800999537110329
     656.4447631754503618       1.0173887312412262
     656.4449633088726159       0.9528548754751682
     656.4451634422948700       0.9499128274619579
     656.4453635757171241       0.9121312573552132
     656.4455637091393783       0.9821226913481951
     656.4457638425617461       0.9519429802894592
     656.4459639759840002       1.0568062067031860
     656.4461641094062543       0.9962266485672444
     656.4463642428285084       1.0050451476126909
     656.4465643762508762       1.0979906693100929
     656.4467645096731303       0.9928716071881354
     656.4469646430953844       1.1184044107794762
     656.4471647765176385       0.8790234550833702
     656.4473649099400063       1.0895711481571198
     656.4475650433622604       1.0355900079011917
     656.4477651767845146       0.9553803950548172
     656.4479653102067687       1.0495803616940975
     656.4481654436291365       1.0232141986489296
     656.4483655770513906       0.9958628462627530
     656.4485657104736447       1.0031556610483676
     656.4487658438958988       0.9761860780417919
     656.4489659773182666       0.9991626599803567
     656.4491661107405207       0.8906275108456612
     656.4493662441627748       0.9173969328403473
     656.4495663775850289       0.9822028093039989
     656.4497665110073967       1.0082450816407800
     656.4499666444296508       1.0386085659265518
     656.4501667778519050       0.9564541690051556
     656.4503669112741591       1.0525965169072151
     656.4505670446965269       1.1138354912400246
     656.4507671781187810       0.9815276116132736
     656.4509673115410351       1.0068631442263722
     656.4511674449632892       1.0748831778764725
     656.4513675783855433       0.9304147288203239
     656.4515677118079111       0.9898563930764794
     656.4517678452301652       0.9555803276598454
     656.4519679786524193       1.0261011179536581
     656.4521681120746734       1.0322670564055443
     656.4523682454970412       1.0208770167082548
     656.4525683789192954       1.0123090110719204
     656.4527685123415495       0.9255411699414253
     656.4529686457638036       1.0596855245530605
     656.4531687791861714       1.0947316065430641
     656.4533689126084255       1.0398257784545422
     656.4535690460306796       1.1049510464072227
     656.4537691794529337       0.9786373227834702
     656.4539693128753015       1.0173336155712605
     656.4541694462975556       0.9996567280322779
     656.4543695797198097       1.0165668688714504
     656.4545697131420638       0.9414790868759155
     656.4547698465644316       1.0277430694550276
     656.4549699799866858       0.9435804709792137
     656.4551701134089399       0.9871796341612935
     656.4553702468311940       1.0455998331308365
     656.4555703802535618       0.9299699366092682
     656.4557705136758159       1.1274784952402115
     656.4559706470980700       0.9127597287297249
     656.4561707805203241       0.9970597175415605
     656.4563709139425782       0.8416578769683838
     656.4565710473649460       0.9066917374730110
     656.4567711807872001       1.0344038195908070
     656.4569713142094542       1.0694575458765030
     656.4571714476317084       1.0398117713630199
     656.4573715810540762       1.0278085004538298
     656.4575717144763303       1.0205919314175844
     656.4577718478985844       0.9352902546525002
     656.4579719813208385       1.0348682366311550
     656.4581721147432063       0.9857635209336877
     656.4583722481654604       0.9929871209897101
     656.4585723815877145       1.0783423557877541
     656.4587725150099686       0.9781179279088974
     656.4589726484323364       1.0891557037830353
     656.4591727818545905       1.0601414516568184
     656.4593729152768447       1.0211424510926008
     656.4595730486990988       0.9992371120606549
     656.4597731821214666       0.9694714844226837
     656.4599733155437207       1.0391737483441830
     656.4601734489659748       0.9425468146800995
     656.4603735823882289       0.9593206085264683
     656.4605737158105967       1.0316040180623531
     656.4607738492328508       1.0070434594526887
     656.4609739826551049       1.1135607361793518
     656.4611741160773590       0.9381618313491344
     656.4613742494997268       0.9941583634354174
     656.4615743829219809       0.9652427658438683
     656.4617745163442351       1.0345260277390480
     656.4619746497664892       1.0725440233945847
     656.4621747831887433       0.9884053627029061
     656.4623749166111111       1.0239540301263332
     656.4625750500333652       0.9115509092807770
     656.4627751834556193       1.0760235339403152
     656.4629753168778734       0.9984921190189198
     656.4631754503002412       0.9619827307760715
     656.4633755837224953       0.9852006416767836
     656.4635757171447494       1.0304182916879654
     656.4637758505670035       1.0778588652610779
     656.4639759839893713       1.0247692503035069
     656.4641761174116255       1.0433492735028267
     656.4643762508338796       1.0345230475068092
     656.4645763842561337       1.0128620583564043
     656.4647765176785015       0.9873628104105592
     656.4649766511007556       0.9709705132991076
     656.4651767845230097       0.9057304486632347
     656.4653769179452638       0.9504113420844078
     656.4655770513676316       0.9539904110133648
     656.4657771847898857       1.0442597530782223
     656.4659773182121398       0.9570148102939129
     656.4661774516343939       0.8632280975580215
     656.4663775850567617       1.0618243105709553
     656.4665777184790159       1.0610943436622620
     656.4667778519012700       1.0335853509604931
     656.4669779853235241       0.9469226524233818
     656.4671781187458919       0.9442823752760887
     656.4673782521681460       1.0631397590041161
     656.4675783855904001       1.0060129030607641
     656.4677785190126542       1.0089337760582566
     656.4679786524349083       0.9571569450199604
     656.4681787858572761       0.9609154649078846
     656.4683789192795302       0.9981613911222667
     656.4685790527017843       1.0416094474494457
     656.4687791861240385       1.0346753820776939
     656.4689793195464063       1.0659224614500999
     656.4691794529686604       0.9871727460995317
     656.4693795863909145       0.9975846942979842
     656.4695797198131686       0.9444799423217773
     656.4697798532355364       1.0198546554893255
     656.4699799866577905       1.0204246528446674
     656.4701801200800446       0.9943878739140928
     656.4703802535022987       0.9229510426521301
     656.4705803869246665       0.9835238903760910
     656.4707805203469206       0.9672487452626228
     656.4709806537691748       0.9516590498387814
     656.4711807871914289       0.9008970409631729
     656.4713809206137967       1.0308895204216242
     656.4715810540360508       1.0275886245071888
     656.4717811874583049       1.0147194089367986
     656.4719813208805590       1.0911067649722099
     656.4721814543029268       1.0815743952989578
     656.4723815877251809       1.0563451461493969
     656.4725817211474350       0.9958927971310914
     656.4727818545696891       1.0255523566156626
     656.4729819879919432       1.0798376426100731
     656.4731821214143110       1.0031918287277222
     656.4733822548365652       0.9924614331685007
     656.4735823882588193       1.0276066996157169
     656.4737825216810734       0.9429800100624561
     656.4739826551034412       1.0135573120787740
     656.4741827885256953       0.9279380142688751
     656.4743829219479494       1.0493898019194603
     656.4745830553702035       0.9503613449633121
     656.4747831887925713       0.9773172214627266
     656.4749833222148254       1.1052747294306755
     656.4751834556370795       1.0296579804271460
     656.4753835890593336       0.9919796800240874
     656.4755837224817014       0.9622397609055042
     656.4757838559039556       0.9751607030630112
     656.4759839893262097       1.0017380726058036
     656.4761841227484638       0.9858933696523309
     656.4763842561708316       0.9849894987419248
     656.4765843895930857       0.9403286166489124
     656.4767845230153398       1.0326563119888306
     656.4769846564375939       0.9443001635372639
     656.4771847898599617       0.9584163464605808
     656.4773849232822158       0.9124219864606857
     656.4775850567044699       1.0046886759810150
     656.4777851901267240       0.9698473326861858
     656.4779853235490918       0.9422561116516590
     656.4781854569713460       0.9854450011625886
     656.4783855903936001       0.9876454249024391
     656.4785857238158542       1.0284725911915302
     656.4787858572381083       1.0493831411004066
     656.4789859906604761       1.0074274777434766
     656.4791861240827302       0.9939991184510291
     656.4793862575049843       1.0510551929473877
     656.4795863909272384       0.9811469074338675
     656.4797865243496062       1.0446900315582752
     656.4799866577718603       1.0195878669619560
     656.4801867911941144       0.9155488386750221
     656.4803869246163686       1.0602354221045971
     656.4805870580387364       0.9813578091561794
     656.4807871914609905       0.9301998093724251
     656.4809873248832446       1.0030821729451418
     656.4811874583054987       0.9650556184351444
     656.4813875917278665       0.9621721170842648
     656.4815877251501206       0.9735502172261477
     656.4817878585723747       1.1000886708498001
     656.4819879919946288       0.9171008542180061
     656.4821881254169966       0.8910780027508736
     656.4823882588392507       0.9142371267080307
     656.4825883922615049       1.0012512571411207
     656.4827885256837590       1.0556584857404232
     656.4829886591061268       1.0499447621405125
     656.4831887925283809       1.0169721245765686
     656.4833889259506350       0.9577171355485916
     656.4835890593728891       0.9384683705866337
     656.4837891927951432       1.0673121884465218
     656.4839893262175110       0.9516333155333996
     656.4841894596397651       1.0272494647651911
     656.4843895930620192       0.9806356579065323
     656.4845897264842733       1.0421535447239876
     656.4847898599066411       0.9056858867406845
     656.4849899933288953       0.9174492135643959
     656.4851901267511494       1.0040981867350638
     656.4853902601734035       0.9864020729437470
     656.4855903935957713       1.0413347631692886
     656.4857905270180254       0.9414271339774132
     656.4859906604402795       0.9376384504139423
     656.4861907938625336       0.9069414734840393
     656.4863909272849014       0.9816722385585308
     656.4865910607071555       0.9650806300342083
     656.4867911941294096       1.0746587514877319
     656.4869913275516637       0.9823197070509195
     656.4871914609740315       1.0061268373392522
     656.4873915943962857       0.9588313959538937
     656.4875917278185398       0.9686483703553677
     656.4877918612407939       0.9898427212610841
     656.4879919946631617       1.0006089916569181
     656.4881921280854158       0.9655191451311111
     656.4883922615076699       1.0279053989797831
     656.4885923949299240       1.0506996400654316
     656.4887925283522918       1.0294314604252577
     656.4889926617745459       1.0056513766758144
     656.4891927951968000       1.0144475875422359
     656.4893929286190541       0.9968909409362823
     656.4895930620413083       0.9961515835020691
     656.4897931954636761       0.9304391965270042
     656.4899933288859302       0.9815628733485937
     656.4901934623081843       1.0567599721252918
     656.4903935957304384       0.9872972304001451
     656.4905937291528062       1.1358027458190918
     656.4907938625750603       0.9658835567533970
     656.4909939959973144       0.9194891899824142
     656.4911941294195685       0.9561519771814346
     656.4913942628419363       1.0788816139101982
     656.4915943962641904       0.9730003830045462
     656.4917945296864445       1.0372897200286388
     656.4919946631086987       1.0475513450801373
     656.4921947965310665       0.9800273384898901
     656.4923949299533206       1.0420941412448883
     656.4925950633755747       0.9335628226399422
     656.4927951967978288       0.9319561794400215
     656.4929953302201966       1.0391141772270203
     656.4931954636424507       1.0022895226720721
     656.4933955970647048       0.9694359060376883
     656.4935957304869589       0.9933121562935412
     656.4937958639093267       1.0205311942845583
     656.4939959973315808       1.0437423586845398
     656.4941961307538350       1.0284253060817719
     656.4943962641760891       1.0094514824450016
     656.4945963975983432       1.0276930537074804
     656.4947965310207110       1.0223917961120605
     656.4949966644429651       1.0042501306161284
     656.4951967978652192       0.9929326740093529
     656.4953969312874733       0.9152998477220535
     656.4955970647098411       1.0185680072754622
     656.4957971981320952       0.9256683439016342
     656.4959973315543493       1.0198135524988174
     656.4961974649766034       0.9245549887418747
     656.4963975983989712       1.0498656257987022
     656.4965977318212254       1.0028529297560453
     656.4967978652434795       0.9595547169446945
     656.4969979986657336       0.9837972577661276
     656.4971981320881014       1.0119732562452555
     656.4973982655103555       1.0739749893546104
     656.4975983989326096       0.9541326910257339
     656.4977985323548637       1.0415605418384075
     656.4979986657772315       1.0102204447612166
     656.4981987991994856       1.0335893146693707
     656.4983989326217397       1.0045834742486477
     656.4985990660439938       1.0208404865115881
     656.4987991994663616       1.0449405759572983
     656.4989993328886158       0.9967195107601583
     656.4991994663108699       1.0439211577177048
     656.4993995997331240       1.0731579884886742
     656.4995997331554918       0.9645641520619392
     656.4997998665777459       0.9685906395316124
     656.5000000000000000       0.9273822978138924
