     656.2000000000000455       1.0157659184187651
     656.2002001334222996       1.0522950552403927
     656.2004002668445537       1.0747426822781563
     656.2006004002669215       1.0579582713544369
     656.2008005336891756       0.9564178176224232
     656.2010006671114297       1.1509308516979218
     656.2012008005336838       1.0141379386186600
     656.2014009339560516       0.9936394570395350
     656.2016010673783057       0.9654782600700855
     656.2018012008005599       1.0351094305515289
     656.2020013342228140       1.0025214301422238
     656.2022014676451818       1.0044536497443914
     656.2024016010674359       0.9461739845573902
     656.2026017344896900       1.0788141414523125
     656.2028018679119441       1.0149215031415224
     656.2030020013343119       0.9741760250180960
     656.2032021347565660       1.1219495683908463
     656.2034022681788201       0.9469035677611828
     656.2036024016010742       1.0314785800874233
     656.2038025350234420       0.9867625311017036
     656.2040026684456961       0.9845924796536565
     656.2042028018679503       1.0559468530118465
     656.2044029352902044       0.9523248337209225
     656.2046030687125722       0.9388574361801147
     656.2048032021348263       0.9610623270273209
     656.2050033355570804       0.9761614296585321
     656.2052034689793345       1.0368844121694565
     656.2054036024017023       1.0015892105875537
     656.2056037358239564       1.0129020856693387
     656.2058038692462105       1.0309922192245722
     656.2060040026684646       1.0405596084892750
     656.2062041360907187       1.0378494970500469
     656.2064042695130865       0.9450198002159595
     656.2066044029353407       1.0270229317247868
     656.2068045363575948       1.0076037370599806
     656.2070046697798489       1.0804781168699265
     656.2072048032022167       0.9320616498589516
     656.2074049366244708       0.9922161144204438
     656.2076050700467249       1.0284393485635519
     656.2078052034689790       0.9682169891893864
     656.2080053368913468       1.0068676969967782
     656.2082054703136009       0.9527603909373283
     656.2084056037358550       1.0016544767422602
     656.2086057371581092       0.9639798030257225
     656.2088058705804769       0.9079310670495033
     656.2090060040027311       1.0539135523140430
     656.2092061374249852       1.0178563520312309
     656.2094062708472393       0.9592643193900585
     656.2096064042696071       1.1255480796098709
     656.2098065376918612       1.0795596018433571
     656.2100066711141153       0.9654808603227139
     656.2102068045363694       1.0528822727501392
     656.2104069379587372       0.9871801892295480
     656.2106070713809913       1.0460398755967617
     656.2108072048032454       1.0059553785249591
     656.2110073382254996       0.9986887919949368
     656.2112074716477537       1.0449733249843121
     656.2114076050701215       1.0270341373980045
     656.2116077384923756       0.9975847338791937
     656.2118078719146297       1.0171832311898470
     656.2120080053368838       0.9859806904569268
     656.2122081387592516       0.9820727799087763
     656.2124082721815057       1.0003375106607564
     656.2126084056037598       1.0136971268802881
     656.2128085390260139       1.0206214971840382
     656.2130086724483817       1.0345270298421383
     656.2132088058706358       0.9480291120707989
     656.2134089392928900       0.9927047141827643
     656.2136090727151441       1.0109954476356506
     656.2138092061375119       1.0237866826355457
     656.2140093395597660       0.9676625728607178
     656.2142094729820201       0.9519934430718422
     656.2144096064042742       1.0218195635825396
     656.2146097398266420       1.0207529701292515
     656.2148098732488961       0.9541246443986893
     656.2150100066711502       1.0418274588882923
     656.2152101400934043       1.0639129355549812
     656.2154102735157721       1.0806006342172623
     656.2156104069380262       0.9280785694718361
     656.2158105403602804       1.0074896328151226
     656.2160106737825345       1.0234589129686356
     656.2162108072049023       0.9918280327692628
     656.2164109406271564       1.0331174992024899
     656.2166110740494105       0.8777926191687584
     656.2168112074716646       1.0070359273813665
     656.2170113408939187       0.8888410925865173
     656.2172114743162865       1.0194384511560202
     656.2174116077385406       0.9096609875559807
     656.2176117411607947       1.0088853118941188
     656.2178118745830488       1.0860378444194794
     656.2180120080054166       1.0552801564335823
     656.2182121414276708       1.0738064050674438
     656.2184122748499249       0.9566870704293251
     656.2186124082721790       0.9989631118951365
     656.2188125416945468       1.0011172648519278
     656.2190126751168009       1.0858963131904602
     656.2192128085390550       1.0256482847034931
     656.2194129419613091       0.9808736536651850
     656.2196130753836769       1.0687776654958725
     656.2198132088059310       1.0184236578643322
     656.2200133422281851       0.9983390567358583
     656.2202134756504392       0.9484863393008709
     656.2204136090728070       1.0799160450696945
     656.2206137424950612       1.0311052836477757
     656.2208138759173153       1.0499599203467369
     656.2210140093395694       0.9180498197674751
     656.2212141427619372       1.0009800594998524
     656.2214142761841913       0.9830711614340544
     656.2216144096064454       0.9126474037766457
     656.2218145430286995       0.9502231255173683
     656.2220146764509536       1.0038369025569409
     656.2222148098733214       1.0019220883259550
     656.2224149432955755       1.0638097673654556
     656.2226150767178297       0.9966616847086698
     656.2228152101400838       0.9966622360516340
     656.2230153435624516       1.0128451511263847
     656.2232154769847057       1.0895166248083115
     656.2234156104069598       1.0251276772469282
     656.2236157438292139       1.0526282787322998
     656.2238158772515817       1.0371309854090214
     656.2240160106738358       1.1151323541998863
     656.2242161440960899       1.0733674094080925
     656.2244162775183440       1.0135306240990758
     656.2246164109407118       0.9899488845840096
     656.2248165443629659       1.0021634048316628
     656.2250166777852201       0.9253566339612007
     656.2252168112074742       0.9673478491604328
     656.2254169446298420       1.0140394987538457
     656.2256170780520961       0.9790427517145872
     656.2258172114743502       1.0093783168122172
     656.2260173448966043       0.9803347252309322
     656.2262174783189721       1.0407851077616215
     656.2264176117412262       0.9420843347907066
     656.2266177451634803       1.0786641091108322
     656.2268178785857344       1.0078620193526149
     656.2270180120081022       0.9599717706441879
     656.2272181454303563       0.9617300853133202
     656.2274182788526105       1.0687695369124413
     656.2276184122748646       1.0341398529708385
     656.2278185456971187       1.0531220436096191
     656.2280186791194865       0.9662259295582771
     656.2282188125417406       0.9726075772196054
     656.2284189459639947       1.0018027870682999
     656.2286190793862488       1.0278127398341894
     656.2288192128086166       1.0723261609673500
     656.2290193462308707       0.9548402167856693
     656.2292194796531248       0.9962436680216342
     656.2294196130753789       0.8867871612310410
     656.2296197464977467       0.9410284385085106
     656.2298198799200009       1.0157590489834547
     656.2300200133422550       1.0173042267560959
     656.2302201467645091       1.0829737484455109
     656.2304202801868769       1.0201654285192490
     656.2306204136091310       1.0026817615143955
     656.2308205470313851       0.9386260434985161
     656.2310206804536392       1.0213351752609015
     656.2312208138760070       1.0132178878411651
     656.2314209472982611       1.0019964764360338
     656.2316210807205152       1.0384740345180035
     656.2318212141427693       1.0081695187836885
     656.2320213475651371       0.9701809380203485
     656.2322214809873913       0.9661826379597187
     656.2324216144096454       0.9453764893114567
     656.2326217478318995       0.9937168066389859
     656.2328218812541536       1.0874358043074608
     656.2330220146765214       0.9408292286098003
     656.2332221480987755       1.0666340067982674
     656.2334222815210296       0.9937835610471666
     656.2336224149432837       1.0119782565161586
     656.2338225483656515       0.9824682082980871
     656.2340226817879056       0.8769774064421654
     656.2342228152101598       0.9537048339843750
     656.2344229486324139       0.9520564936101437
     656.2346230820547817       1.0115698603913188
     656.2348232154770358       0.9961126558482647
     656.2350233488992899       1.0095426244661212
     656.2352234823215440       0.9358403012156487
     656.2354236157439118       0.9423437118530273
     656.2356237491661659       1.0503367446362972
     656.2358238825884200       0.9893884398043156
     656.2360240160106741       1.0362529903650284
     656.2362241494330419       1.0021080204751343
     656.2364242828552960       0.9676688127219677
     656.2366244162775502       1.0042217997834086
     656.2368245496998043       0.9537783302366734
     656.2370246831221721       1.0004410280380398
     656.2372248165444262       1.0725496932864189
     656.2374249499666803       1.0037651583552361
     656.2376250833889344       1.0257264673709869
     656.2378252168113022       0.9467158056795597
     656.2380253502335563       0.9948108838871121
     656.2382254836558104       0.9772197399288416
     656.2384256170780645       1.0180626232177019
     656.2386257505003186       1.0048513230867684
     656.2388258839226864       1.0258345305919647
     656.2390260173449406       1.0028198829386383
     656.2392261507671947       0.9483069591224194
     656.2394262841894488       0.9396711289882660
     656.2396264176118166       1.0123222321271896
     656.2398265510340707       1.0444671623408794
     656.2400266844563248       1.0478491522371769
     656.2402268178785789       1.0437713153660297
     656.2404269513009467       0.9871302666142583
     656.2406270847232008       0.9850706504657865
     656.2408272181454549       1.0141559680923820
     656.2410273515677090       1.0052599851042032
     656.2412274849900768       0.9807854648679495
     656.2414276184123310       0.9087190851569176
     656.2416277518345851       0.9682219587266445
     656.2418278852568392       0.8885028436779976
     656.2420280186792070       0.9198896065354347
     656.2422281521014611       0.9672442041337490
     656.2424282855237152       0.9172707870602608
     656.2426284189459693       0.9806853085756302
     656.2428285523683371       1.0447712242603302
     656.2430286857905912       0.9964429738465697
     656.2432288192128453       1.0954065844416618
     656.2434289526350994       1.0272417999804020
     656.2436290860574672       1.0343393050134182
     656.2438292194797214       1.0477770827710629
     656.2440293529019755       1.0181452594697475
     656.2442294863242296       0.9553878568112850
     656.2444296197464837       1.0656852349638939
     656.2446297531688515       0.8916354179382324
     656.2448298865911056       1.0382951460778713
     656.2450300200133597       0.9864396974444389
     656.2452301534356138       1.0099833440035582
     656.2454302868579816       0.9929232415743172
     656.2456304202802357       0.9706216063350439
     656.2458305537024899       1.0364363975822926
     656.2460306871247440       0.8773544207215309
     656.2462308205471118       0.9916779920458794
     656.2464309539693659       0.9648578055202961
     656.2466310873916200       0.9685700312256813
     656.2468312208138741       0.9680184535682201
     656.2470313542362419       0.9215020760893822
     656.2472314876584960       0.9779981039464474
     656.2474316210807501       0.9091385900974274
     656.2476317545030042       1.0055354270152748
     656.2478318879253720       1.0831461101770401
     656.2480320213476261       1.0187216084450483
     656.2482321547698803       1.0558018460869789
     656.2484322881921344       1.0139676053076982
     656.2486324216145022       0.9680157937109470
     656.2488325550367563       0.9481732249259949
     656.2490326884590104       0.9793814215809107
     656.2492328218812645       1.0384810082614422
     656.2494329553035186       1.0641629099845886
     656.2496330887258864       1.0299284141510725
     656.2498332221481405       1.0196918379515409
     656.2500333555703946       0.9596288427710533
     656.2502334889926487       0.9944074819795787
     656.2504336224150165       0.9458722881972790
     656.2506337558372707       0.9361852332949638
     656.2508338892595248       0.9943360784091055
     656.2510340226817789       1.0196873135864735
     656.2512341561041467       1.0263673663139343
     656.2514342895264008       1.0919443741440773
     656.2516344229486549       1.0086778290569782
     656.2518345563709090       1.0661926791071892
     656.2520346897932768       1.0375298075377941
     656.2522348232155309       1.0253959130495787
     656.2524349566377850       1.0086632585152984
     656.2526350900600391       0.9860232891514897
     656.2528352234824069       1.0314635634422302
     656.2530353569046611       0.9528239294886589
     656.2532354903269152       0.9670506455004215
     656.2534356237491693       0.8964104130864143
     656.2536357571715371       0.9978167675435543
     656.2538358905937912       1.0268107093870640
     656.2540360240160453       0.9912415435537696
     656.2542361574382994       1.0451016016304493
     656.2544362908606672       0.9994371545617469
     656.2546364242829213       1.0427841506898403
     656.2548365577051754       1.0121346777305007
     656.2550366911274295       0.9494390785694122
     656.2552368245496837       0.9907601065933704
     656.2554369579720515       1.0019612901378423
     656.2556370913943056       0.9484688676893711
     656.2558372248165597       0.9554806165397167
     656.2560373582388138       0.9815409183502197
     656.2562374916611816       1.0489146970212460
     656.2564376250834357       0.9576472379267216
     656.2566377585056898       1.0360904261469841
     656.2568378919279439       1.0320994071662426
     656.2570380253503117       0.9175373539328575
     656.2572381587725658       1.1306639760732651
     656.2574382921948200       1.0061475904658437
     656.2576384256170741       1.0965241044759750
     656.2578385590394419       1.0308950077742338
     656.2580386924616960       0.8663598746061325
     656.2582388258839501       0.9341892749071121
     656.2584389593062042       1.0656976029276848
     656.2586390927285720       1.0281139891594648
     656.2588392261508261       1.0395178385078907
     656.2590393595730802       0.9520873241126537
     656.2592394929953343       1.0503167174756527
     656.2594396264177021       1.0512409619987011
     656.2596397598399562       1.1165323480963707
     656.2598398932622104       0.9956153328530490
     656.2600400266844645       1.0784886702895164
     656.2602401601067186       0.9350486323237419
     656.2604402935290864       0.9884297456592321
     656.2606404269513405       0.9388037249445915
     656.2608405603735946       1.0614907741546631
     656.2610406937958487       1.0572217106819153
     656.2612408272182165       0.9989026734838262
     656.2614409606404706       1.0347775965929031
     656.2616410940627247       0.9547628872096539
     656.2618412274849788       0.8543323427438736
     656.2620413609073466       0.9626544751226902
     656.2622414943296008       0.9844245612621307
     656.2624416277518549       0.9228167608380318
     656.2626417611741090       0.9781832303851843
     656.2628418945964768       1.0713524892926216
     656.2630420280187309       1.0716446936130524
     656.2632421614409850       0.9789088424295187
     656.2634422948632391       0.8568468540906906
     656.2636424282856069       0.9741188455373049
     656.2638425617078610       0.9997037950961385
     656.2640426951301151       0.9305094182491302
     656.2642428285523692       0.9113333895802498
     656.2644429619747370       1.0043716374784708
     656.2646430953969912       0.9860994871705770
     656.2648432288192453       0.9412581250071526
     656.2650433622414994       0.9758106935769320
     656.2652434956638672       0.8997109979391098
     656.2654436290861213       0.9982732288772240
     656.2656437625083754       1.0099331056699157
     656.2658438959306295       0.9536985382437706
     656.2660440293528836       0.9856337467208505
     656.2662441627752514       1.0028686462901533
     656.2664442961975055       0.9883428160101175
     656.2666444296197596       0.9086229130625725
     656.2668445630420138       1.0467400848865509
     656.2670446964643816       1.0244963262230158
     656.2672448298866357       0.9613555744290352
     656.2674449633088898       1.0032625745516270
     656.2676450967311439       1.0270311888307333
     656.2678452301535117       1.0841361060738564
     656.2680453635757658       0.9798576999455690
     656.2682454969980199       0.8928103819489479
     656.2684456304202740       1.0146513031795621
     656.2686457638426418       0.9708841312676668
     656.2688458972648959       0.9304398372769356
     656.2690460306871501       0.9875626303255558
     656.2692461641094042       0.9455625303089619
     656.2694462975317720       0.9764157868921757
     656.2696464309540261       1.0009778888197616
     656.2698465643762802       1.0259079430252314
     656.2700466977985343       1.0584615468978882
     656.2702468312209021       1.0708896443247795
     656.2704469646431562       0.9864832293242216
     656.2706470980654103       1.0009505125926808
     656.2708472314876644       0.9386235810816288
     656.2710473649099185       0.9756769519299269
     656.2712474983322863       0.9761456791311502
     656.2714476317545405       0.9279007688164711
     656.2716477651767946       0.9816900435835123
     656.2718478985990487       1.0272063799202442
     656.2720480320214165       1.0014916241634637
     656.2722481654436706       1.0075239748694003
     656.2724482988659247       1.0366110503673553
     656.2726484322881788       0.9666187651455402
     656.2728485657105466       1.0658733397722244
     656.2730486991328007       1.0031762178987265
     656.2732488325550548       1.1242448687553406
     656.2734489659773089       1.0279407892376184
     656.2736490993996767       1.0502918437123299
     656.2738492328219309       1.0400904901325703
     656.2740493662441850       0.9557125046849251
     656.2742494996664391       1.0315527282655239
     656.2744496330888069       0.9957469264045358
     656.2746497665110610       1.0864028260111809
     656.2748498999333151       0.9290207475423813
     656.2750500333555692       1.0532433465123177
     656.2752501667779370       0.9825774058699608
     656.2754503002001911       0.9660808555781841
     656.2756504336224452       0.9925152696669102
     656.2758505670446993       0.9769537411630154
     656.2760507004670671       1.0212471950799227
     656.2762508338893213       0.9770732130855322
     656.2764509673115754       0.9476996548473835
     656.2766511007338295       1.0149630149826407
     656.2768512341560836       1.0842415690422058
     656.2770513675784514       1.0031789864879102
     656.2772515010007055       0.9474387988448143
     656.2774516344229596       0.9827464018017054
     656.2776517678452137       1.0451517552137375
     656.2778519012675815       1.0315300635993481
     656.2780520346898356       1.0120392320677638
     656.2782521681120897       0.9637755341827869
     656.2784523015343439       0.9578252695500851
     656.2786524349567117       1.0512150600552559
     656.2788525683789658       0.9195901378989220
     656.2790527018012199       0.9521953612565994
     656.2792528352234740       0.9547521136701107
     656.2794529686458418       1.0403597913682461
     656.2796531020680959       0.9389185719192028
     656.2798532354903500       1.0380126014351845
     656.2800533689126041       0.9782698936760426
     656.2802535023349719       1.0052822213619947
     656.2804536357572260       1.0697915181517601
     656.2806537691794802       1.0074964496307075
     656.2808539026017343       1.0487545803189278
     656.2810540360241021       1.0387257300317287
     656.2812541694463562       1.0426840819418430
     656.2814543028686103       1.0471045188605785
     656.2816544362908644       1.0437257736921310
     656.2818545697131185       0.9601519443094730
     656.2820547031354863       0.9972558238077909
     656.2822548365577404       1.0132399322465062
     656.2824549699799945       0.9566288813948631
     656.2826551034022486       1.0103017976507545
     656.2828552368246164       1.0005910919862799
     656.2830553702468706       0.9595325291156769
     656.2832555036691247       1.0393738001585007
     656.2834556370913788       1.0275459028780460
     656.2836557705137466       0.9566775262355804
     656.2838559039360007       1.0248451977968216
     656.2840560373582548       0.9276448264718056
     656.2842561707805089       1.0225008334964514
     656.2844563042028767       1.0475278422236443
     656.2846564376251308       1.0475194416940212
     656.2848565710473849       1.0458333194255829
     656.2850567044696390       0.9191047251224518
     656.2852568378920068       0.9027343913912773
     656.2854569713142610       1.0589143224060535
     656.2856571047365151       1.0247922427952290
     656.2858572381587692       0.9787128623574972
     656.2860573715811370       1.0291442312300205
     656.2862575050033911       0.9405754320323467
     656.2864576384256452       1.0706131383776665
     656.2866577718478993       1.0461196489632130
     656.2868579052702671       1.0870949849486351
     656.2870580386925212       1.0425176098942757
     656.2872581721147753       1.0673004016280174
     656.2874583055370294       0.9309136942028999
     656.2876584389592836       0.9812631886452436
     656.2878585723816514       1.0138654634356499
     656.2880587058039055       1.0206742156296968
     656.2882588392261596       0.9853724567219615
     656.2884589726484137       1.0161728225648403
     656.2886591060707815       0.9723166376352310
     656.2888592394930356       0.9542014598846436
     656.2890593729152897       0.9714303128421307
     656.2892595063375438       1.0167974662035704
     656.2894596397599116       1.0048593496903777
     656.2896597731821657       1.0477731339633465
     656.2898599066044198       1.0067261359654367
     656.2900600400266740       1.0101447729393840
     656.2902601734490418       1.0134890275076032
     656.2904603068712959       0.9928300124593079
     656.2906604402935500       1.0044470555149019
     656.2908605737158041       0.8896305933594704
     656.2910607071381719       0.9572128690779209
     656.2912608405604260       1.0210750829428434
     656.2914609739826801       0.9958757502026856
     656.2916611074049342       1.0563045255839825
     656.2918612408273020       0.9512741267681122
     656.2920613742495561       0.9856080040335655
     656.2922615076718103       1.0080107413232327
     656.2924616410940644       1.0447058714926243
     656.2926617745164322       1.0132933855056763
     656.2928619079386863       1.0321197882294655
     656.2930620413609404       0.9510384686291218
     656.2932621747831945       1.0309319626539946
     656.2934623082054486       1.0315740071237087
     656.2936624416278164       1.0650575384497643
     656.2938625750500705       0.9788993913680315
     656.2940627084723246       1.0373184420168400
     656.2942628418945787       1.0459009334445000
     656.2944629753169465       0.9743741713464260
     656.2946631087392007       1.0295573826879263
     656.2948632421614548       1.0883245468139648
     656.2950633755837089       0.9810514450073242
     656.2952635090060767       1.0569623298943043
     656.2954636424283308       0.9905709009617567
     656.2956637758505849       0.9670852348208427
     656.2958639092728390       0.9376415014266968
     656.2960640426952068       0.9819132220000029
     656.2962641761174609       0.9603757746517658
     656.2964643095397150       1.0223704446107149
     656.2966644429619691       1.0915484428405762
     656.2968645763843369       1.0069279312156141
     656.2970647098065911       1.0816632658243179
     656.2972648432288452       1.0793176889419556
     656.2974649766510993       1.0331425517797470
     656.2976651100734671       1.1193659231066704
     656.2978652434957212       1.0696916952729225
     656.2980653769179753       0.9890472544357181
     656.2982655103402294       1.0064120837487280
     656.2984656437624835       0.9605510048568249
     656.2986657771848513       0.9952177735976875
     656.2988659106071054       0.9878710955381393
     656.2990660440293595       1.0392565093934536
     656.2992661774516137       0.9563949182629585
     656.2994663108739815       0.9885827144607902
     656.2996664442962356       0.9359036609530449
     656.2998665777184897       1.0636927410960197
     656.3000667111407438       0.9363365396857262
     656.3002668445631116       0.9990021047415212
     656.3004669779853657       1.0207894016057253
     656.3006671114076198       1.0758213177323341
     656.3008672448298739       1.0255139302462339
     656.3010673782522417       1.0301579926162958
     656.3012675116744958       0.9803126901388168
     656.3014676450967499       0.9994676170172170
     656.3016677785190041       0.9873912706971169
     656.3018679119413719       1.0800476819276810
     656.3020680453636260       0.9534386359155178
     656.3022681787858801       1.0254943203181028
     656.3024683122081342       1.0528242550790310
     656.3026684456305020       1.0171804558485746
     656.3028685790527561       0.9890188965946436
     656.3030687124750102       1.0176044069230556
     656.3032688458972643       0.9837351161986589
     656.3034689793196321       0.9528567269444466
     656.3036691127418862       0.9602020196616650
     656.3038692461641403       0.9832185301929712
     656.3040693795863945       0.9018869474530220
     656.3042695130086486       0.9960522744804621
     656.3044696464310164       0.9646563418209553
     656.3046697798532705       1.0318365693092346
     656.3048699132755246       1.0283623933792114
     656.3050700466977787       0.9738538209348917
     656.3052701801201465       1.0300911068916321
     656.3054703135424006       1.0071498304605484
     656.3056704469646547       1.1161206513643265
     656.3058705803869088       1.0212365295737982
     656.3060707138092766       1.0655054673552513
     656.3062708472315308       1.0160478018224239
     656.3064709806537849       1.0337355695664883
     656.3066711140760390       0.9998024740634719
     656.3068712474984068       0.9338523820042610
     656.3070713809206609       0.9564822278916836
     656.3072715143429150       1.0771742984652519
     656.3074716477651691       1.0771662294864655
     656.3076717811875369       1.0171986352652311
     656.3078719146097910       1.0121148182079196
     656.3080720480320451       0.9920323332771659
     656.3082721814542992       1.0083490377292037
     656.3084723148766670       1.0101373437792063
     656.3086724482989212       0.9715846925973892
     656.3088725817211753       0.9987907154718414
     656.3090727151434294       0.8914849609136581
     656.3092728485656835       0.9665790759027004
     656.3094729819880513       1.0040631592273712
     656.3096731154103054       0.9933433374390006
     656.3098732488325595       1.0790602788329124
     656.3100733822548136       0.9798634853214025
     656.3102735156771814       0.9566516540944576
     656.3104736490994355       1.0317779667675495
     656.3106737825216896       0.9810891021043062
     656.3108739159439438       0.9575001038610935
     656.3110740493663116       1.0051832729950547
     656.3112741827885657       1.0148694161325693
     656.3114743162108198       1.0153586333617568
     656.3116744496330739       1.0080497292801738
     656.3118745830554417       0.9911222709342837
     656.3120747164776958       1.0161155592650175
     656.3122748498999499       1.0377384983003139
     656.3124749833222040       0.9262319281697273
     656.3126751167445718       1.0370340235531330
     656.3128752501668259       1.0339151173830032
     656.3130753835890800       0.8706529587507248
     656.3132755170113342       1.0499288253486156
     656.3134756504337020       0.9327652007341385
     656.3136757838559561       0.9282833635807037
     656.3138759172782102       0.9442507922649384
     656.3140760507004643       0.9871439486742020
     656.3142761841228321       0.9159324765205383
     656.3144763175450862       1.0878288596868515
     656.3146764509673403       0.9797061067074537
     656.3148765843895944       0.9758880883455276
     656.3150767178118485       0.9853069419041276
     656.3152768512342163       1.0630155429244041
     656.3154769846564704       0.8791501596570015
     656.3156771180787246       0.9984826860018075
     656.3158772515009787       1.1248107329010963
     656.3160773849233465       1.0662664845585823
     656.3162775183456006       0.9558514356613159
     656.3164776517678547       0.9473248720169067
     656.3166777851901088       0.9374668523669243
     656.3168779186124766       0.9901807708665729
     656.3170780520347307       1.0564935617148876
     656.3172781854569848       1.0125343669205904
     656.3174783188792389       0.9633666314184666
     656.3176784523016067       1.0025143690872937
     656.3178785857238609       0.9955608462914824
     656.3180787191461150       0.9598299637436867
     656.3182788525683691       0.9946364271454513
     656.3184789859907369       1.0550213530659676
     656.3186791194129910       0.9983911467716098
     656.3188792528352451       1.0899920165538788
     656.3190793862574992       0.9319418445229530
     656.3192795196798670       1.0129097020253539
     656.3194796531021211       1.0501400195062160
     656.3196797865243752       1.0928225144743919
     656.3198799199466293       0.9875008584931493
     656.3200800533688835       0.9881108244881034
     656.3202801867912513       0.9849542733281851
     656.3204803202135054       1.0284171048551798
     656.3206804536357595       0.9634417369961739
     656.3208805870580136       1.0916749462485313
     656.3210807204803814       1.0011112167267129
     656.3212808539026355       1.0234376825392246
     656.3214809873248896       0.8700001686811447
     656.3216811207471437       0.9429344162344933
     656.3218812541695115       0.9852915564551950
     656.3220813875917656       1.0876824483275414
     656.3222815210140197       1.0558187328279018
     656.3224816544362739       1.0174195393919945
     656.3226817878586417       0.9527334608137608
     656.3228819212808958       0.9538273103535175
     656.3230820547031499       1.0300628971308470
     656.3232821881254040       0.9947039703838527
     656.3234823215477718       0.9481705613434315
     656.3236824549700259       1.0719826743006706
     656.3238825883922800       0.9980992901837453
     656.3240827218145341       0.9971015821211040
     656.3242828552369019       1.0093994662165642
     656.3244829886591560       0.9676174819469452
     656.3246831220814101       0.9474493302404881
     656.3248832555036643       1.0702978521585464
     656.3250833889260321       1.0198060628026724
     656.3252835223482862       0.9835462048649788
     656.3254836557705403       0.9548896662890911
     656.3256837891927944       0.9847338357940316
     656.3258839226150485       0.9571428485214710
     656.3260840560374163       1.0027818544767797
     656.3262841894596704       1.0139766382053494
     656.3264843228819245       1.0037825703620911
     656.3266844563041786       0.9982044558273628
     656.3268845897265464       0.9886099621653557
     656.3270847231488005       1.0335342697799206
     656.3272848565710547       1.0309397336095572
     656.3274849899933088       1.0149824963882565
     656.3276851234156766       0.9497282430529594
     656.3278852568379307       1.1034977808594704
     656.3280853902601848       1.0031895008869469
     656.3282855236824389       1.0064225592650473
     656.3284856571048067       1.0711412876844406
     656.3286857905270608       0.8936400413513184
     656.3288859239493149       0.9123767316341400
     656.3290860573715690       0.9728787839412689
     656.3292861907939368       1.0545280575752258
     656.3294863242161910       0.9753807634115219
     656.3296864576384451       0.9069055095314980
     656.3298865910606992       1.0639982298016548
     656.3300867244830670       1.0147742507979274
     656.3302868579053211       0.9011391252279282
     656.3304869913275752       1.1000915095210075
     656.3306871247498293       1.0727442875504494
     656.3308872581721971       1.0361458882689476
     656.3310873915944512       1.0551025681197643
     656.3312875250167053       1.0822142288088799
     656.3314876584389594       1.0421472527086735
     656.3316877918612136       0.9250180646777153
     656.3318879252835814       0.9740450885146856
     656.3320880587058355       0.9473816342651844
     656.3322881921280896       0.9891608022153378
     656.3324883255503437       1.0293608754873276
     656.3326884589727115       0.9948189761489630
     656.3328885923949656       0.8412537723779678
     656.3330887258172197       0.9676072187721729
     656.3332888592394738       0.9409647285938263
     656.3334889926618416       0.9236539974808693
     656.3336891260840957       1.0390529632568359
     656.3338892595063498       0.9587390609085560
     656.3340893929286040       1.0184008013457060
     656.3342895263509718       0.9212054610252380
     656.3344896597732259       1.0119073009118438
     656.3346897931954800       1.0033900712151080
     656.3348899266177341       1.0297874864190817
     656.3350900600401019       0.9650307036936283
     656.3352901934623560       1.0090914284810424
     656.3354903268846101       1.0122919389978051
     656.3356904603068642       1.0561718121170998
     656.3358905937292320       1.0161783825606108
     656.3360907271514861       1.1030555367469788
     656.3362908605737402       0.9667456038296223
     656.3364909939959944       1.0207617264240980
     656.3366911274182485       0.9933769926428795
     656.3368912608406163       1.0263349320739508
     656.3370913942628704       0.9319963082671165
     656.3372915276851245       1.0041774432174861
     656.3374916611073786       0.9780459683388472
     656.3376917945297464       1.0469472855329514
     656.3378919279520005       0.9565260447561741
     656.3380920613742546       0.9983126303413883
     656.3382921947965087       1.1450865417718887
     656.3384923282188765       1.0565460696816444
     656.3386924616411306       1.0348238572478294
     656.3388925950633848       1.0132224103435874
     656.3390927284856389       0.9840282350778580
     656.3392928619080067       1.0244735144078732
     656.3394929953302608       0.9791087582707405
     656.3396931287525149       0.9100943282246590
     656.3398932621747690       1.0248547829687595
     656.3400933955971368       1.0277229845523834
     656.3402935290193909       0.9773913267999887
     656.3404936624416450       1.0255671534687281
     656.3406937958638991       1.0922646820545197
     656.3408939292862669       0.9886065842583776
     656.3410940627085211       1.1020420417189598
     656.3412941961307752       1.0034749847836792
     656.3414943295530293       1.0065976008772848
     656.3416944629753971       0.9635042473673818
     656.3418945963976512       0.9990091026993464
     656.3420947298199053       0.8696491867303843
     656.3422948632421594       0.9107134565711013
     656.3424949966644135       1.0513157434761511
     656.3426951300867813       1.0463469699025134
     656.3428952635090354       1.0192871149629323
     656.3430953969312895       1.0010234426008493
     656.3432955303535437       0.9336425960063868
     656.3434956637759115       0.9922723402269085
     656.3436957971981656       0.9470417685806605
     656.3438959306204197       0.9780567605048202
     656.3440960640426738       1.0169291477650084
     656.3442961974650416       0.9281371831893455
     656.3444963308872957       1.0259744022040875
     656.3446964643095498       1.0011859602526698
     656.3448965977318039       1.0392698682843189
     656.3450967311541717       1.0322674103079121
     656.3452968645764258       0.9472447074946693
     656.3454969979986799       0.9578347206111317
     656.3456971314209341       0.9475773312145085
     656.3458972648433019       1.0697248131027635
     656.3460973982655560       1.0012501263977915
     656.3462975316878101       1.0007235218053601
     656.3464976651100642       1.0500022470924388
     656.3466977985324320       0.9675142802260085
     656.3468979319546861       0.9871228858774626
     656.3470980653769402       1.1022779866976684
     656.3472981987991943       0.9233308136355329
     656.3474983322214484       0.9995333288236862
     656.3476984656438162       1.0410854667211638
     656.3478985990660703       1.0312908813058030
     656.3480987324883245       0.9869208586915000
     656.3482988659105786       0.9754555243414935
     656.3484989993329464       1.0573568008027761
     656.3486991327552005       1.0789328067367379
     656.3488992661774546       1.0976744739640578
     656.3490993995997087       1.0516420563390123
     656.3492995330220765       1.0382416208099503
     656.3494996664443306       0.9157262738439610
     656.3496997998665847       0.9577072741459870
     656.3498999332888388       1.0742886878355455
     656.3501000667112066       1.0434491810207045
     656.3503002001334607       0.9250282333018552
     656.3505003335557149       1.0451340097313508
     656.3507004669779690       0.9987715895545283
     656.3509006004003368       1.0175361206969651
     656.3511007338225909       0.9548743059049564
     656.3513008672448450       0.9408681664299438
     656.3515010006670991       0.9855030214803622
     656.3517011340894669       1.0481196974943310
     656.3519012675117210       1.0577772815491695
     656.3521014009339751       0.9717753793005643
     656.3523015343562292       0.9607729643531434
     656.3525016677785970       0.9696323963608743
     656.3527018012008512       1.0390869357386485
     656.3529019346231053       1.0653410160269181
     656.3531020680453594       1.0189310619177898
     656.3533022014676135       1.0479290838807986
     656.3535023348899813       1.0353050147550060
     656.3537024683122354       0.9907264874041615
     656.3539026017344895       1.0196057029878798
     656.3541027351567436       1.0278458019576704
     656.3543028685791114       1.0346642731004745
     656.3545030020013655       1.0596716632293059
     656.3547031354236196       1.0751357442953808
     656.3549032688458738       0.9938634552625080
     656.3551034022682416       0.9860541600213901
     656.3553035356904957       1.0115233241940582
     656.3555036691127498       0.9803307290599855
     656.3557038025350039       1.0594052061324193
     656.3559039359573717       0.9724292904799322
     656.3561040693796258       0.9626753614769824
     656.3563042028018799       0.9685907262725383
     656.3565043362241340       1.0207859544533107
     656.3567044696465018       0.9420067013546420
     656.3569046030687559       1.0447948881227109
     656.3571047364910100       1.0689486526778804
     656.3573048699132642       1.0293660128177602
     656.3575050033356320       0.9738868079760267
     656.3577051367578861       1.1153035133527442
     656.3579052701801402       0.9767986535503705
     656.3581054036023943       1.0782609045476019
     656.3583055370246484       1.0084244699934533
     656.3585056704470162       1.0175905292295297
     656.3587058038692703       1.0142690071923020
     656.3589059372915244       1.0422795921170325
     656.3591060707137785       0.9850624498058150
     656.3593062041361463       1.0283798534278048
     656.3595063375584004       0.9614211908921805
     656.3597064709806546       1.0378813563105629
     656.3599066044029087       1.0819884979026755
     656.3601067378252765       1.0101443664027523
     656.3603068712475306       1.0375625179597663
     656.3605070046697847       0.9885553730605835
     656.3607071380920388       1.0507859530818067
     656.3609072715144066       0.9982794652789833
     656.3611074049366607       1.0526695847269782
     656.3613075383589148       0.8946007621723181
     656.3615076717811689       1.0199109375850832
     656.3617078052035367       0.9735622481295669
     656.3619079386257908       0.9923682304378144
     656.3621080720480450       1.0233689448266137
     656.3623082054702991       1.0182211235909526
     656.3625083388926669       1.0856594517209834
     656.3627084723149210       1.0215887448226340
     656.3629086057371751       0.9097777299913982
     656.3631087391594292       1.0394412629589163
     656.3633088725817970       0.9549218433057814
     656.3635090060040511       0.9976793096363821
     656.3637091394263052       0.9670837527859275
     656.3639092728485593       1.0363192949279227
     656.3641094062708135       1.0176803460424044
     656.3643095396931813       0.9290047751677207
     656.3645096731154354       1.0161056768643999
     656.3647098065376895       0.9738247423032524
     656.3649099399599436       0.9111178230221653
     656.3651100733823114       1.0145899557879705
     656.3653102068045655       1.0307101662223708
     656.3655103402268196       1.0148448604315328
     656.3657104736490737       1.0716942391119866
     656.3659106070714415       0.9160859466003333
     656.3661107404936956       0.9719890181267671
     656.3663108739159497       0.9317474313844482
     656.3665110073382039       0.9399845043388003
     656.3667111407605717       0.9406624762314065
     656.3669112741828258       0.9788492872762927
     656.3671114076050799       0.9001858315507488
     656.3673115410273340       0.9980944518647537
     656.3675116744497018       0.8984290897383301
     656.3677118078719559       0.9309511368128418
     656.3679119412942100       0.9245066816328654
     656.3681120747164641       0.8874164138514824
     656.3683122081388319       0.9873403651863847
     656.3685123415610860       0.9384048905954404
     656.3687124749833401       0.9919317549191508
     656.3689126084055943       0.8994094163381224
     656.3691127418278484       0.9677360473899197
     656.3693128752502162       0.9420545670066043
     656.3695130086724703       0.9480364933291460
     656.3697131420947244       0.8261728924818283
     656.3699132755169785       0.8689253705793102
     656.3701134089393463       0.9480957031983439
     656.3703135423616004       0.9701826794012851
     656.3705136757838545       0.8579559694756492
     656.3707138092061086       0.8629989187946123
     656.3709139426284764       0.9312773942952146
     656.3711140760507305       0.9531613830161910
     656.3713142094729847       0.9290594005374905
     656.3715143428952388       0.8698067732987795
     656.3717144763176066       0.8548755961297645
     656.3719146097398607       0.9125455849442063
     656.3721147431621148       0.8387132704660196
     656.3723148765843689       0.8902565558295574
     656.3725150100067367       0.7953609432285383
     656.3727151434289908       0.7956296852050486
     656.3729152768512449       0.8230445968402432
     656.3731154102734990       0.7879049276876792
     656.3733155436958668       0.8186910876161337
     656.3735156771181209       0.7429574113445360
     656.3737158105403751       0.7596110871265321
     656.3739159439626292       0.7664128616544141
     656.3741160773849970       0.8639467015125787
     656.3743162108072511       0.8942866445551959
     656.3745163442295052       0.7708933397890576
     656.3747164776517593       0.7195942568727107
     656.3749166110740134       0.7791596974041125
     656.3751167444963812       0.8332837162638347
     656.3753168779186353       0.8269536173811065
     656.3755170113408894       0.9062061594302168
     656.3757171447631436       0.7756943338778153
     656.3759172781855113       0.8244413059290127
     656.3761174116077655       0.8646446326828401
     656.3763175450300196       0.7830032121910827
     656.3765176784522737       0.8238326976673818
     656.3767178118746415       0.8448236331590450
     656.3769179452968956       0.8696666750193849
     656.3771180787191497       0.7819809039655523
     656.3773182121414038       0.8646078000974865
     656.3775183455637716       0.7575455348565832
     656.3777184789860257       0.8870703441963084
     656.3779186124082798       0.9093508723807695
     656.3781187458305340       0.8955181350037645
     656.3783188792529018       0.9125738317868392
     656.3785190126751559       0.8549691042633398
     656.3787191460974100       0.9364343989569482
     656.3789192795196641       0.8051379123209409
     656.3791194129420319       0.8603019525172222
     656.3793195463642860       0.9316546808708411
     656.3795196797865401       0.9076914532478019
     656.3797198132087942       0.9480223253849890
     656.3799199466311620       0.8596297389747186
     656.3801200800534161       0.9224058284288694
     656.3803202134756702       0.8359245348631907
     656.3805203468979244       0.9639826808925186
     656.3807204803201785       0.9429371890423903
     656.3809206137425463       0.8276758615761036
     656.3811207471648004       0.9638915266314334
     656.3813208805870545       0.9898059524562988
     656.3815210140093086       1.0417620958552085
     656.3817211474316764       0.9464554872744000
     656.3819212808539305       0.8559071360091517
     656.3821214142761846       0.9260617907662922
     656.3823215476984387       0.9715474261564973
     656.3825216811208065       0.9264520123915193
     656.3827218145430606       0.9982279974197286
     656.3829219479653148       0.9794876694962412
     656.3831220813875689       1.0211271495130907
     656.3833222148099367       1.0471767613293874
     656.3835223482321908       0.9618819714276201
     656.3837224816544449       0.9750774697772756
     656.3839226150766990       0.9962896250488442
     656.3841227484990668       0.9571804539121609
     656.3843228819213209       0.9646034683215267
     656.3845230153435750       0.9850808632904969
     656.3847231487658291       0.9367494610598910
     656.3849232821881969       1.0650931679782936
     656.3851234156104510       1.0208219462920554
     656.3853235490327052       1.0232259721262476
     656.3855236824549593       0.9618377966822163
     656.3857238158772134       0.9651429785473427
     656.3859239492995812       0.9696111315560096
     656.3861240827218353       1.0107113952470563
     656.3863242161440894       1.0112993637847523
     656.3865243495663435       0.9442975500573866
     656.3867244829887113       0.9399319699393581
     656.3869246164109654       0.9385436277083793
     656.3871247498332195       1.0325374990862772
     656.3873248832554737       1.0291930534329503
     656.3875250166778414       0.9521251550568972
     656.3877251501000956       1.0422792515370602
     656.3879252835223497       1.0294381183335302
     656.3881254169446038       1.0529845154925668
     656.3883255503669716       0.9995560430055188
     656.3885256837892257       0.9982826862706264
     656.3887258172114798       0.9837511901534479
     656.3889259506337339       0.9643028362663129
     656.3891260840561017       1.0171652747122399
     656.3893262174783558       0.9465686417248558
     656.3895263509006099       0.9970042240844408
     656.3897264843228641       1.0035415785010176
     656.3899266177452319       0.9896316767872095
     656.3901267511674860       0.9890242485642559
     656.3903268845897401       1.0774143171847492
     656.3905270180119942       1.0684221636519529
     656.3907271514343620       0.9863907706345549
     656.3909272848566161       1.0727616448906527
     656.3911274182788702       1.0527106124191519
     656.3913275517011243       1.0069926106579212
     656.3915276851233784       0.8742053195749951
     656.3917278185457462       0.9920716030468186
     656.3919279519680003       1.0521955555090077
     656.3921280853902545       1.0122130793011170
     656.3923282188125086       0.9540530349081349
     656.3925283522348764       1.0054936720596559
     656.3927284856571305       0.9833439738831973
     656.3929286190793846       1.0130340460599037
     656.3931287525016387       0.9137697497655732
     656.3933288859240065       0.9926889411908497
     656.3935290193462606       1.0426244345141127
     656.3937291527685147       1.0047597828762331
     656.3939292861907688       1.0140490409029572
     656.3941294196131366       1.0137649974868683
     656.3943295530353907       0.9491919812046790
     656.3945296864576449       1.0444506801689997
     656.3947298198798990       1.0408425308883527
     656.3949299533022668       0.9606348539172490
     656.3951300867245209       0.9832452452541444
     656.3953302201467750       0.9906061271041705
     656.3955303535690291       0.9543817697965153
     656.3957304869913969       0.9667133494783809
     656.3959306204136510       1.0411613059947138
     656.3961307538359051       0.9587196406601843
     656.3963308872581592       1.0718312427397403
     656.3965310206804133       0.9990526873880777
     656.3967311541027811       0.9940609665502108
     656.3969312875250353       1.0441676483766118
     656.3971314209472894       1.0498194164996324
     656.3973315543695435       0.9904435297089142
     656.3975316877919113       0.9441341189868609
     656.3977318212141654       1.0661687033551921
     656.3979319546364195       0.9420215861670789
     656.3981320880586736       1.0693664095914901
     656.3983322214810414       1.0707617862194461
     656.3985323549032955       0.9135928182791134
     656.3987324883255496       1.0132666885454167
     656.3989326217478038       1.0808896769795870
     656.3991327551701715       1.0796071346923561
     656.3993328885924257       0.9495048546534575
     656.3995330220146798       1.0498547581225148
     656.3997331554369339       0.9531975269405724
     656.3999332888593017       0.9943043402600631
     656.4001334222815558       0.9085069965369921
     656.4003335557038099       0.9904325098667849
     656.4005336891260640       0.9149773044301099
     656.4007338225484318       0.9473613610852966
     656.4009339559706859       1.0519857517291160
     656.4011340893929400       1.0595834142679164
     656.4013342228151942       1.0744735001956818
     656.4015343562375620       0.9296513869956481
     656.4017344896598161       0.9809527303736121
     656.4019346230820702       1.0849259495530230
     656.4021347565043243       0.9238138273212563
     656.4023348899265784       1.0356797985629114
     656.4025350233489462       1.0107686463670233
     656.4027351567712003       1.0156188486092255
     656.4029352901934544       0.9908015588262037
     656.4031354236157085       0.9904354326401410
     656.4033355570380763       0.9785359241050443
     656.4035356904603304       0.9482376798974863
     656.4037358238825846       1.0797177180639117
     656.4039359573048387       0.9145022854202872
     656.4041360907272065       1.0335147157307225
     656.4043362241494606       1.0021844580766621
     656.4045363575717147       1.0493376515803710
     656.4047364909939688       1.0401997976003692
     656.4049366244163366       0.9622120372950079
     656.4051367578385907       1.0430786646901908
     656.4053368912608448       0.9233333468436750
     656.4055370246830989       1.0586220026015931
     656.4057371581054667       0.9848814802244099
     656.4059372915277208       1.0285034012049297
     656.4061374249499750       1.0330756865441706
     656.4063375583722291       0.9477032907307084
     656.4065376917945969       0.9870747821405487
     656.4067378252168510       1.0507734231650800
     656.4069379586391051       0.9815939981490355
     656.4071380920613592       0.9339149668812738
     656.4073382254836133       0.9375595375895491
     656.4075383589059811       1.0710612460970874
     656.4077384923282352       0.9870705557987091
     656.4079386257504893       0.9427164420485494
     656.4081387591727434       1.0351089350879192
     656.4083388925951112       0.9438432082533835
     656.4085390260173654       1.0443532243371010
     656.4087391594396195       0.9442624263465405
     656.4089392928618736       1.0239687990397215
     656.4091394262842414       0.9955434412695467
     656.4093395597064955       0.9914623321965337
     656.4095396931287496       1.0580790117383003
     656.4097398265510037       1.0169215463101864
     656.4099399599733715       0.9421899653971195
     656.4101400933956256       1.0290485750883818
     656.4103402268178797       0.8871094658970833
     656.4105403602401339       1.0024362544063479
     656.4107404936625016       1.0014959189575166
     656.4109406270847558       0.9455853588879108
     656.4111407605070099       0.9337623789906502
     656.4113408939292640       0.9947919743135571
     656.4115410273516318       1.0235630590468645
     656.4117411607738859       1.0928925275802612
     656.4119412941961400       0.9991694968193769
     656.4121414276183941       0.9468032829463482
     656.4123415610407619       1.0029447588603944
     656.4125416944630160       0.9379558078944683
     656.4127418278852701       0.9605740420520306
     656.4129419613075243       1.0000880654624780
     656.4131420947297784       1.0655713602900505
     656.4133422281521462       1.0584113709628582
     656.4135423615744003       1.0016574787441641
     656.4137424949966544       1.0316524915397167
     656.4139426284189085       1.0471159331500530
     656.4141427618412763       1.0493763610720634
     656.4143428952635304       0.9704852160066366
     656.4145430286857845       1.0301301758736372
     656.4147431621080386       1.0686948299407959
     656.4149432955304064       0.9010873362421989
     656.4151434289526605       1.0403945408761501
     656.4153435623749147       0.9181496873497963
     656.4155436957971688       1.0863166078925133
     656.4157438292195366       0.9792064540088177
     656.4159439626417907       0.9502802714705467
     656.4161440960640448       0.9352085813879967
     656.4163442294862989       1.0070225694216788
     656.4165443629086667       1.0222457591444254
     656.4167444963309208       0.8963192924857140
     656.4169446297531749       0.9597625024616718
     656.4171447631754290       0.9770668707787991
     656.4173448965977968       0.9916422097012401
     656.4175450300200509       1.0810881927609444
     656.4177451634423051       1.0149757610633969
     656.4179452968645592       1.0163101162761450
     656.4181454302869270       1.0554603897035122
     656.4183455637091811       0.9679974690079689
     656.4185456971314352       0.9554766640067101
     656.4187458305536893       1.0908762961626053
     656.4189459639759434       1.0065057962201536
     656.4191460973983112       0.9726428240537643
     656.4193462308205653       1.0002591505472083
     656.4195463642428194       1.0616526566445827
     656.4197464976650735       1.0622904263436794
     656.4199466310874413       1.0137039637193084
     656.4201467645096955       1.0514809302985668
     656.4203468979319496       0.8710741847753525
     656.4205470313542037       0.8555815964937210
     656.4207471647765715       0.9973684607539326
     656.4209472981988256       0.9331599399447441
     656.4211474316210797       0.9485409595072269
     656.4213475650433338       1.0117692798376083
     656.4215476984657016       1.0218173358589411
     656.4217478318879557       0.9549807980656624
     656.4219479653102098       1.0718009769916534
     656.4221480987324640       0.9323061332106590
     656.4223482321548317       1.0487339794635773
     656.4225483655770859       1.0416316539049149
     656.4227484989993400       1.0079318769276142
     656.4229486324215941       1.0661944225430489
     656.4231487658439619       1.0323389880359173
     656.4233488992662160       0.9436037763953209
     656.4235490326884701       0.9237867668271065
     656.4237491661107242       1.0081082647666335
     656.4239492995329783       1.0394557639956474
     656.4241494329553461       0.9328238591551781
     656.4243495663776002       0.9964922133367509
     656.4245496997998544       0.9306707307696342
     656.4247498332221085       0.9445538818836212
     656.4249499666444763       0.9145257100462914
     656.4251501000667304       0.9099744707345963
     656.4253502334889845       1.0747906789183617
     656.4255503669112386       1.0726799592375755
     656.4257505003336064       0.9879209985956550
     656.4259506337558605       0.9913256177678704
     656.4261507671781146       0.8792289271950722
     656.4263509006003687       0.9693711157888174
     656.4265510340227365       1.0114256134256721
     656.4267511674449906       1.0835555568337440
     656.4269513008672448       0.9131715074181557
     656.4271514342894989       0.9425841011106968
     656.4273515677118667       1.0317590311169624
     656.4275517011341208       0.9462512731552124
     656.4277518345563749       1.0281618442386389
     656.4279519679786290       0.9845689022913575
     656.4281521014009968       0.9330647662281990
     656.4283522348232509       0.9935960029251873
     656.4285523682455050       1.0429746806621552
     656.4287525016677591       1.1067792177200317
     656.4289526350901269       0.9611122272908688
     656.4291527685123810       0.9251406565308571
     656.4293529019346352       0.9398889243602753
     656.4295530353568893       0.9918246492743492
     656.4297531687791434       0.9539949595928192
     656.4299533022015112       1.0519759617745876
     656.4301534356237653       1.0128223625943065
     656.4303535690460194       1.0743029341101646
     656.4305537024682735       1.0044397669844329
     656.4307538358906413       0.9245413988828659
     656.4309539693128954       0.9582231454551220
     656.4311541027351495       1.0416148193180561
     656.4313542361574036       1.0281842742115259
     656.4315543695797714       1.0465547814965248
     656.4317545030020256       0.9880466535687447
     656.4319546364242797       1.0227893050760031
     656.4321547698465338       0.9869915023446083
     656.4323549032689016       0.9831814952194691
     656.4325550366911557       0.9457399770617485
     656.4327551701134098       0.9261789992451668
     656.4329553035356639       1.0517490170896053
     656.4331554369580317       0.9121553674340248
     656.4333555703802858       0.9802706129848957
     656.4335557038025399       0.9829567167907953
     656.4337558372247940       1.0563883967697620
     656.4339559706471618       0.9539946317672729
     656.4341561040694160       0.9768064152449369
     656.4343562374916701       1.0123077100142837
     656.4345563709139242       0.9606028199195862
     656.4347565043361783       0.9716030508279800
     656.4349566377585461       0.9872338594868779
     656.4351567711808002       0.9795108493417501
     656.4353569046030543       0.9922053306363523
     656.4355570380253084       0.9220173209905624
     656.4357571714476762       0.9978687940165401
     656.4359573048699303       1.0485498532652855
     656.4361574382921845       0.9673603102564812
     656.4363575717144386       1.0509331524372101
     656.4365577051368064       1.0115900710225105
     656.4367578385590605       1.0317639112472534
     656.4369579719813146       0.9762027058750391
     656.4371581054035687       1.0660702511668205
     656.4373582388259365       0.9648855663836002
     656.4375583722481906       1.0098882904276252
     656.4377585056704447       1.0026593999937177
     656.4379586390926988       1.0334771536290646
     656.4381587725150666       0.9995053581078537
     656.4383589059373207       1.0512272007763386
     656.4385590393595749       1.0405548028647900
     656.4387591727818290       1.0483944676816463
     656.4389593062041968       0.9240476861596107
     656.4391594396264509       1.0945069491863251
     656.4393595730487050       0.9604892916977406
     656.4395597064709591       1.0187865719199181
     656.4397598398933269       0.9813830349594355
     656.4399599733155810       1.0308603830635548
     656.4401601067378351       0.9940716610290110
     656.4403602401600892       0.9890702599659562
     656.4405603735823433       0.9926528809592128
     656.4407605070047111       0.9597779922187328
     656.4409606404269653       0.9455535039305687
     656.4411607738492194       1.0421524383127689
     656.4413609072714735       0.9630269557237625
     656.4415610406938413       0.9469957984983921
     656.4417611741160954       0.9674605913460255
     656.4419613075383495       1.0634920969605446
     656.4421614409606036       0.9859418356791139
     656.4423615743829714       0.9681439325213432
     656.4425617078052255       0.9912518830969930
     656.4427618412274796       1.0346975587308407
     656.4429619746497337       0.9973594513721764
     656.4431621080721015       1.0024990604724735
     656.4433622414943557       1.0746887028217316
     656.4435623749166098       1.0588696114718914
     656.4437625083388639       1.1181750223040581
     656.4439626417612317       0.9473337121307850
     656.4441627751834858       1.0084022385999560
     656.4443629086057399       0.9917264850810170
     656.4445630420279940       0.9047212153673172
     656.4447631754503618       0.9294207841157913
     656.4449633088726159       0.9681476689875126
     656.4451634422948700       1.1159443855285645
     656.4453635757171241       1.0509338192641735
     656.4455637091393783       0.9919277634471655
     656.4457638425617461       0.9004351943731308
     656.4459639759840002       1.0269794855266809
     656.4461641094062543       0.9056262224912643
     656.4463642428285084       1.0306822303682566
     656.4465643762508762       1.0297593455761671
     656.4467645096731303       0.9836995676159859
     656.4469646430953844       0.9728531856089830
     656.4471647765176385       0.9832662530243397
     656.4473649099400063       0.9240726679563522
     656.4475650433622604       1.0050185653381050
     656.4477651767845146       0.9447488673031330
     656.4479653102067687       0.8846330493688583
     656.4481654436291365       0.9455573447048664
     656.4483655770513906       1.0281332191079855
     656.4485657104736447       0.9353319257497787
     656.4487658438958988       0.9880956206470728
     656.4489659773182666       0.9478269629180431
     656.4491661107405207       1.1477075517177582
     656.4493662441627748       0.9300918802618980
     656.4495663775850289       0.9257553592324257
     656.4497665110073967       1.0200507137924433
     656.4499666444296508       0.9694414231926203
     656.4501667778519050       0.9182012230157852
     656.4503669112741591       0.8414085656404495
     656.4505670446965269       0.9864171771332622
     656.4507671781187810       1.0357928387820721
     656.4509673115410351       0.9670511968433857
     656.4511674449632892       0.9092172533273697
     656.4513675783855433       1.1139462515711784
     656.4515677118079111       1.0002281163615407
     656.4517678452301652       0.9758617635816336
     656.4519679786524193       1.0693855509161949
     656.4521681120746734       0.9660732187330723
     656.4523682454970412       1.0036330749280751
     656.4525683789192954       0.9242176786065102
     656.4527685123415495       0.9155491441488266
     656.4529686457638036       1.0703912302851677
     656.4531687791861714       0.9358720481395721
     656.4533689126084255       0.9855624483898282
     656.4535690460306796       1.0049390201456845
     656.4537691794529337       0.9495958797633648
     656.4539693128753015       0.9686726666986942
     656.4541694462975556       0.9774471763521433
     656.4543695797198097       0.9931321991607547
     656.4545697131420638       0.9420129284262657
     656.4547698465644316       1.0197924207895994
     656.4549699799866858       0.9293193593621254
     656.4551701134089399       1.0494332388043404
     656.4553702468311940       0.9084085449576378
     656.4555703802535618       0.9177347496151924
     656.4557705136758159       0.9947200012393296
     656.4559706470980700       0.9169723466038704
     656.4561707805203241       1.0103418473154306
     656.4563709139425782       1.0682895705103874
     656.4565710473649460       1.0368032902479172
     656.4567711807872001       0.9912258954718709
     656.4569713142094542       0.9920051191002131
     656.4571714476317084       0.9967975965701044
     656.4573715810540762       0.9568368718028069
     656.4575717144763303       1.1005583927035332
     656.4577718478985844       1.1204613819718361
     656.4579719813208385       0.9713192339986563
     656.4581721147432063       0.9792521428316832
     656.4583722481654604       1.0956807136535645
     656.4585723815877145       0.9673321433365345
     656.4587725150099686       1.0336291156709194
     656.4589726484323364       0.9866555007174611
     656.4591727818545905       0.9638261720538139
     656.4593729152768447       0.9348330721259117
     656.4595730486990988       1.0111869405955076
     656.4597731821214666       0.9835136905312538
     656.4599733155437207       1.0675956681370735
     656.4601734489659748       1.0195484533905983
     656.4603735823882289       0.9635909944772720
     656.4605737158105967       0.9905850421637297
     656.4607738492328508       1.0110043967142701
     656.4609739826551049       1.0998024865984917
     656.4611741160773590       1.0081621045246720
     656.4613742494997268       1.0000826679315651
     656.4615743829219809       1.0195105597376823
     656.4617745163442351       0.9941065758466721
     656.4619746497664892       1.0481787584722042
     656.4621747831887433       1.0658736154437065
     656.4623749166111111       1.0455568060278893
     656.4625750500333652       0.8704363554716110
     656.4627751834556193       1.0077039152383804
     656.4629753168778734       0.9464368708431721
     656.4631754503002412       1.0386646427214146
     656.4633755837224953       0.9501050300896168
     656.4635757171447494       1.0720594748854637
     656.4637758505670035       0.9738295469433069
     656.4639759839893713       0.9164388626813889
     656.4641761174116255       1.0384685769677162
     656.4643762508338796       0.9974904900882393
     656.4645763842561337       1.0339931957423687
     656.4647765176785015       0.9717732388526201
     656.4649766511007556       0.9777505043894053
     656.4651767845230097       0.9610525183379650
     656.4653769179452638       0.9761582221835852
     656.4655770513676316       0.9568430520594120
     656.4657771847898857       0.9362578466534615
     656.4659773182121398       0.9990251444978639
     656.4661774516343939       0.9837199952453375
     656.4663775850567617       1.0269167721271515
     656.4665777184790159       0.9733578525483608
     656.4667778519012700       1.0007711264188401
     656.4669779853235241       1.0327392742037773
     656.4671781187458919       0.9581504687666893
     656.4673782521681460       1.0293945707380772
     656.4675783855904001       1.0595271475613117
     656.4677785190126542       0.9478791281580925
     656.4679786524349083       1.0472616814076900
     656.4681787858572761       1.0832674279808998
     656.4683789192795302       0.9224743768572807
     656.4685790527017843       0.9639933481812477
     656.4687791861240385       0.9117123857140541
     656.4689793195464063       1.0324035845696926
     656.4691794529686604       1.0529003329575062
     656.4693795863909145       0.9457690417766571
     656.4695797198131686       0.9688404910266399
     656.4697798532355364       0.9301330298185349
     656.4699799866577905       1.0161077734082937
     656.4701801200800446       0.9141968861222267
     656.4703802535022987       1.0355127118527889
     656.4705803869246665       1.0171183459460735
     656.4707805203469206       1.0936490446329117
     656.4709806537691748       0.9454280249774456
     656.4711807871914289       1.0215486139059067
     656.4713809206137967       0.9869897868484259
     656.4715810540360508       0.9047474265098572
     656.4717811874583049       0.9640080034732819
     656.4719813208805590       0.8756651729345322
     656.4721814543029268       0.9965624320320785
     656.4723815877251809       0.9726662002503872
     656.4725817211474350       1.0220608748495579
     656.4727818545696891       0.9214411377906799
     656.4729819879919432       1.0094167748466134
     656.4731821214143110       1.0281792227178812
     656.4733822548365652       0.9698470979928970
     656.4735823882588193       1.0487551391124725
     656.4737825216810734       1.0255441050976515
     656.4739826551034412       0.9488312415778637
     656.4741827885256953       1.0657687112689018
     656.4743829219479494       1.0082350680604577
     656.4745830553702035       0.9410713911056519
     656.4747831887925713       1.0435390807688236
     656.4749833222148254       0.9871386121958494
     656.4751834556370795       0.9518336579203606
     656.4753835890593336       1.0655652135610580
     656.4755837224817014       1.0732642039656639
     656.4757838559039556       1.0112281925976276
     656.4759839893262097       1.0056971386075020
     656.4761841227484638       1.0352824889123440
     656.4763842561708316       1.0366036258637905
     656.4765843895930857       0.9969571495894343
     656.4767845230153398       0.9393823072314262
     656.4769846564375939       0.9842374641448259
     656.4771847898599617       1.0158865377306938
     656.4773849232822158       1.0092673404142261
     656.4775850567044699       0.9398117884993553
     656.4777851901267240       1.0097076548263431
     656.4779853235490918       1.0583763793110847
     656.4781854569713460       1.0461085885763168
     656.4783855903936001       1.0721195116639137
     656.4785857238158542       1.0491559244692326
     656.4787858572381083       0.9348172545433044
     656.4789859906604761       0.9890328133478761
     656.4791861240827302       0.9031699895858765
     656.4793862575049843       1.0198832936584949
     656.4795863909272384       0.9670612402260303
     656.4797865243496062       1.0149020617827773
     656.4799866577718603       1.0176299177110195
     656.4801867911941144       0.9382667765021324
     656.4803869246163686       0.9911888102069497
     656.4805870580387364       0.9787857029587030
     656.4807871914609905       1.0251200255006552
     656.4809873248832446       0.9562993571162224
     656.4811874583054987       0.9627881683409214
     656.4813875917278665       1.0405320525169373
     656.4815877251501206       1.0112775517627597
     656.4817878585723747       1.0105786509811878
     656.4819879919946288       1.0341650918126106
     656.4821881254169966       1.0894025340676308
     656.4823882588392507       1.0097721125930548
     656.4825883922615049       0.9632493145763874
     656.4827885256837590       0.9581197984516621
     656.4829886591061268       1.0447950027883053
     656.4831887925283809       1.0043343161232769
     656.4833889259506350       1.0467504039406776
     656.4835890593728891       1.0208014622330666
     656.4837891927951432       1.0554702877998352
     656.4839893262175110       0.9860616624355316
     656.4841894596397651       1.0069756866432726
     656.4843895930620192       1.0926771983504295
     656.4845897264842733       0.8708747476339340
     656.4847898599066411       0.9525474049150944
     656.4849899933288953       1.0915796011686325
     656.4851901267511494       0.8934550657868385
     656.4853902601734035       0.9902443932369351
     656.4855903935957713       0.9816730730235577
     656.4857905270180254       0.9529122114181519
     656.4859906604402795       1.0119716152548790
     656.4861907938625336       1.1271346211433411
     656.4863909272849014       1.0677656680345535
     656.4865910607071555       0.9148759171366692
     656.4867911941294096       0.9905021758750081
     656.4869913275516637       0.9924042448401451
     656.4871914609740315       0.9865475604310632
     656.4873915943962857       1.0114304274320602
     656.4875917278185398       0.9562309831380844
     656.4877918612407939       0.9870500313118100
     656.4879919946631617       0.8931704610586166
     656.4881921280854158       1.0161767285317183
     656.4883922615076699       0.9971242754254490
     656.4885923949299240       1.1047319546341896
     656.4887925283522918       0.9736524093896151
     656.4889926617745459       1.0109165553003550
     656.4891927951968000       1.0375461094081402
     656.4893929286190541       0.9201409965753555
     656.4895930620413083       0.9528636373579502
     656.4897931954636761       1.0345645472407341
     656.4899933288859302       0.9963823270518333
     656.4901934623081843       1.0296535100787878
     656.4903935957304384       0.9781243875622749
     656.4905937291528062       0.9796686917543411
     656.4907938625750603       0.9160923883318901
     656.4909939959973144       1.0457216687500477
     656.4911941294195685       1.0398798249661922
     656.4913942628419363       0.9921705573797226
     656.4915943962641904       1.1116967126727104
     656.4917945296864445       0.9114207476377487
     656.4919946631086987       0.9746730588376522
     656.4921947965310665       1.0209371019154787
     656.4923949299533206       0.9517066702246666
     656.4925950633755747       0.8993743509054184
     656.4927951967978288       1.0699509829282761
     656.4929953302201966       1.0903141796588898
     656.4931954636424507       0.9847718635573983
     656.4933955970647048       1.0888293161988258
     656.4935957304869589       0.9528090544044971
     656.4937958639093267       1.0850391387939453
     656.4939959973315808       1.0431514494121075
     656.4941961307538350       0.9761650618165731
     656.4943962641760891       0.9657805413007736
     656.4945963975983432       0.9148652926087379
     656.4947965310207110       0.9627502337098122
     656.4949966644429651       0.9600836001336575
     656.4951967978652192       1.0056046089157462
     656.4953969312874733       0.9701076857745647
     656.4955970647098411       1.0946410298347473
     656.4957971981320952       0.9321853891015053
     656.4959973315543493       0.8887993097305298
     656.4961974649766034       0.9855188708752394
     656.4963975983989712       0.9908075779676437
     656.4965977318212254       0.8997353687882423
     656.4967978652434795       0.9957234924659133
     656.4969979986657336       0.9726530965417624
     656.4971981320881014       0.9861263604834676
     656.4973982655103555       1.0102677484974265
     656.4975983989326096       1.0761598348617554
     656.4977985323548637       0.9891315223649144
     656.4979986657772315       0.9460646435618401
     656.4981987991994856       0.9088514223694801
     656.4983989326217397       1.0413366071879864
     656.4985990660439938       1.0421486981213093
     656.4987991994663616       1.0008013444021344
     656.4989993328886158       0.9635943137109280
     656.4991994663108699       1.0099956970661879
     656.4993995997331240       1.0436572991311550
     656.4995997331554918       1.0004838163149543
     656.4997998665777459       0.9921811278909445
     656.5000000000000000       0.9849018054082990
