     656.2000000000000455       1.0426760576665401
     656.2002001334222996       1.0585384927690029
     656.2004002668445537       0.9677800312638283
     656.2006004002669215       1.0604815073311329
     656.2008005336891756       0.8971075043082237
     656.2010006671114297       1.0029188422486186
     656.2012008005336838       0.9670453406870365
     656.2014009339560516       1.0718996971845627
     656.2016010673783057       1.0043962416239083
     656.2018012008005599       0.9202502146363258
     656.2020013342228140       1.0017710644751787
     656.2022014676451818       0.9304634556174278
     656.2024016010674359       0.9413237981498241
     656.2026017344896900       0.9594339616596699
     656.2028018679119441       1.0353917330503464
     656.2030020013343119       1.0523757040500641
     656.2032021347565660       0.9611997567117214
     656.2034022681788201       0.9942759415134788
     656.2036024016010742       1.0174951646476984
     656.2038025350234420       1.0281723123043776
     656.2040026684456961       1.0000993945286609
     656.2042028018679503       1.0777169093489647
     656.2044029352902044       1.0741569027304649
     656.2046030687125722       1.0384324118494987
     656.2048032021348263       1.0765444189310074
     656.2050033355570804       1.0219111982733011
     656.2052034689793345       1.0341771803796291
     656.2054036024017023       1.0126474639400840
     656.2056037358239564       1.0386642478406429
     656.2058038692462105       0.9971681288443506
     656.2060040026684646       1.0958752259612083
     656.2062041360907187       0.9657170437276363
     656.2064042695130865       1.0124266669154167
     656.2066044029353407       1.0258063264191151
     656.2068045363575948       0.9671432599425316
     656.2070046697798489       1.0656800121068954
     656.2072048032022167       1.0146243302151561
     656.2074049366244708       0.9673848189413548
     656.2076050700467249       1.0960065275430679
     656.2078052034689790       1.0199821833521128
     656.2080053368913468       0.9754141438752413
     656.2082054703136009       0.9237283170223236
     656.2084056037358550       1.0206226259469986
     656.2086057371581092       0.9911375595256686
     656.2088058705804769       0.9113637283444405
     656.2090060040027311       1.1298021525144577
     656.2092061374249852       0.9836185555905104
     656.2094062708472393       0.8966886401176453
     656.2096064042696071       1.0072321915067732
     656.2098065376918612       1.0871662124991417
     656.2100066711141153       1.0447201170027256
     656.2102068045363694       1.0972141250967979
     656.2104069379587372       0.9618323706090450
     656.2106070713809913       0.9970550786238164
     656.2108072048032454       1.0831534191966057
     656.2110073382254996       1.0471629947423935
     656.2112074716477537       0.9661356844007969
     656.2114076050701215       1.0251905713230371
     656.2116077384923756       1.0736991539597511
     656.2118078719146297       1.0320801474153996
     656.2120080053368838       0.9475462138652802
     656.2122081387592516       0.9962815779726952
     656.2124082721815057       1.0475553274154663
     656.2126084056037598       0.9903720486909151
     656.2128085390260139       0.9968939472455531
     656.2130086724483817       1.0140640381723642
     656.2132088058706358       1.0225481428205967
     656.2134089392928900       0.9840419609099627
     656.2136090727151441       1.0201572682708502
     656.2138092061375119       0.8986411169171333
     656.2140093395597660       0.8869054317474365
     656.2142094729820201       1.0314133614301682
     656.2144096064042742       1.1071533337235451
     656.2146097398266420       1.0039383401162922
     656.2148098732488961       1.0475339330732822
     656.2150100066711502       1.0615612566471100
     656.2152101400934043       0.9775411766022444
     656.2154102735157721       1.0560805387794971
     656.2156104069380262       1.0169278960675001
     656.2158105403602804       0.9464748911559582
     656.2160106737825345       1.0256868582218885
     656.2162108072049023       0.9369200095534325
     656.2164109406271564       0.9670196808874607
     656.2166110740494105       1.0119599206373096
     656.2168112074716646       0.9802026543766260
     656.2170113408939187       0.9552801586687565
     656.2172114743162865       1.0884384214878082
     656.2174116077385406       0.9349931329488754
     656.2176117411607947       1.0559925027191639
     656.2178118745830488       0.9773720148950815
     656.2180120080054166       1.0914190337061882
     656.2182121414276708       1.0275076813995838
     656.2184122748499249       0.9176601618528366
     656.2186124082721790       1.0062902146019042
     656.2188125416945468       1.0659930109977722
     656.2190126751168009       0.9598164930939674
     656.2192128085390550       1.0198279712349176
     656.2194129419613091       0.9523375071585178
     656.2196130753836769       1.0307563189417124
     656.2198132088059310       1.0632992014288902
     656.2200133422281851       0.9513795226812363
     656.2202134756504392       0.9383156299591064
     656.2204136090728070       1.0409946963191032
     656.2206137424950612       0.9490085765719414
     656.2208138759173153       0.9249660596251488
     656.2210140093395694       1.0289515890181065
     656.2212141427619372       1.0439309626817703
     656.2214142761841913       1.0209247916936874
     656.2216144096064454       1.0238882489502430
     656.2218145430286995       1.1022806540131569
     656.2220146764509536       0.9880622616037726
     656.2222148098733214       1.0189765077084303
     656.2224149432955755       0.9857614906504750
     656.2226150767178297       1.0001480178761994
     656.2228152101400838       1.0214713104069233
     656.2230153435624516       0.9273471012711525
     656.2232154769847057       1.0634517669677734
     656.2234156104069598       1.0473621524870396
     656.2236157438292139       1.0343356542289257
     656.2238158772515817       1.0576698593795300
     656.2240160106738358       1.0489718019962311
     656.2242161440960899       1.0122416419908404
     656.2244162775183440       0.9606015570461750
     656.2246164109407118       1.0456878356635571
     656.2248165443629659       0.9812316689640284
     656.2250166777852201       1.0120524922385812
     656.2252168112074742       1.0078420359641314
     656.2254169446298420       1.0303275268524885
     656.2256170780520961       1.0794344991445541
     656.2258172114743502       0.9237436279654503
     656.2260173448966043       1.0278120916336775
     656.2262174783189721       1.0683288946747780
     656.2264176117412262       1.0170561820268631
     656.2266177451634803       0.9611944146454334
     656.2268178785857344       1.0815723761916161
     656.2270180120081022       0.9911314845085144
     656.2272181454303563       0.9300407022237778
     656.2274182788526105       0.9729518312960863
     656.2276184122748646       0.9919150536879897
     656.2278185456971187       1.0537912361323833
     656.2280186791194865       1.0138337016105652
     656.2282188125417406       1.0452171973884106
     656.2284189459639947       1.0240901634097099
     656.2286190793862488       1.0521902404725552
     656.2288192128086166       1.0562557876110077
     656.2290193462308707       1.0504222325980663
     656.2292194796531248       1.0021632323041558
     656.2294196130753789       0.9887683298438787
     656.2296197464977467       1.0651804730296135
     656.2298198799200009       1.0292943026870489
     656.2300200133422550       1.0536017082631588
     656.2302201467645091       1.0451717749238014
     656.2304202801868769       1.0101298587396741
     656.2306204136091310       0.9542927742004395
     656.2308205470313851       0.9655505307018757
     656.2310206804536392       0.9557848162949085
     656.2312208138760070       1.0275457948446274
     656.2314209472982611       0.9567135572433472
     656.2316210807205152       1.0666955932974815
     656.2318212141427693       1.0905753150582314
     656.2320213475651371       0.9197729155421257
     656.2322214809873913       0.9879732364788651
     656.2324216144096454       0.9301415309309959
     656.2326217478318995       0.9450259096920490
     656.2328218812541536       1.0290038082748652
     656.2330220146765214       1.0071764527820051
     656.2332221480987755       1.0334665700793266
     656.2334222815210296       0.9484812803566456
     656.2336224149432837       0.9823153726756573
     656.2338225483656515       0.9721145946532488
     656.2340226817879056       0.9733325205743313
     656.2342228152101598       0.9612309560179710
     656.2344229486324139       0.9412020482122898
     656.2346230820547817       0.9474183022975922
     656.2348232154770358       1.0403730422258377
     656.2350233488992899       0.8744806796312332
     656.2352234823215440       0.9127983227372169
     656.2354236157439118       1.0264792945235968
     656.2356237491661659       1.0178146474063396
     656.2358238825884200       1.0433870181441307
     656.2360240160106741       1.0335762612521648
     656.2362241494330419       1.0358908064663410
     656.2364242828552960       1.0412742607295513
     656.2366244162775502       1.0047990321181715
     656.2368245496998043       1.0081368777900934
     656.2370246831221721       1.0051110959611833
     656.2372248165444262       1.1016912385821342
     656.2374249499666803       0.9516843892633915
     656.2376250833889344       0.9372646212577820
     656.2378252168113022       1.0042322441004217
     656.2380253502335563       0.9814201388508081
     656.2382254836558104       1.0896135792136192
     656.2384256170780645       1.0257618911564350
     656.2386257505003186       0.9386709928512573
     656.2388258839226864       0.9457303695380688
     656.2390260173449406       0.9963330600876361
     656.2392261507671947       0.9053823724389076
     656.2394262841894488       0.9867988945916295
     656.2396264176118166       1.0172633007168770
     656.2398265510340707       1.0543190501630306
     656.2400266844563248       1.0185219515115023
     656.2402268178785789       0.9477162882685661
     656.2404269513009467       0.9581407345831394
     656.2406270847232008       0.8940124884247780
     656.2408272181454549       1.0174412094056606
     656.2410273515677090       1.0383131951093674
     656.2412274849900768       0.9935168661177158
     656.2414276184123310       0.8797125816345215
     656.2416277518345851       0.9570893980562687
     656.2418278852568392       0.9913530824705958
     656.2420280186792070       0.9683700166642666
     656.2422281521014611       1.0112355714663863
     656.2424282855237152       1.0075053693726659
     656.2426284189459693       0.9665884226560593
     656.2428285523683371       1.0327362194657326
     656.2430286857905912       1.1011340618133545
     656.2432288192128453       0.9848524900153279
     656.2434289526350994       0.9601456038653851
     656.2436290860574672       0.9740501157939434
     656.2438292194797214       0.9989454780006781
     656.2440293529019755       1.0368227735161781
     656.2442294863242296       1.0197016391903162
     656.2444296197464837       0.9335910901427269
     656.2446297531688515       0.9503687024116516
     656.2448298865911056       0.9485541880130768
     656.2450300200133597       1.0141860172152519
     656.2452301534356138       0.9088410958647728
     656.2454302868579816       0.9992195394006558
     656.2456304202802357       1.0691764280200005
     656.2458305537024899       0.9238573610782623
     656.2460306871247440       0.9823631513863802
     656.2462308205471118       0.9710068367421627
     656.2464309539693659       1.0275146011263132
     656.2466310873916200       0.9269196391105652
     656.2468312208138741       1.0137443412095308
     656.2470313542362419       0.9720648825168610
     656.2472314876584960       0.9243709519505501
     656.2474316210807501       0.9749102890491486
     656.2476317545030042       0.9692880176007748
     656.2478318879253720       0.9844455402344465
     656.2480320213476261       1.0345973856747150
     656.2482321547698803       1.0097745163366199
     656.2484322881921344       0.9765708427876234
     656.2486324216145022       0.9900664947926998
     656.2488325550367563       1.0296365655958652
     656.2490326884590104       0.9658400602638721
     656.2492328218812645       1.0370314307510853
     656.2494329553035186       0.9046723023056984
     656.2496330887258864       0.9579126425087452
     656.2498332221481405       0.9699856042861938
     656.2500333555703946       1.0613802857697010
     656.2502334889926487       1.0501346699893475
     656.2504336224150165       0.9348605647683144
     656.2506337558372707       0.8666896671056747
     656.2508338892595248       0.8928884491324425
     656.2510340226817789       0.9819904733449221
     656.2512341561041467       1.0402802936732769
     656.2514342895264008       1.0305489879101515
     656.2516344229486549       1.0048579014837742
     656.2518345563709090       0.8815046325325966
     656.2520346897932768       0.9656916111707687
     656.2522348232155309       0.9827641453593969
     656.2524349566377850       1.0496432147920132
     656.2526350900600391       1.0061692204326391
     656.2528352234824069       1.0635031983256340
     656.2530353569046611       0.9072261825203896
     656.2532354903269152       0.9474221467971802
     656.2534356237491693       0.9700647704303265
     656.2536357571715371       1.0087979650124907
     656.2538358905937912       0.8627702593803406
     656.2540360240160453       0.9667031690478325
     656.2542361574382994       1.0348633900284767
     656.2544362908606672       1.0452709756791592
     656.2546364242829213       1.0570583306252956
     656.2548365577051754       1.0566664747893810
     656.2550366911274295       1.0475458987057209
     656.2552368245496837       1.0039517632685602
     656.2554369579720515       1.0063633034005761
     656.2556370913943056       0.9632531926035881
     656.2558372248165597       1.1048503294587135
     656.2560373582388138       1.0176463145762682
     656.2562374916611816       1.0304736252874136
     656.2564376250834357       0.9891562145203352
     656.2566377585056898       0.9929999164305627
     656.2568378919279439       1.0164866577833891
     656.2570380253503117       1.0361897759139538
     656.2572381587725658       0.9398315064609051
     656.2574382921948200       1.0016638918314129
     656.2576384256170741       1.0120587078854442
     656.2578385590394419       1.0309524293988943
     656.2580386924616960       1.0587517917156219
     656.2582388258839501       0.9229691624641418
     656.2584389593062042       1.0163771156221628
     656.2586390927285720       0.9807269051671028
     656.2588392261508261       1.1436278969049454
     656.2590393595730802       1.0738915130496025
     656.2592394929953343       0.9962023205589503
     656.2594396264177021       1.0152510795742273
     656.2596397598399562       0.9286484867334366
     656.2598398932622104       1.0554707348346710
     656.2600400266844645       1.0127769885584712
     656.2602401601067186       0.9596078842878342
     656.2604402935290864       1.0249621812254190
     656.2606404269513405       0.8935283049941063
     656.2608405603735946       1.0343108549714088
     656.2610406937958487       0.9906580820679665
     656.2612408272182165       0.9480762965977192
     656.2614409606404706       0.9612501151859760
     656.2616410940627247       1.0567493326961994
     656.2618412274849788       0.9992074179463089
     656.2620413609073466       1.0791806504130363
     656.2622414943296008       0.9647480919957161
     656.2624416277518549       0.9727446250617504
     656.2626417611741090       1.0022078661713749
     656.2628418945964768       1.0057572009973228
     656.2630420280187309       0.9516692645847797
     656.2632421614409850       1.0214327163994312
     656.2634422948632391       0.9854603679850698
     656.2636424282856069       0.9433523751795292
     656.2638425617078610       1.0777116641402245
     656.2640426951301151       0.9846950722858310
     656.2642428285523692       1.0423671230673790
     656.2644429619747370       1.0889989137649536
     656.2646430953969912       0.9970041732303798
     656.2648432288192453       1.0232436116784811
     656.2650433622414994       0.9795657433569431
     656.2652434956638672       0.9565345533192158
     656.2654436290861213       0.8973556533455849
     656.2656437625083754       0.9990699949557893
     656.2658438959306295       0.9588367529213428
     656.2660440293528836       1.0606706105172634
     656.2662441627752514       0.9449997656047344
     656.2664442961975055       1.0411345735192299
     656.2666444296197596       0.8735347986221313
     656.2668445630420138       0.9965244617778808
     656.2670446964643816       1.0587104968726635
     656.2672448298866357       0.9354133233428001
     656.2674449633088898       1.0461429432034492
     656.2676450967311439       1.0310482662171125
     656.2678452301535117       1.0410071425139904
     656.2680453635757658       1.0911055728793144
     656.2682454969980199       0.9651096500456333
     656.2684456304202740       1.0177949499338865
     656.2686457638426418       0.9994751273188740
     656.2688458972648959       1.0017044686246663
     656.2690460306871501       1.0064639151096344
     656.2692461641094042       0.9768716450780630
     656.2694462975317720       0.9550924003124237
     656.2696464309540261       1.0575315020978451
     656.2698465643762802       0.9333980157971382
     656.2700466977985343       1.0642693266272545
     656.2702468312209021       1.0004542451351881
     656.2704469646431562       0.9965833642054349
     656.2706470980654103       0.9214164093136787
     656.2708472314876644       1.0549615211784840
     656.2710473649099185       1.0242360215634108
     656.2712474983322863       1.0345823764801025
     656.2714476317545405       1.0177973117679358
     656.2716477651767946       0.9999315404857043
     656.2718478985990487       1.0954391583800316
     656.2720480320214165       1.0585435405373573
     656.2722481654436706       0.8989569172263145
     656.2724482988659247       0.9971134229563177
     656.2726484322881788       0.9575424790382385
     656.2728485657105466       0.9485687650740147
     656.2730486991328007       0.9918052610009909
     656.2732488325550548       1.0249756667762995
     656.2734489659773089       1.0015613458817825
     656.2736490993996767       1.0331981293857098
     656.2738492328219309       0.9910647803917527
     656.2740493662441850       1.0658844113349915
     656.2742494996664391       0.9998381234036060
     656.2744496330888069       1.0081275124102831
     656.2746497665110610       1.0335724093019962
     656.2748498999333151       0.9712320677936077
     656.2750500333555692       1.0344843789935112
     656.2752501667779370       1.0047892117872834
     656.2754503002001911       0.9979168565478176
     656.2756504336224452       1.0134403156116605
     656.2758505670446993       0.9974720261525363
     656.2760507004670671       1.0018481792649254
     656.2762508338893213       1.0197079852223396
     656.2764509673115754       0.9925618520937860
     656.2766511007338295       1.1174002513289452
     656.2768512341560836       1.0390330068767071
     656.2770513675784514       1.0510983951389790
     656.2772515010007055       1.0868402346968651
     656.2774516344229596       0.9941570563241839
     656.2776517678452137       1.0363031066954136
     656.2778519012675815       1.0498300604522228
     656.2780520346898356       1.0476743131875992
     656.2782521681120897       1.0711368992924690
     656.2784523015343439       0.9934993609786034
     656.2786524349567117       1.0033384021371603
     656.2788525683789658       0.9832982085645199
     656.2790527018012199       0.9342623427510262
     656.2792528352234740       0.9668455757200718
     656.2794529686458418       0.9377012550830841
     656.2796531020680959       1.0313787795603275
     656.2798532354903500       1.0057648145593703
     656.2800533689126041       0.9135426282882690
     656.2802535023349719       1.0790763124823570
     656.2804536357572260       1.1672295778989792
     656.2806537691794802       1.0498983226716518
     656.2808539026017343       1.0458658747375011
     656.2810540360241021       1.0265544839203358
     656.2812541694463562       0.9274682104587555
     656.2814543028686103       1.0490207150578499
     656.2816544362908644       0.9770320784300566
     656.2818545697131185       0.9922778122127056
     656.2820547031354863       1.0091298958286643
     656.2822548365577404       1.0613214187324047
     656.2824549699799945       0.9461456760764122
     656.2826551034022486       0.9634606800973415
     656.2828552368246164       0.9858347652480006
     656.2830553702468706       1.0765842720866203
     656.2832555036691247       1.0461194664239883
     656.2834556370913788       0.9503389410674572
     656.2836557705137466       1.0714481472969055
     656.2838559039360007       1.0146978348493576
     656.2840560373582548       1.0549551025032997
     656.2842561707805089       0.9678019769489765
     656.2844563042028767       0.9353599324822426
     656.2846564376251308       1.0133894532918930
     656.2848565710473849       0.9729724843055010
     656.2850567044696390       0.9381734617054462
     656.2852568378920068       0.9858119916170835
     656.2854569713142610       0.9579023718833923
     656.2856571047365151       0.9636222161352634
     656.2858572381587692       0.9254414215683937
     656.2860573715811370       0.9659204781055450
     656.2862575050033911       0.9923839904367924
     656.2864576384256452       0.9551408775150776
     656.2866577718478993       0.9887535301968455
     656.2868579052702671       0.9892607638612390
     656.2870580386925212       0.9145499244332314
     656.2872581721147753       0.9915983695536852
     656.2874583055370294       0.9864732082933187
     656.2876584389592836       1.0031361107248813
     656.2878585723816514       1.0561820752918720
     656.2880587058039055       0.9929150086827576
     656.2882588392261596       1.0314374752342701
     656.2884589726484137       0.9776969961822033
     656.2886591060707815       0.9530303664505482
     656.2888592394930356       1.0744096264243126
     656.2890593729152897       1.0274167098104954
     656.2892595063375438       1.0998244285583496
     656.2894596397599116       0.9975781447719783
     656.2896597731821657       0.9678100012242794
     656.2898599066044198       1.0264821108430624
     656.2900600400266740       1.0365304090082645
     656.2902601734490418       0.9996987044578418
     656.2904603068712959       1.0938603803515434
     656.2906604402935500       1.1207315325737000
     656.2908605737158041       0.9964972722809762
     656.2910607071381719       0.9669712744653225
     656.2912608405604260       0.8985478281974792
     656.2914609739826801       0.9952410985715687
     656.2916611074049342       0.9355111792683601
     656.2918612408273020       0.9039082601666451
     656.2920613742495561       1.0378689542412758
     656.2922615076718103       1.0208567269146442
     656.2924616410940644       0.9643078483641148
     656.2926617745164322       1.0214348956942558
     656.2928619079386863       1.0726457759737968
     656.2930620413609404       1.0033018772955984
     656.2932621747831945       0.9822065234184265
     656.2934623082054486       1.0658459812402725
     656.2936624416278164       0.9847657931968570
     656.2938625750500705       1.0235446896404028
     656.2940627084723246       0.8795299753546715
     656.2942628418945787       1.0042619118466973
     656.2944629753169465       1.0181204676628113
     656.2946631087392007       1.0267796311527491
     656.2948632421614548       0.9605032131075859
     656.2950633755837089       0.9975722676608711
     656.2952635090060767       1.0707343444228172
     656.2954636424283308       1.0476530045270920
     656.2956637758505849       1.0242982227355242
     656.2958639092728390       1.0247766152024269
     656.2960640426952068       0.9755717851221561
     656.2962641761174609       1.0254063345491886
     656.2964643095397150       0.9919629497453570
     656.2966644429619691       1.0023149799089879
     656.2968645763843369       0.9572147838771343
     656.2970647098065911       1.0112308440729976
     656.2972648432288452       0.9802352730184793
     656.2974649766510993       1.0622484274208546
     656.2976651100734671       0.9887272724881768
     656.2978652434957212       1.0018173720454797
     656.2980653769179753       1.0865682736039162
     656.2982655103402294       0.9448454789817333
     656.2984656437624835       0.9860364878550172
     656.2986657771848513       0.9539321623742580
     656.2988659106071054       1.0068676071241498
     656.2990660440293595       0.9632293060421944
     656.2992661774516137       0.9162568524479866
     656.2994663108739815       1.0293517000973225
     656.2996664442962356       0.9913339605554938
     656.2998665777184897       0.9256827011704445
     656.3000667111407438       1.0709210261702538
     656.3002668445631116       1.0331446714699268
     656.3004669779853657       1.0407752692699432
     656.3006671114076198       1.0084407245740294
     656.3008672448298739       0.9273810163140297
     656.3010673782522417       1.0429857224225998
     656.3012675116744958       1.0578221380710602
     656.3014676450967499       1.0603648312389851
     656.3016677785190041       1.0116832768544555
     656.3018679119413719       1.0239925906062126
     656.3020680453636260       0.9197888001799583
     656.3022681787858801       0.9892849558964372
     656.3024683122081342       1.0042718984186649
     656.3026684456305020       1.0625232383608818
     656.3028685790527561       0.9576452895998955
     656.3030687124750102       0.9706343263387680
     656.3032688458972643       1.0189858358353376
     656.3034689793196321       1.0467853657901287
     656.3036691127418862       0.9941333881579340
     656.3038692461641403       0.9030836373567581
     656.3040693795863945       1.0506002679467201
     656.3042695130086486       1.0852785632014275
     656.3044696464310164       1.0116861164569855
     656.3046697798532705       1.0638505443930626
     656.3048699132755246       1.0478291064500809
     656.3050700466977787       1.0679009556770325
     656.3052701801201465       0.9720481149852276
     656.3054703135424006       0.9944002851843834
     656.3056704469646547       1.0178660396486521
     656.3058705803869088       0.9424563944339752
     656.3060707138092766       1.0686904340982437
     656.3062708472315308       1.1172497048974037
     656.3064709806537849       0.9602771699428558
     656.3066711140760390       0.9978463347069919
     656.3068712474984068       1.0294414740055799
     656.3070713809206609       0.8890427425503731
     656.3072715143429150       1.0036205784417689
     656.3074716477651691       1.0390893034636974
     656.3076717811875369       0.9184056073427200
     656.3078719146097910       1.0048036249354482
     656.3080720480320451       1.0267098974436522
     656.3082721814542992       1.0048597748391330
     656.3084723148766670       1.0350509993731976
     656.3086724482989212       1.0147637845948339
     656.3088725817211753       0.9503057934343815
     656.3090727151434294       0.9325900450348854
     656.3092728485656835       0.9805498700588942
     656.3094729819880513       0.9921510983258486
     656.3096731154103054       1.0047090770676732
     656.3098732488325595       0.9457404240965843
     656.3100733822548136       1.0161041300743818
     656.3102735156771814       0.9656448997557162
     656.3104736490994355       0.9348741546273229
     656.3106737825216896       1.0940554589033122
     656.3108739159439438       1.0758335068821903
     656.3110740493663116       1.0216367300599807
     656.3112741827885657       0.9848663760349144
     656.3114743162108198       1.0108840083703383
     656.3116744496330739       0.9886524612084009
     656.3118745830554417       1.0194013994187083
     656.3120747164776958       0.9292213544249485
     656.3122748498999499       0.9889286654069945
     656.3124749833222040       1.0807414278387912
     656.3126751167445718       1.0097730001434522
     656.3128752501668259       1.0182125903665780
     656.3130753835890800       0.9826288018375283
     656.3132755170113342       0.9825961403548202
     656.3134756504337020       0.9302646815776071
     656.3136757838559561       1.0181344263254497
     656.3138759172782102       0.9444742538033317
     656.3140760507004643       1.0409091562030381
     656.3142761841228321       0.9926847857419770
     656.3144763175450862       0.9718644674862545
     656.3146764509673403       0.9909837190054830
     656.3148765843895944       0.9450221098949423
     656.3150767178118485       0.9875229438752474
     656.3152768512342163       0.9493691511431670
     656.3154769846564704       1.0189846958935798
     656.3156771180787246       1.0478444807189804
     656.3158772515009787       0.9641430415154063
     656.3160773849233465       1.0408612936651602
     656.3162775183456006       1.0254080723853196
     656.3164776517678547       1.0337125770581617
     656.3166777851901088       0.9819129537557808
     656.3168779186124766       0.9485117010445521
     656.3170780520347307       1.0262818485041874
     656.3172781854569848       1.0579416453201933
     656.3174783188792389       0.9676897636661150
     656.3176784523016067       0.9647370016837614
     656.3178785857238609       1.0258744543582856
     656.3180787191461150       0.9121214894097055
     656.3182788525683691       1.0161249094210649
     656.3184789859907369       0.9757201238762093
     656.3186791194129910       0.8584634655606759
     656.3188792528352451       1.0445071934813850
     656.3190793862574992       0.9950727525044075
     656.3192795196798670       1.0359026923316041
     656.3194796531021211       1.0232627017082025
     656.3196797865243752       1.0141599895194795
     656.3198799199466293       1.0274301580317338
     656.3200800533688835       0.9578242884067166
     656.3202801867912513       1.0125365458642919
     656.3204803202135054       1.0332813468953168
     656.3206804536357595       1.1244158398381707
     656.3208805870580136       1.0012316067364875
     656.3210807204803814       1.0406094758066091
     656.3212808539026355       0.9253521421986319
     656.3214809873248896       1.0665100729180519
     656.3216811207471437       1.0138908931267867
     656.3218812541695115       1.0078844212339613
     656.3220813875917656       0.9864494256550738
     656.3222815210140197       1.0011639851713323
     656.3224816544362739       0.9056474717746723
     656.3226817878586417       1.0037171799811246
     656.3228819212808958       0.9516575797533228
     656.3230820547031499       1.0118745605931085
     656.3232821881254040       1.0003755213235590
     656.3234823215477718       1.0162291239428649
     656.3236824549700259       0.9671698617763065
     656.3238825883922800       0.9529466724268301
     656.3240827218145341       0.9939539652346229
     656.3242828552369019       1.0135535123803128
     656.3244829886591560       1.0145802495733010
     656.3246831220814101       0.9558720183197582
     656.3248832555036643       0.9724076827616998
     656.3250833889260321       0.9468212471483486
     656.3252835223482862       0.9617474410407265
     656.3254836557705403       1.0151689660483731
     656.3256837891927944       1.0678874400524956
     656.3258839226150485       0.9884417632897323
     656.3260840560374163       1.0042726741609453
     656.3262841894596704       0.9827970176746730
     656.3264843228819245       0.9931457896795731
     656.3266844563041786       1.0116134709429878
     656.3268845897265464       1.0487272397775771
     656.3270847231488005       0.9515898399867244
     656.3272848565710547       0.9958539564412922
     656.3274849899933088       0.9331698629914240
     656.3276851234156766       1.0298476723037844
     656.3278852568379307       1.0042612878504160
     656.3280853902601848       0.9735975921323502
     656.3282855236824389       1.0064209318315753
     656.3284856571048067       0.9900951416281606
     656.3286857905270608       0.9795967546664091
     656.3288859239493149       0.9764869815817608
     656.3290860573715690       0.9425090436878539
     656.3292861907939368       1.0460831665962675
     656.3294863242161910       0.9361492402584711
     656.3296864576384451       0.9974033250014335
     656.3298865910606992       0.9626385128691296
     656.3300867244830670       0.9937266574448586
     656.3302868579053211       1.0480462986646002
     656.3304869913275752       0.9589799394140924
     656.3306871247498293       0.9823242476534461
     656.3308872581721971       1.0090458816462404
     656.3310873915944512       0.9965679580919105
     656.3312875250167053       1.0272351668935182
     656.3314876584389594       0.9735548412027485
     656.3316877918612136       0.9585650379071816
     656.3318879252835814       0.9918859214744510
     656.3320880587058355       0.9371390267306082
     656.3322881921280896       0.9789298234976739
     656.3324883255503437       0.8681017721238929
     656.3326884589727115       0.9830740137408714
     656.3328885923949656       0.9519086673570784
     656.3330887258172197       0.9854520574670710
     656.3332888592394738       0.9833163525981844
     656.3334889926618416       0.9538190033836252
     656.3336891260840957       1.0720875801791387
     656.3338892595063498       1.1151058723479914
     656.3340893929286040       1.0396954326199492
     656.3342895263509718       1.0581030143212895
     656.3344896597732259       1.0457613341600362
     656.3346897931954800       0.9887106210161563
     656.3348899266177341       0.9077335816359472
     656.3350900600401019       0.9369729159763021
     656.3352901934623560       0.9653168590609446
     656.3354903268846101       0.9284855319256469
     656.3356904603068642       0.9778209788839098
     656.3358905937292320       0.8489269338079094
     656.3360907271514861       0.9585256048132449
     656.3362908605737402       0.9177496851128008
     656.3364909939959944       0.9710102524161957
     656.3366911274182485       0.9968421870336648
     656.3368912608406163       0.9938095618329924
     656.3370913942628704       0.9739511949029100
     656.3372915276851245       0.9243831148194023
     656.3374916611073786       0.8877851028341049
     656.3376917945297464       0.9473221612835121
     656.3378919279520005       0.9958234621107125
     656.3380920613742546       0.9421915806004666
     656.3382921947965087       0.9224301772577672
     656.3384923282188765       0.8853582765904793
     656.3386924616411306       1.0013771956302366
     656.3388925950633848       0.9352077363167612
     656.3390927284856389       0.9653356990283903
     656.3392928619080067       0.9609080653971395
     656.3394929953302608       0.9708477201041598
     656.3396931287525149       0.9171004266428788
     656.3398932621747690       0.9181833052838795
     656.3400933955971368       0.9538016361337868
     656.3402935290193909       0.9567079627754327
     656.3404936624416450       0.8592406788091256
     656.3406937958638991       0.8412103354702958
     656.3408939292862669       0.8065896525911376
     656.3410940627085211       0.7922532575003538
     656.3412941961307752       0.8349735469603625
     656.3414943295530293       0.8381291489761409
     656.3416944629753971       0.7888428825049105
     656.3418945963976512       0.8484390109276128
     656.3420947298199053       0.7159842083382595
     656.3422948632421594       0.8892102250509606
     656.3424949966644135       0.7639672812410530
     656.3426951300867813       0.8167657415332649
     656.3428952635090354       0.8750950425705610
     656.3430953969312895       0.8215426935957367
     656.3432955303535437       0.7071466674792224
     656.3434956637759115       0.8139129533172387
     656.3436957971981656       0.7503690876584566
     656.3438959306204197       0.8349621529268942
     656.3440960640426738       0.7704002398366536
     656.3442961974650416       0.7706817062879410
     656.3444963308872957       0.7641468246888188
     656.3446964643095498       0.7494155674529197
     656.3448965977318039       0.7869293725229359
     656.3450967311541717       0.7513149182488621
     656.3452968645764258       0.8024792760122101
     656.3454969979986799       0.7240818563362101
     656.3456971314209341       0.7999108406130500
     656.3458972648433019       0.8831057232164097
     656.3460973982655560       0.8777632541675883
     656.3462975316878101       0.7527433223659047
     656.3464976651100642       0.9150329507290590
     656.3466977985324320       0.8225607730745010
     656.3468979319546861       0.8322532958718385
     656.3470980653769402       1.0157849225107947
     656.3472981987991943       0.8602762519857042
     656.3474983322214484       0.9017627858432096
     656.3476984656438162       0.9380108071392956
     656.3478985990660703       0.8452563598424947
     656.3480987324883245       0.8858895051314617
     656.3482988659105786       0.8777000635250701
     656.3484989993329464       0.9487343737599071
     656.3486991327552005       0.9139049203870359
     656.3488992661774546       0.9369207114847340
     656.3490993995997087       0.8219275469264471
     656.3492995330220765       1.0024790334669027
     656.3494996664443306       0.8891574394843174
     656.3496997998665847       0.8565850344592494
     656.3498999332888388       1.0232717499265980
     656.3501000667112066       0.9043238896061365
     656.3503002001334607       1.0223974722991991
     656.3505003335557149       0.9941278647834728
     656.3507004669779690       0.8824847643645708
     656.3509006004003368       0.9205220962323849
     656.3511007338225909       0.9196947293908740
     656.3513008672448450       1.0577934681291432
     656.3515010006670991       0.9594116116576034
     656.3517011340894669       0.9854262186305280
     656.3519012675117210       0.9091674225642039
     656.3521014009339751       1.0367736556914706
     656.3523015343562292       1.0411870296002450
     656.3525016677785970       0.9810126669990216
     656.3527018012008512       1.0252612046039691
     656.3529019346231053       1.0335776618115262
     656.3531020680453594       0.9679781794504858
     656.3533022014676135       1.0315724864534521
     656.3535023348899813       0.9433298686960615
     656.3537024683122354       0.9813418806035862
     656.3539026017344895       1.0752666314988086
     656.3541027351567436       1.0421170007447758
     656.3543028685791114       1.0256651751080714
     656.3545030020013655       0.9454883926736911
     656.3547031354236196       0.9300009211452163
     656.3549032688458738       1.0594532311845821
     656.3551034022682416       0.9893939546462827
     656.3553035356904957       1.0360344163250235
     656.3555036691127498       1.0265492244484631
     656.3557038025350039       0.9121819375885378
     656.3559039359573717       0.9682090481617027
     656.3561040693796258       1.1332887650771899
     656.3563042028018799       1.0486944473440936
     656.3565043362241340       1.0126441120069010
     656.3567044696465018       0.9731729245694341
     656.3569046030687559       0.9501605219938788
     656.3571047364910100       0.8890093180875347
     656.3573048699132642       1.0642775321502851
     656.3575050033356320       0.9655371367552508
     656.3577051367578861       1.0130590283935086
     656.3579052701801402       1.0391124577133777
     656.3581054036023943       1.0151322320897020
     656.3583055370246484       0.9041856579601242
     656.3585056704470162       1.0561526353770265
     656.3587058038692703       1.0679441721260059
     656.3589059372915244       1.0372740465940635
     656.3591060707137785       1.0422672009529161
     656.3593062041361463       0.9903603802580546
     656.3595063375584004       1.0177039753875401
     656.3597064709806546       1.0249888393560778
     656.3599066044029087       0.9849982355654788
     656.3601067378252765       1.0055714769433868
     656.3603068712475306       1.0471240508197246
     656.3605070046697847       1.0553328207436028
     656.3607071380920388       1.1046455165853728
     656.3609072715144066       0.9988137803965736
     656.3611074049366607       1.0314269404282181
     656.3613075383589148       1.0285786193605970
     656.3615076717811689       1.0537696366244471
     656.3617078052035367       1.0433215780180041
     656.3619079386257908       0.9597767690715578
     656.3621080720480450       0.9204993017485134
     656.3623082054702991       1.0519823959134509
     656.3625083388926669       0.9993244197435242
     656.3627084723149210       1.0150975092469392
     656.3629086057371751       1.0993659197200312
     656.3631087391594292       0.9534582361172241
     656.3633088725817970       0.9812218025167651
     656.3635090060040511       0.9005512972632226
     656.3637091394263052       0.9155497931635630
     656.3639092728485593       0.9305913966869542
     656.3641094062708135       0.9792016755120779
     656.3643095396931813       0.9993263461798054
     656.3645096731154354       1.0486799208973765
     656.3647098065376895       1.0109357864637336
     656.3649099399599436       1.0446650723991837
     656.3651100733823114       0.9922690595156676
     656.3653102068045655       1.0053393711179153
     656.3655103402268196       1.0319654881272018
     656.3657104736490737       0.9832553438044987
     656.3659106070714415       1.0579686413681997
     656.3661107404936956       0.9880932809140429
     656.3663108739159497       1.0691237283221904
     656.3665110073382039       1.0557390568032492
     656.3667111407605717       1.0131797123402912
     656.3669112741828258       1.0591270225467770
     656.3671114076050799       0.9787121655480869
     656.3673115410273340       0.9923051799570903
     656.3675116744497018       1.0473923193827950
     656.3677118078719559       1.0382825849862625
     656.3679119412942100       0.9789280868199448
     656.3681120747164641       1.0199730174242365
     656.3683122081388319       1.1317587482233042
     656.3685123415610860       0.9891925742897036
     656.3687124749833401       0.9524993591673372
     656.3689126084055943       1.0591766643034530
     656.3691127418278484       1.0074416553711594
     656.3693128752502162       1.0254326199346742
     656.3695130086724703       1.0316361000717622
     656.3697131420947244       1.0014698112866949
     656.3699132755169785       1.0042429686460033
     656.3701134089393463       1.0102329467638163
     656.3703135423616004       1.0276109128676034
     656.3705136757838545       1.0976958497990288
     656.3707138092061086       1.0840096026395782
     656.3709139426284764       0.9360888674667639
     656.3711140760507305       0.9285577013955275
     656.3713142094729847       0.9125750064755291
     656.3715143428952388       0.9900144142963161
     656.3717144763176066       1.1067370697808756
     656.3719146097398607       0.9256606101956533
     656.3721147431621148       1.0075842277123559
     656.3723148765843689       0.9495133347792987
     656.3725150100067367       1.0233249943692009
     656.3727151434289908       1.0229485798619191
     656.3729152768512449       1.0161481909448344
     656.3731154102734990       0.9508204832669244
     656.3733155436958668       1.0797589868304465
     656.3735156771181209       1.0906423553822597
     656.3737158105403751       1.0152515536172921
     656.3739159439626292       0.9680137969552608
     656.3741160773849970       1.0424948595463639
     656.3743162108072511       0.9687547497450902
     656.3745163442295052       1.0656820610165321
     656.3747164776517593       0.9981800672830827
     656.3749166110740134       1.0321619436144702
     656.3751167444963812       1.1172563359141265
     656.3753168779186353       1.0427701026201190
     656.3755170113408894       0.9612040519714317
     656.3757171447631436       0.9961829746607666
     656.3759172781855113       0.9139118790626508
     656.3761174116077655       0.9744261205196370
     656.3763175450300196       0.9970593065954737
     656.3765176784522737       1.0172595717012878
     656.3767178118746415       1.0305589791387315
     656.3769179452968956       0.9828326981514690
     656.3771180787191497       1.0571787357330322
     656.3773182121414038       1.0336037687957287
     656.3775183455637716       0.9220559373497962
     656.3777184789860257       1.0525840111076832
     656.3779186124082798       1.0354979932308197
     656.3781187458305340       0.9929178175516427
     656.3783188792529018       0.9505631215870380
     656.3785190126751559       0.9795514475554228
     656.3787191460974100       1.0644153580069542
     656.3789192795196641       0.9093227982521057
     656.3791194129420319       1.0239637009799480
     656.3793195463642860       0.9528121091425419
     656.3795196797865401       1.0199092160910368
     656.3797198132087942       0.9723371509462595
     656.3799199466311620       1.0069175558164716
     656.3801200800534161       1.0720186457037926
     656.3803202134756702       0.9851196156814694
     656.3805203468979244       1.0482328645884991
     656.3807204803201785       1.0462205782532692
     656.3809206137425463       1.0409319475293159
     656.3811207471648004       0.9774885792285204
     656.3813208805870545       0.9759894255548716
     656.3815210140093086       1.0355923511087894
     656.3817211474316764       0.9123428836464882
     656.3819212808539305       0.9578145220875740
     656.3821214142761846       1.0527446344494820
     656.3823215476984387       1.0153072467073798
     656.3825216811208065       1.0009889161447063
     656.3827218145430606       0.9799633268266916
     656.3829219479653148       1.0389244928956032
     656.3831220813875689       0.9924303069710732
     656.3833222148099367       1.0569748170673847
     656.3835223482321908       1.0546861588954926
     656.3837224816544449       1.0315605588257313
     656.3839226150766990       0.9904952580109239
     656.3841227484990668       1.0071329334750772
     656.3843228819213209       1.1369532048702240
     656.3845230153435750       1.0886364728212357
     656.3847231487658291       0.9617995992302895
     656.3849232821881969       0.9936516792513430
     656.3851234156104510       0.9659504406154156
     656.3853235490327052       0.9318646863102913
     656.3855236824549593       0.9862102773040533
     656.3857238158772134       1.0060174111276865
     656.3859239492995812       1.0094258850440383
     656.3861240827218353       1.0352488569915295
     656.3863242161440894       1.0111071448773146
     656.3865243495663435       0.9273557886481285
     656.3867244829887113       0.9829077515751123
     656.3869246164109654       1.0026349804829806
     656.3871247498332195       0.9781015124171972
     656.3873248832554737       1.0603051893413067
     656.3875250166778414       0.9523587934672832
     656.3877251501000956       0.9894962301477790
     656.3879252835223497       0.9885702813044190
     656.3881254169446038       1.0061528827063739
     656.3883255503669716       0.9935730351135135
     656.3885256837892257       1.0615128166973591
     656.3887258172114798       1.1161185726523399
     656.3889259506337339       1.0416109226644039
     656.3891260840561017       0.9896849161013961
     656.3893262174783558       0.9846547814086080
     656.3895263509006099       0.9367708861827850
     656.3897264843228641       1.0877875834703445
     656.3899266177452319       1.0495874956250191
     656.3901267511674860       0.9760916065424681
     656.3903268845897401       0.9814690817147493
     656.3905270180119942       0.9485331475734711
     656.3907271514343620       0.9647146947681904
     656.3909272848566161       1.0469663664698601
     656.3911274182788702       0.9360704571008682
     656.3913275517011243       1.0188367608934641
     656.3915276851233784       1.0836777612566948
     656.3917278185457462       0.9633323997259140
     656.3919279519680003       0.9726443737745285
     656.3921280853902545       0.8894335031509399
     656.3923282188125086       0.9834379795938730
     656.3925283522348764       1.1066107898950577
     656.3927284856571305       1.0878925248980522
     656.3929286190793846       0.9976184093393385
     656.3931287525016387       0.9498844072222710
     656.3933288859240065       1.0175482295453548
     656.3935290193462606       0.9549292661249638
     656.3937291527685147       0.9283173754811287
     656.3939292861907688       0.9890464562922716
     656.3941294196131366       0.9671641699969769
     656.3943295530353907       0.9807962607592344
     656.3945296864576449       0.9871391933411360
     656.3947298198798990       1.0868665501475334
     656.3949299533022668       1.0365078486502171
     656.3951300867245209       1.0196275133639574
     656.3953302201467750       1.0436043627560139
     656.3955303535690291       0.9769373722374439
     656.3957304869913969       1.0463758520781994
     656.3959306204136510       1.0246995743364096
     656.3961307538359051       0.9986003226367757
     656.3963308872581592       1.0265715159475803
     656.3965310206804133       0.8957907557487488
     656.3967311541027811       0.9221095591783524
     656.3969312875250353       1.0535337813198566
     656.3971314209472894       0.9902302380651236
     656.3973315543695435       0.9607422724366188
     656.3975316877919113       1.0594889037311077
     656.3977318212141654       0.9347002580761909
     656.3979319546364195       1.0587672293186188
     656.3981320880586736       1.0129375755786896
     656.3983322214810414       0.9264551252126694
     656.3985323549032955       1.0595436058938503
     656.3987324883255496       0.9849750557914376
     656.3989326217478038       0.9345573559403419
     656.3991327551701715       1.0242953430861235
     656.3993328885924257       0.9237170740962029
     656.3995330220146798       0.8467410802841187
     656.3997331554369339       0.9481191560626030
     656.3999332888593017       0.9782021529972553
     656.4001334222815558       1.1234408542513847
     656.4003335557038099       0.9618719294667244
     656.4005336891260640       1.1266026049852371
     656.4007338225484318       0.9603925161063671
     656.4009339559706859       1.0536414049565792
     656.4011340893929400       1.0456710085272789
     656.4013342228151942       1.0910129323601723
     656.4015343562375620       1.0392778813838959
     656.4017344896598161       1.0742938145995140
     656.4019346230820702       1.0445817895233631
     656.4021347565043243       1.0058248806744814
     656.4023348899265784       0.9967422946356237
     656.4025350233489462       1.0218031387776136
     656.4027351567712003       1.0109293814748526
     656.4029352901934544       1.0188365150243044
     656.4031354236157085       1.0557510443031788
     656.4033355570380763       1.0807883068919182
     656.4035356904603304       1.0729999095201492
     656.4037358238825846       0.9533296339213848
     656.4039359573048387       1.0361991934478283
     656.4041360907272065       0.9908624524250627
     656.4043362241494606       0.9674102179706097
     656.4045363575717147       0.9333563819527626
     656.4047364909939688       0.9800205770879984
     656.4049366244163366       1.0112770842388272
     656.4051367578385907       1.0101168975234032
     656.4053368912608448       0.9938430446200073
     656.4055370246830989       0.9664683677256107
     656.4057371581054667       0.9671646058559418
     656.4059372915277208       0.9691200722008944
     656.4061374249499750       1.0804019421339035
     656.4063375583722291       1.0831045731902122
     656.4065376917945969       0.9590669982135296
     656.4067378252168510       0.9633644297719002
     656.4069379586391051       0.9275431632995605
     656.4071380920613592       1.0317585989832878
     656.4073382254836133       0.9700162876397371
     656.4075383589059811       1.0233634058386087
     656.4077384923282352       0.9688100758939981
     656.4079386257504893       1.0569823384284973
     656.4081387591727434       0.9039097651839256
     656.4083388925951112       0.9523315392434597
     656.4085390260173654       1.0109977610409260
     656.4087391594396195       1.0323945730924606
     656.4089392928618736       0.9051008448004723
     656.4091394262842414       0.9252730906009674
     656.4093395597064955       1.0299802310764790
     656.4095396931287496       0.9572214968502522
     656.4097398265510037       1.0629532560706139
     656.4099399599733715       0.9576111920177937
     656.4101400933956256       0.9578873440623283
     656.4103402268178797       1.0247712787240744
     656.4105403602401339       1.0473284088075161
     656.4107404936625016       1.0249194391071796
     656.4109406270847558       0.9972302448004484
     656.4111407605070099       0.9664365388453007
     656.4113408939292640       0.9502153731882572
     656.4115410273516318       0.9491919912397861
     656.4117411607738859       1.1080473884940147
     656.4119412941961400       0.9780838377773762
     656.4121414276183941       0.9095346257090569
     656.4123415610407619       1.0629482343792915
     656.4125416944630160       1.0080655720084906
     656.4127418278852701       0.9808500707149506
     656.4129419613075243       1.0666664615273476
     656.4131420947297784       0.9868006808683276
     656.4133422281521462       0.9855635091662407
     656.4135423615744003       1.0256662648171186
     656.4137424949966544       1.0864921659231186
     656.4139426284189085       0.9983748501399532
     656.4141427618412763       0.9552303776144981
     656.4143428952635304       1.0751281157135963
     656.4145430286857845       0.9829402826726437
     656.4147431621080386       0.9455673098564148
     656.4149432955304064       1.0524790659546852
     656.4151434289526605       0.9814337529242039
     656.4153435623749147       1.0447863824665546
     656.4155436957971688       0.9770630542188883
     656.4157438292195366       1.0141656054183841
     656.4159439626417907       0.9736681096255779
     656.4161440960640448       1.0371057055890560
     656.4163442294862989       0.9911419954150915
     656.4165443629086667       1.0937666893005371
     656.4167444963309208       0.9699697587639093
     656.4169446297531749       1.1020355373620987
     656.4171447631754290       1.0183150265365839
     656.4173448965977968       1.0007432928541675
     656.4175450300200509       1.0239202342927456
     656.4177451634423051       1.0651408582925797
     656.4179452968645592       1.0523971430957317
     656.4181454302869270       1.0412013381719589
     656.4183455637091811       0.9784089121967554
     656.4185456971314352       1.0209866855293512
     656.4187458305536893       1.0044807717204094
     656.4189459639759434       1.0844249948859215
     656.4191460973983112       0.9241137281060219
     656.4193462308205653       0.9185854867100716
     656.4195463642428194       0.9102023169398308
     656.4197464976650735       1.0014227591454983
     656.4199466310874413       1.0999440923333168
     656.4201467645096955       1.0374553799629211
     656.4203468979319496       1.0474056564271450
     656.4205470313542037       0.9919574782252312
     656.4207471647765715       1.0074535505846143
     656.4209472981988256       0.9570775814354420
     656.4211474316210797       0.9748237580060959
     656.4213475650433338       0.9780879318714142
     656.4215476984657016       1.0023346280213445
     656.4217478318879557       0.9157105386257172
     656.4219479653102098       0.9762072097510099
     656.4221480987324640       0.9928542985580862
     656.4223482321548317       1.0300034619867802
     656.4225483655770859       0.9501510299742222
     656.4227484989993400       1.0127856899052858
     656.4229486324215941       1.0223144087940454
     656.4231487658439619       1.0179739985615015
     656.4233488992662160       0.9937525331042707
     656.4235490326884701       0.9307837337255478
     656.4237491661107242       0.9859446436166763
     656.4239492995329783       1.0373254790902138
     656.4241494329553461       1.0620350427925587
     656.4243495663776002       1.0435838215053082
     656.4245496997998544       1.0270696021616459
     656.4247498332221085       0.9719487577676773
     656.4249499666444763       1.0240931753069162
     656.4251501000667304       0.9973977510817349
     656.4253502334889845       1.0434553883969784
     656.4255503669112386       0.9796374328434467
     656.4257505003336064       1.0088996198028326
     656.4259506337558605       0.9730745907872915
     656.4261507671781146       1.0380036793649197
     656.4263509006003687       0.9474187977612019
     656.4265510340227365       0.9986022436060011
     656.4267511674449906       0.9715491235256195
     656.4269513008672448       1.0088585596531630
     656.4271514342894989       1.0825474411249161
     656.4273515677118667       1.0203322749584913
     656.4275517011341208       1.0659185871481895
     656.4277518345563749       1.0698299035429955
     656.4279519679786290       1.0097416630014777
     656.4281521014009968       0.9975589730311185
     656.4283522348232509       0.9621730633080006
     656.4285523682455050       0.9907850446179509
     656.4287525016677591       1.0106849893927574
     656.4289526350901269       0.9584413655102253
     656.4291527685123810       1.1291146129369736
     656.4293529019346352       0.9959514816291630
     656.4295530353568893       1.0296306814998388
     656.4297531687791434       0.8190016001462936
     656.4299533022015112       1.0193791296333075
     656.4301534356237653       1.0063062100671232
     656.4303535690460194       0.9277020767331123
     656.4305537024682735       1.0404834561049938
     656.4307538358906413       0.9846644354984164
     656.4309539693128954       0.9749941136687994
     656.4311541027351495       0.9222795069217682
     656.4313542361574036       1.0337755419313908
     656.4315543695797714       0.9610353186726570
     656.4317545030020256       1.0269015338271856
     656.4319546364242797       0.9853140469640493
     656.4321547698465338       0.9816613420844078
     656.4323549032689016       1.0108771994709969
     656.4325550366911557       0.9795844946056604
     656.4327551701134098       1.0360211506485939
     656.4329553035356639       1.0565878935158253
     656.4331554369580317       1.0023606433533132
     656.4333555703802858       0.9736935365945101
     656.4335557038025399       0.8791974261403084
     656.4337558372247940       0.9401539862155914
     656.4339559706471618       0.9930281587876379
     656.4341561040694160       1.0622791908681393
     656.4343562374916701       0.9350617974996567
     656.4345563709139242       1.0330251306295395
     656.4347565043361783       0.9338866695761681
     656.4349566377585461       1.0230815634131432
     656.4351567711808002       0.9730100054293871
     656.4353569046030543       0.9859205679967999
     656.4355570380253084       0.9804493859410286
     656.4357571714476762       0.8993217945098877
     656.4359573048699303       1.0354596935212612
     656.4361574382921845       0.9046691432595253
     656.4363575717144386       0.9358011558651924
     656.4365577051368064       0.9365542307496071
     656.4367578385590605       1.0338874943554401
     656.4369579719813146       0.9723094273358583
     656.4371581054035687       0.9812800958752632
     656.4373582388259365       1.0055633345618844
     656.4375583722481906       1.0392145179212093
     656.4377585056704447       1.0137159852311015
     656.4379586390926988       1.0656096413731575
     656.4381587725150666       1.0160442553460598
     656.4383589059373207       1.0355808995664120
     656.4385590393595749       0.9997282100957818
     656.4387591727818290       0.9664319939911366
     656.4389593062041968       1.0526441931724548
     656.4391594396264509       0.9679038263857365
     656.4393595730487050       0.9886993868276477
     656.4395597064709591       0.9351863786578178
     656.4397598398933269       0.9883577898144722
     656.4399599733155810       1.0232833456248045
     656.4401601067378351       1.0718571394681931
     656.4403602401600892       0.9456236287951469
     656.4405603735823433       1.0828548222780228
     656.4407605070047111       1.1073461547493935
     656.4409606404269653       1.0012428578920662
     656.4411607738492194       1.0063290596008301
     656.4413609072714735       1.0063647590577602
     656.4415610406938413       0.9964543003588915
     656.4417611741160954       1.0201042201370001
     656.4419613075383495       1.1213025972247124
     656.4421614409606036       1.0127138150855899
     656.4423615743829714       0.9662526734173298
     656.4425617078052255       0.8712036162614822
     656.4427618412274796       1.0052671302109957
     656.4429619746497337       0.9019121229648590
     656.4431621080721015       1.0262125562876463
     656.4433622414943557       0.8880430459976196
     656.4435623749166098       1.0076865213923156
     656.4437625083388639       0.9628298468887806
     656.4439626417612317       0.9395396038889885
     656.4441627751834858       1.0246171951293945
     656.4443629086057399       0.9674013704061508
     656.4445630420279940       1.0010557743953541
     656.4447631754503618       0.9683437533676624
     656.4449633088726159       0.9986028573475778
     656.4451634422948700       1.0406831502914429
     656.4453635757171241       1.0577412247657776
     656.4455637091393783       0.9525072835385799
     656.4457638425617461       0.9771007020026445
     656.4459639759840002       0.9851565090939403
     656.4461641094062543       0.9777049180120230
     656.4463642428285084       1.0298071838915348
     656.4465643762508762       0.9882913352921605
     656.4467645096731303       1.0561654679477215
     656.4469646430953844       1.0279391109943390
     656.4471647765176385       0.9286655783653259
     656.4473649099400063       0.9627193585038185
     656.4475650433622604       1.0313971899449825
     656.4477651767845146       1.0020159881096333
     656.4479653102067687       1.0008793524466455
     656.4481654436291365       1.0236926637589931
     656.4483655770513906       0.9383709318935871
     656.4485657104736447       0.9812355581671000
     656.4487658438958988       0.8814578875899315
     656.4489659773182666       0.9935188256204128
     656.4491661107405207       0.9054530635476112
     656.4493662441627748       1.0500496439635754
     656.4495663775850289       1.0245112553238869
     656.4497665110073967       1.0205935444682837
     656.4499666444296508       0.9912960352376103
     656.4501667778519050       0.9993736508768052
     656.4503669112741591       0.9395746104419231
     656.4505670446965269       1.0316642783582211
     656.4507671781187810       0.9949930431321263
     656.4509673115410351       0.9303815364837646
     656.4511674449632892       1.0242893174290657
     656.4513675783855433       1.0095368614420295
     656.4515677118079111       1.0242592822760344
     656.4517678452301652       1.0586831346154213
     656.4519679786524193       1.0207386370748281
     656.4521681120746734       1.0717702656984329
     656.4523682454970412       1.0256070140749216
     656.4525683789192954       1.0485389493405819
     656.4527685123415495       1.0707551389932632
     656.4529686457638036       1.0580958724021912
     656.4531687791861714       1.0931942015886307
     656.4533689126084255       1.0183108933269978
     656.4535690460306796       0.9414179846644402
     656.4537691794529337       1.0453749299049377
     656.4539693128753015       0.9404377825558186
     656.4541694462975556       1.0687864050269127
     656.4543695797198097       1.1297026723623276
     656.4545697131420638       1.0318014360964298
     656.4547698465644316       1.0027912631630898
     656.4549699799866858       1.0596362650394440
     656.4551701134089399       0.9789455067366362
     656.4553702468311940       0.9948426252231002
     656.4555703802535618       0.9916618792340159
     656.4557705136758159       1.0176504421979189
     656.4559706470980700       1.0555574111640453
     656.4561707805203241       0.9469380602240562
     656.4563709139425782       1.0628948137164116
     656.4565710473649460       0.9997101073386148
     656.4567711807872001       0.9920123144984245
     656.4569713142094542       0.9001226201653481
     656.4571714476317084       0.9690947588533163
     656.4573715810540762       1.0028220508247614
     656.4575717144763303       0.9792461637407541
     656.4577718478985844       1.0416866950690746
     656.4579719813208385       1.0070758955553174
     656.4581721147432063       0.9733508937060833
     656.4583722481654604       0.9966704330872744
     656.4585723815877145       0.9610993452370167
     656.4587725150099686       1.0132001182064414
     656.4589726484323364       1.0228033456951380
     656.4591727818545905       1.0822281688451767
     656.4593729152768447       1.0714319869875908
     656.4595730486990988       0.8609830290079117
     656.4597731821214666       0.9667600095272064
     656.4599733155437207       1.0940309390425682
     656.4601734489659748       0.9528049193322659
     656.4603735823882289       0.9598706476390362
     656.4605737158105967       0.9860994471237063
     656.4607738492328508       0.9981093602254987
     656.4609739826551049       1.0234300028532743
     656.4611741160773590       1.0206034202128649
     656.4613742494997268       0.9764606151729822
     656.4615743829219809       0.9399593509733677
     656.4617745163442351       1.0962878689169884
     656.4619746497664892       1.0395192280411720
     656.4621747831887433       1.0605330951511860
     656.4623749166111111       0.8928369656205177
     656.4625750500333652       1.0342234410345554
     656.4627751834556193       0.9312482178211212
     656.4629753168778734       0.9735059849917889
     656.4631754503002412       1.0256381127983332
     656.4633755837224953       1.0082683423534036
     656.4635757171447494       1.0777535885572433
     656.4637758505670035       1.0273471027612686
     656.4639759839893713       1.0746619850397110
     656.4641761174116255       1.0159599930047989
     656.4643762508338796       0.9512385316193104
     656.4645763842561337       0.9731754381209612
     656.4647765176785015       0.9909352362155914
     656.4649766511007556       0.9748522639274597
     656.4651767845230097       1.0840665921568871
     656.4653769179452638       0.8866848945617676
     656.4655770513676316       0.9536039866507053
     656.4657771847898857       1.0036637585144490
     656.4659773182121398       1.0003558963653632
     656.4661774516343939       0.9821772519499063
     656.4663775850567617       1.0975592732429504
     656.4665777184790159       0.9656486622989178
     656.4667778519012700       1.0194544345140457
     656.4669779853235241       1.0368716865777969
     656.4671781187458919       0.9908756511285901
     656.4673782521681460       1.0816865488886833
     656.4675783855904001       1.0829743668437004
     656.4677785190126542       0.9876715885475278
     656.4679786524349083       0.9823430292308331
     656.4681787858572761       0.9746350143104792
     656.4683789192795302       1.0163956154137850
     656.4685790527017843       1.1150217801332474
     656.4687791861240385       1.0837793350219727
     656.4689793195464063       0.9690339528024197
     656.4691794529686604       0.9847498908638954
     656.4693795863909145       1.0223925597965717
     656.4695797198131686       1.0621425993740559
     656.4697798532355364       1.0132639631628990
     656.4699799866577905       0.9718168545514345
     656.4701801200800446       0.9509414024651051
     656.4703802535022987       1.0116742365062237
     656.4705803869246665       0.9564569629728794
     656.4707805203469206       1.0133700240403414
     656.4709806537691748       0.9905532645061612
     656.4711807871914289       0.9796737320721149
     656.4713809206137967       0.8849929422140121
     656.4715810540360508       0.9631509110331535
     656.4717811874583049       1.0591289997100830
     656.4719813208805590       0.9495185799896717
     656.4721814543029268       0.9729370735585690
     656.4723815877251809       1.0631794333457947
     656.4725817211474350       1.0216621365398169
     656.4727818545696891       1.0166198015213013
     656.4729819879919432       0.9485415630042553
     656.4731821214143110       1.0038324103225023
     656.4733822548365652       1.0534875281155109
     656.4735823882588193       1.0472797304391861
     656.4737825216810734       0.9746363814920187
     656.4739826551034412       1.0266274120658636
     656.4741827885256953       1.0038248363416642
     656.4743829219479494       1.0297061540186405
     656.4745830553702035       1.0482478849589825
     656.4747831887925713       0.9658520780503750
     656.4749833222148254       1.1070352345705032
     656.4751834556370795       0.9994430360966362
     656.4753835890593336       1.0418669469654560
     656.4755837224817014       0.9921663897112012
     656.4757838559039556       1.0325398258864880
     656.4759839893262097       0.9983950929017738
     656.4761841227484638       1.0242577418684959
     656.4763842561708316       0.9607011340558529
     656.4765843895930857       1.0600634999573231
     656.4767845230153398       1.0617759935557842
     656.4769846564375939       0.9681448452174664
     656.4771847898599617       0.9996195780404378
     656.4773849232822158       0.9973310385830700
     656.4775850567044699       0.9488724395632744
     656.4777851901267240       0.9817471783608198
     656.4779853235490918       1.0413889922201633
     656.4781854569713460       1.0251983404159546
     656.4783855903936001       1.0091005675494671
     656.4785857238158542       0.9816480893641710
     656.4787858572381083       0.9642277583479881
     656.4789859906604761       1.0183382760733366
     656.4791861240827302       0.9814711883664131
     656.4793862575049843       1.0273799244314432
     656.4795863909272384       1.0038961842656136
     656.4797865243496062       1.0392335541546345
     656.4799866577718603       0.9537416771054268
     656.4801867911941144       0.9937938381917775
     656.4803869246163686       0.9398427121341228
     656.4805870580387364       0.9926222041249275
     656.4807871914609905       1.0757960677146912
     656.4809873248832446       0.9671944566071033
     656.4811874583054987       0.9789573159068823
     656.4813875917278665       0.9973841079045087
     656.4815877251501206       0.9800607077777386
     656.4817878585723747       0.9725073631852865
     656.4819879919946288       0.9768142700195312
     656.4821881254169966       0.9350739493966103
     656.4823882588392507       1.0077443071641028
     656.4825883922615049       0.8812134116888046
     656.4827885256837590       0.9956492790952325
     656.4829886591061268       0.9210100173950195
     656.4831887925283809       1.0654321610927582
     656.4833889259506350       1.0001980707020266
     656.4835890593728891       1.0232860017567873
     656.4837891927951432       0.9916329625993967
     656.4839893262175110       0.9474767744541168
     656.4841894596397651       1.0147027540951967
     656.4843895930620192       1.0041137365624309
     656.4845897264842733       0.9427693709731102
     656.4847898599066411       1.0372665487229824
     656.4849899933288953       1.0397865697741508
     656.4851901267511494       0.9531801007688046
     656.4853902601734035       1.0790026411414146
     656.4855903935957713       1.0960182175040245
     656.4857905270180254       1.0497541427612305
     656.4859906604402795       1.0294751711189747
     656.4861907938625336       1.0069382661022246
     656.4863909272849014       1.0647384226322174
     656.4865910607071555       1.0429383590817451
     656.4867911941294096       1.0038409647531807
     656.4869913275516637       0.9629745259881020
     656.4871914609740315       1.0306627452373505
     656.4873915943962857       1.0143233193084598
     656.4875917278185398       1.0823924764990807
     656.4877918612407939       1.0135820722207427
     656.4879919946631617       1.0134437745437026
     656.4881921280854158       1.0144400270655751
     656.4883922615076699       0.9715706966817379
     656.4885923949299240       1.0518889911472797
     656.4887925283522918       0.9945811210200191
     656.4889926617745459       0.9463045895099640
     656.4891927951968000       0.9307913258671761
     656.4893929286190541       0.9617927782237530
     656.4895930620413083       1.0245338436216116
     656.4897931954636761       0.9816129449754953
     656.4899933288859302       1.1081373617053032
     656.4901934623081843       1.0004013567231596
     656.4903935957304384       1.1127116605639458
     656.4905937291528062       0.9825931228697300
     656.4907938625750603       1.0025691615883261
     656.4909939959973144       1.0825164020061493
     656.4911941294195685       0.9228698909282684
     656.4913942628419363       1.0072876713238657
     656.4915943962641904       0.9880421515554190
     656.4917945296864445       0.9764882177114487
     656.4919946631086987       0.9352074488997459
     656.4921947965310665       1.0071620568633080
     656.4923949299533206       1.0125213926658034
     656.4925950633755747       0.9876643689349294
     656.4927951967978288       0.9732097033411264
     656.4929953302201966       0.9794636387377977
     656.4931954636424507       1.0053958822973073
     656.4933955970647048       1.0361452624201775
     656.4935957304869589       1.0277701970189810
     656.4937958639093267       0.9827861469238997
     656.4939959973315808       0.8972072079777718
     656.4941961307538350       0.9995883188676089
     656.4943962641760891       0.9325712546706200
     656.4945963975983432       1.0090280380100012
     656.4947965310207110       0.9771415553987026
     656.4949966644429651       0.9352599307894707
     656.4951967978652192       1.0504968650639057
     656.4953969312874733       0.9750847071409225
     656.4955970647098411       1.0247788242995739
     656.4957971981320952       1.0249864514917135
     656.4959973315543493       0.9843276310712099
     656.4961974649766034       1.0607518367469311
     656.4963975983989712       1.0084039485082030
     656.4965977318212254       1.0190308783203363
     656.4967978652434795       1.0123305255547166
     656.4969979986657336       1.0009934653062373
     656.4971981320881014       0.9003235474228859
     656.4973982655103555       1.0546997375786304
     656.4975983989326096       0.9597276039421558
     656.4977985323548637       1.0301960911601782
     656.4979986657772315       1.0707627460360527
     656.4981987991994856       1.0753665789961815
     656.4983989326217397       0.9796780385077000
     656.4985990660439938       0.9462579898536205
     656.4987991994663616       1.0418609939515591
     656.4989993328886158       0.9419972784817219
     656.4991994663108699       0.9289510771632195
     656.4993995997331240       1.0163280665874481
     656.4995997331554918       1.0903648585081100
     656.4997998665777459       1.0049045644700527
     656.5000000000000000       0.9782707132399082
