     656.2000000000000455       1.0048852432519197
     656.2002001334222996       1.0117850629612803
     656.2004002668445537       1.0353821963071823
     656.2006004002669215       1.1112764701247215
     656.2008005336891756       1.0090742371976376
     656.2010006671114297       0.9187076464295387
     656.2012008005336838       0.9781609624624252
     656.2014009339560516       0.9301498830318451
     656.2016010673783057       1.0569030120968819
     656.2018012008005599       1.0008119695703499
     656.2020013342228140       0.8806566223502159
     656.2022014676451818       1.0529164485633373
     656.2024016010674359       1.0926566645503044
     656.2026017344896900       0.9894160414114594
     656.2028018679119441       0.9854904348030686
     656.2030020013343119       1.0037765302695334
     656.2032021347565660       0.9925031168386340
     656.2034022681788201       0.9864378478378057
     656.2036024016010742       0.9968741629272699
     656.2038025350234420       1.0584505200386047
     656.2040026684456961       1.0593937933444977
     656.2042028018679503       1.0722245126962662
     656.2044029352902044       0.9964635926298797
     656.2046030687125722       1.0086489776149392
     656.2048032021348263       0.9909937726333737
     656.2050033355570804       1.0121081667020917
     656.2052034689793345       0.9713887572288513
     656.2054036024017023       0.9693299140781164
     656.2056037358239564       0.9752720464020967
     656.2058038692462105       0.9973243919666857
     656.2060040026684646       1.0738277733325958
     656.2062041360907187       0.9799772910773754
     656.2064042695130865       0.8848539665341377
     656.2066044029353407       1.0678253024816513
     656.2068045363575948       1.0178085695952177
     656.2070046697798489       0.9182026907801628
     656.2072048032022167       1.0203653611242771
     656.2074049366244708       1.0854374542832375
     656.2076050700467249       1.0194123443216085
     656.2078052034689790       1.0410835519433022
     656.2080053368913468       1.0270083732903004
     656.2082054703136009       0.9894323451444507
     656.2084056037358550       0.9411726035177708
     656.2086057371581092       0.9351953640580177
     656.2088058705804769       1.0717172473669052
     656.2090060040027311       0.9874666044488549
     656.2092061374249852       0.9833319112658501
     656.2094062708472393       1.0666914805769920
     656.2096064042696071       1.0229183081537485
     656.2098065376918612       0.9831185750663280
     656.2100066711141153       0.9892935818061233
     656.2102068045363694       0.9887870261445642
     656.2104069379587372       0.9618000201880932
     656.2106070713809913       0.9420528300106525
     656.2108072048032454       0.9868882326409221
     656.2110073382254996       1.0875758677721024
     656.2112074716477537       1.0286276042461395
     656.2114076050701215       1.0750244110822678
     656.2116077384923756       1.0182412918657064
     656.2118078719146297       0.9918586360290647
     656.2120080053368838       1.0576211214065552
     656.2122081387592516       1.0035302713513374
     656.2124082721815057       1.0320745185017586
     656.2126084056037598       0.9856597157195210
     656.2128085390260139       0.9604767225682735
     656.2130086724483817       0.9393671639263630
     656.2132088058706358       0.9607780762016773
     656.2134089392928900       1.0310411211103201
     656.2136090727151441       1.0213728826493025
     656.2138092061375119       1.1197072491049767
     656.2140093395597660       1.0463185720145702
     656.2142094729820201       0.9382218830287457
     656.2144096064042742       0.9772429335862398
     656.2146097398266420       0.9881395520642400
     656.2148098732488961       0.9110297337174416
     656.2150100066711502       0.9199899733066559
     656.2152101400934043       0.9110855534672737
     656.2154102735157721       1.0057724523358047
     656.2156104069380262       1.1254211664199829
     656.2158105403602804       0.9719392228871584
     656.2160106737825345       1.0892270430922508
     656.2162108072049023       0.9691948257386684
     656.2164109406271564       1.0289289094507694
     656.2166110740494105       1.0004315903352108
     656.2168112074716646       0.9756523370742798
     656.2170113408939187       1.0378481522202492
     656.2172114743162865       0.9703658428043127
     656.2174116077385406       0.9687137156724930
     656.2176117411607947       0.9871220663189888
     656.2178118745830488       1.0122824395075440
     656.2180120080054166       0.9652762264013290
     656.2182121414276708       1.0336333438754082
     656.2184122748499249       1.0449120067059994
     656.2186124082721790       1.0191968325525522
     656.2188125416945468       0.9755632951855659
     656.2190126751168009       1.0253248959779739
     656.2192128085390550       0.9549975730478764
     656.2194129419613091       0.9836863186210394
     656.2196130753836769       0.9432454518973827
     656.2198132088059310       0.9660931602120399
     656.2200133422281851       1.0171801261603832
     656.2202134756504392       1.0432745106518269
     656.2204136090728070       0.9830022472888231
     656.2206137424950612       1.0469051152467728
     656.2208138759173153       0.9971850507427007
     656.2210140093395694       1.0311324298381805
     656.2212141427619372       1.0272605028003454
     656.2214142761841913       0.9940508045256138
     656.2216144096064454       1.0202693175524473
     656.2218145430286995       0.9813185464590788
     656.2220146764509536       0.9312165752053261
     656.2222148098733214       0.9256111010909081
     656.2224149432955755       1.0186265595257282
     656.2226150767178297       1.0182959269732237
     656.2228152101400838       0.9744204636663198
     656.2230153435624516       1.0965852513909340
     656.2232154769847057       0.8917074799537659
     656.2234156104069598       0.9652277119457722
     656.2236157438292139       1.0396454781293869
     656.2238158772515817       1.0340847223997116
     656.2240160106738358       1.0402965694665909
     656.2242161440960899       1.0167528707534075
     656.2244162775183440       1.1132512018084526
     656.2246164109407118       1.0058977156877518
     656.2248165443629659       0.9867150010541081
     656.2250166777852201       0.9792384039610624
     656.2252168112074742       0.9480013176798820
     656.2254169446298420       0.9899592362344265
     656.2256170780520961       0.9571125507354736
     656.2258172114743502       1.0221906136721373
     656.2260173448966043       0.9234348312020302
     656.2262174783189721       1.0354286767542362
     656.2264176117412262       1.0369166620075703
     656.2266177451634803       0.9631243534386158
     656.2268178785857344       1.0088855903595686
     656.2270180120081022       1.0291337221860886
     656.2272181454303563       1.0700223967432976
     656.2274182788526105       1.0969286262989044
     656.2276184122748646       0.9782026689499617
     656.2278185456971187       0.9988696577493101
     656.2280186791194865       0.9894896168261766
     656.2282188125417406       0.9438522383570671
     656.2284189459639947       1.0293863806873560
     656.2286190793862488       0.9982340019196272
     656.2288192128086166       1.0315229669213295
     656.2290193462308707       1.1116539761424065
     656.2292194796531248       0.9966819814871997
     656.2294196130753789       0.9821830689907074
     656.2296197464977467       1.0164468437433243
     656.2298198799200009       1.0397500656545162
     656.2300200133422550       1.0677240863442421
     656.2302201467645091       0.9763546492904425
     656.2304202801868769       1.0463044606149197
     656.2306204136091310       1.0395157486200333
     656.2308205470313851       1.0450594983994961
     656.2310206804536392       1.0351915843784809
     656.2312208138760070       1.0921143218874931
     656.2314209472982611       0.9841973092406988
     656.2316210807205152       1.0995255112648010
     656.2318212141427693       1.0631200149655342
     656.2320213475651371       1.0043331398628652
     656.2322214809873913       1.1035183072090149
     656.2324216144096454       1.0779449194669724
     656.2326217478318995       0.9642216674983501
     656.2328218812541536       0.9880022043362260
     656.2330220146765214       1.0188530292361975
     656.2332221480987755       1.0111368587240577
     656.2334222815210296       0.9992265522596426
     656.2336224149432837       0.9971768306568265
     656.2338225483656515       0.9647495895624161
     656.2340226817879056       0.9939443287439644
     656.2342228152101598       1.0308481734246016
     656.2344229486324139       0.9841586332768202
     656.2346230820547817       1.0076963105238974
     656.2348232154770358       1.0002768764970824
     656.2350233488992899       0.9520759470760822
     656.2352234823215440       0.9676131717860699
     656.2354236157439118       0.9023909345269203
     656.2356237491661659       1.0334908850491047
     656.2358238825884200       0.9552869983017445
     656.2360240160106741       1.0211704391986132
     656.2362241494330419       0.9712635446339846
     656.2364242828552960       0.9768234379589558
     656.2366244162775502       0.9941019332036376
     656.2368245496998043       0.9986389565747231
     656.2370246831221721       0.9611211605370045
     656.2372248165444262       1.0122080668807030
     656.2374249499666803       0.9244536459445953
     656.2376250833889344       0.9728807620704174
     656.2378252168113022       0.9862273680046201
     656.2380253502335563       1.0344360806047916
     656.2382254836558104       0.9848134303465486
     656.2384256170780645       1.0286993179470301
     656.2386257505003186       1.0414011739194393
     656.2388258839226864       0.9421712085604668
     656.2390260173449406       1.0347569361329079
     656.2392261507671947       1.0373562611639500
     656.2394262841894488       1.1445982307195663
     656.2396264176118166       1.0343458242714405
     656.2398265510340707       0.9891219083219767
     656.2400266844563248       0.9894060706719756
     656.2402268178785789       0.9937690789811313
     656.2404269513009467       0.9702492151409388
     656.2406270847232008       0.9971431987360120
     656.2408272181454549       0.9416735395789146
     656.2410273515677090       1.0008115375530906
     656.2412274849900768       1.0030423444695771
     656.2414276184123310       1.0078535890206695
     656.2416277518345851       0.9895528182387352
     656.2418278852568392       1.0451859794557095
     656.2420280186792070       1.0242904480546713
     656.2422281521014611       0.9414586350321770
     656.2424282855237152       1.0561404526233673
     656.2426284189459693       1.0329710170626640
     656.2428285523683371       0.9876904767006636
     656.2430286857905912       0.9585947543382645
     656.2432288192128453       0.9713802095502615
     656.2434289526350994       1.0944648310542107
     656.2436290860574672       0.9268347844481468
     656.2438292194797214       0.9280098825693130
     656.2440293529019755       1.0250709559768438
     656.2442294863242296       0.9196079820394516
     656.2444296197464837       1.0946440845727921
     656.2446297531688515       1.0374889075756073
     656.2448298865911056       0.9884000318124890
     656.2450300200133597       0.9953070404008031
     656.2452301534356138       1.0082393353804946
     656.2454302868579816       1.0571653246879578
     656.2456304202802357       0.9565977901220322
     656.2458305537024899       1.0901249200105667
     656.2460306871247440       1.0050149215385318
     656.2462308205471118       1.0075798379257321
     656.2464309539693659       0.9343905597925186
     656.2466310873916200       0.9506166428327560
     656.2468312208138741       0.9811779465526342
     656.2470313542362419       0.8676786571741104
     656.2472314876584960       1.0481062307953835
     656.2474316210807501       1.0432762317359447
     656.2476317545030042       0.9859551489353180
     656.2478318879253720       0.9635053314268589
     656.2480320213476261       1.0228138305246830
     656.2482321547698803       1.0199129283428192
     656.2484322881921344       1.0413600392639637
     656.2486324216145022       1.0122726745903492
     656.2488325550367563       0.9337810650467873
     656.2490326884590104       1.0041690752841532
     656.2492328218812645       1.1000943109393120
     656.2494329553035186       0.9929032423533499
     656.2496330887258864       1.0267844479531050
     656.2498332221481405       0.9500590935349464
     656.2500333555703946       1.0290284305810928
     656.2502334889926487       1.0016989548457786
     656.2504336224150165       1.0434669367969036
     656.2506337558372707       1.0468765832483768
     656.2508338892595248       0.9745644144713879
     656.2510340226817789       1.0325617082417011
     656.2512341561041467       0.9650407321751118
     656.2514342895264008       1.0131078753620386
     656.2516344229486549       0.9586648643016815
     656.2518345563709090       1.0317229479551315
     656.2520346897932768       1.0236187875270844
     656.2522348232155309       0.9847287172451615
     656.2524349566377850       0.9758138302713633
     656.2526350900600391       1.0167453289031982
     656.2528352234824069       0.9571891613304615
     656.2530353569046611       1.0438581183552742
     656.2532354903269152       1.0684296637773514
     656.2534356237491693       0.8995012864470482
     656.2536357571715371       0.9836981315165758
     656.2538358905937912       0.9859672663733363
     656.2540360240160453       1.0490981340408325
     656.2542361574382994       0.9969969580415636
     656.2544362908606672       1.0470697693526745
     656.2546364242829213       0.9679432287812233
     656.2548365577051754       1.0770775452256203
     656.2550366911274295       1.0057531706988811
     656.2552368245496837       0.9724009800702333
     656.2554369579720515       1.0863269045948982
     656.2556370913943056       0.9249302223324776
     656.2558372248165597       1.0315689854323864
     656.2560373582388138       1.0109711429104209
     656.2562374916611816       1.0326173678040504
     656.2564376250834357       1.0793110951781273
     656.2566377585056898       0.9731263928115368
     656.2568378919279439       0.9921144619584084
     656.2570380253503117       1.0079693850129843
     656.2572381587725658       1.0578559041023254
     656.2574382921948200       1.0000553262179892
     656.2576384256170741       0.9508869387209415
     656.2578385590394419       0.9670171439647675
     656.2580386924616960       1.0398242697119713
     656.2582388258839501       1.0193578284233809
     656.2584389593062042       1.0141937956213951
     656.2586390927285720       1.0033732031006366
     656.2588392261508261       1.0156585834920406
     656.2590393595730802       1.0132288634777069
     656.2592394929953343       1.0016270438209176
     656.2594396264177021       1.0189416836947203
     656.2596397598399562       0.9689644481986761
     656.2598398932622104       0.9692320041358471
     656.2600400266844645       0.8730575293302536
     656.2602401601067186       1.0938702523708344
     656.2604402935290864       0.9638522118330002
     656.2606404269513405       1.0528590157628059
     656.2608405603735946       0.9935848456807435
     656.2610406937958487       1.0735379755496979
     656.2612408272182165       0.9755500536412001
     656.2614409606404706       0.9613682068884373
     656.2616410940627247       0.9674255847930908
     656.2618412274849788       0.9219681099057198
     656.2620413609073466       1.0077360505238175
     656.2622414943296008       1.0595350861549377
     656.2624416277518549       1.0247793626040220
     656.2626417611741090       0.9815187864005566
     656.2628418945964768       0.9624306149780750
     656.2630420280187309       0.9218377247452736
     656.2632421614409850       0.9547819830477238
     656.2634422948632391       1.0853930562734604
     656.2636424282856069       0.9478525742888451
     656.2638425617078610       0.9588868282735348
     656.2640426951301151       1.0591318793594837
     656.2642428285523692       0.9769673068076372
     656.2644429619747370       1.0529166050255299
     656.2646430953969912       1.0544148385524750
     656.2648432288192453       0.9332013800740242
     656.2650433622414994       0.9460151605308056
     656.2652434956638672       1.0335008986294270
     656.2654436290861213       1.0394871793687344
     656.2656437625083754       1.0270185451954603
     656.2658438959306295       1.0077867829240859
     656.2660440293528836       1.0938253477215767
     656.2662441627752514       1.0478178523480892
     656.2664442961975055       0.9416595511138439
     656.2666444296197596       0.9490329325199127
     656.2668445630420138       1.0107482224702835
     656.2670446964643816       1.0883360505104065
     656.2672448298866357       1.0198890678584576
     656.2674449633088898       0.9489423669874668
     656.2676450967311439       0.9851922178640962
     656.2678452301535117       0.9223002791404724
     656.2680453635757658       0.9322675466537476
     656.2682454969980199       1.0161750502884388
     656.2684456304202740       0.9026731476187706
     656.2686457638426418       0.9532168246805668
     656.2688458972648959       1.0723239257931709
     656.2690460306871501       0.9819142967462540
     656.2692461641094042       0.9321190938353539
     656.2694462975317720       0.9805283397436142
     656.2696464309540261       0.9203417375683784
     656.2698465643762802       1.0260768570005894
     656.2700466977985343       0.9599012881517410
     656.2702468312209021       0.9860093742609024
     656.2704469646431562       0.9458938539028168
     656.2706470980654103       1.1437369585037231
     656.2708472314876644       0.9954382800497115
     656.2710473649099185       0.9935245886445045
     656.2712474983322863       0.9943565898574889
     656.2714476317545405       1.0275828726589680
     656.2716477651767946       1.0597912184894085
     656.2718478985990487       0.9066388309001923
     656.2720480320214165       1.0413607321679592
     656.2722481654436706       1.0599667914211750
     656.2724482988659247       0.9890562174841762
     656.2726484322881788       1.0319092720746994
     656.2728485657105466       1.0253299213945866
     656.2730486991328007       1.0292693413794041
     656.2732488325550548       1.0287406500428915
     656.2734489659773089       0.9788285903632641
     656.2736490993996767       1.0684160143136978
     656.2738492328219309       0.9760859776288271
     656.2740493662441850       1.0754026398062706
     656.2742494996664391       0.9654461257159710
     656.2744496330888069       0.9656570591032505
     656.2746497665110610       0.9921898324973881
     656.2748498999333151       0.9961529329884797
     656.2750500333555692       0.9514120817184448
     656.2752501667779370       0.9967721204739064
     656.2754503002001911       0.9794787410646677
     656.2756504336224452       1.1146107465028763
     656.2758505670446993       0.9776570275425911
     656.2760507004670671       0.8589786589145660
     656.2762508338893213       0.9797044340521097
     656.2764509673115754       1.0610241889953613
     656.2766511007338295       1.0401564948260784
     656.2768512341560836       1.0306648891419172
     656.2770513675784514       1.0537404231727123
     656.2772515010007055       1.0259660016745329
     656.2774516344229596       0.9941477221436799
     656.2776517678452137       1.0552458055317402
     656.2778519012675815       0.9946291376836598
     656.2780520346898356       1.0024348550941795
     656.2782521681120897       0.9378026947379112
     656.2784523015343439       1.0358478128910065
     656.2786524349567117       0.9739625062793493
     656.2788525683789658       0.8954951390624046
     656.2790527018012199       1.0160437580198050
     656.2792528352234740       1.0187751688063145
     656.2794529686458418       1.0088043166324496
     656.2796531020680959       0.9828874617815018
     656.2798532354903500       0.9916049474850297
     656.2800533689126041       1.0171013362705708
     656.2802535023349719       0.9901096588000655
     656.2804536357572260       1.0819220989942551
     656.2806537691794802       1.0197840500622988
     656.2808539026017343       0.9278198480606079
     656.2810540360241021       0.9938447913154960
     656.2812541694463562       0.9451459087431431
     656.2814543028686103       1.0115140667185187
     656.2816544362908644       1.0212220717221498
     656.2818545697131185       0.9617391787469387
     656.2820547031354863       0.9246638938784599
     656.2822548365577404       1.0122267631813884
     656.2824549699799945       1.0286943167448044
     656.2826551034022486       0.9873584406450391
     656.2828552368246164       1.0805673226714134
     656.2830553702468706       0.9808930084109306
     656.2832555036691247       0.9541113711893559
     656.2834556370913788       1.0365566499531269
     656.2836557705137466       0.9999871731761232
     656.2838559039360007       1.0178720019757748
     656.2840560373582548       1.0178740750998259
     656.2842561707805089       0.9629944153130054
     656.2844563042028767       1.0095761995762587
     656.2846564376251308       1.0107692135497928
     656.2848565710473849       0.9361794665455818
     656.2850567044696390       1.0181191470474005
     656.2852568378920068       0.9238101020455360
     656.2854569713142610       0.9981552056269720
     656.2856571047365151       0.9179614558815956
     656.2858572381587692       0.9166198372840881
     656.2860573715811370       1.0231273118406534
     656.2862575050033911       0.9805500190705061
     656.2864576384256452       1.0023377300240099
     656.2866577718478993       1.0702310130000114
     656.2868579052702671       0.9617894515395164
     656.2870580386925212       1.0603270642459393
     656.2872581721147753       0.9730424229055643
     656.2874583055370294       1.0087903030216694
     656.2876584389592836       1.0620932541787624
     656.2878585723816514       0.9749414231628180
     656.2880587058039055       1.0508210919797421
     656.2882588392261596       0.9567730836570263
     656.2884589726484137       0.9875361425802112
     656.2886591060707815       0.9109282419085503
     656.2888592394930356       1.0958857089281082
     656.2890593729152897       0.8685978651046753
     656.2892595063375438       0.9360201433300972
     656.2894596397599116       0.9669840969145298
     656.2896597731821657       1.0102737210690975
     656.2898599066044198       0.9724306929856539
     656.2900600400266740       0.9619317390024662
     656.2902601734490418       0.8693025857210159
     656.2904603068712959       1.0160540994256735
     656.2906604402935500       1.0278226826339960
     656.2908605737158041       1.0184911694377661
     656.2910607071381719       0.9357145130634308
     656.2912608405604260       0.9008705988526344
     656.2914609739826801       0.9926078929565847
     656.2916611074049342       0.9430039450526237
     656.2918612408273020       0.9298577532172203
     656.2920613742495561       1.0196677073836327
     656.2922615076718103       0.9714851044118404
     656.2924616410940644       0.9481097348034382
     656.2926617745164322       1.0675036236643791
     656.2928619079386863       1.0732685253024101
     656.2930620413609404       1.0323102623224258
     656.2932621747831945       0.9546183533966541
     656.2934623082054486       0.9730028081685305
     656.2936624416278164       0.8934864848852158
     656.2938625750500705       1.0286893751472235
     656.2940627084723246       1.0145297097042203
     656.2942628418945787       1.0129285547882318
     656.2944629753169465       1.0534570217132568
     656.2946631087392007       0.9639027826488018
     656.2948632421614548       0.9558538757264614
     656.2950633755837089       1.0423045530915260
     656.2952635090060767       1.0251297950744629
     656.2954636424283308       0.9772482551634312
     656.2956637758505849       0.9963628689292818
     656.2958639092728390       1.0354985781013966
     656.2960640426952068       0.9687455594539642
     656.2962641761174609       1.1195492967963219
     656.2964643095397150       1.0345566682517529
     656.2966644429619691       1.1121855527162552
     656.2968645763843369       0.9509611167013645
     656.2970647098065911       0.9738320950418711
     656.2972648432288452       0.8820671290159225
     656.2974649766510993       0.9668009094893932
     656.2976651100734671       1.0655457451939583
     656.2978652434957212       0.9769299905747175
     656.2980653769179753       1.0484898127615452
     656.2982655103402294       1.0027790958993137
     656.2984656437624835       0.9739383310079575
     656.2986657771848513       0.9208632260560989
     656.2988659106071054       1.0264128949493170
     656.2990660440293595       0.9561210796236992
     656.2992661774516137       1.0209155064076185
     656.2994663108739815       1.0155844241380692
     656.2996664442962356       0.9413849301636219
     656.2998665777184897       0.9812661688774824
     656.3000667111407438       1.0052349860779941
     656.3002668445631116       0.9436480887234211
     656.3004669779853657       0.9831630215048790
     656.3006671114076198       0.9160295501351357
     656.3008672448298739       1.0901882275938988
     656.3010673782522417       0.9579657912254333
     656.3012675116744958       1.0871295407414436
     656.3014676450967499       0.9383178688585758
     656.3016677785190041       0.9873753068968654
     656.3018679119413719       1.0439784675836563
     656.3020680453636260       0.9694824181497097
     656.3022681787858801       1.0636265575885773
     656.3024683122081342       1.0329176150262356
     656.3026684456305020       1.0687950924038887
     656.3028685790527561       0.9764219876378775
     656.3030687124750102       1.0778419598937035
     656.3032688458972643       1.0549466274678707
     656.3034689793196321       0.9736350420862436
     656.3036691127418862       0.9980524644488469
     656.3038692461641403       0.9493840448558331
     656.3040693795863945       1.0409174673259258
     656.3042695130086486       1.0020660995505750
     656.3044696464310164       1.0595919974148273
     656.3046697798532705       0.9552557319402695
     656.3048699132755246       1.0241324417293072
     656.3050700466977787       0.9856814146041870
     656.3052701801201465       0.9855737220495939
     656.3054703135424006       1.0082113668322563
     656.3056704469646547       0.9633215181529522
     656.3058705803869088       0.9799484964460135
     656.3060707138092766       0.9984566203784198
     656.3062708472315308       0.9247110933065414
     656.3064709806537849       0.9944733893498778
     656.3066711140760390       0.9407701194286346
     656.3068712474984068       0.9991990072303452
     656.3070713809206609       0.9448585547506809
     656.3072715143429150       1.0139886662364006
     656.3074716477651691       1.0672076866030693
     656.3076717811875369       1.0611484125256538
     656.3078719146097910       0.9395651146769524
     656.3080720480320451       1.0189043860882521
     656.3082721814542992       0.8462198674678802
     656.3084723148766670       0.9669250734150410
     656.3086724482989212       1.0041759843006730
     656.3088725817211753       0.8180198371410370
     656.3090727151434294       0.9336488544940948
     656.3092728485656835       0.9197021648287773
     656.3094729819880513       0.9978350785095245
     656.3096731154103054       0.9753473438322544
     656.3098732488325595       0.9575126357376575
     656.3100733822548136       0.9701949954032898
     656.3102735156771814       1.0343845002353191
     656.3104736490994355       1.0283361170440912
     656.3106737825216896       1.0003068468940910
     656.3108739159439438       0.9789482299238443
     656.3110740493663116       0.9723745249211788
     656.3112741827885657       0.9662525020539761
     656.3114743162108198       0.9681905843317509
     656.3116744496330739       1.0387821421027184
     656.3118745830554417       0.9874461898580194
     656.3120747164776958       1.0183560699224472
     656.3122748498999499       0.9707132074981928
     656.3124749833222040       1.0583116970956326
     656.3126751167445718       1.0301017910242081
     656.3128752501668259       1.0142008317634463
     656.3130753835890800       0.9992902107187547
     656.3132755170113342       0.9434428513050079
     656.3134756504337020       1.0371458083391190
     656.3136757838559561       0.9684021063148975
     656.3138759172782102       0.9611252434551716
     656.3140760507004643       0.9842739701271057
     656.3142761841228321       1.0055209510028362
     656.3144763175450862       1.1000734791159630
     656.3146764509673403       1.0581558905541897
     656.3148765843895944       1.0458323098719120
     656.3150767178118485       1.0379926376044750
     656.3152768512342163       0.9627889432013035
     656.3154769846564704       1.1106560379266739
     656.3156771180787246       1.0185052119195461
     656.3158772515009787       0.9679477103054523
     656.3160773849233465       0.9327195212244987
     656.3162775183456006       1.0162374973297119
     656.3164776517678547       1.0585194304585457
     656.3166777851901088       0.9757928606122732
     656.3168779186124766       0.9981809854507446
     656.3170780520347307       0.9580672718584538
     656.3172781854569848       0.9718858692795038
     656.3174783188792389       1.0857317745685577
     656.3176784523016067       0.9989660567371175
     656.3178785857238609       0.9483314566314220
     656.3180787191461150       1.0316291004419327
     656.3182788525683691       0.9917172938585281
     656.3184789859907369       1.0965166538953781
     656.3186791194129910       1.0709940195083618
     656.3188792528352451       0.9831136707216501
     656.3190793862574992       0.9622381478548050
     656.3192795196798670       0.9216138795018196
     656.3194796531021211       1.0596687160432339
     656.3196797865243752       1.0083071915432811
     656.3198799199466293       1.0518619082868099
     656.3200800533688835       0.9729914609342813
     656.3202801867912513       1.0604272298514843
     656.3204803202135054       0.9151550531387329
     656.3206804536357595       0.9688513427972794
     656.3208805870580136       1.0178933683782816
     656.3210807204803814       1.0135780377313495
     656.3212808539026355       0.9843414500355721
     656.3214809873248896       1.0032955601345748
     656.3216811207471437       0.9768190700560808
     656.3218812541695115       0.9965876988135278
     656.3220813875917656       1.0231843758374453
     656.3222815210140197       0.9975598289165646
     656.3224816544362739       1.0016174480551854
     656.3226817878586417       1.0720056667923927
     656.3228819212808958       1.0662772655487061
     656.3230820547031499       1.0476836040616035
     656.3232821881254040       1.0560056343674660
     656.3234823215477718       0.9941920698620379
     656.3236824549700259       1.0885826945304871
     656.3238825883922800       1.0506073497235775
     656.3240827218145341       1.0199068728834391
     656.3242828552369019       0.9965926744043827
     656.3244829886591560       0.9982586115365848
     656.3246831220814101       0.9593012221157551
     656.3248832555036643       1.0317700430750847
     656.3250833889260321       1.0223930962383747
     656.3252835223482862       1.0052963574416935
     656.3254836557705403       1.0233537834137678
     656.3256837891927944       0.9750322885811329
     656.3258839226150485       0.9638567492365837
     656.3260840560374163       0.9892981424927711
     656.3262841894596704       1.0933288782835007
     656.3264843228819245       1.0454464331269264
     656.3266844563041786       1.0117170801386237
     656.3268845897265464       1.0714119598269463
     656.3270847231488005       0.9951300299726427
     656.3272848565710547       0.9209541752934456
     656.3274849899933088       1.0388253256678581
     656.3276851234156766       1.1314348429441452
     656.3278852568379307       0.9007764384150505
     656.3280853902601848       1.0250336658209562
     656.3282855236824389       0.9875522898510098
     656.3284856571048067       0.8965458944439888
     656.3286857905270608       0.9249375090003014
     656.3288859239493149       0.9268978387117386
     656.3290860573715690       0.9081906005740166
     656.3292861907939368       0.9155907705426216
     656.3294863242161910       1.0353496782481670
     656.3296864576384451       1.0204051397740841
     656.3298865910606992       1.0448267422616482
     656.3300867244830670       0.9806809723377228
     656.3302868579053211       0.9508602209389210
     656.3304869913275752       0.9091197699308395
     656.3306871247498293       0.8823889344930649
     656.3308872581721971       0.9953389917500317
     656.3310873915944512       0.9820280615240335
     656.3312875250167053       1.0935492366552353
     656.3314876584389594       0.9759318120777607
     656.3316877918612136       0.9564463235437870
     656.3318879252835814       1.0021452526561916
     656.3320880587058355       1.0197351798415184
     656.3322881921280896       1.0301342159509659
     656.3324883255503437       1.0431263782083988
     656.3326884589727115       1.0188979618251324
     656.3328885923949656       1.0008580028079450
     656.3330887258172197       1.0641716048121452
     656.3332888592394738       1.0722267031669617
     656.3334889926618416       0.9738991651684046
     656.3336891260840957       1.0552232973277569
     656.3338892595063498       1.0940971896052361
     656.3340893929286040       0.9935672930441797
     656.3342895263509718       0.9975005409214646
     656.3344896597732259       0.9957640380598605
     656.3346897931954800       1.0260644983500242
     656.3348899266177341       1.0171632654964924
     656.3350900600401019       1.0031596717890352
     656.3352901934623560       0.8993832319974899
     656.3354903268846101       1.0260185599327087
     656.3356904603068642       1.0283518712967634
     656.3358905937292320       1.0050037833862007
     656.3360907271514861       0.9494959898293018
     656.3362908605737402       1.0221153628081083
     656.3364909939959944       1.0857644304633141
     656.3366911274182485       1.0097580244764686
     656.3368912608406163       0.9425606057047844
     656.3370913942628704       1.0257325414568186
     656.3372915276851245       0.9790761917829514
     656.3374916611073786       0.9914783611893654
     656.3376917945297464       1.0306580755859613
     656.3378919279520005       0.9532124325633049
     656.3380920613742546       0.9802371878176928
     656.3382921947965087       0.9063924029469490
     656.3384923282188765       0.9894788749516010
     656.3386924616411306       1.0423654951155186
     656.3388925950633848       0.9970328221097589
     656.3390927284856389       1.0526682622730732
     656.3392928619080067       1.1053586602210999
     656.3394929953302608       0.9189344868063927
     656.3396931287525149       1.0685144737362862
     656.3398932621747690       0.8429778069257736
     656.3400933955971368       1.0504288673400879
     656.3402935290193909       0.9067744463682175
     656.3404936624416450       1.0123045062646270
     656.3406937958638991       1.0138336662203074
     656.3408939292862669       1.0189156513661146
     656.3410940627085211       1.0111814942210913
     656.3412941961307752       0.9615470059216022
     656.3414943295530293       0.9294807910919189
     656.3416944629753971       1.0047316239215434
     656.3418945963976512       1.1133823543787003
     656.3420947298199053       0.9469584822654724
     656.3422948632421594       1.0154391797259450
     656.3424949966644135       1.0241949539631605
     656.3426951300867813       1.0348297022283077
     656.3428952635090354       0.9854784859344363
     656.3430953969312895       0.9287574365735054
     656.3432955303535437       0.9736076910048723
     656.3434956637759115       1.0103419041261077
     656.3436957971981656       1.0073381261900067
     656.3438959306204197       0.9802005924284458
     656.3440960640426738       0.9984258578624576
     656.3442961974650416       0.9891014331951737
     656.3444963308872957       1.0041765174828470
     656.3446964643095498       1.0417829975485802
     656.3448965977318039       0.9950173292309046
     656.3450967311541717       1.0041955537162721
     656.3452968645764258       1.0126224746927619
     656.3454969979986799       0.9917640071362257
     656.3456971314209341       1.0073036784306169
     656.3458972648433019       0.9689862579107285
     656.3460973982655560       0.9802256226539612
     656.3462975316878101       0.9987590383971110
     656.3464976651100642       1.0434283204376698
     656.3466977985324320       0.9993191722896881
     656.3468979319546861       0.9235544875264168
     656.3470980653769402       0.9327951818704604
     656.3472981987991943       0.9767213463783263
     656.3474983322214484       1.0317888408899305
     656.3476984656438162       1.0083433352410791
     656.3478985990660703       0.9207673743367191
     656.3480987324883245       1.0082070240750904
     656.3482988659105786       1.0154379978775969
     656.3484989993329464       1.1430004686117159
     656.3486991327552005       0.9437299594283084
     656.3488992661774546       0.8767532333731621
     656.3490993995997087       1.0149414213374213
     656.3492995330220765       0.9543637856841022
     656.3494996664443306       0.9629970826208494
     656.3496997998665847       1.0870988890528535
     656.3498999332888388       1.0063540125265504
     656.3501000667112066       1.0105874650180029
     656.3503002001334607       1.0082199992611547
     656.3505003335557149       0.9248255565761851
     656.3507004669779690       1.0616494007407642
     656.3509006004003368       1.0569306127725611
     656.3511007338225909       0.9653785116968475
     656.3513008672448450       0.9885113285851470
     656.3515010006670991       0.9973822031165812
     656.3517011340894669       0.9114866405719256
     656.3519012675117210       1.0602415800085658
     656.3521014009339751       0.9353042319404171
     656.3523015343562292       0.9946453603897519
     656.3525016677785970       1.0205339416835351
     656.3527018012008512       1.0157829765193152
     656.3529019346231053       0.9856144962779425
     656.3531020680453594       1.0285968277528466
     656.3533022014676135       1.0628268197073001
     656.3535023348899813       0.9765088427662725
     656.3537024683122354       0.9788496847986171
     656.3539026017344895       0.9808777458671880
     656.3541027351567436       0.9524868875330930
     656.3543028685791114       0.9880135980792633
     656.3545030020013655       0.9775729513860524
     656.3547031354236196       0.9353127627457246
     656.3549032688458738       1.0803479774252822
     656.3551034022682416       1.0333827471105113
     656.3553035356904957       1.0177074723752888
     656.3555036691127498       0.9674416068656455
     656.3557038025350039       0.9962469967172852
     656.3559039359573717       1.0257738262348677
     656.3561040693796258       1.0368017283260094
     656.3563042028018799       0.9497919701991517
     656.3565043362241340       1.0078080016814530
     656.3567044696465018       1.0148497412429394
     656.3569046030687559       1.0146795132047703
     656.3571047364910100       1.0547004407219904
     656.3573048699132642       1.0632584479398535
     656.3575050033356320       1.1169403632970278
     656.3577051367578861       0.9674992337344777
     656.3579052701801402       1.0389193407525799
     656.3581054036023943       0.9518191056521571
     656.3583055370246484       0.8892886597958725
     656.3585056704470162       0.9504284807030562
     656.3587058038692703       0.9842873908813160
     656.3589059372915244       1.0718751910237312
     656.3591060707137785       1.0185543747885895
     656.3593062041361463       0.9882422653993987
     656.3595063375584004       0.9213824021466636
     656.3597064709806546       0.9947645840591901
     656.3599066044029087       0.9611142676812996
     656.3601067378252765       1.0511847071032623
     656.3603068712475306       0.9791152846975563
     656.3605070046697847       1.0004042519627645
     656.3607071380920388       0.9477900571135712
     656.3609072715144066       1.0242282682334867
     656.3611074049366607       1.0440985893572949
     656.3613075383589148       1.0025435585105831
     656.3615076717811689       0.9149439481706966
     656.3617078052035367       0.9337457766494198
     656.3619079386257908       1.0218478003131821
     656.3621080720480450       1.0355143614411961
     656.3623082054702991       0.9739252961388727
     656.3625083388926669       0.9642163574078829
     656.3627084723149210       1.0834107023985382
     656.3629086057371751       0.9942210859836075
     656.3631087391594292       0.9995873657630884
     656.3633088725817970       1.0396004686565754
     656.3635090060040511       1.0292460801493726
     656.3637091394263052       0.9719283076102405
     656.3639092728485593       0.9833665531569104
     656.3641094062708135       1.0198657368370303
     656.3643095396931813       1.0587258868980782
     656.3645096731154354       0.9765596279274009
     656.3647098065376895       0.9096833552362494
     656.3649099399599436       1.0301554792570955
     656.3651100733823114       1.0765835882308235
     656.3653102068045655       0.9948658956670130
     656.3655103402268196       0.9990588673968749
     656.3657104736490737       0.9935836385053913
     656.3659106070714415       1.0215639617452350
     656.3661107404936956       0.9473221524271286
     656.3663108739159497       0.9372352667106661
     656.3665110073382039       0.9607074882224362
     656.3667111407605717       0.9885675935039603
     656.3669112741828258       0.9818990669385279
     656.3671114076050799       1.0280329454479085
     656.3673115410273340       0.9558018463830490
     656.3675116744497018       1.0079361191661400
     656.3677118078719559       1.0031802775892968
     656.3679119412942100       1.0165962254686394
     656.3681120747164641       1.0472568123565735
     656.3683122081388319       0.9211846192837138
     656.3685123415610860       0.9835992010423599
     656.3687124749833401       0.9679750748590567
     656.3689126084055943       1.0515386019443294
     656.3691127418278484       0.9733462037991203
     656.3693128752502162       0.9333453133586069
     656.3695130086724703       1.0251393946067546
     656.3697131420947244       0.9440995521486366
     656.3699132755169785       1.0059665502110970
     656.3701134089393463       0.9790696265378142
     656.3703135423616004       1.0355173267273217
     656.3705136757838545       0.9048781608012851
     656.3707138092061086       1.0328467001803348
     656.3709139426284764       1.0249233080900439
     656.3711140760507305       0.9488708000451855
     656.3713142094729847       1.0939996500037306
     656.3715143428952388       1.0000572334345827
     656.3717144763176066       0.9960771524183503
     656.3719146097398607       1.0454908292365785
     656.3721147431621148       1.0555958769407572
     656.3723148765843689       0.9772915020711832
     656.3725150100067367       0.9288654480106140
     656.3727151434289908       0.9788323584495195
     656.3729152768512449       1.0032339171061557
     656.3731154102734990       1.0054990753370907
     656.3733155436958668       0.9743848734742184
     656.3735156771181209       0.8792610573020226
     656.3737158105403751       0.9332424660353922
     656.3739159439626292       0.9435521541520974
     656.3741160773849970       0.8886732217287306
     656.3743162108072511       0.9317518712585570
     656.3745163442295052       0.9449854489659177
     656.3747164776517593       0.9967751580486146
     656.3749166110740134       1.0222925628458155
     656.3751167444963812       0.9188903644858926
     656.3753168779186353       0.8388484627149357
     656.3755170113408894       0.8614371843474909
     656.3757171447631436       0.9482477228310490
     656.3759172781855113       0.9130014118850834
     656.3761174116077655       0.9938698907060882
     656.3763175450300196       0.8222531853161502
     656.3765176784522737       0.9506836352134119
     656.3767178118746415       0.8679466943989026
     656.3769179452968956       0.9392959443237777
     656.3771180787191497       0.8284939299147436
     656.3773182121414038       0.8821673317523550
     656.3775183455637716       0.8989356837202549
     656.3777184789860257       0.8589509182267594
     656.3779186124082798       0.7819721146643965
     656.3781187458305340       0.8147830904297304
     656.3783188792529018       0.8994639170574334
     656.3785190126751559       0.8160685101045499
     656.3787191460974100       0.8649465553299903
     656.3789192795196641       0.8182897634236250
     656.3791194129420319       0.7813257039660523
     656.3793195463642860       0.8340055310998591
     656.3795196797865401       0.8275832828250131
     656.3797198132087942       0.7680383156868436
     656.3799199466311620       0.8009627193244924
     656.3801200800534161       0.8275721892115523
     656.3803202134756702       0.8762653609616406
     656.3805203468979244       0.8578543536330543
     656.3807204803201785       0.8448989084913777
     656.3809206137425463       0.7000042676886837
     656.3811207471648004       0.8457669262342261
     656.3813208805870545       0.8092149264312603
     656.3815210140093086       0.8143854289337363
     656.3817211474316764       0.8188553432482014
     656.3819212808539305       0.8228316881746336
     656.3821214142761846       0.7416696589956363
     656.3823215476984387       0.8181015182940423
     656.3825216811208065       0.8422920655839767
     656.3827218145430606       0.7872168331494332
     656.3829219479653148       0.8591254495250421
     656.3831220813875689       0.8824841793993010
     656.3833222148099367       0.7911034022097949
     656.3835223482321908       0.8944076545259915
     656.3837224816544449       0.8984927625708655
     656.3839226150766990       0.8154388120866185
     656.3841227484990668       0.9104141033710651
     656.3843228819213209       0.8871776824148410
     656.3845230153435750       0.8258834150849953
     656.3847231487658291       0.9109877431305909
     656.3849232821881969       0.8104393470256991
     656.3851234156104510       0.8888546500226004
     656.3853235490327052       0.8805762864184078
     656.3855236824549593       0.9390237941826857
     656.3857238158772134       0.9075460035460264
     656.3859239492995812       0.9292438530621805
     656.3861240827218353       0.8957718457145500
     656.3863242161440894       0.8965003409392827
     656.3865243495663435       0.9454391939245361
     656.3867244829887113       0.9022060458728322
     656.3869246164109654       0.9566597072897411
     656.3871247498332195       0.8702944944739243
     656.3873248832554737       0.8802645604763661
     656.3875250166778414       0.9543583513506436
     656.3877251501000956       0.9388347215747366
     656.3879252835223497       0.9292447050005346
     656.3881254169446038       0.9867773159892487
     656.3883255503669716       1.0316024541520434
     656.3885256837892257       0.8716543162070760
     656.3887258172114798       1.0060055108877244
     656.3889259506337339       0.9560863677345897
     656.3891260840561017       0.9930302719751124
     656.3893262174783558       0.9552700577329344
     656.3895263509006099       0.9995068391567252
     656.3897264843228641       0.9625385649337922
     656.3899266177452319       0.9542596508450919
     656.3901267511674860       0.9442618749473460
     656.3903268845897401       0.9768124820669928
     656.3905270180119942       0.9604735191892546
     656.3907271514343620       0.9817711278688581
     656.3909272848566161       0.9465386609382879
     656.3911274182788702       1.0108160777448807
     656.3913275517011243       0.9641608376427391
     656.3915276851233784       0.9610195484383850
     656.3917278185457462       0.9885237930002789
     656.3919279519680003       0.9483104093071889
     656.3921280853902545       0.9871532248849360
     656.3923282188125086       0.9900065169066188
     656.3925283522348764       1.0301051140811455
     656.3927284856571305       0.9540949431383232
     656.3929286190793846       1.0703316768705191
     656.3931287525016387       1.0178034855562323
     656.3933288859240065       0.9151524901613777
     656.3935290193462606       1.0298559031148016
     656.3937291527685147       1.0331378731195215
     656.3939292861907688       0.9868288161524927
     656.3941294196131366       0.9693465017945201
     656.3943295530353907       0.9901267686009787
     656.3945296864576449       1.0023667027352225
     656.3947298198798990       0.9697455933778121
     656.3949299533022668       0.9821497634078673
     656.3951300867245209       0.9527612740116481
     656.3953302201467750       1.1033092089881302
     656.3955303535690291       0.9650126720305100
     656.3957304869913969       1.0139177127081078
     656.3959306204136510       0.9642353948154134
     656.3961307538359051       0.9694978289266213
     656.3963308872581592       0.8890598263578828
     656.3965310206804133       1.0061569970377520
     656.3967311541027811       0.9879031086921093
     656.3969312875250353       1.0666435806837744
     656.3971314209472894       0.9644913946967858
     656.3973315543695435       0.9901919645343574
     656.3975316877919113       1.0536227165428009
     656.3977318212141654       0.8982116742074960
     656.3979319546364195       1.1142975943906310
     656.3981320880586736       1.0354312324141972
     656.3983322214810414       0.9269888876451248
     656.3985323549032955       1.0640808158461699
     656.3987324883255496       0.9946745194777864
     656.3989326217478038       1.0577751926401167
     656.3991327551701715       0.9729232240791095
     656.3993328885924257       1.0136761641938303
     656.3995330220146798       0.9177134391857250
     656.3997331554369339       1.0573598198966858
     656.3999332888593017       1.0254284667673659
     656.4001334222815558       1.0106533591285933
     656.4003335557038099       0.9221567716545558
     656.4005336891260640       1.0473352439845014
     656.4007338225484318       1.0394020319357149
     656.4009339559706859       0.9862146748498443
     656.4011340893929400       1.0039348171049314
     656.4013342228151942       0.9667424066059057
     656.4015343562375620       1.0189980080238494
     656.4017344896598161       1.0097782748265587
     656.4019346230820702       1.0001137580920607
     656.4021347565043243       1.0068287128213738
     656.4023348899265784       0.8905846997843155
     656.4025350233489462       0.9623121754386756
     656.4027351567712003       1.0502635826622464
     656.4029352901934544       1.0297562410984402
     656.4031354236157085       1.0022054531886435
     656.4033355570380763       0.9676525739293638
     656.4035356904603304       0.9636181021994974
     656.4037358238825846       0.9941648510142739
     656.4039359573048387       0.9723587836988005
     656.4041360907272065       0.9904837720262314
     656.4043362241494606       0.9536033433847895
     656.4045363575717147       0.9928021980566426
     656.4047364909939688       1.0111279555572976
     656.4049366244163366       0.9919785608148654
     656.4051367578385907       0.9906747713450164
     656.4053368912608448       1.0388789423813987
     656.4055370246830989       1.0074505642086953
     656.4057371581054667       1.0310436218939296
     656.4059372915277208       0.9878318276368100
     656.4061374249499750       0.9273497830806975
     656.4063375583722291       1.0341682691945620
     656.4065376917945969       1.0584883389747359
     656.4067378252168510       0.9797629880122696
     656.4069379586391051       1.0031919333911943
     656.4071380920613592       1.0146148278514548
     656.4073382254836133       1.0785950347210096
     656.4075383589059811       0.9950128104128372
     656.4077384923282352       0.9982258501402778
     656.4079386257504893       1.0394579544454676
     656.4081387591727434       1.0925815105289718
     656.4083388925951112       1.0330408587946400
     656.4085390260173654       1.0251661986037988
     656.4087391594396195       1.0247083362139233
     656.4089392928618736       0.9635049290917961
     656.4091394262842414       1.0630668327186263
     656.4093395597064955       0.9753643441927043
     656.4095396931287496       0.9998144551342153
     656.4097398265510037       1.0218458697190915
     656.4099399599733715       0.9731113072478537
     656.4101400933956256       1.0625589117403500
     656.4103402268178797       1.0244495775547628
     656.4105403602401339       0.9298177585003706
     656.4107404936625016       0.9287560954688565
     656.4109406270847558       0.8971083164214116
     656.4111407605070099       1.0355067811905672
     656.4113408939292640       0.9284297600388072
     656.4115410273516318       0.9750751703977275
     656.4117411607738859       0.9513677433132914
     656.4119412941961400       0.9398407265543794
     656.4121414276183941       1.0817670673131845
     656.4123415610407619       1.0377227962016993
     656.4125416944630160       0.9305469766259149
     656.4127418278852701       1.0671437308192222
     656.4129419613075243       1.0046793124638478
     656.4131420947297784       0.9795372206717716
     656.4133422281521462       1.0234967637807122
     656.4135423615744003       1.0480903461575504
     656.4137424949966544       0.9768563099205489
     656.4139426284189085       0.9512037783861158
     656.4141427618412763       0.9801778085529802
     656.4143428952635304       1.0022640097886324
     656.4145430286857845       0.9858287917450069
     656.4147431621080386       1.0617812834680080
     656.4149432955304064       0.9114776849746704
     656.4151434289526605       1.0130686806514859
     656.4153435623749147       0.9736264701932669
     656.4155436957971688       0.9846995528787374
     656.4157438292195366       0.9297240749001503
     656.4159439626417907       1.0182205010205507
     656.4161440960640448       0.9111206606030464
     656.4163442294862989       1.0437032505869865
     656.4165443629086667       1.0452238731086254
     656.4167444963309208       0.9919682787731290
     656.4169446297531749       1.0265086721628904
     656.4171447631754290       0.9708586633205414
     656.4173448965977968       0.9231705367565155
     656.4175450300200509       1.0138567434623837
     656.4177451634423051       0.9493557438254356
     656.4179452968645592       0.9927331139333546
     656.4181454302869270       1.0114625385031104
     656.4183455637091811       1.0001733334502205
     656.4185456971314352       1.0029953070916235
     656.4187458305536893       1.0006132069393061
     656.4189459639759434       0.9829674586653709
     656.4191460973983112       0.9906948404386640
     656.4193462308205653       0.8881030753254890
     656.4195463642428194       1.0251014437526464
     656.4197464976650735       0.9556801579892635
     656.4199466310874413       0.9727710951119661
     656.4201467645096955       0.9423130191862583
     656.4203468979319496       1.0195199325680733
     656.4205470313542037       0.9958173525519669
     656.4207471647765715       0.9280447140336037
     656.4209472981988256       0.9134462028741837
     656.4211474316210797       1.0260600838810205
     656.4213475650433338       1.0924237594008446
     656.4215476984657016       0.9890775689855218
     656.4217478318879557       0.9618844501674175
     656.4219479653102098       0.9027382954955101
     656.4221480987324640       1.0670487433671951
     656.4223482321548317       0.8780441731214523
     656.4225483655770859       1.0174319520592690
     656.4227484989993400       0.9653067253530025
     656.4229486324215941       1.0576454997062683
     656.4231487658439619       0.9899068782106042
     656.4233488992662160       0.9881898453459144
     656.4235490326884701       0.9692700523883104
     656.4237491661107242       1.0104539236053824
     656.4239492995329783       1.0630105286836624
     656.4241494329553461       0.9798485822975636
     656.4243495663776002       1.0244613196700811
     656.4245496997998544       1.0515104644000530
     656.4247498332221085       0.9872945602983236
     656.4249499666444763       0.9946308103390038
     656.4251501000667304       1.0833322927355766
     656.4253502334889845       1.0284603480249643
     656.4255503669112386       1.0156303346157074
     656.4257505003336064       1.0064032352529466
     656.4259506337558605       1.0816263407468796
     656.4261507671781146       1.0077524385415018
     656.4263509006003687       0.9986543774139136
     656.4265510340227365       0.9855911927297711
     656.4267511674449906       1.0477074459195137
     656.4269513008672448       0.8946845978498459
     656.4271514342894989       0.9941573715768754
     656.4273515677118667       1.0573717840015888
     656.4275517011341208       0.9997433358221315
     656.4277518345563749       0.9523461535573006
     656.4279519679786290       0.9899022849276662
     656.4281521014009968       1.0501021146774292
     656.4283522348232509       1.0747789144515991
     656.4285523682455050       0.9647619649767876
     656.4287525016677591       0.9817541185766459
     656.4289526350901269       1.0436473675072193
     656.4291527685123810       1.0358122363686562
     656.4293529019346352       1.0366662256419659
     656.4295530353568893       0.9427914619445801
     656.4297531687791434       0.9388926327228546
     656.4299533022015112       1.0286000669002533
     656.4301534356237653       0.9953684671781957
     656.4303535690460194       1.0097749242559075
     656.4305537024682735       0.9670374877750874
     656.4307538358906413       1.0189353786408901
     656.4309539693128954       0.9220813810825348
     656.4311541027351495       0.9615011438727379
     656.4313542361574036       0.9739676769822836
     656.4315543695797714       0.8931145295500755
     656.4317545030020256       1.0523228049278259
     656.4319546364242797       1.0278843082487583
     656.4321547698465338       1.0451664440333843
     656.4323549032689016       0.9733294546604156
     656.4325550366911557       0.9605652801692486
     656.4327551701134098       0.9672265090048313
     656.4329553035356639       1.0238069407641888
     656.4331554369580317       0.9028534069657326
     656.4333555703802858       0.9625891037285328
     656.4335557038025399       0.9238839372992516
     656.4337558372247940       0.9917805483564734
     656.4339559706471618       0.9993089142371900
     656.4341561040694160       1.0021427131723613
     656.4343562374916701       1.0330422371625900
     656.4345563709139242       1.1064482927322388
     656.4347565043361783       0.8977775201201439
     656.4349566377585461       0.9617016315460205
     656.4351567711808002       0.9787887129932642
     656.4353569046030543       0.9526719227433205
     656.4355570380253084       0.9661819078028202
     656.4357571714476762       1.1319866925477982
     656.4359573048699303       0.9337452724575996
     656.4361574382921845       0.9964303486049175
     656.4363575717144386       1.0411764271557331
     656.4365577051368064       0.9107131436467171
     656.4367578385590605       0.9740972016006708
     656.4369579719813146       1.0689832493662834
     656.4371581054035687       0.9853565888479352
     656.4373582388259365       1.1318821758031845
     656.4375583722481906       1.0652796030044556
     656.4377585056704447       1.0160802602767944
     656.4379586390926988       0.9853440774604678
     656.4381587725150666       0.9861068483442068
     656.4383589059373207       0.9844236075878143
     656.4385590393595749       1.0230351891368628
     656.4387591727818290       0.9674256071448326
     656.4389593062041968       1.0132099753245711
     656.4391594396264509       0.9384836554527283
     656.4393595730487050       1.0137986140325665
     656.4395597064709591       1.1227880492806435
     656.4397598398933269       1.0487314164638519
     656.4399599733155810       1.0702895820140839
     656.4401601067378351       0.9658361487090588
     656.4403602401600892       0.9718903508037329
     656.4405603735823433       0.9665434248745441
     656.4407605070047111       0.8964134529232979
     656.4409606404269653       1.0689609199762344
     656.4411607738492194       1.0101652583107352
     656.4413609072714735       1.0379347950220108
     656.4415610406938413       1.0226659961044788
     656.4417611741160954       1.0078349886462092
     656.4419613075383495       1.0054784235544503
     656.4421614409606036       0.9854694530367851
     656.4423615743829714       0.9890155699104071
     656.4425617078052255       0.9862997736781836
     656.4427618412274796       1.0446916744112968
     656.4429619746497337       0.9802043084055185
     656.4431621080721015       0.9526393003761768
     656.4433622414943557       0.9791479930281639
     656.4435623749166098       0.9998320951272035
     656.4437625083388639       0.9725201427936554
     656.4439626417612317       1.0305353160947561
     656.4441627751834858       1.0563636682927608
     656.4443629086057399       0.9219160452485085
     656.4445630420279940       1.0496911555528641
     656.4447631754503618       1.1135422736406326
     656.4449633088726159       0.9269909486174583
     656.4451634422948700       0.9474465437233448
     656.4453635757171241       1.0794256255030632
     656.4455637091393783       0.8895136564970016
     656.4457638425617461       1.0408390574157238
     656.4459639759840002       1.0210740286856890
     656.4461641094062543       0.9287540838122368
     656.4463642428285084       0.9118543267250061
     656.4465643762508762       0.9927191226743162
     656.4467645096731303       0.9817439187318087
     656.4469646430953844       1.0600179135799408
     656.4471647765176385       1.0318476110696793
     656.4473649099400063       1.0004119890218135
     656.4475650433622604       1.0174903161823750
     656.4477651767845146       0.9968268747907132
     656.4479653102067687       0.9357275366783142
     656.4481654436291365       1.0289512258023024
     656.4483655770513906       1.0576864480972290
     656.4485657104736447       1.0675367340445518
     656.4487658438958988       0.9169264882802963
     656.4489659773182666       0.9802361223846674
     656.4491661107405207       0.9560375288128853
     656.4493662441627748       0.9685775488615036
     656.4495663775850289       1.0588044635951519
     656.4497665110073967       0.9150713458657265
     656.4499666444296508       0.7899953573942184
     656.4501667778519050       1.0222763773053885
     656.4503669112741591       1.0336197279393673
     656.4505670446965269       1.0002168973005610
     656.4507671781187810       0.9210005775094032
     656.4509673115410351       0.9949818537570536
     656.4511674449632892       0.9369605630636215
     656.4513675783855433       1.0176855605095625
     656.4515677118079111       1.0320344083011150
     656.4517678452301652       1.0261579006910324
     656.4519679786524193       1.0487116686999798
     656.4521681120746734       1.0283944811671972
     656.4523682454970412       0.9878766629844904
     656.4525683789192954       1.0315262451767921
     656.4527685123415495       0.9851840669289231
     656.4529686457638036       0.9518668316304684
     656.4531687791861714       0.9587210156023502
     656.4533689126084255       1.0483972840011120
     656.4535690460306796       0.9252106994390488
     656.4537691794529337       1.0534687899053097
     656.4539693128753015       0.9734239038079977
     656.4541694462975556       0.9230132177472115
     656.4543695797198097       1.0353201106190681
     656.4545697131420638       1.0447173044085503
     656.4547698465644316       1.0775349214673042
     656.4549699799866858       0.9943421268835664
     656.4551701134089399       0.9417180530726910
     656.4553702468311940       1.0621837340295315
     656.4555703802535618       0.9260020107030869
     656.4557705136758159       0.9039075374603271
     656.4559706470980700       1.0820930227637291
     656.4561707805203241       1.1197679266333580
     656.4563709139425782       0.8679730147123337
     656.4565710473649460       1.0118325678631663
     656.4567711807872001       1.0471819080412388
     656.4569713142094542       1.0448430478572845
     656.4571714476317084       0.9817375876009464
     656.4573715810540762       0.9875092785805464
     656.4575717144763303       1.0369086153805256
     656.4577718478985844       0.9446537494659424
     656.4579719813208385       0.9864205494523048
     656.4581721147432063       1.0206357743591070
     656.4583722481654604       0.9401942603290081
     656.4585723815877145       0.9972365957219154
     656.4587725150099686       1.0506995618343353
     656.4589726484323364       1.0694325789809227
     656.4591727818545905       0.9445969276130199
     656.4593729152768447       0.9486273415386677
     656.4595730486990988       0.9416645951569080
     656.4597731821214666       1.0556474439799786
     656.4599733155437207       1.0762843117117882
     656.4601734489659748       0.9036184325814247
     656.4603735823882289       0.9743424523621798
     656.4605737158105967       1.0320074558258057
     656.4607738492328508       1.0025909822434187
     656.4609739826551049       1.0505830235779285
     656.4611741160773590       1.1063992008566856
     656.4613742494997268       1.0320309363305569
     656.4615743829219809       1.0068617397919297
     656.4617745163442351       1.0454421974718571
     656.4619746497664892       1.0879029855132103
     656.4621747831887433       1.0107254777103662
     656.4623749166111111       1.0376662798225880
     656.4625750500333652       0.9019485786557198
     656.4627751834556193       0.9551981724798679
     656.4629753168778734       0.9955963967368007
     656.4631754503002412       0.9835196975618601
     656.4633755837224953       0.9317200705409050
     656.4635757171447494       0.9767329171299934
     656.4637758505670035       0.9958103839308023
     656.4639759839893713       0.9272074252367020
     656.4641761174116255       0.9778401255607605
     656.4643762508338796       0.9918576115742326
     656.4645763842561337       1.0689473748207092
     656.4647765176785015       1.0024367508012801
     656.4649766511007556       1.0092049213126302
     656.4651767845230097       0.9810211583971977
     656.4653769179452638       1.0954533368349075
     656.4655770513676316       1.0699002370238304
     656.4657771847898857       1.0466164350509644
     656.4659773182121398       0.9380484856665134
     656.4661774516343939       1.0773340463638306
     656.4663775850567617       1.0265152752399445
     656.4665777184790159       0.9078345447778702
     656.4667778519012700       1.0391756035387516
     656.4669779853235241       1.0779940113425255
     656.4671781187458919       0.9573214016854763
     656.4673782521681460       1.1145497187972069
     656.4675783855904001       0.8734445124864578
     656.4677785190126542       1.0180224273353815
     656.4679786524349083       1.0653308257460594
     656.4681787858572761       0.9830736722797155
     656.4683789192795302       1.0034451920073479
     656.4685790527017843       0.9953881418332458
     656.4687791861240385       1.0373848602175713
     656.4689793195464063       1.0543625131249428
     656.4691794529686604       0.9898628126829863
     656.4693795863909145       0.9937592293135822
     656.4695797198131686       0.9919867515563965
     656.4697798532355364       0.9706278797239065
     656.4699799866577905       0.9793926868587732
     656.4701801200800446       0.9844492198899388
     656.4703802535022987       0.9126083254814148
     656.4705803869246665       0.9617823399603367
     656.4707805203469206       1.0388714484870434
     656.4709806537691748       0.9905617022886872
     656.4711807871914289       0.9819073900580406
     656.4713809206137967       0.9904735907912254
     656.4715810540360508       1.0480740480124950
     656.4717811874583049       0.9315572232007980
     656.4719813208805590       0.9086624458432198
     656.4721814543029268       1.0077732019126415
     656.4723815877251809       1.0569910071790218
     656.4725817211474350       1.0246952883899212
     656.4727818545696891       1.0727349743247032
     656.4729819879919432       1.0090757096186280
     656.4731821214143110       1.0100414920598269
     656.4733822548365652       1.0751118212938309
     656.4735823882588193       0.9823344480246305
     656.4737825216810734       0.9255569651722908
     656.4739826551034412       0.9387190937995911
     656.4741827885256953       0.9903595494106412
     656.4743829219479494       0.9988570214482024
     656.4745830553702035       0.9312479570508003
     656.4747831887925713       1.0361030176281929
     656.4749833222148254       0.9956401800736785
     656.4751834556370795       1.0029661632142961
     656.4753835890593336       0.9986231388757005
     656.4755837224817014       1.0276341587305069
     656.4757838559039556       0.9825331661850214
     656.4759839893262097       1.0223615821450949
     656.4761841227484638       0.9355563148856163
     656.4763842561708316       1.0384156964719296
     656.4765843895930857       0.8962795510888100
     656.4767845230153398       1.0379023738205433
     656.4769846564375939       0.9554507657885551
     656.4771847898599617       0.9208734706044197
     656.4773849232822158       1.0452533774077892
     656.4775850567044699       0.9773127399384975
     656.4777851901267240       0.9331998229026794
     656.4779853235490918       1.0438519828021526
     656.4781854569713460       1.0205301102250814
     656.4783855903936001       1.0288351159542799
     656.4785857238158542       1.0160086359828711
     656.4787858572381083       1.0469722636044025
     656.4789859906604761       1.0038082753308117
     656.4791861240827302       0.9818732831627131
     656.4793862575049843       0.9767654631286860
     656.4795863909272384       1.0425692312419415
     656.4797865243496062       1.0133019611239433
     656.4799866577718603       0.9933997429907322
     656.4801867911941144       0.9805585816502571
     656.4803869246163686       1.0720678791403770
     656.4805870580387364       0.9786250535398722
     656.4807871914609905       0.9581687450408936
     656.4809873248832446       1.0668585225939751
     656.4811874583054987       1.0097376490011811
     656.4813875917278665       0.9971060517709702
     656.4815877251501206       1.0628805905580521
     656.4817878585723747       0.9914273042231798
     656.4819879919946288       1.0298698674887419
     656.4821881254169966       1.0497577004134655
     656.4823882588392507       0.8957064002752304
     656.4825883922615049       0.9953119959682226
     656.4827885256837590       0.9764343705028296
     656.4829886591061268       1.1032530590891838
     656.4831887925283809       1.0358174555003643
     656.4833889259506350       1.0859792083501816
     656.4835890593728891       1.0575929880142212
     656.4837891927951432       1.0398941077291965
     656.4839893262175110       0.9087077751755714
     656.4841894596397651       1.0197460837662220
     656.4843895930620192       0.9285897091031075
     656.4845897264842733       1.0511298291385174
     656.4847898599066411       1.0419363118708134
     656.4849899933288953       1.0428392514586449
     656.4851901267511494       1.0078719770535827
     656.4853902601734035       0.9420767538249493
     656.4855903935957713       1.0016758170677349
     656.4857905270180254       1.0117465713992715
     656.4859906604402795       0.9870004728436470
     656.4861907938625336       1.0280676726251841
     656.4863909272849014       1.0233918763697147
     656.4865910607071555       0.9214014634490013
     656.4867911941294096       1.0370238460600376
     656.4869913275516637       1.0313609577715397
     656.4871914609740315       1.0814918726682663
     656.4873915943962857       1.0587004385888577
     656.4875917278185398       0.9585264399647713
     656.4877918612407939       1.0325392149388790
     656.4879919946631617       0.9203988835215569
     656.4881921280854158       0.9630468562245369
     656.4883922615076699       0.9665229991078377
     656.4885923949299240       0.9346565455198288
     656.4887925283522918       0.9078338444232941
     656.4889926617745459       0.9140189886093140
     656.4891927951968000       1.1033596023917198
     656.4893929286190541       0.9911434138193727
     656.4895930620413083       1.0243991166353226
     656.4897931954636761       1.0488463602960110
     656.4899933288859302       1.0381671041250229
     656.4901934623081843       0.9199999421834946
     656.4903935957304384       0.9692009352147579
     656.4905937291528062       0.9058833196759224
     656.4907938625750603       0.9904152797535062
     656.4909939959973144       1.0069542727433145
     656.4911941294195685       1.0087034069001675
     656.4913942628419363       1.0096451025456190
     656.4915943962641904       0.9524360597133636
     656.4917945296864445       0.9731247276067734
     656.4919946631086987       1.0334869697690010
     656.4921947965310665       1.0272826887667179
     656.4923949299533206       0.9991724984720349
     656.4925950633755747       0.9599703662097454
     656.4927951967978288       0.9375908002257347
     656.4929953302201966       0.8893007263541222
     656.4931954636424507       0.9848069082945585
     656.4933955970647048       0.9930558195337653
     656.4935957304869589       0.9844418717548251
     656.4937958639093267       0.9305189326405525
     656.4939959973315808       0.9823898151516914
     656.4941961307538350       0.9710482172667980
     656.4943962641760891       1.0478339493274689
     656.4945963975983432       1.0567919202148914
     656.4947965310207110       0.9868561681360006
     656.4949966644429651       1.0265264343470335
     656.4951967978652192       1.0098956329748034
     656.4953969312874733       0.9340119063854218
     656.4955970647098411       1.0048939548432827
     656.4957971981320952       0.9746367502957582
     656.4959973315543493       0.9583809785544872
     656.4961974649766034       0.9589015170931816
     656.4963975983989712       0.9890296095982194
     656.4965977318212254       1.0474020205438137
     656.4967978652434795       0.9340254664421082
     656.4969979986657336       0.9745753761380911
     656.4971981320881014       0.9939626888372004
     656.4973982655103555       1.0159939657896757
     656.4975983989326096       0.9416656307876110
     656.4977985323548637       1.0568915791809559
     656.4979986657772315       0.9261370897293091
     656.4981987991994856       0.9991567225079052
     656.4983989326217397       1.0622976981103420
     656.4985990660439938       0.9774087946861982
     656.4987991994663616       1.0703719556331635
     656.4989993328886158       0.9709038529545069
     656.4991994663108699       1.0097207892686129
     656.4993995997331240       0.9292062819004059
     656.4995997331554918       1.0570575408637524
     656.4997998665777459       0.9445617012679577
     656.5000000000000000       1.0454950220882893
