     656.2000000000000455       1.1114815101027489
     656.2002001334222996       1.0092226210981607
     656.2004002668445537       1.0086645679548383
     656.2006004002669215       0.9648498445749283
     656.2008005336891756       0.9050234332680702
     656.2010006671114297       1.0527729280292988
     656.2012008005336838       0.9769141860306263
     656.2014009339560516       1.0414761975407600
     656.2016010673783057       0.9620266668498516
     656.2018012008005599       1.0586716830730438
     656.2020013342228140       1.0233485456556082
     656.2022014676451818       0.9912311658263206
     656.2024016010674359       1.0363338254392147
     656.2026017344896900       1.0775034129619598
     656.2028018679119441       1.0197752248495817
     656.2030020013343119       0.9390261173248291
     656.2032021347565660       1.0203165318816900
     656.2034022681788201       1.0375110544264317
     656.2036024016010742       0.8579255193471909
     656.2038025350234420       0.9571846611797810
     656.2040026684456961       0.9201289787888527
     656.2042028018679503       0.9455571584403515
     656.2044029352902044       0.9693777021020651
     656.2046030687125722       1.0579000525176525
     656.2048032021348263       1.0514720678329468
     656.2050033355570804       0.9278727844357491
     656.2052034689793345       0.9618488512933254
     656.2054036024017023       0.9948667860589921
     656.2056037358239564       0.9767498336732388
     656.2058038692462105       0.9131688624620438
     656.2060040026684646       0.9078167602419853
     656.2062041360907187       1.0893522500991821
     656.2064042695130865       0.9750114548951387
     656.2066044029353407       1.0027146076317877
     656.2068045363575948       1.0022744738962501
     656.2070046697798489       1.0040050712414086
     656.2072048032022167       1.0050458544865251
     656.2074049366244708       1.0017989578191191
     656.2076050700467249       1.0146217197179794
     656.2078052034689790       1.0342217460274696
     656.2080053368913468       1.0472778044641018
     656.2082054703136009       1.0340864285826683
     656.2084056037358550       0.9656250216066837
     656.2086057371581092       1.0078249657526612
     656.2088058705804769       0.9622741378843784
     656.2090060040027311       1.0164246316999197
     656.2092061374249852       0.9902662234380841
     656.2094062708472393       1.0357824750244617
     656.2096064042696071       1.0044615571387112
     656.2098065376918612       1.0372347943484783
     656.2100066711141153       1.0531035251915455
     656.2102068045363694       1.0095160733908415
     656.2104069379587372       1.0246513597667217
     656.2106070713809913       0.9759751558303833
     656.2108072048032454       0.9404799230396748
     656.2110073382254996       0.9661962762475014
     656.2112074716477537       0.9635114558041096
     656.2114076050701215       0.9164025560021400
     656.2116077384923756       0.9482109844684601
     656.2118078719146297       0.9860967034474015
     656.2120080053368838       0.9559628404676914
     656.2122081387592516       0.9199881330132484
     656.2124082721815057       0.9636796079576015
     656.2126084056037598       1.0425811037421227
     656.2128085390260139       1.0409208536148071
     656.2130086724483817       0.9773333631455898
     656.2132088058706358       0.9842919651418924
     656.2134089392928900       0.9434508867561817
     656.2136090727151441       0.9436944648623466
     656.2138092061375119       1.0626064613461494
     656.2140093395597660       0.9848443726077676
     656.2142094729820201       0.9558629132807255
     656.2144096064042742       1.0024301314260811
     656.2146097398266420       0.9509828723967075
     656.2148098732488961       1.0711453258991241
     656.2150100066711502       0.9666942432522774
     656.2152101400934043       1.0717897340655327
     656.2154102735157721       1.0192823205143213
     656.2156104069380262       1.0238495897501707
     656.2158105403602804       0.9785677418112755
     656.2160106737825345       1.0391473881900311
     656.2162108072049023       1.0282980930060148
     656.2164109406271564       0.9754908066242933
     656.2166110740494105       0.9324527382850647
     656.2168112074716646       1.0088592264801264
     656.2170113408939187       0.9812630508095026
     656.2172114743162865       1.1403759568929672
     656.2174116077385406       0.9553297609090805
     656.2176117411607947       1.0093045458197594
     656.2178118745830488       1.1390476524829865
     656.2180120080054166       1.0683104172348976
     656.2182121414276708       0.9613329209387302
     656.2184122748499249       1.1193074509501457
     656.2186124082721790       1.0259722024202347
     656.2188125416945468       1.0553850941359997
     656.2190126751168009       1.0478473603725433
     656.2192128085390550       1.0579557530581951
     656.2194129419613091       0.9868546547368169
     656.2196130753836769       0.9956780732609332
     656.2198132088059310       0.9995664154703263
     656.2200133422281851       0.9966264381073415
     656.2202134756504392       1.0102881630882621
     656.2204136090728070       1.0486263670027256
     656.2206137424950612       0.9429087862372398
     656.2208138759173153       1.0392665565013885
     656.2210140093395694       0.9861381659284234
     656.2212141427619372       0.9794253464788198
     656.2214142761841913       1.0343034826219082
     656.2216144096064454       0.9658991619944572
     656.2218145430286995       1.0125523051247001
     656.2220146764509536       0.9730823636054993
     656.2222148098733214       1.0591629259288311
     656.2224149432955755       0.9729520473629236
     656.2226150767178297       0.9641278982162476
     656.2228152101400838       0.9861268177628517
     656.2230153435624516       0.9771995265036821
     656.2232154769847057       1.0505249314010143
     656.2234156104069598       0.9729243274778128
     656.2236157438292139       1.0598201714456081
     656.2238158772515817       1.0334984175860882
     656.2240160106738358       0.9876626366749406
     656.2242161440960899       0.9971541145350784
     656.2244162775183440       1.0268204640597105
     656.2246164109407118       1.0869601145386696
     656.2248165443629659       0.9852558122947812
     656.2250166777852201       0.8827954977750778
     656.2252168112074742       1.0151590136811137
     656.2254169446298420       1.0485429726541042
     656.2256170780520961       1.0027964776381850
     656.2258172114743502       0.8547744303941727
     656.2260173448966043       0.9999145835099625
     656.2262174783189721       1.0539509318768978
     656.2264176117412262       0.9716055206954479
     656.2266177451634803       0.9860429419204593
     656.2268178785857344       0.8866033628582954
     656.2270180120081022       1.0196572002023458
     656.2272181454303563       0.9367638751864433
     656.2274182788526105       0.9219317138195038
     656.2276184122748646       0.9981255197199062
     656.2278185456971187       1.0844892784953117
     656.2280186791194865       0.9322775602340698
     656.2282188125417406       1.0647630468010902
     656.2284189459639947       1.0239209923893213
     656.2286190793862488       1.0581133738160133
     656.2288192128086166       0.9852107176557183
     656.2290193462308707       1.0456313975155354
     656.2292194796531248       0.9410612620413303
     656.2294196130753789       1.0267304610460997
     656.2296197464977467       1.0469999723136425
     656.2298198799200009       1.0190217457711697
     656.2300200133422550       0.9789425190538168
     656.2302201467645091       1.0374065525829792
     656.2304202801868769       0.9800687134265900
     656.2306204136091310       1.0334654264152050
     656.2308205470313851       0.9811804089695215
     656.2310206804536392       0.9640729986131191
     656.2312208138760070       1.0496755316853523
     656.2314209472982611       1.1198265776038170
     656.2316210807205152       1.0143497092649341
     656.2318212141427693       0.9567694403231144
     656.2320213475651371       0.9426440820097923
     656.2322214809873913       1.0586925819516182
     656.2324216144096454       0.9513450935482979
     656.2326217478318995       0.9116315618157387
     656.2328218812541536       0.9820881485939026
     656.2330220146765214       0.9437627494335175
     656.2332221480987755       1.0110546527430415
     656.2334222815210296       0.9813136104494333
     656.2336224149432837       0.9823746699839830
     656.2338225483656515       1.0625277385115623
     656.2340226817879056       0.9732677340507507
     656.2342228152101598       0.9647554159164429
     656.2344229486324139       1.0178667958825827
     656.2346230820547817       0.9620146863162518
     656.2348232154770358       0.9143705666065216
     656.2350233488992899       1.0188940297812223
     656.2352234823215440       1.0582300126552582
     656.2354236157439118       0.9938620091415942
     656.2356237491661659       0.9743357207626104
     656.2358238825884200       1.0568061433732510
     656.2360240160106741       0.9969874997623265
     656.2362241494330419       0.9876094991341233
     656.2364242828552960       1.0145067190751433
     656.2366244162775502       0.9754552040249109
     656.2368245496998043       1.0498925857245922
     656.2370246831221721       0.9899897016584873
     656.2372248165444262       1.0200256519019604
     656.2374249499666803       1.0122328661382198
     656.2376250833889344       0.9735156502574682
     656.2378252168113022       1.0053513455204666
     656.2380253502335563       0.9861193401739001
     656.2382254836558104       1.0904403254389763
     656.2384256170780645       0.9821766167879105
     656.2386257505003186       0.9786570928990841
     656.2388258839226864       0.9639033935964108
     656.2390260173449406       0.9203772470355034
     656.2392261507671947       0.9595569223165512
     656.2394262841894488       0.9798041563481092
     656.2396264176118166       0.9990625738864765
     656.2398265510340707       1.0046385233290493
     656.2400266844563248       0.9068456366658211
     656.2402268178785789       0.9405528493225574
     656.2404269513009467       1.0305710528045893
     656.2406270847232008       1.0399965867400169
     656.2408272181454549       1.0628113001585007
     656.2410273515677090       0.9762275591492653
     656.2412274849900768       0.9929157174192369
     656.2414276184123310       1.0059480429627001
     656.2416277518345851       1.0390582270920277
     656.2418278852568392       0.9922391399741173
     656.2420280186792070       0.9871422378346324
     656.2422281521014611       1.0601669736206532
     656.2424282855237152       1.0756536945700645
     656.2426284189459693       0.9308788031339645
     656.2428285523683371       1.0460982881486416
     656.2430286857905912       1.0331916362047195
     656.2432288192128453       0.9852620810270309
     656.2434289526350994       1.0165431629866362
     656.2436290860574672       0.9955419139005244
     656.2438292194797214       1.0819742977619171
     656.2440293529019755       1.0071484395302832
     656.2442294863242296       1.0764757618308067
     656.2444296197464837       1.0195489730685949
     656.2446297531688515       1.0246985200792551
     656.2448298865911056       0.9521700181066990
     656.2450300200133597       0.9364942461252213
     656.2452301534356138       1.0297395270317793
     656.2454302868579816       0.9662043601274490
     656.2456304202802357       1.0239370707422495
     656.2458305537024899       1.0351795256137848
     656.2460306871247440       0.9748501442372799
     656.2462308205471118       1.0010915992315859
     656.2464309539693659       1.0912618711590767
     656.2466310873916200       0.9536073692142963
     656.2468312208138741       0.9643882736563683
     656.2470313542362419       0.9340191036462784
     656.2472314876584960       0.9972357528749853
     656.2474316210807501       0.9024701118469238
     656.2476317545030042       1.0001289674692089
     656.2478318879253720       1.0781640931963921
     656.2480320213476261       1.0256138145923615
     656.2482321547698803       1.1251621097326279
     656.2484322881921344       0.9304815679788589
     656.2486324216145022       0.9932471206411719
     656.2488325550367563       0.9948305608704686
     656.2490326884590104       1.0519253313541412
     656.2492328218812645       0.9823513943701982
     656.2494329553035186       1.0055077811703086
     656.2496330887258864       1.0552847497165203
     656.2498332221481405       0.9429684393107891
     656.2500333555703946       0.9416787326335907
     656.2502334889926487       1.0541328564286232
     656.2504336224150165       0.9503358341753483
     656.2506337558372707       0.9399961419403553
     656.2508338892595248       0.9774882178753614
     656.2510340226817789       0.8895689323544502
     656.2512341561041467       0.9733496997505426
     656.2514342895264008       1.0756682977080345
     656.2516344229486549       0.9881742084398866
     656.2518345563709090       1.0296819936484098
     656.2520346897932768       0.9790019635111094
     656.2522348232155309       1.0363990664482117
     656.2524349566377850       1.0002272140263813
     656.2526350900600391       1.0781885012984276
     656.2528352234824069       0.9875688618049026
     656.2530353569046611       1.0339059196412563
     656.2532354903269152       1.0930492654442787
     656.2534356237491693       1.0756421908736229
     656.2536357571715371       0.9536507204174995
     656.2538358905937912       0.9538844563066959
     656.2540360240160453       1.0036017023958266
     656.2542361574382994       0.9210046082735062
     656.2544362908606672       1.0353592894971371
     656.2546364242829213       1.0355350635945797
     656.2548365577051754       0.8934976905584335
     656.2550366911274295       1.0215606521815062
     656.2552368245496837       0.9714599996805191
     656.2554369579720515       0.9143729060888290
     656.2556370913943056       1.0230741817504168
     656.2558372248165597       1.0240641366690397
     656.2560373582388138       1.0223115049302578
     656.2562374916611816       1.0338605381548405
     656.2564376250834357       1.1027051359415054
     656.2566377585056898       1.0544768683612347
     656.2568378919279439       0.8929393738508224
     656.2570380253503117       0.9922030568122864
     656.2572381587725658       0.9450320713222027
     656.2574382921948200       1.0120335081592202
     656.2576384256170741       1.0403113178908825
     656.2578385590394419       1.0159780979156494
     656.2580386924616960       0.9936741669662297
     656.2582388258839501       0.9698034822940826
     656.2584389593062042       1.1007821187376976
     656.2586390927285720       1.0295600797981024
     656.2588392261508261       1.0107929436489940
     656.2590393595730802       0.9241106882691383
     656.2592394929953343       1.0236046835780144
     656.2594396264177021       0.9564233049750328
     656.2596397598399562       0.9953227736987174
     656.2598398932622104       1.0927811563014984
     656.2600400266844645       1.0341489724814892
     656.2602401601067186       1.0139697510749102
     656.2604402935290864       0.9292660355567932
     656.2606404269513405       0.9610193967819214
     656.2608405603735946       1.0335561633110046
     656.2610406937958487       0.8875698894262314
     656.2612408272182165       0.9305280372500420
     656.2614409606404706       1.0034233869519085
     656.2616410940627247       0.9873513309285045
     656.2618412274849788       0.9442843385040760
     656.2620413609073466       0.9522787295281887
     656.2622414943296008       1.0493138693273067
     656.2624416277518549       1.0157962348312140
     656.2626417611741090       1.0421936400234699
     656.2628418945964768       0.9596865996718407
     656.2630420280187309       1.0811862051486969
     656.2632421614409850       1.0509153269231319
     656.2634422948632391       1.0039539816789329
     656.2636424282856069       0.9879822367802262
     656.2638425617078610       1.0277141928672791
     656.2640426951301151       1.0506290979683399
     656.2642428285523692       0.9859495088458061
     656.2644429619747370       1.0518928579986095
     656.2646430953969912       1.0182560142129660
     656.2648432288192453       0.9794731456786394
     656.2650433622414994       1.0496753267943859
     656.2652434956638672       0.9391877166926861
     656.2654436290861213       1.0541673712432384
     656.2656437625083754       0.9521968401968479
     656.2658438959306295       1.0258828736841679
     656.2660440293528836       0.9938807412981987
     656.2662441627752514       1.0134477932006121
     656.2664442961975055       0.9770242944359779
     656.2666444296197596       0.9679484702646732
     656.2668445630420138       0.9973895063158125
     656.2670446964643816       1.0384061075747013
     656.2672448298866357       1.0330137610435486
     656.2674449633088898       0.9864399880170822
     656.2676450967311439       0.9601688422262669
     656.2678452301535117       0.9442939050495625
     656.2680453635757658       1.0394675545394421
     656.2682454969980199       1.1031992956995964
     656.2684456304202740       1.0075047435238957
     656.2686457638426418       0.9716347120702267
     656.2688458972648959       0.9226166531443596
     656.2690460306871501       0.9575735479593277
     656.2692461641094042       1.0129157425835729
     656.2694462975317720       1.1454979628324509
     656.2696464309540261       1.0857391282916069
     656.2698465643762802       1.0394708625972271
     656.2700466977985343       0.9730469305068254
     656.2702468312209021       0.9990436672815122
     656.2704469646431562       1.0010638607200235
     656.2706470980654103       1.0022110210265964
     656.2708472314876644       0.9732413981109858
     656.2710473649099185       1.0043668630532920
     656.2712474983322863       1.0002401471574558
     656.2714476317545405       0.9937393479049206
     656.2716477651767946       0.9315770044922829
     656.2718478985990487       0.9949363884516060
     656.2720480320214165       1.0241265390068293
     656.2722481654436706       0.9295889809727669
     656.2724482988659247       0.9942866903729737
     656.2726484322881788       0.9610209763050079
     656.2728485657105466       1.0112720653414726
     656.2730486991328007       0.9839488919824362
     656.2732488325550548       0.9842616450041533
     656.2734489659773089       0.9636939801275730
     656.2736490993996767       0.9704136345535517
     656.2738492328219309       0.9872178016230464
     656.2740493662441850       0.9316871389746666
     656.2742494996664391       0.9449505619704723
     656.2744496330888069       1.0342649668455124
     656.2746497665110610       0.9388465099036694
     656.2748498999333151       0.9778990633785725
     656.2750500333555692       0.9348853155970573
     656.2752501667779370       0.9605218432843685
     656.2754503002001911       1.0801805853843689
     656.2756504336224452       1.0273155029863119
     656.2758505670446993       0.8972477987408638
     656.2760507004670671       1.0124825760722160
     656.2762508338893213       0.9724175725132227
     656.2764509673115754       1.0118888085708022
     656.2766511007338295       1.0333338230848312
     656.2768512341560836       1.0855061411857605
     656.2770513675784514       0.9701332170516253
     656.2772515010007055       1.0230188239365816
     656.2774516344229596       0.9600282758474350
     656.2776517678452137       1.0112280352041125
     656.2778519012675815       0.9037068411707878
     656.2780520346898356       1.0198392532765865
     656.2782521681120897       0.9360107406973839
     656.2784523015343439       0.9379987902939320
     656.2786524349567117       1.0109795015305281
     656.2788525683789658       0.9446118883788586
     656.2790527018012199       1.0011930313194171
     656.2792528352234740       1.0458585470914841
     656.2794529686458418       1.0250970777124166
     656.2796531020680959       1.0814675316214561
     656.2798532354903500       1.0030169810634106
     656.2800533689126041       0.9615357965230942
     656.2802535023349719       0.9817849323153496
     656.2804536357572260       1.0276366807520390
     656.2806537691794802       0.9803492240607738
     656.2808539026017343       0.9219457507133484
     656.2810540360241021       0.9659499265253544
     656.2812541694463562       1.0483445785939693
     656.2814543028686103       0.9577484615147114
     656.2816544362908644       0.9463763833045959
     656.2818545697131185       0.9297751635313034
     656.2820547031354863       1.0259569883346558
     656.2822548365577404       0.9736200366169214
     656.2824549699799945       0.9306338652968407
     656.2826551034022486       1.0287660211324692
     656.2828552368246164       1.0116537101566792
     656.2830553702468706       1.0488807857036591
     656.2832555036691247       1.0655916929244995
     656.2834556370913788       0.9521399512887001
     656.2836557705137466       0.9581493511795998
     656.2838559039360007       0.9602917842566967
     656.2840560373582548       0.9946015509776771
     656.2842561707805089       1.0232252683490515
     656.2844563042028767       1.1040356978774071
     656.2846564376251308       1.0196152217686176
     656.2848565710473849       1.0905651822686195
     656.2850567044696390       0.9445072039961815
     656.2852568378920068       1.0099891647696495
     656.2854569713142610       1.0228536333888769
     656.2856571047365151       0.9261416271328926
     656.2858572381587692       0.8747750222682953
     656.2860573715811370       1.1088880524039268
     656.2862575050033911       1.0096915075555444
     656.2864576384256452       0.9449845366179943
     656.2866577718478993       1.0443116687238216
     656.2868579052702671       0.9736072234809399
     656.2870580386925212       1.0357005409896374
     656.2872581721147753       1.0860265493392944
     656.2874583055370294       1.0009692175663076
     656.2876584389592836       0.9752894844859838
     656.2878585723816514       0.9455682225525379
     656.2880587058039055       1.0344008617103100
     656.2882588392261596       1.0218173842877150
     656.2884589726484137       1.0162286125123501
     656.2886591060707815       0.9984681383939460
     656.2888592394930356       0.8920843601226807
     656.2890593729152897       1.0244174133986235
     656.2892595063375438       1.0171106234192848
     656.2894596397599116       0.9827282670885324
     656.2896597731821657       1.0455355979502201
     656.2898599066044198       0.9232688918709755
     656.2900600400266740       1.0609370954334736
     656.2902601734490418       0.9989736318821087
     656.2904603068712959       0.9897088902071118
     656.2906604402935500       0.9992462395457551
     656.2908605737158041       0.9764498118311167
     656.2910607071381719       1.0458363853394985
     656.2912608405604260       0.8898296430706978
     656.2914609739826801       0.9789792597293854
     656.2916611074049342       0.9772147331386805
     656.2918612408273020       1.0425447560846806
     656.2920613742495561       1.0383790470659733
     656.2922615076718103       0.9903834769502282
     656.2924616410940644       1.0243985205888748
     656.2926617745164322       0.9573841653764248
     656.2928619079386863       1.0203955229371786
     656.2930620413609404       1.0049243099056184
     656.2932621747831945       1.0174629166722298
     656.2934623082054486       1.0761049166321754
     656.2936624416278164       1.0238023754209280
     656.2938625750500705       0.9748492930084467
     656.2940627084723246       0.9811281505972147
     656.2942628418945787       1.0421154126524925
     656.2944629753169465       1.0355715714395046
     656.2946631087392007       1.0217778366059065
     656.2948632421614548       1.0378585793077946
     656.2950633755837089       1.0481808334589005
     656.2952635090060767       1.0375653281807899
     656.2954636424283308       0.9499283358454704
     656.2956637758505849       1.0226809978485107
     656.2958639092728390       0.9613534063100815
     656.2960640426952068       0.9692226313054562
     656.2962641761174609       1.0661981701850891
     656.2964643095397150       0.9646142646670341
     656.2966644429619691       1.0532586351037025
     656.2968645763843369       0.9932009195908904
     656.2970647098065911       1.0309997498989105
     656.2972648432288452       0.9712187014520168
     656.2974649766510993       0.8930053710937500
     656.2976651100734671       1.0129771847277880
     656.2978652434957212       1.0293472241610289
     656.2980653769179753       0.9920931756496429
     656.2982655103402294       1.0411111377179623
     656.2984656437624835       0.9839799553155899
     656.2986657771848513       1.0263734254986048
     656.2988659106071054       1.0505560897290707
     656.2990660440293595       1.1434460133314133
     656.2992661774516137       0.9705460034310818
     656.2994663108739815       0.9695924520492554
     656.2996664442962356       0.9739454295486212
     656.2998665777184897       1.0235830806195736
     656.3000667111407438       1.1154397502541542
     656.3002668445631116       1.0237840693444014
     656.3004669779853657       0.9883153298869729
     656.3006671114076198       1.0029088475275785
     656.3008672448298739       0.9778815712779760
     656.3010673782522417       1.0257230252027512
     656.3012675116744958       1.0276406258344650
     656.3014676450967499       0.9775480851531029
     656.3016677785190041       0.9731764700263739
     656.3018679119413719       0.9702114723622799
     656.3020680453636260       1.0257797427475452
     656.3022681787858801       0.9609024114906788
     656.3024683122081342       1.0769326910376549
     656.3026684456305020       1.0058986120857298
     656.3028685790527561       0.9292195364832878
     656.3030687124750102       0.9650290496647358
     656.3032688458972643       0.9440856277942657
     656.3034689793196321       0.9617536440491676
     656.3036691127418862       0.9880990777164698
     656.3038692461641403       1.0505559742450714
     656.3040693795863945       1.0662309154868126
     656.3042695130086486       0.9986937367357314
     656.3044696464310164       1.0473856441676617
     656.3046697798532705       0.9518531151115894
     656.3048699132755246       1.0733910277485847
     656.3050700466977787       1.0341411642730236
     656.3052701801201465       1.0276325531303883
     656.3054703135424006       0.9730038158595562
     656.3056704469646547       1.0529249720275402
     656.3058705803869088       0.9114168211817741
     656.3060707138092766       1.0253448523581028
     656.3062708472315308       1.0745469331741333
     656.3064709806537849       1.0219825841486454
     656.3066711140760390       0.9657763615250587
     656.3068712474984068       1.1046547517180443
     656.3070713809206609       1.1040404811501503
     656.3072715143429150       1.0154493767768145
     656.3074716477651691       0.9877161066979170
     656.3076717811875369       1.0146415932103992
     656.3078719146097910       0.9432771429419518
     656.3080720480320451       1.0480813905596733
     656.3082721814542992       1.0557953529059887
     656.3084723148766670       0.9121490344405174
     656.3086724482989212       0.9391628727316856
     656.3088725817211753       0.9583900310099125
     656.3090727151434294       1.0674379095435143
     656.3092728485656835       0.9174710288643837
     656.3094729819880513       0.9928056560456753
     656.3096731154103054       0.9779970739036798
     656.3098732488325595       0.9759696051478386
     656.3100733822548136       0.9935954869724810
     656.3102735156771814       1.0246749427169561
     656.3104736490994355       1.0513843782246113
     656.3106737825216896       0.9771546311676502
     656.3108739159439438       0.9173710867762566
     656.3110740493663116       0.9788687098771334
     656.3112741827885657       1.0375061146914959
     656.3114743162108198       1.0294920355081558
     656.3116744496330739       0.9203838482499123
     656.3118745830554417       1.0337071083486080
     656.3120747164776958       1.0883648172020912
     656.3122748498999499       1.0863904953002930
     656.3124749833222040       1.0325233712792397
     656.3126751167445718       1.0417084060609341
     656.3128752501668259       1.0663270875811577
     656.3130753835890800       1.0320365987718105
     656.3132755170113342       0.9104770570993423
     656.3134756504337020       1.0079479515552521
     656.3136757838559561       0.9782407581806183
     656.3138759172782102       0.9961102448869497
     656.3140760507004643       0.9394408874213696
     656.3142761841228321       0.9991706145810895
     656.3144763175450862       0.9854302778840065
     656.3146764509673403       1.0248916409909725
     656.3148765843895944       0.9909178577363491
     656.3150767178118485       0.9168372526764870
     656.3152768512342163       0.9971853077877313
     656.3154769846564704       1.0061517921276391
     656.3156771180787246       1.0703923627734184
     656.3158772515009787       0.9791362471878529
     656.3160773849233465       1.0725421980023384
     656.3162775183456006       1.0327938273549080
     656.3164776517678547       1.0923702940344810
     656.3166777851901088       1.0630001649260521
     656.3168779186124766       1.0037431952077895
     656.3170780520347307       0.9813743345439434
     656.3172781854569848       0.9900312358513474
     656.3174783188792389       1.0609093010425568
     656.3176784523016067       1.0255432035773993
     656.3178785857238609       0.9153208509087563
     656.3180787191461150       1.0354132466018200
     656.3182788525683691       1.0112991724163294
     656.3184789859907369       0.9804346039891243
     656.3186791194129910       0.9160577431321144
     656.3188792528352451       1.0529837422072887
     656.3190793862574992       0.9574723877012730
     656.3192795196798670       1.0057975384406745
     656.3194796531021211       0.9745380692183971
     656.3196797865243752       0.9758483488112688
     656.3198799199466293       1.0892385616898537
     656.3200800533688835       1.0438547171652317
     656.3202801867912513       0.9502340741455555
     656.3204803202135054       1.0037480599712580
     656.3206804536357595       0.9492183513939381
     656.3208805870580136       1.0224249642342329
     656.3210807204803814       0.8929820433259010
     656.3212808539026355       0.9628844819962978
     656.3214809873248896       0.9501096010208130
     656.3216811207471437       1.0176420863717794
     656.3218812541695115       1.0376866571605206
     656.3220813875917656       0.9639838598668575
     656.3222815210140197       1.0362349189817905
     656.3224816544362739       0.9556380398571491
     656.3226817878586417       0.9644653201103210
     656.3228819212808958       0.9289797917008400
     656.3230820547031499       0.9370196536183357
     656.3232821881254040       1.0527464225888252
     656.3234823215477718       1.0000154352510435
     656.3236824549700259       0.9392223060131073
     656.3238825883922800       0.9974262954201549
     656.3240827218145341       0.9926607003435493
     656.3242828552369019       0.9857651917263865
     656.3244829886591560       0.9421076290309429
     656.3246831220814101       1.0571483261883259
     656.3248832555036643       0.9980929348384961
     656.3250833889260321       1.0346251539885998
     656.3252835223482862       0.9759353622794151
     656.3254836557705403       0.9725411776453257
     656.3256837891927944       0.9431536905467510
     656.3258839226150485       0.9903092589229345
     656.3260840560374163       0.9687944259494543
     656.3262841894596704       1.1153981089591980
     656.3264843228819245       0.9174905046820641
     656.3266844563041786       0.9669555164873600
     656.3268845897265464       0.9861602466553450
     656.3270847231488005       0.9546159096062183
     656.3272848565710547       0.9377991482615471
     656.3274849899933088       0.9066059291362762
     656.3276851234156766       1.0368593893945217
     656.3278852568379307       1.0752439126372337
     656.3280853902601848       1.0242723654955626
     656.3282855236824389       0.9878009688109159
     656.3284856571048067       0.9560831859707832
     656.3286857905270608       0.9916786188259721
     656.3288859239493149       0.9175670892000198
     656.3290860573715690       0.9787930101156235
     656.3292861907939368       1.0165462289005518
     656.3294863242161910       0.9786501005291939
     656.3296864576384451       1.0188909582793713
     656.3298865910606992       0.9942821972072124
     656.3300867244830670       1.0078388350084424
     656.3302868579053211       1.0063202083110809
     656.3304869913275752       0.9606394432485104
     656.3306871247498293       1.0300755854696035
     656.3308872581721971       0.9900720650330186
     656.3310873915944512       0.9917956460267305
     656.3312875250167053       0.9741662107408047
     656.3314876584389594       1.0015017712721601
     656.3316877918612136       1.0700693428516388
     656.3318879252835814       1.0345168188214302
     656.3320880587058355       1.0625140294432640
     656.3322881921280896       0.9549103751778603
     656.3324883255503437       1.0147744715213776
     656.3326884589727115       1.0001087021882995
     656.3328885923949656       1.0039396230131388
     656.3330887258172197       1.0288645569235086
     656.3332888592394738       1.0394427143037319
     656.3334889926618416       0.9350785464048386
     656.3336891260840957       0.9835106842219830
     656.3338892595063498       0.8956928700208664
     656.3340893929286040       0.9418193399906158
     656.3342895263509718       0.9657771550118923
     656.3344896597732259       0.9687329605221748
     656.3346897931954800       0.9235826134681702
     656.3348899266177341       0.9677776657044888
     656.3350900600401019       1.0580009594559669
     656.3352901934623560       1.0542778633534908
     656.3354903268846101       0.9406845308840275
     656.3356904603068642       1.0791963264346123
     656.3358905937292320       1.0344292111694813
     656.3360907271514861       0.9614537730813026
     656.3362908605737402       1.0101147843524814
     656.3364909939959944       0.9233739972114563
     656.3366911274182485       0.9241359829902649
     656.3368912608406163       0.9546698816120625
     656.3370913942628704       1.0123405680060387
     656.3372915276851245       1.0117080416530371
     656.3374916611073786       1.0540292151272297
     656.3376917945297464       0.9836874492466450
     656.3378919279520005       1.0787070170044899
     656.3380920613742546       0.9819394350051880
     656.3382921947965087       0.9695933777838945
     656.3384923282188765       0.9515482038259506
     656.3386924616411306       1.0426528267562389
     656.3388925950633848       0.9845533343032002
     656.3390927284856389       1.0432529002428055
     656.3392928619080067       0.9659086205065250
     656.3394929953302608       0.9964118835050613
     656.3396931287525149       1.0317791737616062
     656.3398932621747690       0.8936318233609200
     656.3400933955971368       0.9432934634387493
     656.3402935290193909       1.0312497615814209
     656.3404936624416450       1.0494271405041218
     656.3406937958638991       1.0271770264953375
     656.3408939292862669       1.0142946606501937
     656.3410940627085211       0.9827840011566877
     656.3412941961307752       1.0275504980236292
     656.3414943295530293       0.9166498333215714
     656.3416944629753971       0.9674504138529301
     656.3418945963976512       1.0199053548276424
     656.3420947298199053       0.9423901438713074
     656.3422948632421594       0.9975894084200263
     656.3424949966644135       1.0079602124169469
     656.3426951300867813       1.0891302973031998
     656.3428952635090354       0.9968378751073033
     656.3430953969312895       1.0984229445457458
     656.3432955303535437       1.0463419035077095
     656.3434956637759115       0.9764203391969204
     656.3436957971981656       0.9771869406104088
     656.3438959306204197       1.0659904852509499
     656.3440960640426738       1.0284693390130997
     656.3442961974650416       0.9685060717165470
     656.3444963308872957       0.9370299652218819
     656.3446964643095498       1.0187033284455538
     656.3448965977318039       1.0613494291901588
     656.3450967311541717       1.0037609913852066
     656.3452968645764258       0.9764225948601961
     656.3454969979986799       1.0155923143029213
     656.3456971314209341       0.9774531219154596
     656.3458972648433019       1.0218431074172258
     656.3460973982655560       0.9664176143705845
     656.3462975316878101       1.0246415250003338
     656.3464976651100642       1.0073989266529679
     656.3466977985324320       1.0679252967238426
     656.3468979319546861       1.0362277105450630
     656.3470980653769402       1.0560153014957905
     656.3472981987991943       1.0243905931711197
     656.3474983322214484       1.0359235070645809
     656.3476984656438162       0.9821025580167770
     656.3478985990660703       1.0211168378591537
     656.3480987324883245       0.9885361632332206
     656.3482988659105786       1.0286274794489145
     656.3484989993329464       0.9667330719530582
     656.3486991327552005       0.9770191144198179
     656.3488992661774546       1.0135242147371173
     656.3490993995997087       1.0936841592192650
     656.3492995330220765       1.0484730526804924
     656.3494996664443306       1.0636561810970306
     656.3496997998665847       1.0212680455297232
     656.3498999332888388       0.9961040269117802
     656.3501000667112066       0.9598469026386738
     656.3503002001334607       0.8743143230676651
     656.3505003335557149       0.9854502128437161
     656.3507004669779690       0.9869552161544561
     656.3509006004003368       1.0041127353906631
     656.3511007338225909       1.0053407321684062
     656.3513008672448450       0.9477787502110004
     656.3515010006670991       1.0162909813225269
     656.3517011340894669       0.9608904495835304
     656.3519012675117210       1.0076506459154189
     656.3521014009339751       0.9142376109957695
     656.3523015343562292       1.0151468515396118
     656.3525016677785970       0.9801500290632248
     656.3527018012008512       1.0646912977099419
     656.3529019346231053       1.0046377149410546
     656.3531020680453594       0.9821453578770161
     656.3533022014676135       0.9599240384995937
     656.3535023348899813       0.9893179675564170
     656.3537024683122354       0.9837987739592791
     656.3539026017344895       1.0471457354724407
     656.3541027351567436       0.9650929607450962
     656.3543028685791114       0.9717808235436678
     656.3545030020013655       1.0105540156364441
     656.3547031354236196       0.9472513422369957
     656.3549032688458738       0.9307542443275452
     656.3551034022682416       1.0015081985620782
     656.3553035356904957       1.0320851989090443
     656.3555036691127498       1.0578372739255428
     656.3557038025350039       1.0413630716502666
     656.3559039359573717       1.0389814190566540
     656.3561040693796258       0.9640098586678505
     656.3563042028018799       1.0679148882627487
     656.3565043362241340       0.9373812675476074
     656.3567044696465018       1.0530262663960457
     656.3569046030687559       0.9914083564653993
     656.3571047364910100       0.9820594377815723
     656.3573048699132642       0.9394017048180103
     656.3575050033356320       0.9767462108284235
     656.3577051367578861       1.0027476851828396
     656.3579052701801402       1.0010055423481390
     656.3581054036023943       0.9703783299773932
     656.3583055370246484       1.0418136231601238
     656.3585056704470162       0.9959038584493101
     656.3587058038692703       1.0277997534722090
     656.3589059372915244       0.9614246040582657
     656.3591060707137785       1.0474373400211334
     656.3593062041361463       0.9709124118089675
     656.3595063375584004       0.9734981320798396
     656.3597064709806546       0.9521417804062364
     656.3599066044029087       1.0233505927026267
     656.3601067378252765       1.0556960403919216
     656.3603068712475306       1.0447851084172717
     656.3605070046697847       1.0278180632740248
     656.3607071380920388       1.0035769150126708
     656.3609072715144066       0.9829373750835633
     656.3611074049366607       0.9904932994395458
     656.3613075383589148       0.9654021039605086
     656.3615076717811689       1.0019311581272552
     656.3617078052035367       1.0276970267295717
     656.3619079386257908       1.0403742082416834
     656.3621080720480450       0.9360291808843353
     656.3623082054702991       1.1118370890616989
     656.3625083388926669       0.9831120707094112
     656.3627084723149210       1.0201576910912176
     656.3629086057371751       1.0139125538988714
     656.3631087391594292       1.0278039220718802
     656.3633088725817970       1.0942336246368765
     656.3635090060040511       1.1435063183304026
     656.3637091394263052       1.0386799238616962
     656.3639092728485593       0.9857568489380111
     656.3641094062708135       0.9520153291512659
     656.3643095396931813       1.0282553974523578
     656.3645096731154354       1.0215363763250671
     656.3647098065376895       1.0581978931991569
     656.3649099399599436       0.9965758435383397
     656.3651100733823114       1.0746264979179836
     656.3653102068045655       1.0608747005372918
     656.3655103402268196       1.1471163332335723
     656.3657104736490737       1.0545619092703540
     656.3659106070714415       0.9885122747841757
     656.3661107404936956       1.1186828612931112
     656.3663108739159497       0.9369805231201360
     656.3665110073382039       1.0002634804014492
     656.3667111407605717       1.0021138239170670
     656.3669112741828258       0.9833361523775876
     656.3671114076050799       1.0366911029490620
     656.3673115410273340       1.0386489739000442
     656.3675116744497018       0.9887227794435861
     656.3677118078719559       1.0697396914403285
     656.3679119412942100       1.0240599189931463
     656.3681120747164641       0.9557431815666105
     656.3683122081388319       0.9737013082086472
     656.3685123415610860       0.8925727067918333
     656.3687124749833401       1.0121754581285307
     656.3689126084055943       1.0288097623557251
     656.3691127418278484       1.1256839741567011
     656.3693128752502162       0.9877630306032733
     656.3695130086724703       0.9506753498344078
     656.3697131420947244       1.0050660106446607
     656.3699132755169785       0.9888894883859406
     656.3701134089393463       1.0569628266115956
     656.3703135423616004       1.0179087642748677
     656.3705136757838545       0.9593585498251042
     656.3707138092061086       1.0548903612312386
     656.3709139426284764       0.9260733488562233
     656.3711140760507305       0.9790142371429068
     656.3713142094729847       0.9572010833981766
     656.3715143428952388       0.9841052747605096
     656.3717144763176066       0.9790965274399436
     656.3719146097398607       1.1713627765443688
     656.3721147431621148       1.0546683692990246
     656.3723148765843689       1.0035609164482733
     656.3725150100067367       1.0949090365540837
     656.3727151434289908       0.9569468384549799
     656.3729152768512449       0.9858104554694238
     656.3731154102734990       0.9652015934770041
     656.3733155436958668       0.9743068323884977
     656.3735156771181209       0.9881101221811475
     656.3737158105403751       1.0193331785757542
     656.3739159439626292       1.0704560836841215
     656.3741160773849970       1.0377107967186816
     656.3743162108072511       0.9752236876605389
     656.3745163442295052       0.9539033397810724
     656.3747164776517593       1.0601283631217353
     656.3749166110740134       1.0221249865223290
     656.3751167444963812       1.0514135391367438
     656.3753168779186353       0.9982105066071350
     656.3755170113408894       0.9311865440467769
     656.3757171447631436       0.9529648002663808
     656.3759172781855113       0.9845402537578060
     656.3761174116077655       0.9021795604768740
     656.3763175450300196       0.9716129989554062
     656.3765176784522737       0.9553726772723874
     656.3767178118746415       1.0029683220370078
     656.3769179452968956       0.9925238494671906
     656.3771180787191497       0.9067371650451819
     656.3773182121414038       0.9985628989222348
     656.3775183455637716       1.0401132752543938
     656.3777184789860257       1.0018627012285291
     656.3779186124082798       1.0561298453476513
     656.3781187458305340       0.9991912840987001
     656.3783188792529018       0.9702941267799690
     656.3785190126751559       1.0205998153627944
     656.3787191460974100       0.9927639767313030
     656.3789192795196641       1.0288955623143226
     656.3791194129420319       0.9763650440902012
     656.3793195463642860       0.9537867904248964
     656.3795196797865401       1.0900189643204503
     656.3797198132087942       0.9751721133280540
     656.3799199466311620       1.0291949037177590
     656.3801200800534161       0.9647283925510390
     656.3803202134756702       0.9498771600166944
     656.3805203468979244       1.0144741688071224
     656.3807204803201785       0.9651844810939706
     656.3809206137425463       0.9708854083800599
     656.3811207471648004       0.9854944706142686
     656.3813208805870545       1.0411697837530127
     656.3815210140093086       0.9351085880952968
     656.3817211474316764       1.1180733907557432
     656.3819212808539305       0.9422140306174868
     656.3821214142761846       0.9742145116929614
     656.3823215476984387       0.9240356660012066
     656.3825216811208065       0.9468599444718284
     656.3827218145430606       1.0976483021457650
     656.3829219479653148       0.9975478883682322
     656.3831220813875689       0.9381098776411100
     656.3833222148099367       1.0374009762882084
     656.3835223482321908       1.0441807169998316
     656.3837224816544449       1.0056589123069799
     656.3839226150766990       0.9102332730758307
     656.3841227484990668       1.0327464477857293
     656.3843228819213209       1.0004641069360329
     656.3845230153435750       0.9965170545124062
     656.3847231487658291       0.9868579422433736
     656.3849232821881969       0.9745379141347128
     656.3851234156104510       0.9323972687078147
     656.3853235490327052       0.9470448066771144
     656.3855236824549593       0.9277032725081703
     656.3857238158772134       0.8267981427519669
     656.3859239492995812       1.0396283041605829
     656.3861240827218353       0.9467838221238536
     656.3863242161440894       1.0097767960397215
     656.3865243495663435       0.9111425352068742
     656.3867244829887113       0.9616951888856149
     656.3869246164109654       0.8897737874319687
     656.3871247498332195       0.9435654393746118
     656.3873248832554737       0.9561999482662402
     656.3875250166778414       0.9695336105503951
     656.3877251501000956       0.7763424070215371
     656.3879252835223497       0.8989877637072651
     656.3881254169446038       0.9391122751974093
     656.3883255503669716       0.9055475859346080
     656.3885256837892257       0.8553852329494566
     656.3887258172114798       0.8306667924689438
     656.3889259506337339       0.9317901989838026
     656.3891260840561017       0.9056540789539635
     656.3893262174783558       0.8754743193187325
     656.3895263509006099       0.8468181343264427
     656.3897264843228641       0.8367702288989141
     656.3899266177452319       0.9208662556611540
     656.3901267511674860       0.8784753108850345
     656.3903268845897401       0.8116581584295547
     656.3905270180119942       0.7013393769426884
     656.3907271514343620       0.8048210284309012
     656.3909272848566161       0.8017869363737794
     656.3911274182788702       0.8871900928700169
     656.3913275517011243       0.8491996996975304
     656.3915276851233784       0.8532211004789494
     656.3917278185457462       0.7761404266805445
     656.3919279519680003       0.7894721730772398
     656.3921280853902545       0.8409011741747277
     656.3923282188125086       0.8185903677657527
     656.3925283522348764       0.8289897905185180
     656.3927284856571305       0.8057494833926231
     656.3929286190793846       0.8176013323271447
     656.3931287525016387       0.8595344162880600
     656.3933288859240065       0.7346401324604834
     656.3935290193462606       0.8346457661320896
     656.3937291527685147       0.6802564694683096
     656.3939292861907688       0.8237573966106259
     656.3941294196131366       0.9172363393230860
     656.3943295530353907       0.7735436646155315
     656.3945296864576449       0.8778301556427869
     656.3947298198798990       0.7905708764889027
     656.3949299533022668       0.9256646664040585
     656.3951300867245209       0.8021054478569880
     656.3953302201467750       0.8289603610080731
     656.3955303535690291       0.8568888703627930
     656.3957304869913969       0.7577746207427321
     656.3959306204136510       0.8197214880782125
     656.3961307538359051       0.7918669209597391
     656.3963308872581592       0.8125634916184146
     656.3965310206804133       0.8145327868922910
     656.3967311541027811       0.8870685736278096
     656.3969312875250353       0.9390915087822393
     656.3971314209472894       0.8764201317306672
     656.3973315543695435       0.8495659416118846
     656.3975316877919113       0.9033123525785133
     656.3977318212141654       0.9585057923374187
     656.3979319546364195       0.9035532250901297
     656.3981320880586736       0.8478699798670749
     656.3983322214810414       0.8882967720393460
     656.3985323549032955       0.8748426805359459
     656.3987324883255496       0.8003317138160321
     656.3989326217478038       1.0820158944913081
     656.3991327551701715       0.9205276699821139
     656.3993328885924257       0.9425225755777846
     656.3995330220146798       0.9125235396600053
     656.3997331554369339       0.9204168852286779
     656.3999332888593017       0.9104468020079953
     656.4001334222815558       0.9218194786233316
     656.4003335557038099       1.0027020173569210
     656.4005336891260640       1.0357157377931667
     656.4007338225484318       1.0274187934290295
     656.4009339559706859       0.9680561754909106
     656.4011340893929400       0.9680696212193417
     656.4013342228151942       0.9789534691247987
     656.4015343562375620       0.9317490592241040
     656.4017344896598161       0.9891698945220668
     656.4019346230820702       1.0030288922955872
     656.4021347565043243       0.9894722136383998
     656.4023348899265784       1.0039026938368938
     656.4025350233489462       1.0319207427328765
     656.4027351567712003       0.9992264066450051
     656.4029352901934544       0.9182400550597378
     656.4031354236157085       1.0249303242849488
     656.4033355570380763       0.9357013586776368
     656.4035356904603304       0.9477721201440801
     656.4037358238825846       1.0497304692231957
     656.4039359573048387       1.0319486425995033
     656.4041360907272065       1.0232556938872606
     656.4043362241494606       1.0873941013444834
     656.4045363575717147       1.0336724686211518
     656.4047364909939688       1.0409145983039796
     656.4049366244163366       1.0703318643475910
     656.4051367578385907       0.9462490750592142
     656.4053368912608448       0.9860164478060246
     656.4055370246830989       1.0779209396207898
     656.4057371581054667       1.0171900369547511
     656.4059372915277208       0.8963853967722640
     656.4061374249499750       1.0210377830717623
     656.4063375583722291       1.0057949868075338
     656.4065376917945969       0.9268483820998625
     656.4067378252168510       0.9494095361600845
     656.4069379586391051       0.9917338204956389
     656.4071380920613592       0.9888167331222979
     656.4073382254836133       0.9785871930838320
     656.4075383589059811       0.8557701648460422
     656.4077384923282352       1.0298804204028080
     656.4079386257504893       1.0514269080663432
     656.4081387591727434       0.9821432147844632
     656.4083388925951112       0.9325808439065626
     656.4085390260173654       1.0004060871829554
     656.4087391594396195       0.9761510982168483
     656.4089392928618736       1.0687122495246772
     656.4091394262842414       0.9940102998532886
     656.4093395597064955       1.0612218300070100
     656.4095396931287496       0.9557430654312054
     656.4097398265510037       1.0845587825220704
     656.4099399599733715       1.0114716827000390
     656.4101400933956256       0.9859171544131180
     656.4103402268178797       0.9671697632258804
     656.4105403602401339       1.0053403234227738
     656.4107404936625016       0.9537188373037516
     656.4109406270847558       1.1098413498827826
     656.4111407605070099       0.9057766814921554
     656.4113408939292640       1.0492331305306639
     656.4115410273516318       0.9844338151130687
     656.4117411607738859       1.0187217266146937
     656.4119412941961400       1.0880145489174926
     656.4121414276183941       0.9697719773898392
     656.4123415610407619       1.0535392069057719
     656.4125416944630160       0.9876411255257318
     656.4127418278852701       0.9418565045238618
     656.4129419613075243       1.0269054586880353
     656.4131420947297784       0.9574114607714569
     656.4133422281521462       0.9993483296609781
     656.4135423615744003       1.0385555171604555
     656.4137424949966544       1.0336590135269257
     656.4139426284189085       0.9697379296373828
     656.4141427618412763       0.8996914268125034
     656.4143428952635304       0.9914413537816141
     656.4145430286857845       1.0099708453418765
     656.4147431621080386       0.9416316392091898
     656.4149432955304064       0.9669332053599470
     656.4151434289526605       1.0640879694739604
     656.4153435623749147       1.0302642468885230
     656.4155436957971688       1.0194047443534655
     656.4157438292195366       1.0197851188791507
     656.4159439626417907       1.0052708310182057
     656.4161440960640448       1.0057263236253839
     656.4163442294862989       0.9803659490187244
     656.4165443629086667       1.0199033732086260
     656.4167444963309208       0.9966423176027285
     656.4169446297531749       0.9809626031974309
     656.4171447631754290       0.9807799324932128
     656.4173448965977968       1.0336777700783797
     656.4175450300200509       0.9322592008193997
     656.4177451634423051       0.9886717722441821
     656.4179452968645592       1.0274752018197613
     656.4181454302869270       1.0669993381024971
     656.4183455637091811       1.0130436612632547
     656.4185456971314352       0.9576738101763700
     656.4187458305536893       1.0357131024901665
     656.4189459639759434       0.9742598644099432
     656.4191460973983112       0.9551093465649740
     656.4193462308205653       1.0464682429359695
     656.4195463642428194       1.0658681913730046
     656.4197464976650735       0.9858220340340246
     656.4199466310874413       0.9914029268302386
     656.4201467645096955       0.9301207139913209
     656.4203468979319496       0.9809440243864981
     656.4205470313542037       0.9756144788028158
     656.4207471647765715       0.9056689813670847
     656.4209472981988256       1.0011356968854423
     656.4211474316210797       1.0495533831386679
     656.4213475650433338       0.9650483354904441
     656.4215476984657016       1.0000938936776333
     656.4217478318879557       1.1093099862326525
     656.4219479653102098       0.9351645782582538
     656.4221480987324640       0.9410634040827397
     656.4223482321548317       1.0304994639005689
     656.4225483655770859       1.0123563325030138
     656.4227484989993400       0.9444269463418222
     656.4229486324215941       0.9352235347031383
     656.4231487658439619       1.0377010367809927
     656.4233488992662160       1.0399862080811908
     656.4235490326884701       0.9239601418375596
     656.4237491661107242       1.0327782109379515
     656.4239492995329783       0.8920349106192417
     656.4241494329553461       0.9544709026813391
     656.4243495663776002       0.9219103828072469
     656.4245496997998544       0.9309518560767120
     656.4247498332221085       0.9203178957104647
     656.4249499666444763       1.0677919983863806
     656.4251501000667304       0.9971094666980191
     656.4253502334889845       0.9821916818618763
     656.4255503669112386       0.9466305561363690
     656.4257505003336064       0.9368370547890659
     656.4259506337558605       1.0661361664533611
     656.4261507671781146       1.0893953964114187
     656.4263509006003687       1.0172718223184347
     656.4265510340227365       1.0111110107973218
     656.4267511674449906       1.0999807193875313
     656.4269513008672448       0.9646068066358566
     656.4271514342894989       0.9213064908981323
     656.4273515677118667       0.9419628009200096
     656.4275517011341208       1.1191771179437637
     656.4277518345563749       0.9111339598894119
     656.4279519679786290       1.1088288053870201
     656.4281521014009968       1.0444861948490143
     656.4283522348232509       0.9704308025538921
     656.4285523682455050       1.0685276910662651
     656.4287525016677591       1.0194163005799055
     656.4289526350901269       1.0415063276886940
     656.4291527685123810       1.0220553558319807
     656.4293529019346352       1.0348447822034359
     656.4295530353568893       0.9485692381858826
     656.4297531687791434       0.9960541394539177
     656.4299533022015112       1.0492690689861774
     656.4301534356237653       0.9463163428008556
     656.4303535690460194       0.9442929625511169
     656.4305537024682735       0.9060950130224228
     656.4307538358906413       1.0216615777462721
     656.4309539693128954       0.9944983446039259
     656.4311541027351495       1.0735755190253258
     656.4313542361574036       0.9110692515969276
     656.4315543695797714       0.9840546268969774
     656.4317545030020256       1.0046801655553281
     656.4319546364242797       1.0022549999412149
     656.4321547698465338       0.9254126325249672
     656.4323549032689016       1.0969663187861443
     656.4325550366911557       0.9722968433052301
     656.4327551701134098       0.9363116025924683
     656.4329553035356639       0.9361862540245056
     656.4331554369580317       0.9431428648531437
     656.4333555703802858       1.0409358479082584
     656.4335557038025399       0.9642879031598568
     656.4337558372247940       1.0093593923375010
     656.4339559706471618       1.0284907501190901
     656.4341561040694160       0.9392900578677654
     656.4343562374916701       1.0636776834726334
     656.4345563709139242       1.0134604517370462
     656.4347565043361783       1.0285935942083597
     656.4349566377585461       0.9789390191435814
     656.4351567711808002       0.9774888884276152
     656.4353569046030543       1.0128040462732315
     656.4355570380253084       0.9197003692388535
     656.4357571714476762       1.0177837852388620
     656.4359573048699303       1.0133688477799296
     656.4361574382921845       0.9673185013234615
     656.4363575717144386       0.9739452749490738
     656.4365577051368064       0.9417731948196888
     656.4367578385590605       1.0400959439575672
     656.4369579719813146       0.9393500611186028
     656.4371581054035687       1.0772567391395569
     656.4373582388259365       1.0402909480035305
     656.4375583722481906       0.8997299447655678
     656.4377585056704447       0.9699629954993725
     656.4379586390926988       1.0645043179392815
     656.4381587725150666       1.0160736870020628
     656.4383589059373207       0.9393312744796276
     656.4385590393595749       1.0847788453102112
     656.4387591727818290       1.0303044207394123
     656.4389593062041968       0.9714043159037828
     656.4391594396264509       0.9558989517390728
     656.4393595730487050       1.0206906143575907
     656.4395597064709591       0.9914497751742601
     656.4397598398933269       0.9915638649836183
     656.4399599733155810       1.0034561061765999
     656.4401601067378351       0.9659704826772213
     656.4403602401600892       1.0070632384158671
     656.4405603735823433       0.9679415561258793
     656.4407605070047111       1.0821808800101280
     656.4409606404269653       1.0073764994740486
     656.4411607738492194       1.0041779414750636
     656.4413609072714735       1.0208169892430305
     656.4415610406938413       0.9895731182768941
     656.4417611741160954       0.9942761994898319
     656.4419613075383495       0.9611567445099354
     656.4421614409606036       1.1765460669994354
     656.4423615743829714       1.0125165879726410
     656.4425617078052255       0.9882664280012250
     656.4427618412274796       0.9604625888168812
     656.4429619746497337       1.0134529424831271
     656.4431621080721015       1.0127371149137616
     656.4433622414943557       1.0963068231940269
     656.4435623749166098       0.9471655227243900
     656.4437625083388639       1.0865088030695915
     656.4439626417612317       1.0100660780444741
     656.4441627751834858       0.9953462677076459
     656.4443629086057399       1.0300708115100861
     656.4445630420279940       0.9519610889256001
     656.4447631754503618       0.9267572611570358
     656.4449633088726159       1.0500692315399647
     656.4451634422948700       0.9411333240568638
     656.4453635757171241       1.0296691637486219
     656.4455637091393783       1.0089418031275272
     656.4457638425617461       0.9749883562326431
     656.4459639759840002       0.9828080162405968
     656.4461641094062543       0.9819143544882536
     656.4463642428285084       0.9974682133179158
     656.4465643762508762       0.9876341531053185
     656.4467645096731303       0.9958004546351731
     656.4469646430953844       1.0889907851815224
     656.4471647765176385       0.9558901637792587
     656.4473649099400063       0.9068328514695168
     656.4475650433622604       1.0163111947476864
     656.4477651767845146       1.0883550643920898
     656.4479653102067687       0.9883540598675609
     656.4481654436291365       1.0361991263926029
     656.4483655770513906       0.9843777427449822
     656.4485657104736447       0.9980069277808070
     656.4487658438958988       0.9466192014515400
     656.4489659773182666       0.9012364670634270
     656.4491661107405207       0.9044615402817726
     656.4493662441627748       1.0782489627599716
     656.4495663775850289       1.0201394688338041
     656.4497665110073967       0.9298240020871162
     656.4499666444296508       0.9547990635037422
     656.4501667778519050       0.9641540534794331
     656.4503669112741591       0.9798281211405993
     656.4505670446965269       0.9730831645429134
     656.4507671781187810       0.9944122643209994
     656.4509673115410351       0.9619297161698341
     656.4511674449632892       0.9909780379384756
     656.4513675783855433       1.0205742474645376
     656.4515677118079111       1.0470172949135303
     656.4517678452301652       1.0293998476117849
     656.4519679786524193       1.0159672852605581
     656.4521681120746734       1.0272524897009134
     656.4523682454970412       1.0671699568629265
     656.4525683789192954       0.9704339895397425
     656.4527685123415495       1.0153034953400493
     656.4529686457638036       1.0262943245470524
     656.4531687791861714       0.9465261138975620
     656.4533689126084255       1.0043142247013748
     656.4535690460306796       0.9412172660231590
     656.4537691794529337       0.9529103487730026
     656.4539693128753015       0.9968394979368895
     656.4541694462975556       1.0423915646970272
     656.4543695797198097       1.0038189571350813
     656.4545697131420638       1.0358328111469746
     656.4547698465644316       1.0425995178520679
     656.4549699799866858       1.0109217679128051
     656.4551701134089399       1.0816667303442955
     656.4553702468311940       1.0201699901372194
     656.4555703802535618       0.9727186802774668
     656.4557705136758159       0.9559542648494244
     656.4559706470980700       1.0214671548455954
     656.4561707805203241       0.9571067318320274
     656.4563709139425782       1.0639675185084343
     656.4565710473649460       1.0168673172593117
     656.4567711807872001       0.9215276092290878
     656.4569713142094542       0.9675533957779408
     656.4571714476317084       0.8891259804368019
     656.4573715810540762       0.9558459073305130
     656.4575717144763303       0.9635105691850185
     656.4577718478985844       1.0390458256006241
     656.4579719813208385       1.0348017290234566
     656.4581721147432063       0.9782889187335968
     656.4583722481654604       1.1445357352495193
     656.4585723815877145       0.9920411948114634
     656.4587725150099686       1.0640318617224693
     656.4589726484323364       0.9989627434406430
     656.4591727818545905       0.9400322362780571
     656.4593729152768447       1.0114549277350307
     656.4595730486990988       0.9759966600686312
     656.4597731821214666       1.0433684028685093
     656.4599733155437207       0.9982806380139664
     656.4601734489659748       1.0199892558157444
     656.4603735823882289       1.0484767332673073
     656.4605737158105967       0.9720733165740967
     656.4607738492328508       0.9971281674224883
     656.4609739826551049       1.0285778678953648
     656.4611741160773590       0.9814631436020136
     656.4613742494997268       1.0620433352887630
     656.4615743829219809       0.9268805161118507
     656.4617745163442351       0.9944295547902584
     656.4619746497664892       0.9877569237723947
     656.4621747831887433       1.0354279614984989
     656.4623749166111111       1.0581873171031475
     656.4625750500333652       1.0750708580017090
     656.4627751834556193       0.9550804607570171
     656.4629753168778734       0.9543057344853878
     656.4631754503002412       0.9445759952068329
     656.4633755837224953       1.0422526337206364
     656.4635757171447494       1.0206306632608175
     656.4637758505670035       0.9871872020885348
     656.4639759839893713       1.0134004419669509
     656.4641761174116255       1.0661098286509514
     656.4643762508338796       0.9558862484991550
     656.4645763842561337       0.9779458418488503
     656.4647765176785015       1.0202521160244942
     656.4649766511007556       0.9706511590629816
     656.4651767845230097       0.9546799100935459
     656.4653769179452638       1.0468119867146015
     656.4655770513676316       1.0984663739800453
     656.4657771847898857       1.1128264889121056
     656.4659773182121398       1.0312341842800379
     656.4661774516343939       1.0104803210124373
     656.4663775850567617       0.9761134274303913
     656.4665777184790159       1.0204436089843512
     656.4667778519012700       0.9391511678695679
     656.4669779853235241       1.0223440509289503
     656.4671781187458919       1.0732843354344368
     656.4673782521681460       1.0257121808826923
     656.4675783855904001       0.9701301623135805
     656.4677785190126542       0.9526476338505745
     656.4679786524349083       1.0775359123945236
     656.4681787858572761       1.0483653992414474
     656.4683789192795302       1.0247012600302696
     656.4685790527017843       0.9850559057667851
     656.4687791861240385       0.9457839168608189
     656.4689793195464063       0.9861589046195149
     656.4691794529686604       1.0592144094407558
     656.4693795863909145       0.9908082718029618
     656.4695797198131686       0.9548204615712166
     656.4697798532355364       1.0233812332153320
     656.4699799866577905       0.8993542566895485
     656.4701801200800446       1.0508956797420979
     656.4703802535022987       0.9984840229153633
     656.4705803869246665       1.0003838243719656
     656.4707805203469206       1.0746311768889427
     656.4709806537691748       0.9965307239908725
     656.4711807871914289       1.0245180409401655
     656.4713809206137967       0.9395975060760975
     656.4715810540360508       1.0314494855701923
     656.4717811874583049       0.9568268097937107
     656.4719813208805590       0.9759929608553648
     656.4721814543029268       0.9560784474015236
     656.4723815877251809       1.0463061146438122
     656.4725817211474350       0.9502828717231750
     656.4727818545696891       1.0518185794353485
     656.4729819879919432       1.0383517369627953
     656.4731821214143110       1.0260170530527830
     656.4733822548365652       0.9446131214499474
     656.4735823882588193       1.0031973205041140
     656.4737825216810734       0.9594872035086155
     656.4739826551034412       1.0260793548077345
     656.4741827885256953       0.9010708704590797
     656.4743829219479494       0.9544681385159492
     656.4745830553702035       1.0893487334251404
     656.4747831887925713       0.9569471813738346
     656.4749833222148254       0.9723774157464504
     656.4751834556370795       0.9893199922516942
     656.4753835890593336       1.0708346962928772
     656.4755837224817014       0.9151297584176064
     656.4757838559039556       1.0072305100038648
     656.4759839893262097       0.9728082567453384
     656.4761841227484638       1.0123046198859811
     656.4763842561708316       0.9287158101797104
     656.4765843895930857       1.0592377856373787
     656.4767845230153398       1.0717175081372261
     656.4769846564375939       0.9712730161845684
     656.4771847898599617       1.0211230237036943
     656.4773849232822158       1.0463313050568104
     656.4775850567044699       0.9703109133988619
     656.4777851901267240       0.9879478765651584
     656.4779853235490918       1.0560604631900787
     656.4781854569713460       1.0542266182601452
     656.4783855903936001       0.9604963287711143
     656.4785857238158542       0.9548434205353260
     656.4787858572381083       0.9515712745487690
     656.4789859906604761       0.9764200840145350
     656.4791861240827302       1.0042036776430905
     656.4793862575049843       0.9811412189155817
     656.4795863909272384       1.0116280214861035
     656.4797865243496062       0.9643611498177052
     656.4799866577718603       1.0073768794536591
     656.4801867911941144       0.9756396878510714
     656.4803869246163686       0.9064252451062202
     656.4805870580387364       1.0461404733359814
     656.4807871914609905       0.9180339127779007
     656.4809873248832446       1.0324650518596172
     656.4811874583054987       1.0694811567664146
     656.4813875917278665       1.0006011676741764
     656.4815877251501206       0.9637683033943176
     656.4817878585723747       0.9925535237416625
     656.4819879919946288       0.9976109371054918
     656.4821881254169966       0.9917688202112913
     656.4823882588392507       1.0194735173135996
     656.4825883922615049       0.9761370513588190
     656.4827885256837590       0.9172234982252121
     656.4829886591061268       1.0297513902187347
     656.4831887925283809       0.9533495642244816
     656.4833889259506350       1.0416829138994217
     656.4835890593728891       0.9164675250649452
     656.4837891927951432       1.0542201474308968
     656.4839893262175110       1.0007983766845427
     656.4841894596397651       0.9771101344376802
     656.4843895930620192       1.0757577344775200
     656.4845897264842733       1.1326723843812943
     656.4847898599066411       0.9959967699833214
     656.4849899933288953       0.9716314394026995
     656.4851901267511494       0.9489421844482422
     656.4853902601734035       1.0361557416617870
     656.4855903935957713       0.9221645295619965
     656.4857905270180254       1.0397773534059525
     656.4859906604402795       1.0576866678893566
     656.4861907938625336       0.9500841051340103
     656.4863909272849014       1.0392923504114151
     656.4865910607071555       1.0043759541586041
     656.4867911941294096       1.0479229651391506
     656.4869913275516637       0.9751962590962648
     656.4871914609740315       1.0020987733732909
     656.4873915943962857       0.9787667803466320
     656.4875917278185398       0.9442203827202320
     656.4877918612407939       0.9878747854381800
     656.4879919946631617       0.9899342441931367
     656.4881921280854158       1.0406148880720139
     656.4883922615076699       0.9741857703775167
     656.4885923949299240       0.9993575027328916
     656.4887925283522918       0.9806423429399729
     656.4889926617745459       0.9832493532449007
     656.4891927951968000       1.0361337736248970
     656.4893929286190541       1.0657055303454399
     656.4895930620413083       1.0105742309242487
     656.4897931954636761       0.9490954689681530
     656.4899933288859302       1.0857657268643379
     656.4901934623081843       0.9388202726840973
     656.4903935957304384       0.9587124884128571
     656.4905937291528062       0.9225062727928162
     656.4907938625750603       1.0024721296504140
     656.4909939959973144       1.0112344017252326
     656.4911941294195685       0.9356465414166451
     656.4913942628419363       1.0253639258444309
     656.4915943962641904       0.9938255748711526
     656.4917945296864445       0.9906902853399515
     656.4919946631086987       0.9604842364788055
     656.4921947965310665       1.0450012348592281
     656.4923949299533206       0.9842612314969301
     656.4925950633755747       1.0872769579291344
     656.4927951967978288       0.9488358423113823
     656.4929953302201966       0.9880002522841096
     656.4931954636424507       1.0623560063540936
     656.4933955970647048       1.0259771235287189
     656.4935957304869589       1.0184120517224073
     656.4937958639093267       0.9808607734739780
     656.4939959973315808       1.0216565188020468
     656.4941961307538350       1.0559350848197937
     656.4943962641760891       0.9848785633221269
     656.4945963975983432       1.0578394122421741
     656.4947965310207110       1.0509688444435596
     656.4949966644429651       1.0301263574510813
     656.4951967978652192       1.0154687333852053
     656.4953969312874733       1.0616515241563320
     656.4955970647098411       1.0816734358668327
     656.4957971981320952       1.0451213531196117
     656.4959973315543493       1.1022369265556335
     656.4961974649766034       0.9757347349077463
     656.4963975983989712       1.0243380274623632
     656.4965977318212254       0.9934333697892725
     656.4967978652434795       0.9101705402135849
     656.4969979986657336       0.9967048738617450
     656.4971981320881014       0.9233506321907043
     656.4973982655103555       0.9933205023407936
     656.4975983989326096       0.9428746923804283
     656.4977985323548637       0.9777620863169432
     656.4979986657772315       1.0208020228892565
     656.4981987991994856       0.9642806686460972
     656.4983989326217397       1.0385958887636662
     656.4985990660439938       1.0331725217401981
     656.4987991994663616       0.9705511238425970
     656.4989993328886158       0.9827035181224346
     656.4991994663108699       0.9402660541236401
     656.4993995997331240       0.9446920789778233
     656.4995997331554918       1.0061288126744330
     656.4997998665777459       0.9543282054364681
     656.5000000000000000       1.0372966937720776
