     656.2000000000000455       0.9731329549103975
     656.2002001334222996       1.0234247930347919
     656.2004002668445537       1.0472028926014900
     656.2006004002669215       0.9936116128228605
     656.2008005336891756       0.9524678662419319
     656.2010006671114297       0.9856682987883687
     656.2012008005336838       1.0105186402797699
     656.2014009339560516       0.9928102926351130
     656.2016010673783057       1.1041825190186501
     656.2018012008005599       0.9627077616751194
     656.2020013342228140       1.0032448966521770
     656.2022014676451818       1.1537073105573654
     656.2024016010674359       0.9728016946464777
     656.2026017344896900       0.9550492987036705
     656.2028018679119441       0.9947996661067009
     656.2030020013343119       0.9249406158924103
     656.2032021347565660       1.0023359677288681
     656.2034022681788201       0.9520988501608372
     656.2036024016010742       0.9437134265899658
     656.2038025350234420       0.9535952657461166
     656.2040026684456961       1.0600775443017483
     656.2042028018679503       0.9924837914295495
     656.2044029352902044       1.0169688854366541
     656.2046030687125722       1.0218868460506201
     656.2048032021348263       0.9330765157938004
     656.2050033355570804       1.0725543797016144
     656.2052034689793345       1.0367949418723583
     656.2054036024017023       1.0094253439456224
     656.2056037358239564       1.0151644423604012
     656.2058038692462105       1.0319179110229015
     656.2060040026684646       0.9930471493862569
     656.2062041360907187       1.0695971474051476
     656.2064042695130865       0.9066259339451790
     656.2066044029353407       1.0521025359630585
     656.2068045363575948       1.0528112612664700
     656.2070046697798489       1.0417166799306870
     656.2072048032022167       1.0193260293453932
     656.2074049366244708       1.0206233393400908
     656.2076050700467249       1.0710033699870110
     656.2078052034689790       1.0019668224267662
     656.2080053368913468       0.9867177978157997
     656.2082054703136009       1.0157762188464403
     656.2084056037358550       1.0173089429736137
     656.2086057371581092       0.9998864909066469
     656.2088058705804769       0.9899207623675466
     656.2090060040027311       0.9915543626993895
     656.2092061374249852       1.0737292394042015
     656.2094062708472393       0.9895847216248512
     656.2096064042696071       0.9513102211058140
     656.2098065376918612       1.0295175500214100
     656.2100066711141153       0.9457980990409851
     656.2102068045363694       0.9465849697589874
     656.2104069379587372       1.0464704036712646
     656.2106070713809913       1.0594679228961468
     656.2108072048032454       0.9932679212652147
     656.2110073382254996       0.9543572999536991
     656.2112074716477537       0.8470367193222046
     656.2114076050701215       0.9004440978169441
     656.2116077384923756       1.0360088087618351
     656.2118078719146297       1.0084614418447018
     656.2120080053368838       0.9897159859538078
     656.2122081387592516       1.0417962074279785
     656.2124082721815057       0.9929088270291686
     656.2126084056037598       0.9703282713890076
     656.2128085390260139       0.9899226287379861
     656.2130086724483817       0.9135087504982948
     656.2132088058706358       1.0238820482045412
     656.2134089392928900       1.0432448275387287
     656.2136090727151441       0.9759619235992432
     656.2138092061375119       1.0099693713709712
     656.2140093395597660       1.0581949166953564
     656.2142094729820201       1.0884764119982719
     656.2144096064042742       0.9553679153323174
     656.2146097398266420       0.9919659579172730
     656.2148098732488961       1.0255364160984755
     656.2150100066711502       0.9629886485636234
     656.2152101400934043       0.9984267987310886
     656.2154102735157721       1.0400852449238300
     656.2156104069380262       0.9628449678421021
     656.2158105403602804       0.9421266801655293
     656.2160106737825345       0.9897039504721761
     656.2162108072049023       0.9823771174997091
     656.2164109406271564       0.9123052582144737
     656.2166110740494105       0.9558325558900833
     656.2168112074716646       0.9201424494385719
     656.2170113408939187       0.9863783651962876
     656.2172114743162865       0.9560731686651707
     656.2174116077385406       0.9746638108044863
     656.2176117411607947       0.9832502659410238
     656.2178118745830488       0.9871389046311378
     656.2180120080054166       0.9843577183783054
     656.2182121414276708       1.0038144257850945
     656.2184122748499249       1.0564923994243145
     656.2186124082721790       1.0034332170616835
     656.2188125416945468       0.9175515323877335
     656.2190126751168009       0.9657335095107555
     656.2192128085390550       0.9913542605936527
     656.2194129419613091       0.9543111957609653
     656.2196130753836769       1.0036371659953147
     656.2198132088059310       1.0353439636528492
     656.2200133422281851       0.8961205556988716
     656.2202134756504392       1.0542818792164326
     656.2204136090728070       0.9558728858828545
     656.2206137424950612       1.0962272360920906
     656.2208138759173153       0.9941833862103522
     656.2210140093395694       1.0670335814356804
     656.2212141427619372       1.1016438230872154
     656.2214142761841913       1.0281364507973194
     656.2216144096064454       0.8939578309655190
     656.2218145430286995       0.9858022714033723
     656.2220146764509536       1.0301088448613882
     656.2222148098733214       0.9646425582468510
     656.2224149432955755       0.9096211418509483
     656.2226150767178297       0.9513729549944401
     656.2228152101400838       0.9455770440399647
     656.2230153435624516       0.9480049423873425
     656.2232154769847057       0.9491248317062855
     656.2234156104069598       1.0410394854843616
     656.2236157438292139       1.0369530059397221
     656.2238158772515817       0.9768734313547611
     656.2240160106738358       0.9815699923783541
     656.2242161440960899       1.0483789555728436
     656.2244162775183440       1.0036111630033702
     656.2246164109407118       1.0593165941536427
     656.2248165443629659       1.0170648358762264
     656.2250166777852201       0.9629276283085346
     656.2252168112074742       1.0375258140265942
     656.2254169446298420       1.0278687458485365
     656.2256170780520961       1.0256125628948212
     656.2258172114743502       1.0269665308296680
     656.2260173448966043       0.9767297450453043
     656.2262174783189721       0.9170202389359474
     656.2264176117412262       1.0532515458762646
     656.2266177451634803       0.9875277001410723
     656.2268178785857344       1.0178460069000721
     656.2270180120081022       1.0454386845231056
     656.2272181454303563       1.0162444021552801
     656.2274182788526105       1.0112850768491626
     656.2276184122748646       0.9347233325242996
     656.2278185456971187       1.0156197194010019
     656.2280186791194865       1.0309807956218719
     656.2282188125417406       1.0388098917901516
     656.2284189459639947       0.9293296709656715
     656.2286190793862488       1.0744338482618332
     656.2288192128086166       0.9471756629645824
     656.2290193462308707       0.9949878943152726
     656.2292194796531248       0.9854160780087113
     656.2294196130753789       0.9804711211472750
     656.2296197464977467       1.0422879569232464
     656.2298198799200009       0.9389434345066547
     656.2300200133422550       1.0562465898692608
     656.2302201467645091       1.0033864711876959
     656.2304202801868769       1.0841015949845314
     656.2306204136091310       1.0514202676713467
     656.2308205470313851       1.0077473223209381
     656.2310206804536392       0.9981725855031982
     656.2312208138760070       0.9876749319955707
     656.2314209472982611       1.0580894835293293
     656.2316210807205152       1.0081612421199679
     656.2318212141427693       0.8926790207624435
     656.2320213475651371       1.0097939400002360
     656.2322214809873913       0.9051954746246338
     656.2324216144096454       1.0050114444456995
     656.2326217478318995       0.9546805135905743
     656.2328218812541536       0.9967371921520680
     656.2330220146765214       0.9993221869808622
     656.2332221480987755       1.0475719571113586
     656.2334222815210296       0.9373974874615669
     656.2336224149432837       1.0236135646700859
     656.2338225483656515       0.9830664414912462
     656.2340226817879056       0.9555168934166431
     656.2342228152101598       0.9272867813706398
     656.2344229486324139       0.9325472414493561
     656.2346230820547817       0.9370840638875961
     656.2348232154770358       0.9507357180118561
     656.2350233488992899       0.9727907739579678
     656.2352234823215440       1.0266486741602421
     656.2354236157439118       1.0427906028926373
     656.2356237491661659       1.0122562823817134
     656.2358238825884200       1.0045968922786415
     656.2360240160106741       1.0421593859791756
     656.2362241494330419       0.9709006063640118
     656.2364242828552960       1.0185214392840862
     656.2366244162775502       0.9901145817711949
     656.2368245496998043       1.0340944416821003
     656.2370246831221721       1.0478192679584026
     656.2372248165444262       1.0974861457943916
     656.2374249499666803       0.9916005888953805
     656.2376250833889344       0.9634341597557068
     656.2378252168113022       0.9324050322175026
     656.2380253502335563       0.9816045034676790
     656.2382254836558104       0.9778515212237835
     656.2384256170780645       0.9545595534145832
     656.2386257505003186       0.9918383220210671
     656.2388258839226864       0.9393900819122791
     656.2390260173449406       0.9812881369143724
     656.2392261507671947       1.0389211103320122
     656.2394262841894488       1.0057757343165576
     656.2396264176118166       1.0504889674484730
     656.2398265510340707       1.0598977766931057
     656.2400266844563248       0.9641338549554348
     656.2402268178785789       0.9274913817644119
     656.2404269513009467       0.9953933157958090
     656.2406270847232008       1.0413590632379055
     656.2408272181454549       0.9214587584137917
     656.2410273515677090       0.9781978148967028
     656.2412274849900768       0.9861450493335724
     656.2414276184123310       0.9211177900433540
     656.2416277518345851       0.9882220458239317
     656.2418278852568392       1.0412722192704678
     656.2420280186792070       0.9841527938842773
     656.2422281521014611       1.0178146567195654
     656.2424282855237152       1.0670219585299492
     656.2426284189459693       0.9748661089688540
     656.2428285523683371       0.9719574768096209
     656.2430286857905912       1.0186001211404800
     656.2432288192128453       0.9779202360659838
     656.2434289526350994       1.0465935058891773
     656.2436290860574672       0.9811611566692591
     656.2438292194797214       1.0723760798573494
     656.2440293529019755       1.0837629958987236
     656.2442294863242296       1.0525352619588375
     656.2444296197464837       0.9822175521403551
     656.2446297531688515       0.9903406286612153
     656.2448298865911056       1.0420015826821327
     656.2450300200133597       1.0236734412610531
     656.2452301534356138       0.9626516625285149
     656.2454302868579816       1.0217211004346609
     656.2456304202802357       1.0142658939585090
     656.2458305537024899       0.9876004084944725
     656.2460306871247440       0.9475395567715168
     656.2462308205471118       1.0166521817445755
     656.2464309539693659       0.8848411887884140
     656.2466310873916200       1.0502414964139462
     656.2468312208138741       1.1141137480735779
     656.2470313542362419       1.0116482358425856
     656.2472314876584960       0.9749092031270266
     656.2474316210807501       1.0149878356605768
     656.2476317545030042       1.0175303369760513
     656.2478318879253720       0.9876751648262143
     656.2480320213476261       0.9797628633677959
     656.2482321547698803       1.0458088964223862
     656.2484322881921344       1.0251987185329199
     656.2486324216145022       1.1078090220689774
     656.2488325550367563       1.0685416013002396
     656.2490326884590104       0.8662539720535278
     656.2492328218812645       1.0231351219117641
     656.2494329553035186       1.0436873659491539
     656.2496330887258864       0.9116451367735863
     656.2498332221481405       0.9870837209746242
     656.2500333555703946       0.9697584081441164
     656.2502334889926487       1.0347628109157085
     656.2504336224150165       0.9729449152946472
     656.2506337558372707       0.9849925218150020
     656.2508338892595248       1.0070171193219721
     656.2510340226817789       0.9973689073231071
     656.2512341561041467       1.0486297979950905
     656.2514342895264008       0.9621266014873981
     656.2516344229486549       0.9749773852527142
     656.2518345563709090       0.9971289618406445
     656.2520346897932768       0.9309800118207932
     656.2522348232155309       1.0274480562657118
     656.2524349566377850       1.0203943811357021
     656.2526350900600391       0.9733004774898291
     656.2528352234824069       0.9854972409084439
     656.2530353569046611       0.9372759088873863
     656.2532354903269152       1.0197345744818449
     656.2534356237491693       0.9908444155007601
     656.2536357571715371       0.9970326330512762
     656.2538358905937912       0.8694982975721359
     656.2540360240160453       1.0284895151853561
     656.2542361574382994       1.0434579513967037
     656.2544362908606672       0.9800893794745207
     656.2546364242829213       1.0216170139610767
     656.2548365577051754       1.0285311918705702
     656.2550366911274295       0.9216333329677582
     656.2552368245496837       0.9013633802533150
     656.2554369579720515       0.9984706757823005
     656.2556370913943056       0.8958358839154243
     656.2558372248165597       1.0100623155012727
     656.2560373582388138       0.9851923212409019
     656.2562374916611816       1.0572628863155842
     656.2564376250834357       0.9397366382181644
     656.2566377585056898       0.9976223094854504
     656.2568378919279439       0.9402165748178959
     656.2570380253503117       0.9734359849244356
     656.2572381587725658       1.0582576878368855
     656.2574382921948200       0.9784356020390987
     656.2576384256170741       1.0207458790391684
     656.2578385590394419       0.9896589564159513
     656.2580386924616960       0.9201096072793007
     656.2582388258839501       0.9550049602985382
     656.2584389593062042       0.9757221639156342
     656.2586390927285720       1.0009577567689121
     656.2588392261508261       1.0178528334945440
     656.2590393595730802       1.0494225174188614
     656.2592394929953343       1.0765997767448425
     656.2594396264177021       0.9702624343335629
     656.2596397598399562       1.0439524799585342
     656.2598398932622104       0.9943725322373211
     656.2600400266844645       0.9869972467422485
     656.2602401601067186       0.9882550965994596
     656.2604402935290864       0.9490969590842724
     656.2606404269513405       0.9544701576232910
     656.2608405603735946       0.9950299952179193
     656.2610406937958487       0.9783991090953350
     656.2612408272182165       0.9344967976212502
     656.2614409606404706       1.0697506740689278
     656.2616410940627247       1.0018155531724915
     656.2618412274849788       1.0002376122720307
     656.2620413609073466       1.0455639958381653
     656.2622414943296008       1.0202678553760052
     656.2624416277518549       0.9595187790691853
     656.2626417611741090       1.0197421442717314
     656.2628418945964768       0.9264057353138924
     656.2630420280187309       0.9644031934440136
     656.2632421614409850       0.9961297113914043
     656.2634422948632391       0.9381096959114075
     656.2636424282856069       0.9546697139739990
     656.2638425617078610       1.0023285902570933
     656.2640426951301151       0.9607572741806507
     656.2642428285523692       1.0678376778960228
     656.2644429619747370       1.0141014978289604
     656.2646430953969912       0.9541180580854416
     656.2648432288192453       0.9395091123878956
     656.2650433622414994       0.9934135004878044
     656.2652434956638672       1.0102762570604682
     656.2654436290861213       0.9934036051854491
     656.2656437625083754       0.9288325831294060
     656.2658438959306295       0.9713486339896917
     656.2660440293528836       0.9302240684628487
     656.2662441627752514       1.0508341379463673
     656.2664442961975055       0.9977109653409570
     656.2666444296197596       0.9968479494564235
     656.2668445630420138       0.9501936510205269
     656.2670446964643816       1.0037655588239431
     656.2672448298866357       0.9789848141372204
     656.2674449633088898       1.0020338704343885
     656.2676450967311439       0.9723471570760012
     656.2678452301535117       0.9811956081539392
     656.2680453635757658       1.0844422355294228
     656.2682454969980199       0.9773845840245485
     656.2684456304202740       1.0865238234400749
     656.2686457638426418       1.0353799127042294
     656.2688458972648959       0.9115076065063477
     656.2690460306871501       1.0677375420928001
     656.2692461641094042       0.9006663411855698
     656.2694462975317720       0.9095767810940742
     656.2696464309540261       1.0643015205860138
     656.2698465643762802       0.9849256807938218
     656.2700466977985343       1.0131781073287129
     656.2702468312209021       0.9903357569128275
     656.2704469646431562       0.9755283240228891
     656.2706470980654103       1.0278622210025787
     656.2708472314876644       1.0002833741600625
     656.2710473649099185       1.1011061295866966
     656.2712474983322863       0.9978810988832265
     656.2714476317545405       0.9466572515666485
     656.2716477651767946       1.0387571938335896
     656.2718478985990487       0.9008864238858223
     656.2720480320214165       0.9934633886441588
     656.2722481654436706       1.0255605932325125
     656.2724482988659247       1.0396957732737064
     656.2726484322881788       0.9689059313386679
     656.2728485657105466       1.0015682649100199
     656.2730486991328007       0.9853653907775879
     656.2732488325550548       0.9786438066512346
     656.2734489659773089       0.9582401439547539
     656.2736490993996767       1.0226510483771563
     656.2738492328219309       1.0176709722727537
     656.2740493662441850       0.9974869801662862
     656.2742494996664391       1.0086625618860126
     656.2744496330888069       1.0101323714479804
     656.2746497665110610       0.9831684660166502
     656.2748498999333151       1.0237666070461273
     656.2750500333555692       1.0123825352638960
     656.2752501667779370       1.0484246835112572
     656.2754503002001911       1.1161188036203384
     656.2756504336224452       0.9562847204506397
     656.2758505670446993       0.9570463113486767
     656.2760507004670671       0.9697119984775782
     656.2762508338893213       1.1521816104650497
     656.2764509673115754       0.9247034564614296
     656.2766511007338295       0.9133193567395210
     656.2768512341560836       0.9354297742247581
     656.2770513675784514       0.9808341301977634
     656.2772515010007055       0.9998248055781005
     656.2774516344229596       1.0193373002111912
     656.2776517678452137       0.8857493028044701
     656.2778519012675815       0.9679668843746185
     656.2780520346898356       0.9934565131552517
     656.2782521681120897       1.0284458845853806
     656.2784523015343439       0.9933813167735934
     656.2786524349567117       1.0071998359635472
     656.2788525683789658       1.0249484907835722
     656.2790527018012199       0.9837024603039026
     656.2792528352234740       1.0570939742028713
     656.2794529686458418       1.0166458953171968
     656.2796531020680959       0.9687704890966415
     656.2798532354903500       1.0712937712669373
     656.2800533689126041       0.9598289206624031
     656.2802535023349719       1.0240324176847935
     656.2804536357572260       1.0359892100095749
     656.2806537691794802       0.9725455250591040
     656.2808539026017343       1.0302074607461691
     656.2810540360241021       1.0013644624268636
     656.2812541694463562       1.0388770774006844
     656.2814543028686103       0.9754116740077734
     656.2816544362908644       1.0515738613903522
     656.2818545697131185       1.0114825414493680
     656.2820547031354863       1.0015896102413535
     656.2822548365577404       0.9776537735015154
     656.2824549699799945       1.0191138163208961
     656.2826551034022486       0.9371814802289009
     656.2828552368246164       0.9663341045379639
     656.2830553702468706       0.9175924435257912
     656.2832555036691247       1.0113986637443304
     656.2834556370913788       1.1369018554687500
     656.2836557705137466       0.9313073530793190
     656.2838559039360007       0.9848914565518498
     656.2840560373582548       0.9882652852684259
     656.2842561707805089       1.1041567549109459
     656.2844563042028767       1.0118480334058404
     656.2846564376251308       1.0221074987202883
     656.2848565710473849       0.9093110337853432
     656.2850567044696390       1.0108086522668600
     656.2852568378920068       0.9345159903168678
     656.2854569713142610       0.9832734577357769
     656.2856571047365151       0.9968338098842651
     656.2858572381587692       1.0101433359086514
     656.2860573715811370       1.0303505808115005
     656.2862575050033911       0.9995103399269283
     656.2864576384256452       1.0785564184188843
     656.2866577718478993       0.9768958687782288
     656.2868579052702671       1.0605671294033527
     656.2870580386925212       0.9207737222313881
     656.2872581721147753       1.0544797964394093
     656.2874583055370294       0.9702233429998159
     656.2876584389592836       0.9523501247167587
     656.2878585723816514       1.0588155798614025
     656.2880587058039055       0.9404148049652576
     656.2882588392261596       1.0263825561851263
     656.2884589726484137       1.0191683992743492
     656.2886591060707815       0.9691064059734344
     656.2888592394930356       1.0603438019752502
     656.2890593729152897       0.9677673317492008
     656.2892595063375438       1.0459627211093903
     656.2894596397599116       0.9155894517898560
     656.2896597731821657       1.0320264473557472
     656.2898599066044198       1.0285660158842802
     656.2900600400266740       1.1015141010284424
     656.2902601734490418       1.0323900505900383
     656.2904603068712959       0.9363256320357323
     656.2906604402935500       1.0334377996623516
     656.2908605737158041       1.0546621978282928
     656.2910607071381719       1.0146180093288422
     656.2912608405604260       1.0457179360091686
     656.2914609739826801       0.9755897708237171
     656.2916611074049342       1.0064712539315224
     656.2918612408273020       0.9484871216118336
     656.2920613742495561       1.0667727664113045
     656.2922615076718103       0.9877240890637040
     656.2924616410940644       0.9835824221372604
     656.2926617745164322       0.9902434153482318
     656.2928619079386863       0.9745904076844454
     656.2930620413609404       0.9951966106891632
     656.2932621747831945       1.1061562523245811
     656.2934623082054486       1.0033636956941336
     656.2936624416278164       0.9536577872931957
     656.2938625750500705       0.9539564661681652
     656.2940627084723246       1.0062609203159809
     656.2942628418945787       1.0683275386691093
     656.2944629753169465       1.0186434220522642
     656.2946631087392007       0.9887597849592566
     656.2948632421614548       1.0418154820799828
     656.2950633755837089       0.9658440686762333
     656.2952635090060767       1.0603598020970821
     656.2954636424283308       0.9739755094051361
     656.2956637758505849       1.0436772853136063
     656.2958639092728390       1.0265436451882124
     656.2960640426952068       0.9506032392382622
     656.2962641761174609       1.0561587288975716
     656.2964643095397150       0.9400148876011372
     656.2966644429619691       1.0004671486676671
     656.2968645763843369       0.9708073679357767
     656.2970647098065911       1.0759578198194504
     656.2972648432288452       1.0139206666499376
     656.2974649766510993       1.0150023195892572
     656.2976651100734671       0.9525500275194645
     656.2978652434957212       1.0459511093795300
     656.2980653769179753       0.9978427081368864
     656.2982655103402294       1.0088562965393066
     656.2984656437624835       0.9397576376795769
     656.2986657771848513       0.9673150330781937
     656.2988659106071054       1.0835603848099709
     656.2990660440293595       0.9984289567219093
     656.2992661774516137       1.0125401159748435
     656.2994663108739815       1.0381313450634480
     656.2996664442962356       1.0184823684394360
     656.2998665777184897       0.9777544047683477
     656.3000667111407438       0.9650264866650105
     656.3002668445631116       0.9460507035255432
     656.3004669779853657       0.9910005722194910
     656.3006671114076198       0.9019344225525856
     656.3008672448298739       1.0505145303905010
     656.3010673782522417       0.9175399318337440
     656.3012675116744958       1.0080788116902113
     656.3014676450967499       0.9203585982322693
     656.3016677785190041       1.0208562389016151
     656.3018679119413719       1.0270810872316360
     656.3020680453636260       1.0330898351967335
     656.3022681787858801       1.0067130746319890
     656.3024683122081342       0.9773301165550947
     656.3026684456305020       0.9947751183062792
     656.3028685790527561       0.9407175406813622
     656.3030687124750102       1.0170801077038050
     656.3032688458972643       1.0140536054968834
     656.3034689793196321       1.0082518151029944
     656.3036691127418862       0.9028575122356415
     656.3038692461641403       1.0158419236540794
     656.3040693795863945       1.0736848264932632
     656.3042695130086486       1.0365301184356213
     656.3044696464310164       0.9889798751100898
     656.3046697798532705       1.0053217005915940
     656.3048699132755246       1.0093046426773071
     656.3050700466977787       1.0262436997145414
     656.3052701801201465       1.0432885065674782
     656.3054703135424006       0.9843154270201921
     656.3056704469646547       0.9730384889990091
     656.3058705803869088       0.9303492084145546
     656.3060707138092766       1.0152681069448590
     656.3062708472315308       0.9351724386215210
     656.3064709806537849       1.0708610564470291
     656.3066711140760390       0.9649407640099525
     656.3068712474984068       1.0931614711880684
     656.3070713809206609       0.9699251260608435
     656.3072715143429150       1.0167389046400785
     656.3074716477651691       0.9122708290815353
     656.3076717811875369       0.9779431000351906
     656.3078719146097910       1.0138556435704231
     656.3080720480320451       0.9568791389465332
     656.3082721814542992       0.9411355666816235
     656.3084723148766670       0.9923603222705424
     656.3086724482989212       0.9278511479496956
     656.3088725817211753       1.0898405611515045
     656.3090727151434294       1.0397579036653042
     656.3092728485656835       1.0365383103489876
     656.3094729819880513       0.9803294818848372
     656.3096731154103054       1.0141313970088959
     656.3098732488325595       1.0060537881217897
     656.3100733822548136       1.0469405688345432
     656.3102735156771814       0.9693758245557547
     656.3104736490994355       1.0610058270394802
     656.3106737825216896       1.0023212565574795
     656.3108739159439438       1.0304414816200733
     656.3110740493663116       1.0044246953912079
     656.3112741827885657       0.9764643739908934
     656.3114743162108198       1.0177857354283333
     656.3116744496330739       1.0548458471894264
     656.3118745830554417       0.9224183484911919
     656.3120747164776958       0.9982998698251322
     656.3122748498999499       0.9808660764247179
     656.3124749833222040       0.9829863887280226
     656.3126751167445718       0.9366975799202919
     656.3128752501668259       0.9266603738069534
     656.3130753835890800       0.9515636749565601
     656.3132755170113342       0.9448384046554565
     656.3134756504337020       0.9385803565382957
     656.3136757838559561       1.1001633033156395
     656.3138759172782102       0.9533330127596855
     656.3140760507004643       0.9132420495152473
     656.3142761841228321       0.9629869237542152
     656.3144763175450862       1.0891064181923866
     656.3146764509673403       0.9902893770486116
     656.3148765843895944       1.0066516599617898
     656.3150767178118485       1.0576152987778187
     656.3152768512342163       0.9969299391377717
     656.3154769846564704       0.9974718838930130
     656.3156771180787246       0.9794130418449640
     656.3158772515009787       1.0174163971096277
     656.3160773849233465       0.9155014455318451
     656.3162775183456006       1.0377323701977730
     656.3164776517678547       1.0263293981552124
     656.3166777851901088       0.9654985889792442
     656.3168779186124766       0.9894752288237214
     656.3170780520347307       0.9616910107433796
     656.3172781854569848       1.0121918683871627
     656.3174783188792389       0.9400956444442272
     656.3176784523016067       0.9524983428418636
     656.3178785857238609       1.0414367727935314
     656.3180787191461150       0.9536345675587654
     656.3182788525683691       1.0303526371717453
     656.3184789859907369       1.0223505906760693
     656.3186791194129910       0.9277473613619804
     656.3188792528352451       1.0262550711631775
     656.3190793862574992       0.9910352500155568
     656.3192795196798670       1.0822926983237267
     656.3194796531021211       1.0612840242683887
     656.3196797865243752       1.0107711805030704
     656.3198799199466293       0.9536849595606327
     656.3200800533688835       0.9048043563961983
     656.3202801867912513       0.9946906194090843
     656.3204803202135054       0.9289870858192444
     656.3206804536357595       1.0122317597270012
     656.3208805870580136       1.0818656608462334
     656.3210807204803814       0.9777288958430290
     656.3212808539026355       1.1097616478800774
     656.3214809873248896       0.9644978679716587
     656.3216811207471437       1.0089141083881259
     656.3218812541695115       0.9904400911182165
     656.3220813875917656       1.0203341674059629
     656.3222815210140197       1.0149591714143753
     656.3224816544362739       1.0151895601302385
     656.3226817878586417       0.8750530108809471
     656.3228819212808958       0.8995378687977791
     656.3230820547031499       0.9353100806474686
     656.3232821881254040       0.9878020510077477
     656.3234823215477718       0.9863274972885847
     656.3236824549700259       0.9265702441334724
     656.3238825883922800       0.9679939262568951
     656.3240827218145341       0.8953371718525887
     656.3242828552369019       1.0609387718141079
     656.3244829886591560       1.0354631729424000
     656.3246831220814101       0.9215731695294380
     656.3248832555036643       1.0063400776125491
     656.3250833889260321       0.9709744993597269
     656.3252835223482862       1.0085081113502383
     656.3254836557705403       0.9857373954728246
     656.3256837891927944       1.0483693256974220
     656.3258839226150485       1.0110641596838832
     656.3260840560374163       0.9261977076530457
     656.3262841894596704       1.0124054830521345
     656.3264843228819245       1.0243032779544592
     656.3266844563041786       1.0725246667861938
     656.3268845897265464       1.0255780499428511
     656.3270847231488005       1.0223065000027418
     656.3272848565710547       0.9871002109721303
     656.3274849899933088       0.9732347782701254
     656.3276851234156766       0.9799865502864122
     656.3278852568379307       0.9620923958718777
     656.3280853902601848       0.9734224099665880
     656.3282855236824389       0.9460575021803379
     656.3284856571048067       1.0383617654442787
     656.3286857905270608       1.0592984370887280
     656.3288859239493149       0.8991791382431984
     656.3290860573715690       0.9329002648591995
     656.3292861907939368       1.0537325255572796
     656.3294863242161910       1.0164276119321585
     656.3296864576384451       0.9923133053816855
     656.3298865910606992       1.0908210650086403
     656.3300867244830670       0.9832564424723387
     656.3302868579053211       0.9866327764466405
     656.3304869913275752       0.9489319920539856
     656.3306871247498293       1.0350867994129658
     656.3308872581721971       0.9939076788723469
     656.3310873915944512       0.9215560257434845
     656.3312875250167053       0.9426936246454716
     656.3314876584389594       1.0341276675462723
     656.3316877918612136       0.9930086522363126
     656.3318879252835814       0.9713933672755957
     656.3320880587058355       1.0539952293038368
     656.3322881921280896       0.9356313273310661
     656.3324883255503437       0.9625382162630558
     656.3326884589727115       0.9526402093470097
     656.3328885923949656       0.9464034773409367
     656.3330887258172197       0.9827238172292709
     656.3332888592394738       0.9545864351093769
     656.3334889926618416       1.0224477667361498
     656.3336891260840957       0.9859622353687882
     656.3338892595063498       0.9194978028535843
     656.3340893929286040       0.9924464486539364
     656.3342895263509718       1.0051038241945207
     656.3344896597732259       1.0129665462300181
     656.3346897931954800       0.8943912014365196
     656.3348899266177341       0.9766087271273136
     656.3350900600401019       1.0359504334628582
     656.3352901934623560       1.0017633105162531
     656.3354903268846101       1.0317938886582851
     656.3356904603068642       0.9880096539855003
     656.3358905937292320       1.0430133715271950
     656.3360907271514861       0.9136464595794678
     656.3362908605737402       0.9617745727300644
     656.3364909939959944       1.0074673579074442
     656.3366911274182485       0.9905284112319349
     656.3368912608406163       1.0160850659012794
     656.3370913942628704       0.9811833370476959
     656.3372915276851245       1.0054868897423146
     656.3374916611073786       0.9917591065168376
     656.3376917945297464       0.9447828121483319
     656.3378919279520005       1.0214455891400567
     656.3380920613742546       1.0040799966081964
     656.3382921947965087       1.0082305120304205
     656.3384923282188765       1.0541572049260108
     656.3386924616411306       1.0411529466509772
     656.3388925950633848       0.9837750811129740
     656.3390927284856389       0.9706650879233975
     656.3392928619080067       1.0152721256017534
     656.3394929953302608       1.0852983966469543
     656.3396931287525149       0.9560530968010100
     656.3398932621747690       1.0238173604011060
     656.3400933955971368       1.1321769207715291
     656.3402935290193909       0.9696055799721656
     656.3404936624416450       1.0278975814579439
     656.3406937958638991       1.0355288200078248
     656.3408939292862669       1.0301061626520625
     656.3410940627085211       0.9848308367650190
     656.3412941961307752       0.9781981781118598
     656.3414943295530293       0.9283825308075190
     656.3416944629753971       1.0069088428267916
     656.3418945963976512       0.9859915431569826
     656.3420947298199053       1.0133318081470954
     656.3422948632421594       1.0064781061334960
     656.3424949966644135       0.9465030245428006
     656.3426951300867813       0.9728358555507397
     656.3428952635090354       0.9452692754456868
     656.3430953969312895       0.9933381527507600
     656.3432955303535437       1.0660112947008220
     656.3434956637759115       1.0287143643640801
     656.3436957971981656       1.0054652960545039
     656.3438959306204197       1.0143445701675597
     656.3440960640426738       1.0544757506914983
     656.3442961974650416       1.0274175460234773
     656.3444963308872957       1.0331190785668181
     656.3446964643095498       1.0241780222995440
     656.3448965977318039       1.0355365869363879
     656.3450967311541717       1.1115335370922490
     656.3452968645764258       0.9158675441421630
     656.3454969979986799       0.9280201710440024
     656.3456971314209341       0.9778538726849298
     656.3458972648433019       0.9941736436005160
     656.3460973982655560       1.0790364052170420
     656.3462975316878101       1.0004298089205377
     656.3464976651100642       0.9672101961107274
     656.3466977985324320       0.9573443595630842
     656.3468979319546861       0.9066067198848379
     656.3470980653769402       0.9629801462411056
     656.3472981987991943       0.8938630182024818
     656.3474983322214484       0.9813695917177760
     656.3476984656438162       0.8936204481521621
     656.3478985990660703       0.9535720485876439
     656.3480987324883245       0.9927173418141783
     656.3482988659105786       0.9848907142312751
     656.3484989993329464       0.9499101496966740
     656.3486991327552005       0.8914647248623460
     656.3488992661774546       0.9906009969563843
     656.3490993995997087       0.9820098661269195
     656.3492995330220765       0.9658252326406864
     656.3494996664443306       1.0334186440305571
     656.3496997998665847       0.9451882314879567
     656.3498999332888388       0.9460298587396333
     656.3501000667112066       1.0062462707746365
     656.3503002001334607       1.0070507691877262
     656.3505003335557149       0.9797980644381542
     656.3507004669779690       1.0903515752919613
     656.3509006004003368       1.1018873109059153
     656.3511007338225909       1.0160847055444999
     656.3513008672448450       1.0458147489443752
     656.3515010006670991       1.0081042852807980
     656.3517011340894669       0.9562943903505425
     656.3519012675117210       0.9832908639173593
     656.3521014009339751       1.0164591136383732
     656.3523015343562292       0.9755342378289058
     656.3525016677785970       0.9869962661881883
     656.3527018012008512       1.0388464923782164
     656.3529019346231053       1.0233921809603364
     656.3531020680453594       1.0571799472309267
     656.3533022014676135       1.0030125917582891
     656.3535023348899813       1.0090298012331429
     656.3537024683122354       1.0091876358351421
     656.3539026017344895       1.0076644014084124
     656.3541027351567436       1.0557996686791193
     656.3543028685791114       0.9937113596861317
     656.3545030020013655       1.0352509492020181
     656.3547031354236196       1.0032522464247235
     656.3549032688458738       0.9532281709843801
     656.3551034022682416       1.0009915685657162
     656.3553035356904957       0.9925331113872357
     656.3555036691127498       1.0183825438662646
     656.3557038025350039       0.9815656660596318
     656.3559039359573717       1.0247764009573026
     656.3561040693796258       1.0290160699609794
     656.3563042028018799       0.9045232070287623
     656.3565043362241340       0.9795494606409890
     656.3567044696465018       1.0466728954638556
     656.3569046030687559       0.9870492555979330
     656.3571047364910100       1.0377760150627640
     656.3573048699132642       1.1031662307819468
     656.3575050033356320       1.0193061056963950
     656.3577051367578861       0.9554732634099252
     656.3579052701801402       0.9620775247126989
     656.3581054036023943       0.9500469184452716
     656.3583055370246484       0.8755014947583615
     656.3585056704470162       0.9596236345141778
     656.3587058038692703       0.9860024783904673
     656.3589059372915244       0.9234996083739386
     656.3591060707137785       1.0570978010187826
     656.3593062041361463       1.0768921663560005
     656.3595063375584004       0.9879373896773189
     656.3597064709806546       1.0236517552102034
     656.3599066044029087       1.1304926003320348
     656.3601067378252765       0.9683419952554047
     656.3603068712475306       1.0598705177111807
     656.3605070046697847       0.9571674098136549
     656.3607071380920388       0.9493981466326303
     656.3609072715144066       0.8754478294968735
     656.3611074049366607       0.9851502109653016
     656.3613075383589148       0.9696558744428690
     656.3615076717811689       0.9739782780154951
     656.3617078052035367       1.0036085415596254
     656.3619079386257908       0.9852274821849784
     656.3621080720480450       0.9257129830364585
     656.3623082054702991       1.0129034642047872
     656.3625083388926669       0.9820082358317631
     656.3627084723149210       0.9894827303498316
     656.3629086057371751       1.0131149878226005
     656.3631087391594292       1.0051195115787479
     656.3633088725817970       0.9747542076748088
     656.3635090060040511       0.9472605074177874
     656.3637091394263052       1.0033158107141340
     656.3639092728485593       0.9467207922519245
     656.3641094062708135       0.9380563459712550
     656.3643095396931813       0.9386490824532749
     656.3645096731154354       0.9935644772874155
     656.3647098065376895       0.9017993571921974
     656.3649099399599436       0.9668049602628280
     656.3651100733823114       0.7865554670770256
     656.3653102068045655       0.9962844038999639
     656.3655103402268196       0.8709718389300863
     656.3657104736490737       0.8726751534447854
     656.3659106070714415       0.9210932257952982
     656.3661107404936956       0.8669412371106552
     656.3663108739159497       0.7973198190026470
     656.3665110073382039       0.8493295320752062
     656.3667111407605717       0.8836969055103778
     656.3669112741828258       0.8009828454424418
     656.3671114076050799       0.7658932947194451
     656.3673115410273340       0.7794130725777317
     656.3675116744497018       0.9053096310654722
     656.3677118078719559       0.8298421379559426
     656.3679119412942100       0.7725073937503386
     656.3681120747164641       0.7461178285462411
     656.3683122081388319       0.8517809427470762
     656.3685123415610860       0.7735611620301505
     656.3687124749833401       0.8606015205949197
     656.3689126084055943       0.8105020263029352
     656.3691127418278484       0.8438367624611538
     656.3693128752502162       0.8392584132967924
     656.3695130086724703       0.7453674985946038
     656.3697131420947244       0.7979361889978837
     656.3699132755169785       0.8751819256638348
     656.3701134089393463       0.7636923021910913
     656.3703135423616004       0.8408287996365157
     656.3705136757838545       0.7702358938017588
     656.3707138092061086       0.8544271774081466
     656.3709139426284764       0.8200997819043894
     656.3711140760507305       0.8691123058719724
     656.3713142094729847       0.8387844859163579
     656.3715143428952388       0.8426465956102021
     656.3717144763176066       0.8127142799022946
     656.3719146097398607       0.9193529550428570
     656.3721147431621148       0.8504007340538328
     656.3723148765843689       0.8568250264604927
     656.3725150100067367       0.8403375852781587
     656.3727151434289908       0.8864050454423084
     656.3729152768512449       0.8305746224468307
     656.3731154102734990       0.8726835191572599
     656.3733155436958668       0.8749998251262702
     656.3735156771181209       0.9241632065397021
     656.3737158105403751       0.8216124451330549
     656.3739159439626292       0.8955038976083747
     656.3741160773849970       0.8572728444666674
     656.3743162108072511       0.8923647243884508
     656.3745163442295052       0.9344783933962379
     656.3747164776517593       0.9129721644142493
     656.3749166110740134       0.8243879602560653
     656.3751167444963812       0.7299199386489197
     656.3753168779186353       0.9315398434238310
     656.3755170113408894       0.9540829945764348
     656.3757171447631436       0.8914280648015728
     656.3759172781855113       0.9946526245624677
     656.3761174116077655       0.8925745037722915
     656.3763175450300196       1.0125748293111367
     656.3765176784522737       0.9309947725874564
     656.3767178118746415       0.8302152556375713
     656.3769179452968956       0.9416397291347323
     656.3771180787191497       1.0229930908581912
     656.3773182121414038       0.9684350988924599
     656.3775183455637716       1.0130197424048344
     656.3777184789860257       0.9640504689181673
     656.3779186124082798       0.9190207357097038
     656.3781187458305340       0.9510770638196606
     656.3783188792529018       0.9544086219317044
     656.3785190126751559       0.9001340079546656
     656.3787191460974100       0.9857752143155012
     656.3789192795196641       1.0015984943522702
     656.3791194129420319       1.0038980372881225
     656.3793195463642860       0.9445208408686978
     656.3795196797865401       0.9457705444130478
     656.3797198132087942       0.9513988772754723
     656.3799199466311620       1.0690205643798742
     656.3801200800534161       1.0120327821656652
     656.3803202134756702       1.0031055449586668
     656.3805203468979244       0.9021314170216663
     656.3807204803201785       0.8713958671627881
     656.3809206137425463       0.8945995818006938
     656.3811207471648004       0.9542692509590334
     656.3813208805870545       0.9438549191352010
     656.3815210140093086       0.9720197227582476
     656.3817211474316764       0.9737577975270976
     656.3819212808539305       0.9476426436854941
     656.3821214142761846       0.8868333989109406
     656.3823215476984387       1.0363500507704146
     656.3825216811208065       0.9848688889827751
     656.3827218145430606       0.9682032711888692
     656.3829219479653148       0.9839173942534345
     656.3831220813875689       1.0095124054393021
     656.3833222148099367       0.9534054698274780
     656.3835223482321908       0.9596110307044643
     656.3837224816544449       1.1570539317233195
     656.3839226150766990       0.9876818806533904
     656.3841227484990668       0.9618588572796225
     656.3843228819213209       1.0619312201738356
     656.3845230153435750       1.0360846322360340
     656.3847231487658291       0.8891400200387450
     656.3849232821881969       1.0325491986228230
     656.3851234156104510       1.0710781522239272
     656.3853235490327052       1.1015029074005915
     656.3855236824549593       0.9688863309339641
     656.3857238158772134       1.0417214022274335
     656.3859239492995812       1.0541904675084497
     656.3861240827218353       0.8848060973625882
     656.3863242161440894       1.0110079678865385
     656.3865243495663435       0.9560165962992179
     656.3867244829887113       1.0445062995930754
     656.3869246164109654       0.9272245278528284
     656.3871247498332195       0.9707625376794297
     656.3873248832554737       1.0022325210243641
     656.3875250166778414       0.9712482473916949
     656.3877251501000956       1.0601709898079961
     656.3879252835223497       1.0222849742413587
     656.3881254169446038       0.9947077063239265
     656.3883255503669716       1.0202537120844060
     656.3885256837892257       1.0189130509782074
     656.3887258172114798       0.9810094805749922
     656.3889259506337339       0.9587277365299697
     656.3891260840561017       1.0050557156384083
     656.3893262174783558       0.9813618720493192
     656.3895263509006099       0.9968688456972349
     656.3897264843228641       1.0279446194295434
     656.3899266177452319       0.9811031199534009
     656.3901267511674860       0.9572685518168182
     656.3903268845897401       1.0076853321202399
     656.3905270180119942       1.0131820712408066
     656.3907271514343620       0.9967547781917351
     656.3909272848566161       1.0879153407055235
     656.3911274182788702       0.9343221099930495
     656.3913275517011243       1.0380669892717989
     656.3915276851233784       0.9805780484989276
     656.3917278185457462       0.9124011636468135
     656.3919279519680003       0.9068262233853616
     656.3921280853902545       1.1196189121889550
     656.3923282188125086       0.8981604062086800
     656.3925283522348764       1.0205519032027592
     656.3927284856571305       1.0814687643938177
     656.3929286190793846       0.9912529192561054
     656.3931287525016387       1.0393049859742409
     656.3933288859240065       1.0824687559789781
     656.3935290193462606       0.9597093019229823
     656.3937291527685147       0.9771317982053974
     656.3939292861907688       1.0806631161885849
     656.3941294196131366       1.0351015954913323
     656.3943295530353907       0.9551176432650286
     656.3945296864576449       0.9968661326870508
     656.3947298198798990       0.9755012188475088
     656.3949299533022668       1.0479220585486861
     656.3951300867245209       1.0694630881202540
     656.3953302201467750       0.9871485682411975
     656.3955303535690291       1.0423085050949963
     656.3957304869913969       0.9364322792602184
     656.3959306204136510       1.0099080146275066
     656.3961307538359051       0.9625121911811811
     656.3963308872581592       1.0402572749569723
     656.3965310206804133       0.9552238247223304
     656.3967311541027811       0.9885531160213209
     656.3969312875250353       1.0745958983346964
     656.3971314209472894       0.9803382288269586
     656.3973315543695435       1.0136658241689980
     656.3975316877919113       1.0748525783218286
     656.3977318212141654       1.0177207644885640
     656.3979319546364195       0.9906724439832307
     656.3981320880586736       1.0255121681767334
     656.3983322214810414       1.0230086427131209
     656.3985323549032955       0.9952661246025588
     656.3987324883255496       1.0665643587683371
     656.3989326217478038       1.0532824508828220
     656.3991327551701715       0.9825446233141052
     656.3993328885924257       1.0121630104250088
     656.3995330220146798       0.9734641071403028
     656.3997331554369339       0.9897261839355865
     656.3999332888593017       0.9590997882184507
     656.4001334222815558       0.9619790948925429
     656.4003335557038099       0.9582491666077209
     656.4005336891260640       1.0660512745379469
     656.4007338225484318       0.9777438398449974
     656.4009339559706859       0.9954922599717537
     656.4011340893929400       1.0333676934241951
     656.4013342228151942       1.0760023817419804
     656.4015343562375620       1.0100691569968920
     656.4017344896598161       0.9447267577052023
     656.4019346230820702       1.0130487009882865
     656.4021347565043243       1.0445447638630825
     656.4023348899265784       1.0027625039219827
     656.4025350233489462       0.9369051083922367
     656.4027351567712003       0.9981656490126612
     656.4029352901934544       1.0358179882168761
     656.4031354236157085       0.9733239375054831
     656.4033355570380763       0.9557550139725205
     656.4035356904603304       0.9676413722336290
     656.4037358238825846       0.9389846324920653
     656.4039359573048387       1.0364171117544174
     656.4041360907272065       1.0654940083622932
     656.4043362241494606       1.1079981103539467
     656.4045363575717147       1.0116365794092417
     656.4047364909939688       0.9455306120216846
     656.4049366244163366       0.9501998834311962
     656.4051367578385907       0.9664770253002644
     656.4053368912608448       0.9313126578927040
     656.4055370246830989       0.9248399361968040
     656.4057371581054667       1.1056926771998405
     656.4059372915277208       0.9723555743694305
     656.4061374249499750       1.0142754530534148
     656.4063375583722291       1.0356698036193848
     656.4065376917945969       1.0404265075922012
     656.4067378252168510       1.0056926733814180
     656.4069379586391051       1.0176933314651251
     656.4071380920613592       1.0301720090210438
     656.4073382254836133       1.0475743897259235
     656.4075383589059811       0.9329848065972328
     656.4077384923282352       0.9379117079079151
     656.4079386257504893       0.9998952958267182
     656.4081387591727434       1.0663724616169930
     656.4083388925951112       1.1169092208147049
     656.4085390260173654       0.9745800495147705
     656.4087391594396195       0.9926749495789409
     656.4089392928618736       1.0755064487457275
     656.4091394262842414       0.9867310104891658
     656.4093395597064955       1.0871393382549286
     656.4095396931287496       1.0820049270987511
     656.4097398265510037       1.0246639922261238
     656.4099399599733715       0.9961360972374678
     656.4101400933956256       0.9103075265884399
     656.4103402268178797       1.0027626492083073
     656.4105403602401339       0.9826070740818977
     656.4107404936625016       1.0073283775709569
     656.4109406270847558       1.0480251573026180
     656.4111407605070099       0.9507700987160206
     656.4113408939292640       0.9291007891297340
     656.4115410273516318       1.0854186266660690
     656.4117411607738859       1.0200717840343714
     656.4119412941961400       0.9948998922482133
     656.4121414276183941       1.0116950720548630
     656.4123415610407619       1.0373789817094803
     656.4125416944630160       0.9313551411032677
     656.4127418278852701       1.0500062406063080
     656.4129419613075243       1.0711927935481071
     656.4131420947297784       0.9731055367738008
     656.4133422281521462       0.9942932329140604
     656.4135423615744003       1.0363978929817677
     656.4137424949966544       0.9532369934022427
     656.4139426284189085       0.9675382375717163
     656.4141427618412763       0.9470553882420063
     656.4143428952635304       0.9291041567921638
     656.4145430286857845       0.9716209229081869
     656.4147431621080386       0.9918598737567663
     656.4149432955304064       1.0208657514303923
     656.4151434289526605       1.0002656250435393
     656.4153435623749147       1.0281151626259089
     656.4155436957971688       0.8901684507727623
     656.4157438292195366       1.0100280372425914
     656.4159439626417907       0.9962108973413706
     656.4161440960640448       1.0243354775011539
     656.4163442294862989       1.0127507075667381
     656.4165443629086667       0.9517722018063068
     656.4167444963309208       0.9481554515659809
     656.4169446297531749       0.9519829042255878
     656.4171447631754290       0.9258465543389320
     656.4173448965977968       1.0117827299982309
     656.4175450300200509       1.0181816201657057
     656.4177451634423051       1.0433598756790161
     656.4179452968645592       1.0626348182559013
     656.4181454302869270       1.0703288763761520
     656.4183455637091811       1.0690592154860497
     656.4185456971314352       0.9701395630836487
     656.4187458305536893       0.9960483261384070
     656.4189459639759434       0.9966721262317151
     656.4191460973983112       1.0212699901312590
     656.4193462308205653       1.0298812519758940
     656.4195463642428194       0.9930142932571471
     656.4197464976650735       0.9295337274670601
     656.4199466310874413       1.0171524845063686
     656.4201467645096955       0.9492451585829258
     656.4203468979319496       0.9745339751243591
     656.4205470313542037       0.9986418153857812
     656.4207471647765715       1.0582673549652100
     656.4209472981988256       0.9183470979332924
     656.4211474316210797       0.9562494158744812
     656.4213475650433338       0.9213629662990570
     656.4215476984657016       1.0386843644082546
     656.4217478318879557       0.9518487863242626
     656.4219479653102098       0.9645169898867607
     656.4221480987324640       1.0138874445110559
     656.4223482321548317       0.9489573873579502
     656.4225483655770859       0.9359363690018654
     656.4227484989993400       0.9724109414964914
     656.4229486324215941       0.9865938732400537
     656.4231487658439619       1.0624398104846478
     656.4233488992662160       0.9577355384826660
     656.4235490326884701       0.9912342811003327
     656.4237491661107242       1.0847313031554222
     656.4239492995329783       0.9993878230452538
     656.4241494329553461       0.9983281928580254
     656.4243495663776002       1.0278374701738358
     656.4245496997998544       0.9625524505972862
     656.4247498332221085       0.9805946145206690
     656.4249499666444763       1.0208714138716459
     656.4251501000667304       0.9597865305840969
     656.4253502334889845       1.0908854454755783
     656.4255503669112386       0.9968822423834354
     656.4257505003336064       0.9690819326788187
     656.4259506337558605       1.1128218919038773
     656.4261507671781146       0.9829291794449091
     656.4263509006003687       1.0088438680395484
     656.4265510340227365       1.0327895469963551
     656.4267511674449906       0.9343792051076889
     656.4269513008672448       1.1273063868284225
     656.4271514342894989       0.9484012313187122
     656.4273515677118667       0.9466204270720482
     656.4275517011341208       0.9495072402060032
     656.4277518345563749       1.0081060808151960
     656.4279519679786290       0.9605874717235565
     656.4281521014009968       1.0011716851731762
     656.4283522348232509       1.0602143108844757
     656.4285523682455050       0.9938996364362538
     656.4287525016677591       1.0570605099201202
     656.4289526350901269       1.0672029778361320
     656.4291527685123810       0.9480137042701244
     656.4293529019346352       1.0540043525397778
     656.4295530353568893       1.0185972657054663
     656.4297531687791434       0.9666653461754322
     656.4299533022015112       1.0250944886356592
     656.4301534356237653       1.0367080830037594
     656.4303535690460194       1.0142640341073275
     656.4305537024682735       1.0404834561049938
     656.4307538358906413       0.9886346375569701
     656.4309539693128954       0.9185448214411736
     656.4311541027351495       1.0159129388630390
     656.4313542361574036       1.0345890037715435
     656.4315543695797714       0.9561345390975475
     656.4317545030020256       1.0117862941697240
     656.4319546364242797       1.0404782518744469
     656.4321547698465338       0.9473533816635609
     656.4323549032689016       1.0325087420642376
     656.4325550366911557       0.9783098865300417
     656.4327551701134098       1.0107015334069729
     656.4329553035356639       1.0232470817863941
     656.4331554369580317       1.0511905923485756
     656.4333555703802858       0.9255489706993103
     656.4335557038025399       0.9585417471826077
     656.4337558372247940       0.9504960663616657
     656.4339559706471618       1.0188855193555355
     656.4341561040694160       1.1548844277858734
     656.4343562374916701       1.0522455871105194
     656.4345563709139242       1.0234731752425432
     656.4347565043361783       1.0104959597811103
     656.4349566377585461       1.0989645943045616
     656.4351567711808002       0.9853450013324618
     656.4353569046030543       1.0277559440582991
     656.4355570380253084       0.9747942890971899
     656.4357571714476762       0.9661750569939613
     656.4359573048699303       1.0259209703654051
     656.4361574382921845       1.0218302700668573
     656.4363575717144386       1.0592641793191433
     656.4365577051368064       0.9968262538313866
     656.4367578385590605       0.9049476534128189
     656.4369579719813146       1.0329748205840588
     656.4371581054035687       1.0653754249215126
     656.4373582388259365       0.9734424762427807
     656.4375583722481906       0.9644421488046646
     656.4377585056704447       0.9127274751663208
     656.4379586390926988       0.9302932992577553
     656.4381587725150666       1.0711659789085388
     656.4383589059373207       0.9581320844590664
     656.4385590393595749       0.9957939633168280
     656.4387591727818290       0.9866077909246087
     656.4389593062041968       1.0260627660900354
     656.4391594396264509       1.0188654828816652
     656.4393595730487050       0.9475933834910393
     656.4395597064709591       0.9803537186235189
     656.4397598398933269       0.9928159289993346
     656.4399599733155810       1.0318617708981037
     656.4401601067378351       1.0733175724744797
     656.4403602401600892       0.9084109216928482
     656.4405603735823433       0.9572727158665657
     656.4407605070047111       0.9892304390668869
     656.4409606404269653       0.9848395893350244
     656.4411607738492194       1.0325908437371254
     656.4413609072714735       1.0155720980837941
     656.4415610406938413       1.0127738779410720
     656.4417611741160954       1.0362142063677311
     656.4419613075383495       0.9902790151536465
     656.4421614409606036       0.9774236101657152
     656.4423615743829714       0.9400585927069187
     656.4425617078052255       0.9671056605875492
     656.4427618412274796       0.9983722865581512
     656.4429619746497337       1.0450395569205284
     656.4431621080721015       0.9663677848875523
     656.4433622414943557       1.0045251105912030
     656.4435623749166098       1.0580933392047882
     656.4437625083388639       1.0247625298798084
     656.4439626417612317       0.9881628435105085
     656.4441627751834858       1.0026192096993327
     656.4443629086057399       0.9815839324146509
     656.4445630420279940       1.0649358630180359
     656.4447631754503618       1.0528142936527729
     656.4449633088726159       0.8816010728478432
     656.4451634422948700       1.0243879538029432
     656.4453635757171241       0.9793014954775572
     656.4455637091393783       1.0204008370637894
     656.4457638425617461       1.0568757019937038
     656.4459639759840002       1.0688403397798538
     656.4461641094062543       0.9829618204385042
     656.4463642428285084       0.9307342767715454
     656.4465643762508762       0.9873903794214129
     656.4467645096731303       0.9572986252605915
     656.4469646430953844       1.0055854744277894
     656.4471647765176385       1.0424881055951118
     656.4473649099400063       1.0692744329571724
     656.4475650433622604       1.0645992457866669
     656.4477651767845146       0.9834779575467110
     656.4479653102067687       0.9906874867156148
     656.4481654436291365       1.0392966717481613
     656.4483655770513906       1.0013735169777647
     656.4485657104736447       0.9692293126136065
     656.4487658438958988       1.1255161464214325
     656.4489659773182666       0.9802649337798357
     656.4491661107405207       0.9165767952799797
     656.4493662441627748       1.0361756086349487
     656.4495663775850289       0.9674217440187931
     656.4497665110073967       1.0096324514597654
     656.4499666444296508       1.0518710725009441
     656.4501667778519050       0.9687847662717104
     656.4503669112741591       1.0134616317227483
     656.4505670446965269       0.9746837634593248
     656.4507671781187810       1.0424233786761761
     656.4509673115410351       1.0499972887337208
     656.4511674449632892       0.9493517763912678
     656.4513675783855433       0.9746672380715609
     656.4515677118079111       1.0243604779243469
     656.4517678452301652       1.0846606642007828
     656.4519679786524193       1.0150360381230712
     656.4521681120746734       1.0164769645780325
     656.4523682454970412       1.0097986105829477
     656.4525683789192954       0.9256581142544746
     656.4527685123415495       1.1023416444659233
     656.4529686457638036       0.9780281540006399
     656.4531687791861714       0.9273265227675438
     656.4533689126084255       0.9896716652438045
     656.4535690460306796       1.0237356591969728
     656.4537691794529337       0.8865196183323860
     656.4539693128753015       0.9881962919607759
     656.4541694462975556       1.0194705557078123
     656.4543695797198097       1.0393512137234211
     656.4545697131420638       0.9508899264037609
     656.4547698465644316       1.0276337750256062
     656.4549699799866858       1.0170103758573532
     656.4551701134089399       0.9767208360135555
     656.4553702468311940       0.9784963354468346
     656.4555703802535618       1.0521090626716614
     656.4557705136758159       0.9972145811188966
     656.4559706470980700       1.0369955375790596
     656.4561707805203241       0.9528286904096603
     656.4563709139425782       1.0391002856194973
     656.4565710473649460       1.0225642453879118
     656.4567711807872001       0.9512956589460373
     656.4569713142094542       0.8962364867329597
     656.4571714476317084       0.9903926262632012
     656.4573715810540762       1.0850401744246483
     656.4575717144763303       1.0717094987630844
     656.4577718478985844       1.0594270341098309
     656.4579719813208385       0.9807152580469847
     656.4581721147432063       0.9408224150538445
     656.4583722481654604       1.0290153454989195
     656.4585723815877145       0.9842929076403379
     656.4587725150099686       1.0131634520366788
     656.4589726484323364       0.9866067590191960
     656.4591727818545905       0.9376149475574493
     656.4593729152768447       1.0204189252108335
     656.4595730486990988       0.9238964095711708
     656.4597731821214666       0.9750030040740967
     656.4599733155437207       1.0257783234119415
     656.4601734489659748       1.0196919031441212
     656.4603735823882289       0.9716402906924486
     656.4605737158105967       1.0332979522645473
     656.4607738492328508       0.9848835468292236
     656.4609739826551049       0.9442632198333740
     656.4611741160773590       0.9763901624828577
     656.4613742494997268       0.9057829678058624
     656.4615743829219809       0.9864722490310669
     656.4617745163442351       0.8916199430823326
     656.4619746497664892       0.9869994567707181
     656.4621747831887433       0.9986476839985698
     656.4623749166111111       0.9975357728544623
     656.4625750500333652       0.9931911719031632
     656.4627751834556193       0.9720044285058975
     656.4629753168778734       0.9515140838921070
     656.4631754503002412       1.0153174772858620
     656.4633755837224953       1.0123261129483581
     656.4635757171447494       0.9809555262327194
     656.4637758505670035       0.9332576021552086
     656.4639759839893713       0.9991573803708889
     656.4641761174116255       1.0606803856790066
     656.4643762508338796       1.0282977204769850
     656.4645763842561337       0.9953513657674193
     656.4647765176785015       0.9927305430173874
     656.4649766511007556       1.0555213689804077
     656.4651767845230097       1.0396530814468861
     656.4653769179452638       0.9139288812875748
     656.4655770513676316       1.0035549178719521
     656.4657771847898857       0.9612213410437107
     656.4659773182121398       0.9642068371176720
     656.4661774516343939       0.8973544090986252
     656.4663775850567617       1.0678419470787048
     656.4665777184790159       0.9940463849343359
     656.4667778519012700       0.9655991084873676
     656.4669779853235241       0.9117242172360420
     656.4671781187458919       0.9705718960613012
     656.4673782521681460       0.9072234779596329
     656.4675783855904001       0.9794775620102882
     656.4677785190126542       1.0408146716654301
     656.4679786524349083       0.9945431253872812
     656.4681787858572761       0.9790872056037188
     656.4683789192795302       1.0522783696651459
     656.4685790527017843       0.9645896703004837
     656.4687791861240385       0.9991534174187109
     656.4689793195464063       1.0186556037515402
     656.4691794529686604       1.0120669817551970
     656.4693795863909145       0.9325231686234474
     656.4695797198131686       0.9722442775964737
     656.4697798532355364       0.9925253489054739
     656.4699799866577905       1.0099115818738937
     656.4701801200800446       1.1069356203079224
     656.4703802535022987       1.0319288484752178
     656.4705803869246665       0.9809757769107819
     656.4707805203469206       1.0349495001137257
     656.4709806537691748       1.0108302114531398
     656.4711807871914289       1.0098464777693152
     656.4713809206137967       0.9403809607028961
     656.4715810540360508       1.0014720393810421
     656.4717811874583049       1.0888554826378822
     656.4719813208805590       0.9626737572252750
     656.4721814543029268       1.0931170955300331
     656.4723815877251809       0.9006321057677269
     656.4725817211474350       1.0870103761553764
     656.4727818545696891       1.0523146055638790
     656.4729819879919432       1.0553766489028931
     656.4731821214143110       1.0233426820486784
     656.4733822548365652       1.0407485850155354
     656.4735823882588193       0.9343705251812935
     656.4737825216810734       1.0337880067527294
     656.4739826551034412       0.9712859857827425
     656.4741827885256953       1.0594615228474140
     656.4743829219479494       0.9942449233494699
     656.4745830553702035       0.9940580804832280
     656.4747831887925713       1.1146983727812767
     656.4749833222148254       0.9186505600810051
     656.4751834556370795       0.9874053457751870
     656.4753835890593336       0.9350031986832619
     656.4755837224817014       0.9695655312389135
     656.4757838559039556       0.9571635313332081
     656.4759839893262097       0.9614670686423779
     656.4761841227484638       0.9773930907249451
     656.4763842561708316       1.0242741443216801
     656.4765843895930857       1.0675128921866417
     656.4767845230153398       1.0075435126200318
     656.4769846564375939       0.9997645811818074
     656.4771847898599617       0.9528139308094978
     656.4773849232822158       0.9648594446480274
     656.4775850567044699       0.9682115539908409
     656.4777851901267240       0.9651577360928059
     656.4779853235490918       1.0945320203900337
     656.4781854569713460       0.9815304856747389
     656.4783855903936001       0.9948314870707691
     656.4785857238158542       1.0041320803575218
     656.4787858572381083       0.9499300830066204
     656.4789859906604761       1.0722361728549004
     656.4791861240827302       0.9262788891792297
     656.4793862575049843       0.9791097212582827
     656.4795863909272384       1.0659972056746483
     656.4797865243496062       0.9979537494946271
     656.4799866577718603       0.9680317230522633
     656.4801867911941144       1.0898644328117371
     656.4803869246163686       1.0410455837845802
     656.4805870580387364       0.9877055780962110
     656.4807871914609905       0.9969486044719815
     656.4809873248832446       0.9534560106694698
     656.4811874583054987       1.0476118065416813
     656.4813875917278665       0.8866694197058678
     656.4815877251501206       0.9286902099847794
     656.4817878585723747       0.9833797756582499
     656.4819879919946288       1.0589815676212311
     656.4821881254169966       0.9204829782247543
     656.4823882588392507       1.0649559348821640
     656.4825883922615049       0.9411892406642437
     656.4827885256837590       0.9199809730052948
     656.4829886591061268       0.9097614437341690
     656.4831887925283809       0.8965649977326393
     656.4833889259506350       0.9340341165661812
     656.4835890593728891       1.0590000823140144
     656.4837891927951432       0.8855551853775978
     656.4839893262175110       0.9768439922481775
     656.4841894596397651       0.9830706473439932
     656.4843895930620192       1.1384624242782593
     656.4845897264842733       0.9213778302073479
     656.4847898599066411       0.9423299729824066
     656.4849899933288953       0.9110925123095512
     656.4851901267511494       1.0165366027504206
     656.4853902601734035       1.0478942096233368
     656.4855903935957713       0.9529324956238270
     656.4857905270180254       0.9970951688010246
     656.4859906604402795       0.9455288089811802
     656.4861907938625336       1.0758704766631126
     656.4863909272849014       1.0196906086057425
     656.4865910607071555       0.9044879674911499
     656.4867911941294096       1.0878262445330620
     656.4869913275516637       0.9587252847850323
     656.4871914609740315       0.8831010907888412
     656.4873915943962857       1.0343960635364056
     656.4875917278185398       1.0329859778285027
     656.4877918612407939       0.9870483474805951
     656.4879919946631617       1.0850596278905869
     656.4881921280854158       0.9811830371618271
     656.4883922615076699       1.0477610416710377
     656.4885923949299240       1.0671524330973625
     656.4887925283522918       0.9822656083852053
     656.4889926617745459       0.9116350486874580
     656.4891927951968000       1.0857135280966759
     656.4893929286190541       0.9929930432699621
     656.4895930620413083       0.9677898325026035
     656.4897931954636761       1.0283414330333471
     656.4899933288859302       0.9884374653920531
     656.4901934623081843       1.0261646900326014
     656.4903935957304384       1.0544338412582874
     656.4905937291528062       1.0104768658056855
     656.4907938625750603       1.0245392937213182
     656.4909939959973144       1.0080325715243816
     656.4911941294195685       1.0501339696347713
     656.4913942628419363       1.0493858270347118
     656.4915943962641904       1.0316969938576221
     656.4917945296864445       0.9781807903200388
     656.4919946631086987       1.0253906045109034
     656.4921947965310665       1.0143621936440468
     656.4923949299533206       1.0140244085341692
     656.4925950633755747       0.9396821148693562
     656.4927951967978288       0.9449734389781952
     656.4929953302201966       1.0966689363121986
     656.4931954636424507       1.0262457337230444
     656.4933955970647048       1.0431002117693424
     656.4935957304869589       0.9817191381007433
     656.4937958639093267       0.9491263553500175
     656.4939959973315808       0.9776705410331488
     656.4941961307538350       1.0307352244853973
     656.4943962641760891       0.9785532150417566
     656.4945963975983432       1.0052542467601597
     656.4947965310207110       1.0347816199064255
     656.4949966644429651       1.0104734208434820
     656.4951967978652192       0.9872930422425270
     656.4953969312874733       1.0940757170319557
     656.4955970647098411       0.9780766237527132
     656.4957971981320952       1.0494219101965427
     656.4959973315543493       0.9780373871326447
     656.4961974649766034       1.0335440412163734
     656.4963975983989712       0.9449935667216778
     656.4965977318212254       0.9970067034009844
     656.4967978652434795       0.9859569007530808
     656.4969979986657336       0.9921571295708418
     656.4971981320881014       0.9434563256800175
     656.4973982655103555       1.0474947243928909
     656.4975983989326096       1.0406015217304230
     656.4977985323548637       1.0285503156483173
     656.4979986657772315       0.9118169620633125
     656.4981987991994856       0.9586585983633995
     656.4983989326217397       0.9841372538357973
     656.4985990660439938       0.9099762812256813
     656.4987991994663616       0.9459549114108086
     656.4989993328886158       0.9105818644165993
     656.4991994663108699       1.0055514071136713
     656.4993995997331240       1.0664334222674370
     656.4995997331554918       1.0033320367801934
     656.4997998665777459       1.0556798465549946
     656.5000000000000000       1.0318642519414425
