     656.2000000000000455       1.1163946390151978
     656.2002001334222996       1.0261772852391005
     656.2004002668445537       1.0135437548160553
     656.2006004002669215       1.0022499139886349
     656.2008005336891756       0.9715509209781885
     656.2010006671114297       0.9691396169364452
     656.2012008005336838       0.9396530985832214
     656.2014009339560516       1.0309539195150137
     656.2016010673783057       0.9331163540482521
     656.2018012008005599       0.9926086068153381
     656.2020013342228140       1.0199010819196701
     656.2022014676451818       0.9926932668313384
     656.2024016010674359       1.0192915182560682
     656.2026017344896900       0.9939537351019681
     656.2028018679119441       0.9917498594149947
     656.2030020013343119       0.9773290827870369
     656.2032021347565660       0.9501030929386616
     656.2034022681788201       1.0168592426925898
     656.2036024016010742       1.0379761494696140
     656.2038025350234420       0.9930503317154944
     656.2040026684456961       1.0891285166144371
     656.2042028018679503       1.0014150724746287
     656.2044029352902044       1.0300929341465235
     656.2046030687125722       0.9615065492689610
     656.2048032021348263       0.9560012407600880
     656.2050033355570804       1.0235903169959784
     656.2052034689793345       1.0959135219454765
     656.2054036024017023       1.0254752635955811
     656.2056037358239564       1.0024133804254234
     656.2058038692462105       1.0321408100426197
     656.2060040026684646       0.9535938501358032
     656.2062041360907187       1.0233165379613638
     656.2064042695130865       0.9702154342085123
     656.2066044029353407       1.0574563555419445
     656.2068045363575948       0.9847803907468915
     656.2070046697798489       1.0397711656987667
     656.2072048032022167       0.9417200274765491
     656.2074049366244708       1.0033440727274865
     656.2076050700467249       0.9277061820030212
     656.2078052034689790       0.9391477629542351
     656.2080053368913468       0.9384741596877575
     656.2082054703136009       1.0483954511582851
     656.2084056037358550       1.0626743361353874
     656.2086057371581092       1.0378092117607594
     656.2088058705804769       0.9437508396804333
     656.2090060040027311       1.0276363976299763
     656.2092061374249852       0.9902627049013972
     656.2094062708472393       1.0306603405624628
     656.2096064042696071       0.9786323141306639
     656.2098065376918612       1.0116993673145771
     656.2100066711141153       1.1186090931296349
     656.2102068045363694       1.0505064316093922
     656.2104069379587372       0.9470919258892536
     656.2106070713809913       1.0146851195022464
     656.2108072048032454       1.0255384836345911
     656.2110073382254996       0.9608702063560486
     656.2112074716477537       1.0294629670679569
     656.2114076050701215       1.0269050356000662
     656.2116077384923756       1.0005436372011900
     656.2118078719146297       1.1000365838408470
     656.2120080053368838       0.9686712175607681
     656.2122081387592516       1.0378117226064205
     656.2124082721815057       0.9616457112133503
     656.2126084056037598       1.0422615073621273
     656.2128085390260139       0.9805011618882418
     656.2130086724483817       0.9519555643200874
     656.2132088058706358       1.0634660497307777
     656.2134089392928900       0.9995002783834934
     656.2136090727151441       1.0031073081772774
     656.2138092061375119       1.0159314516931772
     656.2140093395597660       1.0352203063666821
     656.2142094729820201       1.0383704714477062
     656.2144096064042742       1.0058684772811830
     656.2146097398266420       0.9885607063770294
     656.2148098732488961       1.0340025834739208
     656.2150100066711502       1.0031103272922337
     656.2152101400934043       1.0962413027882576
     656.2154102735157721       0.9219047948718071
     656.2156104069380262       1.0186150204390287
     656.2158105403602804       0.9860731512308121
     656.2160106737825345       1.0817735567688942
     656.2162108072049023       0.9319290742278099
     656.2164109406271564       1.0715526863932610
     656.2166110740494105       1.0764713808894157
     656.2168112074716646       1.0381252951920033
     656.2170113408939187       0.9741544276475906
     656.2172114743162865       1.0370139889419079
     656.2174116077385406       1.0235719829797745
     656.2176117411607947       0.9941850709728897
     656.2178118745830488       1.1148151978850365
     656.2180120080054166       0.9241760447621346
     656.2182121414276708       0.9324385151267052
     656.2184122748499249       1.0234740264713764
     656.2186124082721790       1.0192144569009542
     656.2188125416945468       0.9866387480869889
     656.2190126751168009       1.0027925786562264
     656.2192128085390550       1.0037429102230817
     656.2194129419613091       0.9303456321358681
     656.2196130753836769       0.9585067965090275
     656.2198132088059310       0.9639818444848061
     656.2200133422281851       1.0346688665449619
     656.2202134756504392       1.0207208059728146
     656.2204136090728070       1.0082855550572276
     656.2206137424950612       1.0127236070111394
     656.2208138759173153       0.9826188683509827
     656.2210140093395694       1.0404161065816879
     656.2212141427619372       0.9526809304952621
     656.2214142761841913       1.0451980493962765
     656.2216144096064454       1.0386495701968670
     656.2218145430286995       0.9225975349545479
     656.2220146764509536       1.0095834834501147
     656.2222148098733214       0.9533902257680893
     656.2224149432955755       0.9440595507621765
     656.2226150767178297       0.9281493052840233
     656.2228152101400838       0.9661323316395283
     656.2230153435624516       0.9909385424107313
     656.2232154769847057       0.9588706828653812
     656.2234156104069598       0.9958672975189984
     656.2236157438292139       0.9859616188332438
     656.2238158772515817       0.9912783242762089
     656.2240160106738358       0.9280256479978561
     656.2242161440960899       1.0682330057024956
     656.2244162775183440       0.9324251934885979
     656.2246164109407118       0.9808268621563911
     656.2248165443629659       1.0039363601244986
     656.2250166777852201       0.9734070803970098
     656.2252168112074742       0.9689695835113525
     656.2254169446298420       0.9603341966867447
     656.2256170780520961       0.9287162870168686
     656.2258172114743502       0.9928747564554214
     656.2260173448966043       1.0490787141025066
     656.2262174783189721       0.9922169153578579
     656.2264176117412262       1.0135123375803232
     656.2266177451634803       0.9084202051162720
     656.2268178785857344       0.9496062435209751
     656.2270180120081022       0.9741057865321636
     656.2272181454303563       1.1148221120238304
     656.2274182788526105       1.0749084651470184
     656.2276184122748646       1.0052065490745008
     656.2278185456971187       1.0797496959567070
     656.2280186791194865       0.9628491774201393
     656.2282188125417406       0.9233031496405602
     656.2284189459639947       0.9582830742001534
     656.2286190793862488       0.9841509107500315
     656.2288192128086166       1.0309562627226114
     656.2290193462308707       1.0102173518389463
     656.2292194796531248       0.9858838673681021
     656.2294196130753789       1.0419585183262825
     656.2296197464977467       0.9535071142017841
     656.2298198799200009       1.0088595310226083
     656.2300200133422550       1.0341690592467785
     656.2302201467645091       0.9767161738127470
     656.2304202801868769       1.0790275260806084
     656.2306204136091310       0.9513312652707100
     656.2308205470313851       1.0853640958666801
     656.2310206804536392       1.0132440272718668
     656.2312208138760070       1.0035790421534330
     656.2314209472982611       0.9741449113935232
     656.2316210807205152       0.9817573465406895
     656.2318212141427693       1.0047845020890236
     656.2320213475651371       0.9759723041206598
     656.2322214809873913       0.9686482101678848
     656.2324216144096454       1.0223522223532200
     656.2326217478318995       0.9990278646000661
     656.2328218812541536       1.0834457129240036
     656.2330220146765214       1.0058536883443594
     656.2332221480987755       1.0348005257546902
     656.2334222815210296       1.0174576696008444
     656.2336224149432837       1.0732691362500191
     656.2338225483656515       1.1199159175157547
     656.2340226817879056       1.0422236286103725
     656.2342228152101598       0.9345450475811958
     656.2344229486324139       0.9831995889544487
     656.2346230820547817       1.0824766531586647
     656.2348232154770358       0.9440736770629883
     656.2350233488992899       0.9782704152166843
     656.2352234823215440       1.1074903756380081
     656.2354236157439118       0.9269362762570381
     656.2356237491661659       1.0066607268527150
     656.2358238825884200       0.8882639780640602
     656.2360240160106741       0.9731402155011892
     656.2362241494330419       0.9815998990088701
     656.2364242828552960       1.0074991406872869
     656.2366244162775502       0.9743646681308746
     656.2368245496998043       0.9528671503067017
     656.2370246831221721       0.9671493731439114
     656.2372248165444262       1.0048799957148731
     656.2374249499666803       0.9823196977376938
     656.2376250833889344       1.0732090473175049
     656.2378252168113022       0.9905451219528913
     656.2380253502335563       1.1003645583987236
     656.2382254836558104       1.0022033550776541
     656.2384256170780645       1.0439810864627361
     656.2386257505003186       0.9624098278582096
     656.2388258839226864       1.0600837878882885
     656.2390260173449406       0.9311833232641220
     656.2392261507671947       0.9153526276350021
     656.2394262841894488       0.9712733626365662
     656.2396264176118166       1.1006064191460609
     656.2398265510340707       1.0626658722758293
     656.2400266844563248       1.0430843979120255
     656.2402268178785789       1.0520864799618721
     656.2404269513009467       1.0496932901442051
     656.2406270847232008       0.9384231604635715
     656.2408272181454549       1.0751180648803711
     656.2410273515677090       1.0095912963151932
     656.2412274849900768       0.9966981429606676
     656.2414276184123310       1.0206087660044432
     656.2416277518345851       0.9566413722932339
     656.2418278852568392       1.0476325564086437
     656.2420280186792070       1.0576415620744228
     656.2422281521014611       0.9378641955554485
     656.2424282855237152       1.0309257991611958
     656.2426284189459693       0.9922898672521114
     656.2428285523683371       1.0871018022298813
     656.2430286857905912       0.9649732932448387
     656.2432288192128453       1.0566017441451550
     656.2434289526350994       0.9518012106418610
     656.2436290860574672       0.9939570319838822
     656.2438292194797214       0.9672612287104130
     656.2440293529019755       0.9448272474110126
     656.2442294863242296       0.9070321917533875
     656.2444296197464837       0.9955461453646421
     656.2446297531688515       1.0333304665982723
     656.2448298865911056       0.9825543258339167
     656.2450300200133597       1.0396236591041088
     656.2452301534356138       1.1032032370567322
     656.2454302868579816       0.9581023603677750
     656.2456304202802357       0.9458301290869713
     656.2458305537024899       1.0479228831827641
     656.2460306871247440       0.9414584040641785
     656.2462308205471118       1.0275751445442438
     656.2464309539693659       0.9909244542941451
     656.2466310873916200       0.9661161340773106
     656.2468312208138741       1.0240664817392826
     656.2470313542362419       0.9144924953579903
     656.2472314876584960       1.0051790964789689
     656.2474316210807501       0.9943514908663929
     656.2476317545030042       0.9926189496181905
     656.2478318879253720       1.0738937258720398
     656.2480320213476261       1.0095950355753303
     656.2482321547698803       1.0421812683343887
     656.2484322881921344       1.0127371996641159
     656.2486324216145022       0.9156792759895325
     656.2488325550367563       1.0416735149919987
     656.2490326884590104       1.0471743009984493
     656.2492328218812645       1.0470117628574371
     656.2494329553035186       1.0264558102935553
     656.2496330887258864       0.9755409806966782
     656.2498332221481405       0.9947560424916446
     656.2500333555703946       0.9779534954577684
     656.2502334889926487       0.9028475061058998
     656.2504336224150165       1.0039377929642797
     656.2506337558372707       0.8890860900282860
     656.2508338892595248       0.9345941022038460
     656.2510340226817789       1.0416702143847942
     656.2512341561041467       0.9474982544779778
     656.2514342895264008       1.0011814322788268
     656.2516344229486549       1.0242672897875309
     656.2518345563709090       0.9694680441170931
     656.2520346897932768       1.0524268932640553
     656.2522348232155309       0.9576989859342575
     656.2524349566377850       1.0196890942752361
     656.2526350900600391       1.0858350247144699
     656.2528352234824069       1.0172136705368757
     656.2530353569046611       1.0054122977890074
     656.2532354903269152       0.9703566674143076
     656.2534356237491693       0.9249625727534294
     656.2536357571715371       1.1071526557207108
     656.2538358905937912       0.9975710914004594
     656.2540360240160453       1.0433574207127094
     656.2542361574382994       1.0798245742917061
     656.2544362908606672       1.0355115346610546
     656.2546364242829213       0.9307119101285934
     656.2548365577051754       1.0363354869186878
     656.2550366911274295       0.9593828767538071
     656.2552368245496837       1.0422262288630009
     656.2554369579720515       0.9876916650682688
     656.2556370913943056       1.0320740416646004
     656.2558372248165597       1.0804929360747337
     656.2560373582388138       0.9614090248942375
     656.2562374916611816       0.9789329897612333
     656.2564376250834357       0.9978663418442011
     656.2566377585056898       1.0580924935638905
     656.2568378919279439       1.0603148229420185
     656.2570380253503117       0.9832152742892504
     656.2572381587725658       0.8906217813491821
     656.2574382921948200       1.0229248087853193
     656.2576384256170741       1.1405189484357834
     656.2578385590394419       0.9744680430740118
     656.2580386924616960       0.9938244190998375
     656.2582388258839501       0.9969069205690175
     656.2584389593062042       0.9646149165928364
     656.2586390927285720       1.0837317854166031
     656.2588392261508261       0.9821678362786770
     656.2590393595730802       1.0092963194474578
     656.2592394929953343       1.0201204940676689
     656.2594396264177021       1.1330489069223404
     656.2596397598399562       1.0700875148177147
     656.2598398932622104       0.9555419906973839
     656.2600400266844645       0.9556204862892628
     656.2602401601067186       0.9999251467888826
     656.2604402935290864       0.9805624429136515
     656.2606404269513405       1.0564133226871490
     656.2608405603735946       0.9861346334218979
     656.2610406937958487       1.0179854352027178
     656.2612408272182165       0.9154590144753456
     656.2614409606404706       0.9436665400862694
     656.2616410940627247       0.9927612892352045
     656.2618412274849788       0.9828052539378405
     656.2620413609073466       0.9514336735010147
     656.2622414943296008       1.1124678775668144
     656.2624416277518549       0.9578092247247696
     656.2626417611741090       0.9853780893608928
     656.2628418945964768       1.0337791293859482
     656.2630420280187309       1.0122628631070256
     656.2632421614409850       1.0015090293018147
     656.2634422948632391       0.9989507753634825
     656.2636424282856069       1.0094190454110503
     656.2638425617078610       1.0092744352295995
     656.2640426951301151       1.0562752000987530
     656.2642428285523692       1.0957401767373085
     656.2644429619747370       1.0238544698804617
     656.2646430953969912       0.9165229946374893
     656.2648432288192453       0.9557767622172832
     656.2650433622414994       0.9870793372392654
     656.2652434956638672       0.9267658889293671
     656.2654436290861213       0.9992259438731708
     656.2656437625083754       0.9468075446784496
     656.2658438959306295       1.0026685709599406
     656.2660440293528836       1.0830213427543640
     656.2662441627752514       1.0598710067570210
     656.2664442961975055       1.0605266988277435
     656.2666444296197596       1.0007298359996639
     656.2668445630420138       0.9669784642755985
     656.2670446964643816       0.9522401653230190
     656.2672448298866357       1.0197056382894516
     656.2674449633088898       0.9662447907030582
     656.2676450967311439       1.0058802417479455
     656.2678452301535117       0.9820662774145603
     656.2680453635757658       1.0171067994087934
     656.2682454969980199       1.0534241385757923
     656.2684456304202740       0.9988963865907863
     656.2686457638426418       1.0395360998809338
     656.2688458972648959       0.9558464363217354
     656.2690460306871501       0.9514323435723782
     656.2692461641094042       1.0388246886432171
     656.2694462975317720       0.9881409564986825
     656.2696464309540261       0.9764556717127562
     656.2698465643762802       0.9713498447090387
     656.2700466977985343       1.0012579610338435
     656.2702468312209021       1.0818924456834793
     656.2704469646431562       1.0528973042964935
     656.2706470980654103       0.9827896356582642
     656.2708472314876644       1.0394302569329739
     656.2710473649099185       1.0406612791121006
     656.2712474983322863       1.0179191883653402
     656.2714476317545405       1.0107693364843726
     656.2716477651767946       0.9653787463903427
     656.2718478985990487       0.9943072344176471
     656.2720480320214165       1.0030332696624100
     656.2722481654436706       1.0267055127769709
     656.2724482988659247       0.9427901692688465
     656.2726484322881788       0.9982514781877398
     656.2728485657105466       1.0479830540716648
     656.2730486991328007       0.9970457425806671
     656.2732488325550548       1.0075380378402770
     656.2734489659773089       1.0123192211613059
     656.2736490993996767       0.8965556025505066
     656.2738492328219309       1.0198448076844215
     656.2740493662441850       0.9699272383004427
     656.2742494996664391       1.0696675553917885
     656.2744496330888069       0.8895555213093758
     656.2746497665110610       0.9888873556628823
     656.2748498999333151       1.0455163866281509
     656.2750500333555692       0.9344312325119972
     656.2752501667779370       1.0536359250545502
     656.2754503002001911       1.0614188611507416
     656.2756504336224452       1.0170231666415930
     656.2758505670446993       0.9819415453821421
     656.2760507004670671       1.0237475764006376
     656.2762508338893213       1.0546715073287487
     656.2764509673115754       1.0373670421540737
     656.2766511007338295       1.0013637039810419
     656.2768512341560836       0.9288858547806740
     656.2770513675784514       0.9772749245166779
     656.2772515010007055       1.0297268722206354
     656.2774516344229596       1.0298096034675837
     656.2776517678452137       1.0229553207755089
     656.2778519012675815       0.9406717233359814
     656.2780520346898356       1.0491799376904964
     656.2782521681120897       0.9427036754786968
     656.2784523015343439       1.0767092183232307
     656.2786524349567117       0.9623509682714939
     656.2788525683789658       0.9235521927475929
     656.2790527018012199       1.0771398320794106
     656.2792528352234740       1.1146626695990562
     656.2794529686458418       0.9724914450198412
     656.2796531020680959       0.9163585454225540
     656.2798532354903500       0.9312066361308098
     656.2800533689126041       1.0846341624855995
     656.2802535023349719       1.0599367618560791
     656.2804536357572260       1.0228688772767782
     656.2806537691794802       0.9527501948177814
     656.2808539026017343       0.9591902792453766
     656.2810540360241021       1.0106362570077181
     656.2812541694463562       1.0349085442721844
     656.2814543028686103       0.9872640790417790
     656.2816544362908644       1.0316476821899414
     656.2818545697131185       0.9458201117813587
     656.2820547031354863       0.9132691249251366
     656.2822548365577404       1.0563623495399952
     656.2824549699799945       0.9350817278027534
     656.2826551034022486       0.9580529779195786
     656.2828552368246164       0.9520214833319187
     656.2830553702468706       1.0201206561177969
     656.2832555036691247       1.0033526115585119
     656.2834556370913788       1.0223271325230598
     656.2836557705137466       0.9496300332248211
     656.2838559039360007       0.9774906896054745
     656.2840560373582548       1.0013921579811722
     656.2842561707805089       0.9885835852473974
     656.2844563042028767       1.0358463041484356
     656.2846564376251308       1.0014589697821066
     656.2848565710473849       0.9849900091066957
     656.2850567044696390       1.0370828956365585
     656.2852568378920068       0.9155885875225067
     656.2854569713142610       0.9796667415648699
     656.2856571047365151       0.9912609783932567
     656.2858572381587692       0.9996219669410493
     656.2860573715811370       1.1077797412872314
     656.2862575050033911       1.0321928746998310
     656.2864576384256452       0.9371684268116951
     656.2866577718478993       0.9936028830707073
     656.2868579052702671       1.0266525540500879
     656.2870580386925212       0.9139641299843788
     656.2872581721147753       0.9920077640563250
     656.2874583055370294       0.9393166899681091
     656.2876584389592836       0.9751842767000198
     656.2878585723816514       0.9812433049082756
     656.2880587058039055       0.9610115401446819
     656.2882588392261596       1.1046893969178200
     656.2884589726484137       1.0634081065654755
     656.2886591060707815       1.0300798062235117
     656.2888592394930356       0.9133347645401955
     656.2890593729152897       1.0393804237246513
     656.2892595063375438       1.0588780157268047
     656.2894596397599116       0.9786197934299707
     656.2896597731821657       1.0063772262074053
     656.2898599066044198       1.0305897425860167
     656.2900600400266740       0.9436105675995350
     656.2902601734490418       0.9891974562779069
     656.2904603068712959       0.9489362351596355
     656.2906604402935500       1.0291596949100494
     656.2908605737158041       1.0435115844011307
     656.2910607071381719       0.9282547906041145
     656.2912608405604260       1.0224542636424303
     656.2914609739826801       1.0435458607971668
     656.2916611074049342       0.9340584650635719
     656.2918612408273020       1.0139018148183823
     656.2920613742495561       1.0136349173262715
     656.2922615076718103       1.0107550853863358
     656.2924616410940644       1.0480116568505764
     656.2926617745164322       1.1181003004312515
     656.2928619079386863       0.9998778121225769
     656.2930620413609404       1.0365447923541069
     656.2932621747831945       0.9895932460203767
     656.2934623082054486       1.0544862337410450
     656.2936624416278164       0.9538641013205051
     656.2938625750500705       1.0670900195837021
     656.2940627084723246       0.9375624358654022
     656.2942628418945787       1.0022593804169446
     656.2944629753169465       1.0582625530660152
     656.2946631087392007       1.0253331270068884
     656.2948632421614548       1.0828999206423759
     656.2950633755837089       1.0298455096781254
     656.2952635090060767       0.9391989335417747
     656.2954636424283308       1.0660771802067757
     656.2956637758505849       0.9928729198873043
     656.2958639092728390       0.9892291836440563
     656.2960640426952068       0.8998617902398109
     656.2962641761174609       0.9498517215251923
     656.2964643095397150       0.9714199509471655
     656.2966644429619691       1.0119232181459665
     656.2968645763843369       0.9334161803126335
     656.2970647098065911       1.0382386036217213
     656.2972648432288452       1.0824523493647575
     656.2974649766510993       0.9390475563704967
     656.2976651100734671       1.0035261362791061
     656.2978652434957212       0.9845703402534127
     656.2980653769179753       1.0123734362423420
     656.2982655103402294       1.0220527034252882
     656.2984656437624835       0.9870690852403641
     656.2986657771848513       0.9397671148180962
     656.2988659106071054       1.0223311092704535
     656.2990660440293595       0.9722326863557100
     656.2992661774516137       0.9173670411109924
     656.2994663108739815       0.9553375504910946
     656.2996664442962356       0.9788435120135546
     656.2998665777184897       1.0247440319508314
     656.3000667111407438       0.9854057654738426
     656.3002668445631116       1.0188666842877865
     656.3004669779853657       1.0055971872061491
     656.3006671114076198       1.0203936714679003
     656.3008672448298739       0.9393572546541691
     656.3010673782522417       0.9040495306253433
     656.3012675116744958       1.0202428679913282
     656.3014676450967499       1.0527734160423279
     656.3016677785190041       0.9250705912709236
     656.3018679119413719       0.9647624567151070
     656.3020680453636260       1.0130298575386405
     656.3022681787858801       0.9967114813625813
     656.3024683122081342       0.9695525616407394
     656.3026684456305020       0.9791340101510286
     656.3028685790527561       1.0050040907226503
     656.3030687124750102       0.9852078557014465
     656.3032688458972643       1.0471042245626450
     656.3034689793196321       1.0706550702452660
     656.3036691127418862       0.9879157608374953
     656.3038692461641403       1.0412920415401459
     656.3040693795863945       1.0592544563114643
     656.3042695130086486       0.9722919631749392
     656.3044696464310164       1.0422338768839836
     656.3046697798532705       0.8448669016361237
     656.3048699132755246       0.9727386292070150
     656.3050700466977787       1.0214856062084436
     656.3052701801201465       1.0097674168646336
     656.3054703135424006       1.0778325274586678
     656.3056704469646547       0.8633511066436768
     656.3058705803869088       0.9728563223034143
     656.3060707138092766       0.9407264180481434
     656.3062708472315308       1.1546487957239151
     656.3064709806537849       1.0018398026004434
     656.3066711140760390       1.0630034804344177
     656.3068712474984068       0.9539151228964329
     656.3070713809206609       1.0968533232808113
     656.3072715143429150       0.9106041714549065
     656.3074716477651691       1.0834714844822884
     656.3076717811875369       1.0518801100552082
     656.3078719146097910       1.1031389385461807
     656.3080720480320451       0.9625713117420673
     656.3082721814542992       1.1467889696359634
     656.3084723148766670       1.0624720752239227
     656.3086724482989212       1.0570695102214813
     656.3088725817211753       0.9737020283937454
     656.3090727151434294       0.9995361005421728
     656.3092728485656835       0.9850506316870451
     656.3094729819880513       0.9923321553505957
     656.3096731154103054       0.9347010031342506
     656.3098732488325595       1.0294572263956070
     656.3100733822548136       1.0623932592570782
     656.3102735156771814       1.0666775926947594
     656.3104736490994355       1.0189504660665989
     656.3106737825216896       0.9297616556286812
     656.3108739159439438       1.0729523226618767
     656.3110740493663116       1.1276656389236450
     656.3112741827885657       1.0949654430150986
     656.3114743162108198       1.0425545275211334
     656.3116744496330739       0.9502862580120564
     656.3118745830554417       0.9962645813357085
     656.3120747164776958       0.9338812157511711
     656.3122748498999499       0.9389346167445183
     656.3124749833222040       1.0619195811450481
     656.3126751167445718       1.0380436293780804
     656.3128752501668259       0.9715124964714050
     656.3130753835890800       1.0038762220647186
     656.3132755170113342       1.1172250881791115
     656.3134756504337020       1.0483914650976658
     656.3136757838559561       0.9993462841375731
     656.3138759172782102       0.9324107915163040
     656.3140760507004643       0.8262396305799484
     656.3142761841228321       1.0024646276142448
     656.3144763175450862       1.0268104970455170
     656.3146764509673403       0.9899410447105765
     656.3148765843895944       1.0917261838912964
     656.3150767178118485       0.9500781111419201
     656.3152768512342163       0.9881935743615031
     656.3154769846564704       0.9954825085587800
     656.3156771180787246       1.0035168107133359
     656.3158772515009787       0.8976277187466621
     656.3160773849233465       1.0037451304960996
     656.3162775183456006       1.0158252734690905
     656.3164776517678547       1.0326768159866333
     656.3166777851901088       0.9465389177203178
     656.3168779186124766       1.0398739650845528
     656.3170780520347307       0.9883828731253743
     656.3172781854569848       0.9991390295326710
     656.3174783188792389       0.9834621772170067
     656.3176784523016067       0.9603808037936687
     656.3178785857238609       0.8877441510558128
     656.3180787191461150       0.9983361457707360
     656.3182788525683691       1.0417728796601295
     656.3184789859907369       0.9988845849875361
     656.3186791194129910       0.9938737112097442
     656.3188792528352451       1.0016139041399583
     656.3190793862574992       1.0421392954885960
     656.3192795196798670       0.8831457868218422
     656.3194796531021211       1.0050411615520716
     656.3196797865243752       0.9595561884343624
     656.3198799199466293       0.9691425375640392
     656.3200800533688835       0.9796352032572031
     656.3202801867912513       1.0338055118918419
     656.3204803202135054       0.9924712567590177
     656.3206804536357595       1.0861906632781029
     656.3208805870580136       0.9784450754523277
     656.3210807204803814       0.9599270857870579
     656.3212808539026355       0.9881120109930634
     656.3214809873248896       1.0470491610467434
     656.3216811207471437       0.9434970431029797
     656.3218812541695115       1.0330815985798836
     656.3220813875917656       1.0119761675596237
     656.3222815210140197       0.9670642651617527
     656.3224816544362739       0.9155786484479904
     656.3226817878586417       0.9468330852687359
     656.3228819212808958       1.0336553119122982
     656.3230820547031499       1.0491344891488552
     656.3232821881254040       1.0406628809869289
     656.3234823215477718       0.9532212652266026
     656.3236824549700259       1.0821937397122383
     656.3238825883922800       0.9628619700670242
     656.3240827218145341       1.0107537833973765
     656.3242828552369019       1.0528659895062447
     656.3244829886591560       0.9534058198332787
     656.3246831220814101       1.0285810958594084
     656.3248832555036643       0.9074015766382217
     656.3250833889260321       1.0437534414231777
     656.3252835223482862       1.1097059398889542
     656.3254836557705403       1.0047049126587808
     656.3256837891927944       0.9565119743347168
     656.3258839226150485       0.9264839068055153
     656.3260840560374163       1.0163067709654570
     656.3262841894596704       0.9631970226764679
     656.3264843228819245       1.0259423609822989
     656.3266844563041786       1.0277477446943521
     656.3268845897265464       1.0375625602900982
     656.3270847231488005       1.0238566603511572
     656.3272848565710547       1.0444810055196285
     656.3274849899933088       1.0015025830361992
     656.3276851234156766       0.9791861698031425
     656.3278852568379307       0.8773025646805763
     656.3280853902601848       1.0557381883263588
     656.3282855236824389       0.9326555877923965
     656.3284856571048067       1.0024108842480928
     656.3286857905270608       1.0651761516928673
     656.3288859239493149       0.9468722157180309
     656.3290860573715690       0.9666768796741962
     656.3292861907939368       0.9615629576146603
     656.3294863242161910       0.9863475710153580
     656.3296864576384451       1.0059691616334021
     656.3298865910606992       1.0323264002799988
     656.3300867244830670       1.0622600130736828
     656.3302868579053211       0.9831361640244720
     656.3304869913275752       1.0263950470834968
     656.3306871247498293       0.9488980099558826
     656.3308872581721971       0.9864959474652999
     656.3310873915944512       1.0484042651951304
     656.3312875250167053       0.9355878084897981
     656.3314876584389594       1.0630458071827866
     656.3316877918612136       1.0274231322109668
     656.3318879252835814       1.0145851243287278
     656.3320880587058355       1.0305496193468500
     656.3322881921280896       0.9808792788535253
     656.3324883255503437       0.9676670320331898
     656.3326884589727115       0.9847039161249771
     656.3328885923949656       1.0857901051640182
     656.3330887258172197       1.0187574382870905
     656.3332888592394738       1.1098807007073650
     656.3334889926618416       1.0257372297345559
     656.3336891260840957       0.9478851296006131
     656.3338892595063498       0.9040606394407954
     656.3340893929286040       0.9796182159331265
     656.3342895263509718       1.0442041084165783
     656.3344896597732259       0.9462250880890478
     656.3346897931954800       0.9776384066780905
     656.3348899266177341       1.0065928301760438
     656.3350900600401019       1.0602250583450525
     656.3352901934623560       0.9772799499305317
     656.3354903268846101       1.0465383864899962
     656.3356904603068642       0.9630591235999193
     656.3358905937292320       0.9153534844438851
     656.3360907271514861       0.9248673766740071
     656.3362908605737402       1.0289955641917499
     656.3364909939959944       0.8905234336632647
     656.3366911274182485       1.0645267590571523
     656.3368912608406163       0.9909873539150086
     656.3370913942628704       1.0694929882281854
     656.3372915276851245       1.0438463314530051
     656.3374916611073786       0.9857848313406108
     656.3376917945297464       1.0006847120958979
     656.3378919279520005       0.9879174258201519
     656.3380920613742546       1.0096900813948002
     656.3382921947965087       1.0246312837570994
     656.3384923282188765       0.9648473629557809
     656.3386924616411306       1.0127266907644441
     656.3388925950633848       0.9411726918516065
     656.3390927284856389       0.9512449302085249
     656.3392928619080067       0.9635014253425632
     656.3394929953302608       1.0410131971564698
     656.3396931287525149       1.0301312172005013
     656.3398932621747690       0.9875833129235112
     656.3400933955971368       0.9000036725550861
     656.3402935290193909       1.0357501270150589
     656.3404936624416450       1.0011994258252566
     656.3406937958638991       0.9539544761499621
     656.3408939292862669       1.0086798637226324
     656.3410940627085211       0.9099680207930732
     656.3412941961307752       1.0635188304566565
     656.3414943295530293       1.0942720513416027
     656.3416944629753971       1.0791032202683857
     656.3418945963976512       0.9955366777455148
     656.3420947298199053       0.9494306846065846
     656.3422948632421594       0.9936490675320941
     656.3424949966644135       1.0017356297011344
     656.3426951300867813       0.9622503975850727
     656.3428952635090354       0.9497304001541231
     656.3430953969312895       0.9676802955168023
     656.3432955303535437       0.9989263322372740
     656.3434956637759115       0.9821444474153488
     656.3436957971981656       1.0357650644087997
     656.3438959306204197       0.9906362224162635
     656.3440960640426738       1.0120111024323184
     656.3442961974650416       1.0891368576547829
     656.3444963308872957       0.9787818903688623
     656.3446964643095498       0.9516674672744544
     656.3448965977318039       1.0095612160378244
     656.3450967311541717       1.0502210138621328
     656.3452968645764258       0.9916155315365017
     656.3454969979986799       0.9564685911721255
     656.3456971314209341       1.0271289420341350
     656.3458972648433019       0.9070908959157543
     656.3460973982655560       0.8889941544863660
     656.3462975316878101       1.0427700892337561
     656.3464976651100642       0.9921440231734071
     656.3466977985324320       1.0172098826673879
     656.3468979319546861       1.0260581658926298
     656.3470980653769402       0.9723344922005970
     656.3472981987991943       1.0534484833321591
     656.3474983322214484       0.9581264458842462
     656.3476984656438162       1.0033121940752512
     656.3478985990660703       0.9109246352404881
     656.3480987324883245       0.9846977923624665
     656.3482988659105786       1.0034651646927124
     656.3484989993329464       0.9365124709577922
     656.3486991327552005       1.0589439034212114
     656.3488992661774546       0.9725541471621341
     656.3490993995997087       1.0492774044382691
     656.3492995330220765       1.0457274202716480
     656.3494996664443306       1.0080086079263486
     656.3496997998665847       1.0545306047627907
     656.3498999332888388       1.0251044063206454
     656.3501000667112066       0.9390233118536840
     656.3503002001334607       0.9130952279795944
     656.3505003335557149       1.0533438022750303
     656.3507004669779690       0.9771531268101790
     656.3509006004003368       0.9941977415920815
     656.3511007338225909       0.9918312001458097
     656.3513008672448450       0.9775775807238061
     656.3515010006670991       1.0082162223808893
     656.3517011340894669       1.0768735866891750
     656.3519012675117210       1.0040387787866851
     656.3521014009339751       0.9985720564896515
     656.3523015343562292       0.9892018219038506
     656.3525016677785970       1.0215870991050306
     656.3527018012008512       1.0357041852363320
     656.3529019346231053       0.9729620206946928
     656.3531020680453594       1.0034824862825857
     656.3533022014676135       0.9394543448533192
     656.3535023348899813       1.0384515953766180
     656.3537024683122354       1.0986490342567048
     656.3539026017344895       0.9233750879850836
     656.3541027351567436       0.9952509918230832
     656.3543028685791114       0.9467578287801783
     656.3545030020013655       0.9841334462895583
     656.3547031354236196       1.0384785259117235
     656.3549032688458738       1.0122415526387583
     656.3551034022682416       0.9960173230819398
     656.3553035356904957       0.9687667907144129
     656.3555036691127498       0.9791242427981842
     656.3557038025350039       1.0143389173186153
     656.3559039359573717       0.9403144575458784
     656.3561040693796258       0.9871522913514561
     656.3563042028018799       0.9679692004129254
     656.3565043362241340       0.8972728365169622
     656.3567044696465018       0.8858885006737165
     656.3569046030687559       0.9467520210708861
     656.3571047364910100       1.0180242808390698
     656.3573048699132642       0.9600452894603403
     656.3575050033356320       0.9568520470709397
     656.3577051367578861       0.9474896232532952
     656.3579052701801402       0.9331290964346497
     656.3581054036023943       0.8557531690243200
     656.3583055370246484       0.9359513249398135
     656.3585056704470162       0.9585501967067834
     656.3587058038692703       0.9932214401646581
     656.3589059372915244       0.8728846341773261
     656.3591060707137785       0.9508147089394339
     656.3593062041361463       0.9471657820830141
     656.3595063375584004       0.8934156243422000
     656.3597064709806546       0.8640949134121516
     656.3599066044029087       0.9409393503410118
     656.3601067378252765       0.8390612827282571
     656.3603068712475306       0.8396629476917961
     656.3605070046697847       0.8731808073681410
     656.3607071380920388       0.8436492381039751
     656.3609072715144066       0.8680923348372842
     656.3611074049366607       0.9359615245094167
     656.3613075383589148       0.7934865197838654
     656.3615076717811689       0.8349357462163344
     656.3617078052035367       0.7316566234367945
     656.3619079386257908       0.7968838007862346
     656.3621080720480450       0.6915539958072281
     656.3623082054702991       0.8383846962650491
     656.3625083388926669       0.8389130685401607
     656.3627084723149210       0.7403400961581541
     656.3629086057371751       0.7283873068493812
     656.3631087391594292       0.7795092491739428
     656.3633088725817970       0.8055487444559666
     656.3635090060040511       0.7904452260431598
     656.3637091394263052       0.7892481846107559
     656.3639092728485593       0.7756889187842644
     656.3641094062708135       0.7731477435483767
     656.3643095396931813       0.7639091589900173
     656.3645096731154354       0.7878393765051166
     656.3647098065376895       0.7922887113867900
     656.3649099399599436       0.8674396536207127
     656.3651100733823114       0.7218529484802337
     656.3653102068045655       0.7941869673659264
     656.3655103402268196       0.9069008454948072
     656.3657104736490737       0.7356476147174105
     656.3659106070714415       0.8579846822521355
     656.3661107404936956       0.7568751510719522
     656.3663108739159497       0.8383829584678345
     656.3665110073382039       0.8016226683928709
     656.3667111407605717       0.8427110367637894
     656.3669112741828258       0.8980504911491606
     656.3671114076050799       0.8359660816792380
     656.3673115410273340       0.8791319692771087
     656.3675116744497018       0.8755140542858478
     656.3677118078719559       0.8688943174504115
     656.3679119412942100       0.9601929930432842
     656.3681120747164641       0.8775375297609286
     656.3683122081388319       0.9323699100913632
     656.3685123415610860       0.9281081855740978
     656.3687124749833401       0.9795594270729348
     656.3689126084055943       0.8943899759005531
     656.3691127418278484       0.9606900719692815
     656.3693128752502162       0.9294884744360771
     656.3695130086724703       0.8845163420490454
     656.3697131420947244       0.8910884815390419
     656.3699132755169785       0.9022041895610686
     656.3701134089393463       0.9867846132962008
     656.3703135423616004       0.8913963745364052
     656.3705136757838545       0.9413077973957384
     656.3707138092061086       0.8693701609924605
     656.3709139426284764       0.9257561527925647
     656.3711140760507305       0.9259048074723123
     656.3713142094729847       1.0005801944291359
     656.3715143428952388       1.1107043895899080
     656.3717144763176066       0.8802445725703260
     656.3719146097398607       0.9667376659372043
     656.3721147431621148       1.0001975844045479
     656.3723148765843689       0.9959953291026312
     656.3725150100067367       0.9882544893209505
     656.3727151434289908       0.9469965762351497
     656.3729152768512449       1.0302729243331576
     656.3731154102734990       0.9725234778250150
     656.3733155436958668       1.0015638578891997
     656.3735156771181209       1.0542811982309019
     656.3737158105403751       1.0366317948384183
     656.3739159439626292       0.9831857613776984
     656.3741160773849970       0.9886469287847588
     656.3743162108072511       1.0371685066078795
     656.3745163442295052       1.0220795974431920
     656.3747164776517593       0.9982549980727596
     656.3749166110740134       1.0008722062194588
     656.3751167444963812       1.0605163954285315
     656.3753168779186353       0.9556629009109661
     656.3755170113408894       1.0937122928632568
     656.3757171447631436       0.9866833443988727
     656.3759172781855113       1.0387543652841460
     656.3761174116077655       1.0189684842029816
     656.3763175450300196       1.0539142198907379
     656.3765176784522737       0.9782328983837083
     656.3767178118746415       0.9685478174753432
     656.3769179452968956       1.0202414189688414
     656.3771180787191497       0.9959733496877863
     656.3773182121414038       0.9721338689201118
     656.3775183455637716       1.0388033753560575
     656.3777184789860257       0.9599574855897582
     656.3779186124082798       1.0187206586705684
     656.3781187458305340       1.0317021187409305
     656.3783188792529018       1.0431521708789675
     656.3785190126751559       0.9549791683667379
     656.3787191460974100       1.0300889396318667
     656.3789192795196641       0.9210050323589524
     656.3791194129420319       0.9739918188173274
     656.3793195463642860       1.0452393672791704
     656.3795196797865401       1.0897872104423865
     656.3797198132087942       0.9797692199895394
     656.3799199466311620       0.9620314751857443
     656.3801200800534161       0.9289964029529142
     656.3803202134756702       1.0319514940807295
     656.3805203468979244       1.0193446529080301
     656.3807204803201785       0.9719074171534713
     656.3809206137425463       1.0543858619988034
     656.3811207471648004       1.0708544642176328
     656.3813208805870545       1.0662411617853707
     656.3815210140093086       0.9896275608385252
     656.3817211474316764       1.0040526581352758
     656.3819212808539305       1.0147349787017221
     656.3821214142761846       0.8836365608384940
     656.3823215476984387       0.8974695420773420
     656.3825216811208065       0.9396466507166426
     656.3827218145430606       0.9431012108389614
     656.3829219479653148       0.9876360999888587
     656.3831220813875689       1.0056037727402967
     656.3833222148099367       0.9903667942037673
     656.3835223482321908       1.0719300786200949
     656.3837224816544449       0.9378749878400053
     656.3839226150766990       0.9841440650945439
     656.3841227484990668       0.9065357283902937
     656.3843228819213209       0.9612617175017125
     656.3845230153435750       0.9987859926795855
     656.3847231487658291       0.9664185162300231
     656.3849232821881969       1.0704789862200113
     656.3851234156104510       1.0271024036598009
     656.3853235490327052       0.9664551931211206
     656.3855236824549593       0.9937965655808012
     656.3857238158772134       1.0395550956682131
     656.3859239492995812       0.9937563218097684
     656.3861240827218353       1.0411023170515521
     656.3863242161440894       1.0560092027961012
     656.3865243495663435       0.9512077799522390
     656.3867244829887113       1.0604362157112290
     656.3869246164109654       1.0280693782462729
     656.3871247498332195       0.9987725821170155
     656.3873248832554737       1.0068524048909935
     656.3875250166778414       0.9600805048435745
     656.3877251501000956       1.0144413256810711
     656.3879252835223497       0.9432381187228330
     656.3881254169446038       0.9893206698576914
     656.3883255503669716       0.9829284650760203
     656.3885256837892257       1.0047875798606702
     656.3887258172114798       0.9109491477149290
     656.3889259506337339       0.9363174658181889
     656.3891260840561017       1.0609471981434799
     656.3893262174783558       0.9474135337248246
     656.3895263509006099       1.0348431615565490
     656.3897264843228641       0.9769197570971486
     656.3899266177452319       1.0751047133642420
     656.3901267511674860       0.9918902748651922
     656.3903268845897401       0.9258916899172250
     656.3905270180119942       0.9411887041945921
     656.3907271514343620       0.9973661147325122
     656.3909272848566161       1.0549807734646262
     656.3911274182788702       1.0374581254918542
     656.3913275517011243       1.0835144072700191
     656.3915276851233784       0.8860838264176881
     656.3917278185457462       1.0172130148822607
     656.3919279519680003       0.9915607795094544
     656.3921280853902545       0.9123084694129777
     656.3923282188125086       0.9841505624341773
     656.3925283522348764       0.9725367072961232
     656.3927284856571305       0.9700905941420883
     656.3929286190793846       1.0567693412299852
     656.3931287525016387       1.0249471999702020
     656.3933288859240065       0.8795530050991022
     656.3935290193462606       0.9766253288833948
     656.3937291527685147       0.9546410925685440
     656.3939292861907688       0.9431209862231579
     656.3941294196131366       0.9156379476189184
     656.3943295530353907       0.9982327166944449
     656.3945296864576449       1.0076713510788777
     656.3947298198798990       1.0023097989614917
     656.3949299533022668       0.9695559442043213
     656.3951300867245209       0.9530220031738219
     656.3953302201467750       0.8164391368627507
     656.3955303535690291       0.9726340938359471
     656.3957304869913969       0.9880688078701477
     656.3959306204136510       1.0055000474676477
     656.3961307538359051       0.9612088575959198
     656.3963308872581592       1.0635707303881641
     656.3965310206804133       0.9752563107758757
     656.3967311541027811       1.0253996159881351
     656.3969312875250353       1.0020663992036134
     656.3971314209472894       0.9702694732695817
     656.3973315543695435       0.9413925111293792
     656.3975316877919113       0.8833877518773079
     656.3977318212141654       1.0103670917451382
     656.3979319546364195       1.0246174540370703
     656.3981320880586736       1.0008110906928778
     656.3983322214810414       1.0580316670238972
     656.3985323549032955       1.0417605899274349
     656.3987324883255496       0.9323785975575447
     656.3989326217478038       0.9171807691454887
     656.3991327551701715       0.9156158864498138
     656.3993328885924257       1.0515551045536995
     656.3995330220146798       1.0151664046570659
     656.3997331554369339       1.0195717662572861
     656.3999332888593017       0.9473411776125431
     656.4001334222815558       0.9641724117100239
     656.4003335557038099       1.0240253619849682
     656.4005336891260640       1.0183151718229055
     656.4007338225484318       1.0449629202485085
     656.4009339559706859       0.9983482544776052
     656.4011340893929400       0.9546573795378208
     656.4013342228151942       1.0030852791387588
     656.4015343562375620       0.9657210558652878
     656.4017344896598161       0.9365675523877144
     656.4019346230820702       1.0120022287592292
     656.4021347565043243       0.9810423739254475
     656.4023348899265784       0.9934558672830462
     656.4025350233489462       1.0699983686208725
     656.4027351567712003       1.0138855939731002
     656.4029352901934544       1.0140028437599540
     656.4031354236157085       1.0117586767300963
     656.4033355570380763       1.0013400056632236
     656.4035356904603304       0.9619941897690296
     656.4037358238825846       1.0189444441348314
     656.4039359573048387       0.9521962292492390
     656.4041360907272065       1.0450489036738873
     656.4043362241494606       0.9657382778823376
     656.4045363575717147       1.0055338530801237
     656.4047364909939688       0.9854994192719460
     656.4049366244163366       0.9678146317601204
     656.4051367578385907       0.9966884206514806
     656.4053368912608448       0.8885216116905212
     656.4055370246830989       1.0293343849480152
     656.4057371581054667       0.9720503184944391
     656.4059372915277208       0.9859625427052379
     656.4061374249499750       1.0175494775176048
     656.4063375583722291       0.9874441698193550
     656.4065376917945969       1.0607519559562206
     656.4067378252168510       1.1019071266055107
     656.4069379586391051       0.9116514101624489
     656.4071380920613592       1.0759121179580688
     656.4073382254836133       0.9938836465589702
     656.4075383589059811       0.9565519653260708
     656.4077384923282352       0.9974274553824216
     656.4079386257504893       0.9549186453223228
     656.4081387591727434       0.9842162784188986
     656.4083388925951112       0.9809649810194969
     656.4085390260173654       0.9886249648407102
     656.4087391594396195       1.0361293368041515
     656.4089392928618736       0.9498496949672699
     656.4091394262842414       0.9662284292280674
     656.4093395597064955       1.0555985271930695
     656.4095396931287496       0.9301752224564552
     656.4097398265510037       0.9514675103127956
     656.4099399599733715       0.9992321212193929
     656.4101400933956256       1.0819001272320747
     656.4103402268178797       0.9905505049973726
     656.4105403602401339       0.9989021734800190
     656.4107404936625016       0.9987623904598877
     656.4109406270847558       1.0190560873597860
     656.4111407605070099       0.9125955626368523
     656.4113408939292640       0.9505126439034939
     656.4115410273516318       1.0034623295068741
     656.4117411607738859       0.9463097155094147
     656.4119412941961400       0.9517719782888889
     656.4121414276183941       0.9747450966387987
     656.4123415610407619       0.9613706953823566
     656.4125416944630160       0.9335709288716316
     656.4127418278852701       0.8466943949460983
     656.4129419613075243       0.9609669484198093
     656.4131420947297784       1.0064560668542981
     656.4133422281521462       0.9987183915218338
     656.4135423615744003       0.9490244872868061
     656.4137424949966544       0.9705070946365595
     656.4139426284189085       0.9862991655245423
     656.4141427618412763       1.0239683892577887
     656.4143428952635304       0.8955585584044456
     656.4145430286857845       1.1205658316612244
     656.4147431621080386       0.9721050076186657
     656.4149432955304064       1.0176088958978653
     656.4151434289526605       1.0281862169504166
     656.4153435623749147       0.9398640431463718
     656.4155436957971688       1.0675734654068947
     656.4157438292195366       0.9751228112727404
     656.4159439626417907       1.0308223720639944
     656.4161440960640448       0.9539839774370193
     656.4163442294862989       1.0336340218782425
     656.4165443629086667       0.9714409075677395
     656.4167444963309208       0.9830405618995428
     656.4169446297531749       1.0617160685360432
     656.4171447631754290       1.0064012454822659
     656.4173448965977968       0.9548639543354511
     656.4175450300200509       1.0051425495184958
     656.4177451634423051       0.9894118355587125
     656.4179452968645592       0.9942615334875882
     656.4181454302869270       0.9605226516723633
     656.4183455637091811       0.9978778380900621
     656.4185456971314352       1.0385672710835934
     656.4187458305536893       0.9577357210218906
     656.4189459639759434       1.0727326497435570
     656.4191460973983112       1.0299182087182999
     656.4193462308205653       0.8912611007690430
     656.4195463642428194       0.9751709178090096
     656.4197464976650735       1.0041371942497790
     656.4199466310874413       0.9381432346999645
     656.4201467645096955       1.0648564621806145
     656.4203468979319496       0.9901301870122552
     656.4205470313542037       1.0452760346233845
     656.4207471647765715       0.9708564281463623
     656.4209472981988256       0.9760161023586988
     656.4211474316210797       0.9671420529484749
     656.4213475650433338       0.9911022884771228
     656.4215476984657016       0.9963011697400361
     656.4217478318879557       1.0323715917766094
     656.4219479653102098       0.9151676148176193
     656.4221480987324640       1.0432743467390537
     656.4223482321548317       0.9953152737580240
     656.4225483655770859       0.9590415544807911
     656.4227484989993400       1.0749729797244072
     656.4229486324215941       0.9872356848791242
     656.4231487658439619       1.0360672548413277
     656.4233488992662160       0.9450443871319294
     656.4235490326884701       0.9598631151020527
     656.4237491661107242       1.0250450726598501
     656.4239492995329783       1.0280408356338739
     656.4241494329553461       0.9141124486923218
     656.4243495663776002       1.0107092037796974
     656.4245496997998544       0.9611684009432793
     656.4247498332221085       1.0478297434747219
     656.4249499666444763       1.0544564202427864
     656.4251501000667304       0.9234528020024300
     656.4253502334889845       0.9241098389029503
     656.4255503669112386       0.9907409651204944
     656.4257505003336064       0.9505196996033192
     656.4259506337558605       1.0330687277019024
     656.4261507671781146       0.9235889986157417
     656.4263509006003687       1.0180998072028160
     656.4265510340227365       1.0178099889308214
     656.4267511674449906       1.0709225535392761
     656.4269513008672448       1.0146514941006899
     656.4271514342894989       0.9815298635512590
     656.4273515677118667       0.9894066909328103
     656.4275517011341208       0.9994844020693563
     656.4277518345563749       0.9459097608923912
     656.4279519679786290       1.0417999699711800
     656.4281521014009968       1.0111090568825603
     656.4283522348232509       0.9782433528453112
     656.4285523682455050       1.0063702077604830
     656.4287525016677591       1.0284650325775146
     656.4289526350901269       0.9775085877627134
     656.4291527685123810       1.0527993813157082
     656.4293529019346352       0.9871510174125433
     656.4295530353568893       1.0565339997410774
     656.4297531687791434       0.9486952610313892
     656.4299533022015112       0.9730271901935339
     656.4301534356237653       1.0117751397192478
     656.4303535690460194       0.9905929639935493
     656.4305537024682735       0.9329019412398338
     656.4307538358906413       0.8976168856024742
     656.4309539693128954       0.9975753531325608
     656.4311541027351495       0.9578145630657673
     656.4313542361574036       0.9433497190475464
     656.4315543695797714       1.0386384725570679
     656.4317545030020256       1.1206091195344925
     656.4319546364242797       0.9503702074289322
     656.4321547698465338       0.9664447195827961
     656.4323549032689016       1.0837351903319359
     656.4325550366911557       1.0391468070447445
     656.4327551701134098       1.0207692608237267
     656.4329553035356639       0.9601979479193687
     656.4331554369580317       0.8999250158667564
     656.4333555703802858       0.9782071467489004
     656.4335557038025399       0.9687036126852036
     656.4337558372247940       1.1052525863051414
     656.4339559706471618       0.9236052110791206
     656.4341561040694160       0.8915644660592079
     656.4343562374916701       0.9583431296050549
     656.4345563709139242       0.9937635571695864
     656.4347565043361783       0.9007778987288475
     656.4349566377585461       0.9871191764250398
     656.4351567711808002       0.9727969728410244
     656.4353569046030543       0.8813327029347420
     656.4355570380253084       1.0012147958623245
     656.4357571714476762       0.9612329266965389
     656.4359573048699303       1.0220927633345127
     656.4361574382921845       0.9864421812817454
     656.4363575717144386       0.9971881639212370
     656.4365577051368064       1.0738236457109451
     656.4367578385590605       0.9794690106064081
     656.4369579719813146       0.9785104654729366
     656.4371581054035687       0.9999425552414323
     656.4373582388259365       1.0373266153037548
     656.4375583722481906       1.0098151639103889
     656.4377585056704447       1.0136940153315663
     656.4379586390926988       0.9546000771224499
     656.4381587725150666       1.0759048983454704
     656.4383589059373207       0.9468485228717327
     656.4385590393595749       1.0587603226304054
     656.4387591727818290       1.0223490428179502
     656.4389593062041968       0.9519336111843586
     656.4391594396264509       1.0556584894657135
     656.4393595730487050       0.9474673308432102
     656.4395597064709591       1.0059364009648561
     656.4397598398933269       1.0699626654386520
     656.4399599733155810       1.0772787630558014
     656.4401601067378351       1.0086145671084523
     656.4403602401600892       0.8451856672763824
     656.4405603735823433       1.0401411764323711
     656.4407605070047111       1.0192124880850315
     656.4409606404269653       0.9483550414443016
     656.4411607738492194       1.0617584399878979
     656.4413609072714735       0.9949414427392185
     656.4415610406938413       1.0652148798108101
     656.4417611741160954       1.0446029379963875
     656.4419613075383495       1.0237852539867163
     656.4421614409606036       1.0141722429543734
     656.4423615743829714       1.1110065579414368
     656.4425617078052255       1.0500684082508087
     656.4427618412274796       1.0121064214035869
     656.4429619746497337       1.0573314800858498
     656.4431621080721015       0.9938047821633518
     656.4433622414943557       1.1230965033173561
     656.4435623749166098       0.9208945557475090
     656.4437625083388639       1.0637285336852074
     656.4439626417612317       1.0309845246374607
     656.4441627751834858       0.9877798715606332
     656.4443629086057399       1.0781888514757156
     656.4445630420279940       1.0525589399039745
     656.4447631754503618       0.9933456219732761
     656.4449633088726159       1.0076186298392713
     656.4451634422948700       0.9672205373644829
     656.4453635757171241       1.0382449142634869
     656.4455637091393783       1.0183369889855385
     656.4457638425617461       1.0347898155450821
     656.4459639759840002       0.9503206349909306
     656.4461641094062543       0.9866192312911153
     656.4463642428285084       0.9738768208771944
     656.4465643762508762       1.0261855181306601
     656.4467645096731303       1.1048468500375748
     656.4469646430953844       0.9287250116467476
     656.4471647765176385       1.0336826927959919
     656.4473649099400063       0.9665921851992607
     656.4475650433622604       0.9375256597995758
     656.4477651767845146       1.0588774047791958
     656.4479653102067687       0.9871317297220230
     656.4481654436291365       1.0102309202775359
     656.4483655770513906       1.0161042045801878
     656.4485657104736447       0.9567690603435040
     656.4487658438958988       0.9543469622731209
     656.4489659773182666       0.9502147771418095
     656.4491661107405207       0.9759961683303118
     656.4493662441627748       1.0533352158963680
     656.4495663775850289       1.0614604651927948
     656.4497665110073967       0.9338787421584129
     656.4499666444296508       1.1265982240438461
     656.4501667778519050       1.0433226227760315
     656.4503669112741591       1.0087959822267294
     656.4505670446965269       0.9579972736537457
     656.4507671781187810       1.0379402600228786
     656.4509673115410351       0.9725990649312735
     656.4511674449632892       1.0408992432057858
     656.4513675783855433       0.9381844215095043
     656.4515677118079111       1.0555488429963589
     656.4517678452301652       0.9305359348654747
     656.4519679786524193       1.0646104216575623
     656.4521681120746734       1.0005439419182949
     656.4523682454970412       0.9926295080222189
     656.4525683789192954       0.9050006493926048
     656.4527685123415495       1.0178721640259027
     656.4529686457638036       0.9459590837359428
     656.4531687791861714       0.9088711217045784
     656.4533689126084255       1.0398363582789898
     656.4535690460306796       1.1071471124887466
     656.4537691794529337       0.8888451457023621
     656.4539693128753015       0.9178196713328362
     656.4541694462975556       1.0508156493306160
     656.4543695797198097       1.0291770491749048
     656.4545697131420638       0.9867726387456059
     656.4547698465644316       1.0352908372879028
     656.4549699799866858       0.9490617252886295
     656.4551701134089399       0.9665958844125271
     656.4553702468311940       1.0185953266918659
     656.4555703802535618       0.9111641272902489
     656.4557705136758159       1.0152086121961474
     656.4559706470980700       0.9671334698796272
     656.4561707805203241       0.9737367276102304
     656.4563709139425782       1.0115207638591528
     656.4565710473649460       1.0070716212503612
     656.4567711807872001       0.9642835929989815
     656.4569713142094542       0.9810922015458345
     656.4571714476317084       1.0366382114589214
     656.4573715810540762       1.0362876318395138
     656.4575717144763303       0.9399710707366467
     656.4577718478985844       0.9672271646559238
     656.4579719813208385       1.0235624276101589
     656.4581721147432063       1.0023930831812322
     656.4583722481654604       0.9726610537618399
     656.4585723815877145       1.0193113330751657
     656.4587725150099686       0.9612159170210361
     656.4589726484323364       0.9575532004237175
     656.4591727818545905       0.9568628408014774
     656.4593729152768447       0.9823796674609184
     656.4595730486990988       0.9905603546649218
     656.4597731821214666       1.0431077331304550
     656.4599733155437207       0.9657058864831924
     656.4601734489659748       0.9457151293754578
     656.4603735823882289       1.0700232759118080
     656.4605737158105967       1.0600888542830944
     656.4607738492328508       1.0822160467505455
     656.4609739826551049       1.0627565234899521
     656.4611741160773590       0.9834150169044733
     656.4613742494997268       0.9692048225551844
     656.4615743829219809       0.9298176616430283
     656.4617745163442351       0.9694768097251654
     656.4619746497664892       0.9206679388880730
     656.4621747831887433       1.0015505702467635
     656.4623749166111111       0.9666210375726223
     656.4625750500333652       0.9691217653453350
     656.4627751834556193       0.9610292837023735
     656.4629753168778734       0.9690352324396372
     656.4631754503002412       1.0050205062143505
     656.4633755837224953       1.0758415386080742
     656.4635757171447494       0.9151020720601082
     656.4637758505670035       1.0440591759979725
     656.4639759839893713       0.9569602981209755
     656.4641761174116255       1.0624405518174171
     656.4643762508338796       1.0429540686309338
     656.4645763842561337       0.9681588113307953
     656.4647765176785015       0.9352106302976608
     656.4649766511007556       1.0386415533721447
     656.4651767845230097       1.0760248228907585
     656.4653769179452638       0.9357304051518440
     656.4655770513676316       0.9525058344006538
     656.4657771847898857       0.8904927819967270
     656.4659773182121398       1.1120332479476929
     656.4661774516343939       0.9735230170190334
     656.4663775850567617       1.0393221676349640
     656.4665777184790159       1.0216198917478323
     656.4667778519012700       1.0940370485186577
     656.4669779853235241       1.0086297504603863
     656.4671781187458919       1.0076354886405170
     656.4673782521681460       1.0171515103429556
     656.4675783855904001       1.0365873016417027
     656.4677785190126542       0.9758413750678301
     656.4679786524349083       1.0822371616959572
     656.4681787858572761       0.9748210664838552
     656.4683789192795302       0.9574751555919647
     656.4685790527017843       0.9796571116894484
     656.4687791861240385       0.9787852801382542
     656.4689793195464063       1.0642257630825043
     656.4691794529686604       1.0010030986741185
     656.4693795863909145       0.9821984432637691
     656.4695797198131686       1.0005809689755552
     656.4697798532355364       0.9874791456386447
     656.4699799866577905       0.9707456529140472
     656.4701801200800446       0.9906180324032903
     656.4703802535022987       1.0016485933447257
     656.4705803869246665       0.9563075564801693
     656.4707805203469206       0.9839880857616663
     656.4709806537691748       1.0538059175014496
     656.4711807871914289       1.0309563335031271
     656.4713809206137967       0.9540543667972088
     656.4715810540360508       0.9552782326936722
     656.4717811874583049       0.9455629996955395
     656.4719813208805590       0.9655749425292015
     656.4721814543029268       1.0457469187676907
     656.4723815877251809       1.0267633702605963
     656.4725817211474350       1.1207761391997337
     656.4727818545696891       0.9855734007433057
     656.4729819879919432       1.0209854170680046
     656.4731821214143110       0.9918028814718127
     656.4733822548365652       0.9943217458203435
     656.4735823882588193       0.9638079218566418
     656.4737825216810734       1.0723685398697853
     656.4739826551034412       1.0058261053636670
     656.4741827885256953       0.9506525024771690
     656.4743829219479494       1.0789387896656990
     656.4745830553702035       1.0272307731211185
     656.4747831887925713       1.0249060038477182
     656.4749833222148254       0.9848454268649220
     656.4751834556370795       0.9429334029555321
     656.4753835890593336       1.0455426387488842
     656.4755837224817014       0.9454150423407555
     656.4757838559039556       0.9159424677491188
     656.4759839893262097       1.0388504154980183
     656.4761841227484638       1.0603834986686707
     656.4763842561708316       1.0867136865854263
     656.4765843895930857       1.0462904684245586
     656.4767845230153398       1.0926624163985252
     656.4769846564375939       1.0718921944499016
     656.4771847898599617       0.9445411786437035
     656.4773849232822158       1.0304537154734135
     656.4775850567044699       0.9639816321432590
     656.4777851901267240       0.9501662030816078
     656.4779853235490918       1.0171615052968264
     656.4781854569713460       0.9568241275846958
     656.4783855903936001       0.9493505954742432
     656.4785857238158542       1.0567035563290119
     656.4787858572381083       1.0269069727510214
     656.4789859906604761       0.9364277794957161
     656.4791861240827302       1.0007450548582710
     656.4793862575049843       1.0360250435769558
     656.4795863909272384       1.0661825984716415
     656.4797865243496062       0.9124066159129143
     656.4799866577718603       0.8957384079694748
     656.4801867911941144       1.1861193031072617
     656.4803869246163686       1.0878681764006615
     656.4805870580387364       1.0155901955440640
     656.4807871914609905       0.9780887477099895
     656.4809873248832446       0.9232311770319939
     656.4811874583054987       0.9939373200759292
     656.4813875917278665       0.9782304484397173
     656.4815877251501206       1.0371203720569611
     656.4817878585723747       1.0610493123531342
     656.4819879919946288       1.0040104184299707
     656.4821881254169966       0.9943404276855290
     656.4823882588392507       0.9656623341143131
     656.4825883922615049       0.9844564180821180
     656.4827885256837590       1.0572817400097847
     656.4829886591061268       1.0049497648142278
     656.4831887925283809       0.9473321177065372
     656.4833889259506350       1.0301746707409620
     656.4835890593728891       0.9713572412729263
     656.4837891927951432       0.9834480509161949
     656.4839893262175110       0.9771206099539995
     656.4841894596397651       0.9657821208238602
     656.4843895930620192       0.9218343570828438
     656.4845897264842733       0.9206324815750122
     656.4847898599066411       1.0596537999808788
     656.4849899933288953       1.0071235285140574
     656.4851901267511494       0.9679934531450272
     656.4853902601734035       1.0093097863718867
     656.4855903935957713       1.0626946613192558
     656.4857905270180254       0.8930222392082214
     656.4859906604402795       0.8605951219797134
     656.4861907938625336       1.0113301882520318
     656.4863909272849014       0.8912862390279770
     656.4865910607071555       1.0798703730106354
     656.4867911941294096       0.9774733576923609
     656.4869913275516637       0.9949449752457440
     656.4871914609740315       0.9308373779058456
     656.4873915943962857       0.9493078514933586
     656.4875917278185398       0.9997416024270933
     656.4877918612407939       0.9749695230275393
     656.4879919946631617       0.9092095121741295
     656.4881921280854158       1.0250885765999556
     656.4883922615076699       1.0031288322061300
     656.4885923949299240       0.9486507400870323
     656.4887925283522918       0.9981540944427252
     656.4889926617745459       1.0909861922264099
     656.4891927951968000       1.0280713737010956
     656.4893929286190541       1.0206553824245930
     656.4895930620413083       0.9362764209508896
     656.4897931954636761       1.0217054747045040
     656.4899933288859302       1.0369540154933929
     656.4901934623081843       1.0209776647388935
     656.4903935957304384       1.0211651753634214
     656.4905937291528062       1.1042954847216606
     656.4907938625750603       1.0545612759888172
     656.4909939959973144       1.0277179628610611
     656.4911941294195685       0.9733353126794100
     656.4913942628419363       1.1078624054789543
     656.4915943962641904       1.0055119688622653
     656.4917945296864445       0.9540757723152637
     656.4919946631086987       0.9027484282851219
     656.4921947965310665       1.0574725568294525
     656.4923949299533206       1.0368193462491035
     656.4925950633755747       0.8552023172378540
     656.4927951967978288       1.1054754778742790
     656.4929953302201966       0.9675085432827473
     656.4931954636424507       0.9613706544041634
     656.4933955970647048       0.9792164489626884
     656.4935957304869589       1.0420848578214645
     656.4937958639093267       1.0134783703833818
     656.4939959973315808       0.9891751362010837
     656.4941961307538350       1.0022600123193115
     656.4943962641760891       0.9438637420535088
     656.4945963975983432       1.0434136167168617
     656.4947965310207110       1.0224516633898020
     656.4949966644429651       0.9416675791144371
     656.4951967978652192       1.0026950945612043
     656.4953969312874733       1.0529509298503399
     656.4955970647098411       0.8826459497213364
     656.4957971981320952       0.9747206233441830
     656.4959973315543493       1.0438578985631466
     656.4961974649766034       0.9805265683680773
     656.4963975983989712       1.0138433640822768
     656.4965977318212254       1.0249903686344624
     656.4967978652434795       0.9928488633595407
     656.4969979986657336       1.0323810987174511
     656.4971981320881014       1.0336791239678860
     656.4973982655103555       1.0031588308047503
     656.4975983989326096       0.9850519429892302
     656.4977985323548637       0.9971913648769259
     656.4979986657772315       0.9685607366263866
     656.4981987991994856       1.0108755426481366
     656.4983989326217397       1.0765343606472015
     656.4985990660439938       0.9893149500712752
     656.4987991994663616       1.0893994420766830
     656.4989993328886158       0.9398330673575401
     656.4991994663108699       1.0188652854412794
     656.4993995997331240       0.9824520442634821
     656.4995997331554918       1.0791024789214134
     656.4997998665777459       1.0241525098681450
     656.5000000000000000       0.9621679112315178
