     656.2000000000000455       1.0243743471801281
     656.2002001334222996       1.0095424475148320
     656.2004002668445537       0.9629186056554317
     656.2006004002669215       0.9700012747198343
     656.2008005336891756       1.0202952008694410
     656.2010006671114297       0.9345059469342232
     656.2012008005336838       1.0438161455094814
     656.2014009339560516       1.0007185287540779
     656.2016010673783057       0.9578628502786160
     656.2018012008005599       0.9796942900866270
     656.2020013342228140       1.0041361707262695
     656.2022014676451818       1.0138194682076573
     656.2024016010674359       1.0374168157577515
     656.2026017344896900       0.8965500369668007
     656.2028018679119441       1.0313092656433582
     656.2030020013343119       0.9541569538414478
     656.2032021347565660       1.0744566246867180
     656.2034022681788201       1.0607480071485043
     656.2036024016010742       1.0489066876471043
     656.2038025350234420       1.0714951977133751
     656.2040026684456961       1.0815707966685295
     656.2042028018679503       0.9888677159324288
     656.2044029352902044       0.9576594568789005
     656.2046030687125722       1.0966232270002365
     656.2048032021348263       0.9644185900688171
     656.2050033355570804       1.0113976635038853
     656.2052034689793345       0.8990308120846748
     656.2054036024017023       0.9958167085424066
     656.2056037358239564       0.9897462492808700
     656.2058038692462105       1.0390279479324818
     656.2060040026684646       1.0000724048368284
     656.2062041360907187       0.9535368643701077
     656.2064042695130865       0.9473197199404240
     656.2066044029353407       0.9528214670717716
     656.2068045363575948       0.9249500781297684
     656.2070046697798489       0.8821148350834846
     656.2072048032022167       1.0507719032466412
     656.2074049366244708       0.9267623797059059
     656.2076050700467249       1.0287085156887770
     656.2078052034689790       0.9912903793156147
     656.2080053368913468       0.9614506848156452
     656.2082054703136009       1.1394212543964386
     656.2084056037358550       1.0009058041614480
     656.2086057371581092       0.9413479082286358
     656.2088058705804769       1.0249477755278349
     656.2090060040027311       0.9635428003966808
     656.2092061374249852       0.9716086536645889
     656.2094062708472393       0.9793580565601587
     656.2096064042696071       1.0650513544678688
     656.2098065376918612       1.0268835481256247
     656.2100066711141153       1.0453683063387871
     656.2102068045363694       1.0317195467650890
     656.2104069379587372       1.0177094265818596
     656.2106070713809913       0.9704940635710955
     656.2108072048032454       1.0015368843451142
     656.2110073382254996       1.0636445507407188
     656.2112074716477537       1.0749917253851891
     656.2114076050701215       0.9543173946440220
     656.2116077384923756       0.9827501513063908
     656.2118078719146297       0.9999109266937012
     656.2120080053368838       1.0797552689909935
     656.2122081387592516       0.9929206855595112
     656.2124082721815057       1.0404599905014038
     656.2126084056037598       0.9829948600381613
     656.2128085390260139       0.8742482662200928
     656.2130086724483817       0.9897424215450883
     656.2132088058706358       1.0219956412911415
     656.2134089392928900       0.9823447093367577
     656.2136090727151441       0.9686909727752209
     656.2138092061375119       0.8822673037648201
     656.2140093395597660       0.9374337419867516
     656.2142094729820201       1.1085564419627190
     656.2144096064042742       1.0377538241446018
     656.2146097398266420       1.0404063835740089
     656.2148098732488961       0.9639158919453621
     656.2150100066711502       1.0483497455716133
     656.2152101400934043       1.0095257321372628
     656.2154102735157721       1.0272009354084730
     656.2156104069380262       1.0172646678984165
     656.2158105403602804       1.0888317152857780
     656.2160106737825345       1.0183318350464106
     656.2162108072049023       0.9403814077377319
     656.2164109406271564       0.8607329428195953
     656.2166110740494105       1.0122030517086387
     656.2168112074716646       1.0197049994021654
     656.2170113408939187       0.9935177331790328
     656.2172114743162865       1.0156456306576729
     656.2174116077385406       1.0347382463514805
     656.2176117411607947       0.9913225257769227
     656.2178118745830488       1.0392490476369858
     656.2180120080054166       1.0669213384389877
     656.2182121414276708       1.0459989793598652
     656.2184122748499249       0.9918508240953088
     656.2186124082721790       0.9425469562411308
     656.2188125416945468       1.0145594393834472
     656.2190126751168009       0.9632204808294773
     656.2192128085390550       1.0342951789498329
     656.2194129419613091       0.9901806572452188
     656.2196130753836769       0.9618242457509041
     656.2198132088059310       1.0165194030851126
     656.2200133422281851       0.9363579303026199
     656.2202134756504392       0.9470357336103916
     656.2204136090728070       0.9200694635510445
     656.2206137424950612       1.0468468256294727
     656.2208138759173153       0.9474444016814232
     656.2210140093395694       1.0086026936769485
     656.2212141427619372       1.0188165176659822
     656.2214142761841913       0.9979160216171294
     656.2216144096064454       1.0227610357105732
     656.2218145430286995       0.9019570127129555
     656.2220146764509536       1.0071129463613033
     656.2222148098733214       1.1332753747701645
     656.2224149432955755       1.0104429917410016
     656.2226150767178297       1.0320474766194820
     656.2228152101400838       1.0388705991208553
     656.2230153435624516       1.0150568727403879
     656.2232154769847057       0.9501791819930077
     656.2234156104069598       0.9250172302126884
     656.2236157438292139       0.9986271428642794
     656.2238158772515817       0.8922391310334206
     656.2240160106738358       1.1036499887704849
     656.2242161440960899       1.0019946463871747
     656.2244162775183440       0.9271249249577522
     656.2246164109407118       1.0405331291258335
     656.2248165443629659       1.0708457529544830
     656.2250166777852201       1.0257628764957190
     656.2252168112074742       1.0527426898479462
     656.2254169446298420       0.9382047951221466
     656.2256170780520961       1.0675544962286949
     656.2258172114743502       1.0331273563206196
     656.2260173448966043       1.0248552933335304
     656.2262174783189721       0.9535451047122478
     656.2264176117412262       0.9762112218886614
     656.2266177451634803       1.0193608235567808
     656.2268178785857344       1.0497544221580029
     656.2270180120081022       1.0160980243235826
     656.2272181454303563       1.0118050929158926
     656.2274182788526105       0.9550411030650139
     656.2276184122748646       1.0308638066053391
     656.2278185456971187       0.9845769284293056
     656.2280186791194865       1.0654395073652267
     656.2282188125417406       1.0517937429249287
     656.2284189459639947       0.9257054477930069
     656.2286190793862488       1.0098744919523597
     656.2288192128086166       1.1143215447664261
     656.2290193462308707       0.9297293573617935
     656.2292194796531248       0.9109622016549110
     656.2294196130753789       0.9710937757045031
     656.2296197464977467       1.0016850972315297
     656.2298198799200009       1.0010562136303633
     656.2300200133422550       0.9951886394992471
     656.2302201467645091       0.9782538209110498
     656.2304202801868769       1.0673205778002739
     656.2306204136091310       0.9940801081247628
     656.2308205470313851       0.9207527562975883
     656.2310206804536392       1.0112358853220940
     656.2312208138760070       1.0906930193305016
     656.2314209472982611       1.0637539550662041
     656.2316210807205152       1.0078519489616156
     656.2318212141427693       0.9964157587382942
     656.2320213475651371       1.0383722819387913
     656.2322214809873913       1.0217384211719036
     656.2324216144096454       0.9171760529279709
     656.2326217478318995       1.0923478603363037
     656.2328218812541536       0.9951333180069923
     656.2330220146765214       0.9617805406451225
     656.2332221480987755       1.0031507404055446
     656.2334222815210296       1.0288109425455332
     656.2336224149432837       1.0372022427618504
     656.2338225483656515       1.0870940163731575
     656.2340226817879056       0.9733466152101755
     656.2342228152101598       0.9726241528987885
     656.2344229486324139       1.0179995466023684
     656.2346230820547817       0.9408634603023529
     656.2348232154770358       1.0343677438795567
     656.2350233488992899       0.9766827225685120
     656.2352234823215440       1.0508765466511250
     656.2354236157439118       0.9709488395601511
     656.2356237491661659       0.9729642216116190
     656.2358238825884200       0.9806042928248644
     656.2360240160106741       1.0779750421643257
     656.2362241494330419       1.0548830442130566
     656.2364242828552960       1.0375632606446743
     656.2366244162775502       0.9751509726047516
     656.2368245496998043       1.0715761333703995
     656.2370246831221721       1.0388954654335976
     656.2372248165444262       1.0712412521243095
     656.2374249499666803       0.9833279028534889
     656.2376250833889344       0.9483023807406425
     656.2378252168113022       0.9500739872455597
     656.2380253502335563       1.0101956604048610
     656.2382254836558104       0.8890426829457283
     656.2384256170780645       0.9683911576867104
     656.2386257505003186       1.0342917330563068
     656.2388258839226864       1.0968087688088417
     656.2390260173449406       1.0024284680839628
     656.2392261507671947       0.9991928408853710
     656.2394262841894488       0.9915952617302537
     656.2396264176118166       0.9784941114485264
     656.2398265510340707       0.9895488386973739
     656.2400266844563248       0.9827465135604143
     656.2402268178785789       1.0324805155396461
     656.2404269513009467       0.9736738521605730
     656.2406270847232008       1.0894914641976357
     656.2408272181454549       1.0556028485298157
     656.2410273515677090       0.9488244540989399
     656.2412274849900768       1.0850038304924965
     656.2414276184123310       1.0057099303230643
     656.2416277518345851       0.9762505441904068
     656.2418278852568392       1.0574586950242519
     656.2420280186792070       1.0449953339993954
     656.2422281521014611       1.0310617778450251
     656.2424282855237152       0.9524257667362690
     656.2426284189459693       0.9719948861747980
     656.2428285523683371       1.0717911571264267
     656.2430286857905912       1.0467830859124660
     656.2432288192128453       1.0324660502374172
     656.2434289526350994       0.9047446921467781
     656.2436290860574672       1.0127071961760521
     656.2438292194797214       0.9865440782159567
     656.2440293529019755       1.0635483264923096
     656.2442294863242296       1.0316979847848415
     656.2444296197464837       1.0480592213571072
     656.2446297531688515       1.0536635592579842
     656.2448298865911056       1.0636227503418922
     656.2450300200133597       0.9601090773940086
     656.2452301534356138       0.9633068107068539
     656.2454302868579816       1.0819887444376945
     656.2456304202802357       0.9295695498585701
     656.2458305537024899       1.0495130978524685
     656.2460306871247440       1.0193935222923756
     656.2462308205471118       1.0001755086850608
     656.2464309539693659       0.9363518431782722
     656.2466310873916200       0.9824609570205212
     656.2468312208138741       0.9078540280461311
     656.2470313542362419       0.9681937545537949
     656.2472314876584960       1.0126976808533072
     656.2474316210807501       0.9750358778983355
     656.2476317545030042       1.0504353940486908
     656.2478318879253720       1.0390390269458294
     656.2480320213476261       0.9983955934876576
     656.2482321547698803       1.0108452094718814
     656.2484322881921344       0.9926356808282435
     656.2486324216145022       0.9209188669919968
     656.2488325550367563       1.0715078338980675
     656.2490326884590104       0.9905175352469087
     656.2492328218812645       1.0485577322542667
     656.2494329553035186       0.9838994834572077
     656.2496330887258864       0.9825893063098192
     656.2498332221481405       1.0323033891618252
     656.2500333555703946       1.0000833372978377
     656.2502334889926487       1.0054305265657604
     656.2504336224150165       0.9222336485981941
     656.2506337558372707       0.9634623266756535
     656.2508338892595248       1.0180599801242352
     656.2510340226817789       1.0180277843028307
     656.2512341561041467       0.9922877862118185
     656.2514342895264008       1.0068304250016809
     656.2516344229486549       1.0524147152900696
     656.2518345563709090       0.9157379195094109
     656.2520346897932768       0.9777671359479427
     656.2522348232155309       1.0270885713398457
     656.2524349566377850       1.0226203650236130
     656.2526350900600391       0.9501209408044815
     656.2528352234824069       0.9250508770346642
     656.2530353569046611       0.9039356783032417
     656.2532354903269152       1.0547772236168385
     656.2534356237491693       1.0083695789799094
     656.2536357571715371       1.0213570427149534
     656.2538358905937912       0.9787414986640215
     656.2540360240160453       0.9923190982080996
     656.2542361574382994       1.0640608817338943
     656.2544362908606672       1.0903008058667183
     656.2546364242829213       0.9444527737796307
     656.2548365577051754       1.0693891867995262
     656.2550366911274295       1.0512461438775063
     656.2552368245496837       0.9554575420916080
     656.2554369579720515       0.9965755939483643
     656.2556370913943056       0.9853527303785086
     656.2558372248165597       1.0853794217109680
     656.2560373582388138       1.0221782475709915
     656.2562374916611816       0.9436927177011967
     656.2564376250834357       1.0550529360771179
     656.2566377585056898       0.9995326549105812
     656.2568378919279439       0.9693576693534851
     656.2570380253503117       0.9995615135412663
     656.2572381587725658       0.9914709376171231
     656.2574382921948200       0.9514104165136814
     656.2576384256170741       0.9724034685641527
     656.2578385590394419       0.9775166455656290
     656.2580386924616960       0.9973215679638088
     656.2582388258839501       1.0085090398788452
     656.2584389593062042       1.0314979627728462
     656.2586390927285720       0.9755793269723654
     656.2588392261508261       1.0260556694120169
     656.2590393595730802       1.0528688840568066
     656.2592394929953343       0.9306798130273819
     656.2594396264177021       1.0762272253632545
     656.2596397598399562       0.9642511382699013
     656.2598398932622104       0.9865293651819229
     656.2600400266844645       0.9794329982250929
     656.2602401601067186       0.9565763100981712
     656.2604402935290864       0.9827374424785376
     656.2606404269513405       1.0794985219836235
     656.2608405603735946       1.0326411686837673
     656.2610406937958487       1.0155555903911591
     656.2612408272182165       1.0215376485139132
     656.2614409606404706       1.0102669401094317
     656.2616410940627247       1.0120021887123585
     656.2618412274849788       0.9985623912652954
     656.2620413609073466       0.9968190279323608
     656.2622414943296008       0.9390965923666954
     656.2624416277518549       1.0186997279524803
     656.2626417611741090       0.8394532948732376
     656.2628418945964768       0.9784745164215565
     656.2630420280187309       0.8998752087354660
     656.2632421614409850       0.9596236906945705
     656.2634422948632391       0.9817397240549326
     656.2636424282856069       0.9167318791151047
     656.2638425617078610       1.0610274672508240
     656.2640426951301151       1.1102745458483696
     656.2642428285523692       1.0292450990527868
     656.2644429619747370       0.9576389454305172
     656.2646430953969912       1.0547855794429779
     656.2648432288192453       1.0250420328229666
     656.2650433622414994       0.9807272721081972
     656.2652434956638672       1.0569569244980812
     656.2654436290861213       0.9557111673057079
     656.2656437625083754       0.9754528850317001
     656.2658438959306295       0.8693099319934845
     656.2660440293528836       1.0116863641887903
     656.2662441627752514       0.9873893437907100
     656.2664442961975055       1.0185707937926054
     656.2666444296197596       0.9908092198893428
     656.2668445630420138       1.0666666477918625
     656.2670446964643816       0.9884958164766431
     656.2672448298866357       0.9301164969801903
     656.2674449633088898       0.9909110739827156
     656.2676450967311439       0.9966929268557578
     656.2678452301535117       1.0017939420649782
     656.2680453635757658       0.9965699501335621
     656.2682454969980199       0.9775304812937975
     656.2684456304202740       1.0364980362355709
     656.2686457638426418       0.9197564423084259
     656.2688458972648959       0.9651143662631512
     656.2690460306871501       0.9635117687284946
     656.2692461641094042       1.0030501142609864
     656.2694462975317720       0.9766179937869310
     656.2696464309540261       0.9899278702214360
     656.2698465643762802       0.9798106197267771
     656.2700466977985343       1.0022133314050734
     656.2702468312209021       0.9317704811692238
     656.2704469646431562       1.0009802007116377
     656.2706470980654103       1.0120861930772662
     656.2708472314876644       0.9062396958470345
     656.2710473649099185       0.9754172433167696
     656.2712474983322863       1.0246591027826071
     656.2714476317545405       0.9921898138709366
     656.2716477651767946       1.0373703055083752
     656.2718478985990487       1.0303907822817564
     656.2720480320214165       0.9940553042106330
     656.2722481654436706       0.9797442872077227
     656.2724482988659247       1.0697741955518723
     656.2726484322881788       1.0200417079031467
     656.2728485657105466       1.0188637319952250
     656.2730486991328007       1.0081698559224606
     656.2732488325550548       0.9349559545516968
     656.2734489659773089       0.9910530047491193
     656.2736490993996767       0.9964638440869749
     656.2738492328219309       0.9032109677791595
     656.2740493662441850       0.8608201891183853
     656.2742494996664391       1.0414854995906353
     656.2744496330888069       0.9385354220867157
     656.2746497665110610       0.9735215175896883
     656.2748498999333151       0.9833414945751429
     656.2750500333555692       0.9727045353502035
     656.2752501667779370       1.0315832011401653
     656.2754503002001911       1.1147373095154762
     656.2756504336224452       0.9353680387139320
     656.2758505670446993       0.9805302619934082
     656.2760507004670671       0.9787362981587648
     656.2762508338893213       1.0425591804087162
     656.2764509673115754       0.9910128945484757
     656.2766511007338295       1.0076897288672626
     656.2768512341560836       0.9531681165099144
     656.2770513675784514       1.0591068267822266
     656.2772515010007055       0.9775960315018892
     656.2774516344229596       0.9834818020462990
     656.2776517678452137       0.9217827320098877
     656.2778519012675815       0.9212509766221046
     656.2780520346898356       1.0091214952990413
     656.2782521681120897       1.0281458497047424
     656.2784523015343439       1.0115351183339953
     656.2786524349567117       0.9305203184485435
     656.2788525683789658       1.0287134330719709
     656.2790527018012199       1.0250322576612234
     656.2792528352234740       0.9858577847480774
     656.2794529686458418       1.0572749562561512
     656.2796531020680959       1.0404325537383556
     656.2798532354903500       0.9245167374610901
     656.2800533689126041       1.0239233504980803
     656.2802535023349719       1.0518786907196045
     656.2804536357572260       0.9080377891659737
     656.2806537691794802       0.9866160675883293
     656.2808539026017343       0.9168685749173164
     656.2810540360241021       0.9684913307428360
     656.2812541694463562       0.9876407114788890
     656.2814543028686103       0.9470073506236076
     656.2816544362908644       0.9842942412942648
     656.2818545697131185       0.9513070359826088
     656.2820547031354863       0.8764731734991074
     656.2822548365577404       0.9816108755767345
     656.2824549699799945       0.9746584352105856
     656.2826551034022486       1.0771565362811089
     656.2828552368246164       0.9896074468269944
     656.2830553702468706       0.9034733027219772
     656.2832555036691247       0.9935963787138462
     656.2834556370913788       0.9898517588153481
     656.2836557705137466       0.9715815801173449
     656.2838559039360007       1.0101395575329661
     656.2840560373582548       0.9094906672835350
     656.2842561707805089       0.9058034047484398
     656.2844563042028767       0.9713767133653164
     656.2846564376251308       0.8874767497181892
     656.2848565710473849       1.0015007258625701
     656.2850567044696390       1.0740889161825180
     656.2852568378920068       1.0302242171019316
     656.2854569713142610       1.0425212904810905
     656.2856571047365151       0.9616920761764050
     656.2858572381587692       1.0509211197495461
     656.2860573715811370       1.0446360409259796
     656.2862575050033911       0.9419336542487144
     656.2864576384256452       0.9976955919992179
     656.2866577718478993       1.0499317198991776
     656.2868579052702671       0.9727329928427935
     656.2870580386925212       0.9554966539144516
     656.2872581721147753       1.0656272470951080
     656.2874583055370294       1.0308012403547764
     656.2876584389592836       1.0332803055644035
     656.2878585723816514       0.9913224773481488
     656.2880587058039055       1.1091615706682205
     656.2882588392261596       1.0433350019156933
     656.2884589726484137       1.0041949530132115
     656.2886591060707815       0.9027554020285606
     656.2888592394930356       0.9732485022395849
     656.2890593729152897       0.9724565837532282
     656.2892595063375438       1.1273571699857712
     656.2894596397599116       0.9975506558548659
     656.2896597731821657       0.9025366380810738
     656.2898599066044198       1.0386835597455502
     656.2900600400266740       0.9934607846662402
     656.2902601734490418       0.9882661541923881
     656.2904603068712959       0.9931888533756137
     656.2906604402935500       0.9682046212255955
     656.2908605737158041       1.1305752098560333
     656.2910607071381719       0.9021483436226845
     656.2912608405604260       0.9785176850855350
     656.2914609739826801       1.0204551070928574
     656.2916611074049342       0.9359907805919647
     656.2918612408273020       1.0054953987710178
     656.2920613742495561       0.9502331651747227
     656.2922615076718103       0.9576226659119129
     656.2924616410940644       0.9702379722148180
     656.2926617745164322       1.0077874930575490
     656.2928619079386863       0.9586901254951954
     656.2930620413609404       0.9193692132830620
     656.2932621747831945       0.9678481966257095
     656.2934623082054486       0.9350035786628723
     656.2936624416278164       0.9554599262773991
     656.2938625750500705       0.9110455885529518
     656.2940627084723246       1.0527793876826763
     656.2942628418945787       1.0536402761936188
     656.2944629753169465       1.0469421446323395
     656.2946631087392007       0.9841424077749252
     656.2948632421614548       1.0373952649533749
     656.2950633755837089       1.0413851104676723
     656.2952635090060767       0.9895054316148162
     656.2954636424283308       1.0120378825813532
     656.2956637758505849       0.9758324567228556
     656.2958639092728390       0.9858605144545436
     656.2960640426952068       1.0487680658698082
     656.2962641761174609       1.0072962767444551
     656.2964643095397150       0.9056198447942734
     656.2966644429619691       0.9243260398507118
     656.2968645763843369       1.0327323041856289
     656.2970647098065911       1.0301810335367918
     656.2972648432288452       0.9352726265788078
     656.2974649766510993       1.0351354330778122
     656.2976651100734671       0.9967373239342123
     656.2978652434957212       0.9792055264115334
     656.2980653769179753       0.9422139935195446
     656.2982655103402294       0.9906721496954560
     656.2984656437624835       1.0181234758347273
     656.2986657771848513       1.0092150894924998
     656.2988659106071054       1.0039449362084270
     656.2990660440293595       1.0986211895942688
     656.2992661774516137       1.0327115021646023
     656.2994663108739815       0.9997845819598297
     656.2996664442962356       0.9930590614676476
     656.2998665777184897       0.9951498634181917
     656.3000667111407438       1.0127236265689135
     656.3002668445631116       0.9511222131550312
     656.3004669779853657       0.9881031336262822
     656.3006671114076198       1.0862592682242393
     656.3008672448298739       1.0714119300246239
     656.3010673782522417       1.0083798654377460
     656.3012675116744958       1.0010246618185192
     656.3014676450967499       1.0807565376162529
     656.3016677785190041       1.0750266835093498
     656.3018679119413719       0.9971448990982026
     656.3020680453636260       1.0211622621864080
     656.3022681787858801       0.9968086159788072
     656.3024683122081342       0.9396151416003704
     656.3026684456305020       1.0610958226025105
     656.3028685790527561       0.9381793625652790
     656.3030687124750102       0.9814604558050632
     656.3032688458972643       0.9446427710354328
     656.3034689793196321       0.9691811520606279
     656.3036691127418862       0.9540567100048065
     656.3038692461641403       0.9707255922257900
     656.3040693795863945       1.0686401352286339
     656.3042695130086486       1.0679709538817406
     656.3044696464310164       1.0881718620657921
     656.3046697798532705       1.0613164193928242
     656.3048699132755246       0.9365169480442999
     656.3050700466977787       0.9896639762446281
     656.3052701801201465       0.9302202612161631
     656.3054703135424006       1.0118231540545812
     656.3056704469646547       1.0333171300590025
     656.3058705803869088       1.0295922290533763
     656.3060707138092766       1.0609895288944218
     656.3062708472315308       0.9065225422382314
     656.3064709806537849       1.0593956075608668
     656.3066711140760390       1.0121118417009620
     656.3068712474984068       1.0320958271622525
     656.3070713809206609       1.0149241406470340
     656.3072715143429150       0.9966455355751969
     656.3074716477651691       0.8958555534481576
     656.3076717811875369       1.0056915446183949
     656.3078719146097910       1.0636321231721919
     656.3080720480320451       1.0401349887250526
     656.3082721814542992       1.0353044383225896
     656.3084723148766670       1.0113041205328885
     656.3086724482989212       1.0011399117061552
     656.3088725817211753       1.0385680608445540
     656.3090727151434294       1.0198061894617043
     656.3092728485656835       0.9477387666690246
     656.3094729819880513       1.0790963023883777
     656.3096731154103054       0.9367360919689409
     656.3098732488325595       1.0241653490776610
     656.3100733822548136       0.9834381472269684
     656.3102735156771814       0.9610152468014902
     656.3104736490994355       0.9107684492965405
     656.3106737825216896       0.8476770669081646
     656.3108739159439438       1.0516163669329384
     656.3110740493663116       0.9435532018265689
     656.3112741827885657       1.0067063592918633
     656.3114743162108198       0.9739839136060349
     656.3116744496330739       1.0580889581881987
     656.3118745830554417       0.9589795506446350
     656.3120747164776958       1.0091751542358425
     656.3122748498999499       1.0010093219209240
     656.3124749833222040       0.9742028803603542
     656.3126751167445718       0.9522476602283182
     656.3128752501668259       1.0101098627245242
     656.3130753835890800       0.9798937898473395
     656.3132755170113342       0.9461082433897644
     656.3134756504337020       0.8697273867043628
     656.3136757838559561       0.9193530735332791
     656.3138759172782102       0.9487219130561527
     656.3140760507004643       1.0200047329802979
     656.3142761841228321       1.0299341541295211
     656.3144763175450862       0.9867918338826706
     656.3146764509673403       1.0126989469371530
     656.3148765843895944       0.9751042486730673
     656.3150767178118485       1.0608207404030849
     656.3152768512342163       1.0465947312189847
     656.3154769846564704       1.0533158639774043
     656.3156771180787246       1.0430263060082083
     656.3158772515009787       1.0733294569284582
     656.3160773849233465       0.9491663815978633
     656.3162775183456006       0.9215393572347657
     656.3164776517678547       1.0209968042779156
     656.3166777851901088       0.9953077384018868
     656.3168779186124766       1.0381733228828189
     656.3170780520347307       1.0219666830483161
     656.3172781854569848       0.9790159924970602
     656.3174783188792389       0.9652008308066357
     656.3176784523016067       0.9709382710841535
     656.3178785857238609       0.9509745533670332
     656.3180787191461150       1.0704288427917281
     656.3182788525683691       1.0970706506613594
     656.3184789859907369       0.9700734806940146
     656.3186791194129910       0.9669180504736115
     656.3188792528352451       1.1028399554325450
     656.3190793862574992       1.0785981476755520
     656.3192795196798670       1.0078459748706197
     656.3194796531021211       0.9748924934921923
     656.3196797865243752       0.9631361167808551
     656.3198799199466293       0.9895495646135063
     656.3200800533688835       0.9608350448881630
     656.3202801867912513       1.0161731867703636
     656.3204803202135054       0.9889622021011019
     656.3206804536357595       1.0076222287095065
     656.3208805870580136       0.9841240178950906
     656.3210807204803814       0.9170523968523140
     656.3212808539026355       1.0028923254346545
     656.3214809873248896       0.9602209375946870
     656.3216811207471437       0.9568619211954065
     656.3218812541695115       1.0521826102686802
     656.3220813875917656       1.0017304076308258
     656.3222815210140197       1.0564513145895971
     656.3224816544362739       0.9830648404085077
     656.3226817878586417       1.0001409920006954
     656.3228819212808958       0.9699427728550830
     656.3230820547031499       0.9374731819023646
     656.3232821881254040       0.9939318467180838
     656.3234823215477718       1.0393345319850515
     656.3236824549700259       0.9728240223089026
     656.3238825883922800       1.0794288954793823
     656.3240827218145341       0.9704163888388360
     656.3242828552369019       1.0050149653464144
     656.3244829886591560       1.0262934673335247
     656.3246831220814101       1.0568455778430137
     656.3248832555036643       0.9889047535146291
     656.3250833889260321       0.9596386183741432
     656.3252835223482862       1.0594761406816042
     656.3254836557705403       0.9470934311031284
     656.3256837891927944       0.8770767523285063
     656.3258839226150485       1.0710494145061067
     656.3260840560374163       0.9480472369272065
     656.3262841894596704       0.9825472763991615
     656.3264843228819245       1.0281308709746499
     656.3266844563041786       1.0274569414624755
     656.3268845897265464       1.0469667570554628
     656.3270847231488005       0.9429969475692340
     656.3272848565710547       0.9740516682126343
     656.3274849899933088       1.0375069799038492
     656.3276851234156766       0.9419361964349592
     656.3278852568379307       1.0403575968377567
     656.3280853902601848       0.9327925509485874
     656.3282855236824389       0.9476464341251098
     656.3284856571048067       0.9736118690040400
     656.3286857905270608       0.9907292672259649
     656.3288859239493149       1.0223169154041392
     656.3290860573715690       1.0510814267937749
     656.3292861907939368       0.9655456771156629
     656.3294863242161910       0.9694260016734947
     656.3296864576384451       1.0616436155010796
     656.3298865910606992       0.9553438703552392
     656.3300867244830670       1.0091274502631353
     656.3302868579053211       0.9818810908139040
     656.3304869913275752       0.9841923315136104
     656.3306871247498293       0.9220792302156464
     656.3308872581721971       0.9529194651155878
     656.3310873915944512       0.9426330982006345
     656.3312875250167053       0.9416342942109504
     656.3314876584389594       0.9164874613270551
     656.3316877918612136       0.9799770911779291
     656.3318879252835814       0.9902969635890257
     656.3320880587058355       0.8861562874217984
     656.3322881921280896       1.0162087993680544
     656.3324883255503437       0.8781812211979775
     656.3326884589727115       0.8412644881861778
     656.3328885923949656       0.9043517488854490
     656.3330887258172197       0.8300032771705603
     656.3332888592394738       0.9135333724536931
     656.3334889926618416       0.9800963587683930
     656.3336891260840957       0.8388338234893266
     656.3338892595063498       0.8171949111497261
     656.3340893929286040       0.8213592331853441
     656.3342895263509718       0.7618334108539768
     656.3344896597732259       0.9180436772782028
     656.3346897931954800       0.8476746549985922
     656.3348899266177341       0.8710847031134213
     656.3350900600401019       0.8446359292431525
     656.3352901934623560       0.8497561682920796
     656.3354903268846101       0.8064615985181520
     656.3356904603068642       0.8036161568327818
     656.3358905937292320       0.7702657757650566
     656.3360907271514861       0.8793582917031129
     656.3362908605737402       0.8407239460932292
     656.3364909939959944       0.8694637245742286
     656.3366911274182485       0.7181016216732032
     656.3368912608406163       0.8258545894202480
     656.3370913942628704       0.7242124079167035
     656.3372915276851245       0.7487096189382371
     656.3374916611073786       0.8306455933156671
     656.3376917945297464       0.7566452745777941
     656.3378919279520005       0.8389472209688207
     656.3380920613742546       0.7733277725538685
     656.3382921947965087       0.7358300533053556
     656.3384923282188765       0.7734091223565432
     656.3386924616411306       0.7823904246496876
     656.3388925950633848       0.7790827917145303
     656.3390927284856389       0.8611879443340895
     656.3392928619080067       0.8640144098945850
     656.3394929953302608       0.8403340683267759
     656.3396931287525149       0.8860346130326265
     656.3398932621747690       0.8109653047122279
     656.3400933955971368       0.7999066685775522
     656.3402935290193909       0.8591550317882555
     656.3404936624416450       0.8588795152331805
     656.3406937958638991       0.8072058206203414
     656.3408939292862669       0.7938500508080836
     656.3410940627085211       0.8349968389586179
     656.3412941961307752       0.9174956504406642
     656.3414943295530293       0.8727633259864837
     656.3416944629753971       0.8688494441493010
     656.3418945963976512       0.8439077081496223
     656.3420947298199053       0.8815356239158330
     656.3422948632421594       0.9209433103099589
     656.3424949966644135       0.9111229426017150
     656.3426951300867813       0.9110308554719867
     656.3428952635090354       0.8785269339471251
     656.3430953969312895       0.8921052960141701
     656.3432955303535437       0.8804119619010817
     656.3434956637759115       0.9480972106366591
     656.3436957971981656       0.8784948400309668
     656.3438959306204197       0.9442306383232827
     656.3440960640426738       0.9886859802371019
     656.3442961974650416       0.8753682856704649
     656.3444963308872957       1.0702785091512190
     656.3446964643095498       0.9350071557579297
     656.3448965977318039       1.0452026778188124
     656.3450967311541717       0.9950718906575231
     656.3452968645764258       0.9642409249177969
     656.3454969979986799       0.9758363846882229
     656.3456971314209341       0.9093644139668204
     656.3458972648433019       0.9506120310413581
     656.3460973982655560       1.0119611312294507
     656.3462975316878101       0.9486856410233895
     656.3464976651100642       0.9531776357710811
     656.3466977985324320       0.9864519061736193
     656.3468979319546861       1.0144429134273325
     656.3470980653769402       1.0560385644178925
     656.3472981987991943       0.9354080276027440
     656.3474983322214484       1.0292288588390237
     656.3476984656438162       1.0438083034660020
     656.3478985990660703       1.0208942788905930
     656.3480987324883245       1.0626790332274756
     656.3482988659105786       0.9553776234295753
     656.3484989993329464       1.0668050408014280
     656.3486991327552005       1.0744240148830757
     656.3488992661774546       0.9761331294205402
     656.3490993995997087       0.9676182787444774
     656.3492995330220765       1.0017151808461471
     656.3494996664443306       1.1046099292059366
     656.3496997998665847       1.0269373220391198
     656.3498999332888388       0.8998002446371446
     656.3501000667112066       1.0025947130042951
     656.3503002001334607       1.0069498786914866
     656.3505003335557149       1.0009665242521244
     656.3507004669779690       0.9664965090104697
     656.3509006004003368       0.9627278463997434
     656.3511007338225909       0.9774622954384117
     656.3513008672448450       0.8518871871896729
     656.3515010006670991       0.9805417321470624
     656.3517011340894669       0.9416816595293694
     656.3519012675117210       1.0109500442050012
     656.3521014009339751       1.0209365319452262
     656.3523015343562292       0.9979647175852338
     656.3525016677785970       1.0896083608724205
     656.3527018012008512       1.0801740666952269
     656.3529019346231053       0.9515476265928622
     656.3531020680453594       1.0197352488040088
     656.3533022014676135       1.0143415244776519
     656.3535023348899813       0.9723816996773913
     656.3537024683122354       1.0264521480766042
     656.3539026017344895       1.0454286899901688
     656.3541027351567436       1.0587623525820915
     656.3543028685791114       1.0115717199783087
     656.3545030020013655       1.0556691708495411
     656.3547031354236196       0.9882902755396114
     656.3549032688458738       0.9296001238118063
     656.3551034022682416       0.9580474695430410
     656.3553035356904957       1.0527195768805799
     656.3555036691127498       0.9737345365969494
     656.3557038025350039       1.0271515774356934
     656.3559039359573717       1.0069312525964000
     656.3561040693796258       0.9507848153179497
     656.3563042028018799       0.9162303560058730
     656.3565043362241340       1.0438484585194479
     656.3567044696465018       1.0235518691709407
     656.3569046030687559       0.9669931375425365
     656.3571047364910100       0.9711116872961363
     656.3573048699132642       0.9890734736932847
     656.3575050033356320       1.0364732226101774
     656.3577051367578861       0.9859416973564880
     656.3579052701801402       1.0436718099189441
     656.3581054036023943       0.9754380814152729
     656.3583055370246484       0.9641368393974313
     656.3585056704470162       0.9409757548092831
     656.3587058038692703       0.9843063097583938
     656.3589059372915244       0.9068177823734509
     656.3591060707137785       1.0567722951667393
     656.3593062041361463       1.0348299875538478
     656.3595063375584004       1.0128612885402002
     656.3597064709806546       1.0240070244596913
     656.3599066044029087       0.9416238326945112
     656.3601067378252765       0.9621818252574185
     656.3603068712475306       1.1140969774243645
     656.3605070046697847       1.1144668555445811
     656.3607071380920388       1.0032266567720034
     656.3609072715144066       1.0155633950021612
     656.3611074049366607       1.0249174361582689
     656.3613075383589148       0.9837217894699386
     656.3615076717811689       1.0271075935422456
     656.3617078052035367       1.0244672938614574
     656.3619079386257908       0.9427133352428280
     656.3621080720480450       0.9073627787691936
     656.3623082054702991       1.0223391390041183
     656.3625083388926669       1.0265772421128618
     656.3627084723149210       0.9366710398723772
     656.3629086057371751       1.0983906082339412
     656.3631087391594292       1.0130400148945014
     656.3633088725817970       0.9867753438147950
     656.3635090060040511       0.9810115636041805
     656.3637091394263052       1.0451326330750861
     656.3639092728485593       1.0290762370695674
     656.3641094062708135       0.9098088963649950
     656.3643095396931813       1.0171756948432518
     656.3645096731154354       0.9791769999404525
     656.3647098065376895       0.9792177937490139
     656.3649099399599436       0.9290331378268170
     656.3651100733823114       0.9553950913028556
     656.3653102068045655       1.0215060524484536
     656.3655103402268196       1.0792241990454126
     656.3657104736490737       0.9537444971422417
     656.3659106070714415       0.9616979360524347
     656.3661107404936956       0.9690655581613589
     656.3663108739159497       0.9421997852595677
     656.3665110073382039       0.9574485011379310
     656.3667111407605717       0.9901001211242163
     656.3669112741828258       0.9752647913982899
     656.3671114076050799       1.0485505610697807
     656.3673115410273340       0.9704334754492221
     656.3675116744497018       0.9233444109555879
     656.3677118078719559       0.9851298537103126
     656.3679119412942100       0.9292845577000058
     656.3681120747164641       0.9875505808739814
     656.3683122081388319       1.1163764744996312
     656.3685123415610860       0.9317475333809365
     656.3687124749833401       1.0517380721866751
     656.3689126084055943       1.0402989126741660
     656.3691127418278484       0.9542350247502174
     656.3693128752502162       1.0086864056065574
     656.3695130086724703       1.0114361532032419
     656.3697131420947244       1.0042565423063885
     656.3699132755169785       1.0683433040976493
     656.3701134089393463       1.0296610482037045
     656.3703135423616004       0.9184761643409715
     656.3705136757838545       0.9863497894257297
     656.3707138092061086       1.0068163997493678
     656.3709139426284764       1.1104072332382198
     656.3711140760507305       0.9993353607715105
     656.3713142094729847       0.9987802060786632
     656.3715143428952388       1.0383979603648186
     656.3717144763176066       0.9346720948815345
     656.3719146097398607       0.9792632330209017
     656.3721147431621148       1.0515694990754128
     656.3723148765843689       1.0368376001715660
     656.3725150100067367       1.0919946953654289
     656.3727151434289908       0.9215362966060638
     656.3729152768512449       1.0778385922312737
     656.3731154102734990       1.0384523160755634
     656.3733155436958668       0.9636733457446098
     656.3735156771181209       1.0673022270202637
     656.3737158105403751       0.9975677228067070
     656.3739159439626292       0.9840138778090477
     656.3741160773849970       0.9717847257852554
     656.3743162108072511       0.9755517002195120
     656.3745163442295052       0.9961133315227926
     656.3747164776517593       1.1225956603884697
     656.3749166110740134       0.9629732891917229
     656.3751167444963812       0.9148612320423126
     656.3753168779186353       0.9921016683802009
     656.3755170113408894       0.9704334605485201
     656.3757171447631436       1.0593125224113464
     656.3759172781855113       1.0340700186789036
     656.3761174116077655       0.9553947634994984
     656.3763175450300196       0.9784907102584839
     656.3765176784522737       1.0484097450971603
     656.3767178118746415       0.9158117547631264
     656.3769179452968956       0.9937741900794208
     656.3771180787191497       1.0241140630096197
     656.3773182121414038       1.0213010013103485
     656.3775183455637716       0.8964848741889000
     656.3777184789860257       1.0209779497236013
     656.3779186124082798       0.8806753531098366
     656.3781187458305340       0.9627444706857204
     656.3783188792529018       1.0103841042146087
     656.3785190126751559       0.9250365793704987
     656.3787191460974100       1.0214131586253643
     656.3789192795196641       1.0049958634190261
     656.3791194129420319       1.0867642685770988
     656.3793195463642860       0.8727763146162033
     656.3795196797865401       1.0396570079028606
     656.3797198132087942       0.9569643475115299
     656.3799199466311620       1.0122979488223791
     656.3801200800534161       1.0587929561734200
     656.3803202134756702       0.9923290451988578
     656.3805203468979244       0.9816601686179638
     656.3807204803201785       0.9942012839019299
     656.3809206137425463       0.9166921749711037
     656.3811207471648004       0.9254809841513634
     656.3813208805870545       0.9886559322476387
     656.3815210140093086       1.0951934903860092
     656.3817211474316764       0.9354344457387924
     656.3819212808539305       0.9484411664307117
     656.3821214142761846       0.9968778169713914
     656.3823215476984387       1.0180069897323847
     656.3825216811208065       0.9745235983282328
     656.3827218145430606       1.0434768609702587
     656.3829219479653148       1.0559339784085751
     656.3831220813875689       0.9489686526358128
     656.3833222148099367       0.9495714940130711
     656.3835223482321908       1.0514551810920238
     656.3837224816544449       1.0502334311604500
     656.3839226150766990       1.0607098154723644
     656.3841227484990668       1.0221131015568972
     656.3843228819213209       0.9841710925102234
     656.3845230153435750       1.0200208369642496
     656.3847231487658291       0.9904454099014401
     656.3849232821881969       0.9871117472648621
     656.3851234156104510       0.9692913684993982
     656.3853235490327052       0.9549670070409775
     656.3855236824549593       0.9918391788378358
     656.3857238158772134       1.0462129376828671
     656.3859239492995812       1.0708746239542961
     656.3861240827218353       0.9829014688730240
     656.3863242161440894       1.0210247859358788
     656.3865243495663435       0.9486637711524963
     656.3867244829887113       0.9895512834191322
     656.3869246164109654       0.9533489458262920
     656.3871247498332195       1.0024255032185465
     656.3873248832554737       0.9555495716631413
     656.3875250166778414       0.9887883989140391
     656.3877251501000956       1.0050607784651220
     656.3879252835223497       1.0267491489648819
     656.3881254169446038       1.0875222012400627
     656.3883255503669716       1.0198634769767523
     656.3885256837892257       0.9900227207690477
     656.3887258172114798       1.0261255837976933
     656.3889259506337339       0.9895887793973088
     656.3891260840561017       1.0128714488819242
     656.3893262174783558       1.0187568552792072
     656.3895263509006099       0.9604356624186039
     656.3897264843228641       1.0226243361830711
     656.3899266177452319       1.0537083931267262
     656.3901267511674860       0.9205828383564949
     656.3903268845897401       0.9815353918820620
     656.3905270180119942       0.9641446098685265
     656.3907271514343620       1.0028771220240742
     656.3909272848566161       0.9705310855060816
     656.3911274182788702       0.9796453490853310
     656.3913275517011243       1.0797128155827522
     656.3915276851233784       0.9973394193220884
     656.3917278185457462       0.9341310635209084
     656.3919279519680003       0.8653190433979034
     656.3921280853902545       0.9168635979294777
     656.3923282188125086       0.9432699568569660
     656.3925283522348764       0.9374998137354851
     656.3927284856571305       0.9900630898773670
     656.3929286190793846       0.9872773857787251
     656.3931287525016387       0.9759035985916853
     656.3933288859240065       1.0600944943726063
     656.3935290193462606       1.0178346466273069
     656.3937291527685147       1.0395826399326324
     656.3939292861907688       1.0800534188747406
     656.3941294196131366       1.0079130837693810
     656.3943295530353907       1.0263354070484638
     656.3945296864576449       1.0069669829681516
     656.3947298198798990       0.9419657625257969
     656.3949299533022668       1.0145442560315132
     656.3951300867245209       0.9110351130366325
     656.3953302201467750       0.9386133886873722
     656.3955303535690291       0.9207028746604919
     656.3957304869913969       1.0017573911463842
     656.3959306204136510       0.9433225095272064
     656.3961307538359051       1.0056974864564836
     656.3963308872581592       0.9780428633093834
     656.3965310206804133       1.0975971296429634
     656.3967311541027811       0.8344675004482269
     656.3969312875250353       0.9797449186444283
     656.3971314209472894       0.9686250500380993
     656.3973315543695435       0.9737804438918829
     656.3975316877919113       1.0173887107521296
     656.3977318212141654       0.9551630392670631
     656.3979319546364195       0.9722363855689764
     656.3981320880586736       0.9601723439991474
     656.3983322214810414       1.0433047860860825
     656.3985323549032955       1.0243863519281149
     656.3987324883255496       1.0149074718356133
     656.3989326217478038       0.9965477064251900
     656.3991327551701715       1.0933857113122940
     656.3993328885924257       1.1168064028024673
     656.3995330220146798       0.9178801178932190
     656.3997331554369339       0.9951770515181124
     656.3999332888593017       0.9801615215837955
     656.4001334222815558       0.9426076300442219
     656.4003335557038099       0.9370082244277000
     656.4005336891260640       0.9370264261960983
     656.4007338225484318       0.9755398649722338
     656.4009339559706859       0.9682090878486633
     656.4011340893929400       0.9794880207628012
     656.4013342228151942       0.9937276081182063
     656.4015343562375620       1.0254093799740076
     656.4017344896598161       0.9827489927411079
     656.4019346230820702       0.9970899529289454
     656.4021347565043243       0.9137945100665092
     656.4023348899265784       1.0417521260678768
     656.4025350233489462       0.9684631973505020
     656.4027351567712003       1.0743210613727570
     656.4029352901934544       0.9790366347879171
     656.4031354236157085       0.9722252190113068
     656.4033355570380763       0.9808005057275295
     656.4035356904603304       0.9289379566907883
     656.4037358238825846       0.9564675129950047
     656.4039359573048387       0.9247126355767250
     656.4041360907272065       0.9439100846648216
     656.4043362241494606       1.0181713309139013
     656.4045363575717147       0.9943408528342843
     656.4047364909939688       1.1304297745227814
     656.4049366244163366       1.0032080733217299
     656.4051367578385907       1.0327257066965103
     656.4053368912608448       0.9524383395910263
     656.4055370246830989       0.9260159209370613
     656.4057371581054667       1.0337678454816341
     656.4059372915277208       1.0228732358664274
     656.4061374249499750       0.9912858400493860
     656.4063375583722291       0.9977869321592152
     656.4065376917945969       1.0039950748905540
     656.4067378252168510       0.9808369521051645
     656.4069379586391051       0.9691551532596350
     656.4071380920613592       0.9992330953245983
     656.4073382254836133       0.9484122321009636
     656.4075383589059811       1.0100452220067382
     656.4077384923282352       0.9312459900975227
     656.4079386257504893       0.9221118018031120
     656.4081387591727434       0.9696370381861925
     656.4083388925951112       1.0948386117815971
     656.4085390260173654       1.0401845537126064
     656.4087391594396195       1.0162302777171135
     656.4089392928618736       1.0256745964288712
     656.4091394262842414       1.0172023400664330
     656.4093395597064955       0.9817437920719385
     656.4095396931287496       1.0476254783570766
     656.4097398265510037       0.9829004388302565
     656.4099399599733715       0.9884159751236439
     656.4101400933956256       0.9719174299389124
     656.4103402268178797       0.9057394638657570
     656.4105403602401339       0.9842875804752111
     656.4107404936625016       1.0097775422036648
     656.4109406270847558       1.0080032926052809
     656.4111407605070099       1.0118134636431932
     656.4113408939292640       1.0416473038494587
     656.4115410273516318       0.9548043943941593
     656.4117411607738859       0.9647279120981693
     656.4119412941961400       1.0587108097970486
     656.4121414276183941       0.9967573862522840
     656.4123415610407619       1.0568391568958759
     656.4125416944630160       0.9891391405835748
     656.4127418278852701       1.0290847960859537
     656.4129419613075243       1.0370645113289356
     656.4131420947297784       0.9668138399720192
     656.4133422281521462       1.1420619338750839
     656.4135423615744003       0.9860028577968478
     656.4137424949966544       1.0390683673322201
     656.4139426284189085       1.1164231225848198
     656.4141427618412763       1.0027526698540896
     656.4143428952635304       1.0203827228397131
     656.4145430286857845       1.0319577269256115
     656.4147431621080386       0.9538531489670277
     656.4149432955304064       1.0199533384293318
     656.4151434289526605       1.0153589397668839
     656.4153435623749147       0.9917607242241502
     656.4155436957971688       0.9835270624607801
     656.4157438292195366       1.0098038492724299
     656.4159439626417907       1.0006773572531529
     656.4161440960640448       0.8702016621828079
     656.4163442294862989       0.9744781646877527
     656.4165443629086667       1.0658713430166245
     656.4167444963309208       0.9943408113904297
     656.4169446297531749       1.0247590839862823
     656.4171447631754290       1.0631099864840508
     656.4173448965977968       1.0429108701646328
     656.4175450300200509       1.0261437799781561
     656.4177451634423051       0.8950632065534592
     656.4179452968645592       1.0802061483263969
     656.4181454302869270       1.0767011269927025
     656.4183455637091811       0.9949132264591753
     656.4185456971314352       0.9668585807085037
     656.4187458305536893       0.9798168148845434
     656.4189459639759434       1.0633316859602928
     656.4191460973983112       0.9341005459427834
     656.4193462308205653       0.9706035871058702
     656.4195463642428194       1.0294750221073627
     656.4197464976650735       1.0726231411099434
     656.4199466310874413       1.0164341516792774
     656.4201467645096955       1.0605698786675930
     656.4203468979319496       0.9065572693943977
     656.4205470313542037       0.9964242826681584
     656.4207471647765715       0.9547434523701668
     656.4209472981988256       0.9558210410177708
     656.4211474316210797       0.9887050921097398
     656.4213475650433338       0.9523860551416874
     656.4215476984657016       0.8987747505307198
     656.4217478318879557       0.9914743863046169
     656.4219479653102098       1.0084966458380222
     656.4221480987324640       1.0668968483805656
     656.4223482321548317       0.9917479967698455
     656.4225483655770859       0.9951057159341872
     656.4227484989993400       1.0228263065218925
     656.4229486324215941       1.0204211138188839
     656.4231487658439619       1.0062688738107681
     656.4233488992662160       1.0131219765171409
     656.4235490326884701       1.0303930100053549
     656.4237491661107242       1.0304499659687281
     656.4239492995329783       0.9417077824473381
     656.4241494329553461       1.0197168700397015
     656.4243495663776002       0.9730866067111492
     656.4245496997998544       1.0523115284740925
     656.4247498332221085       1.0218517463654280
     656.4249499666444763       0.9948945203796029
     656.4251501000667304       1.0099091688171029
     656.4253502334889845       1.0146337570622563
     656.4255503669112386       0.9958704444579780
     656.4257505003336064       1.0070802816189826
     656.4259506337558605       0.9926266721449792
     656.4261507671781146       0.9254583716392517
     656.4263509006003687       0.9906076919287443
     656.4265510340227365       1.0689849853515625
     656.4267511674449906       1.1001931801438332
     656.4269513008672448       1.0292577203363180
     656.4271514342894989       1.0082769338041544
     656.4273515677118667       1.0753280520439148
     656.4275517011341208       1.0250688046216965
     656.4277518345563749       0.9602164141833782
     656.4279519679786290       0.9399089626967907
     656.4281521014009968       0.9758896604180336
     656.4283522348232509       0.9727658722549677
     656.4285523682455050       0.9833014737814665
     656.4287525016677591       0.9320576861500740
     656.4289526350901269       0.9986400966299698
     656.4291527685123810       0.9986537739168853
     656.4293529019346352       1.0564568825066090
     656.4295530353568893       1.0790568292140961
     656.4297531687791434       0.9913386674597859
     656.4299533022015112       1.0362866520881653
     656.4301534356237653       1.0210051108151674
     656.4303535690460194       1.0048762909136713
     656.4305537024682735       1.0625024139881134
     656.4307538358906413       0.9129809066653252
     656.4309539693128954       1.0971148461103439
     656.4311541027351495       0.9261246770620346
     656.4313542361574036       1.1214778646826744
     656.4315543695797714       1.0412353053689003
     656.4317545030020256       1.0075413295999169
     656.4319546364242797       0.9974158667027950
     656.4321547698465338       1.1040560826659203
     656.4323549032689016       1.0746441930532455
     656.4325550366911557       1.0005281143821776
     656.4327551701134098       1.0189483053982258
     656.4329553035356639       1.0239893998950720
     656.4331554369580317       0.9838767871260643
     656.4333555703802858       1.0529900267720222
     656.4335557038025399       0.9784490633755922
     656.4337558372247940       1.0048003131523728
     656.4339559706471618       0.9854328557848930
     656.4341561040694160       0.9689996801316738
     656.4343562374916701       0.9881613655015826
     656.4345563709139242       1.0025007587391883
     656.4347565043361783       0.9887566613033414
     656.4349566377585461       1.0590494349598885
     656.4351567711808002       0.9464304447174072
     656.4353569046030543       1.0410011485219002
     656.4355570380253084       0.9688801374286413
     656.4357571714476762       1.0256355591118336
     656.4359573048699303       1.0186832677572966
     656.4361574382921845       1.0444298759102821
     656.4363575717144386       1.0731053128838539
     656.4365577051368064       1.0797541663050652
     656.4367578385590605       0.9886869359761477
     656.4369579719813146       1.0493750385940075
     656.4371581054035687       0.9909610906615853
     656.4373582388259365       0.9406268820166588
     656.4375583722481906       0.9456449374556541
     656.4377585056704447       0.9953011409379542
     656.4379586390926988       1.0007668880280107
     656.4381587725150666       1.0338499210774899
     656.4383589059373207       1.0389757193624973
     656.4385590393595749       0.9912196071818471
     656.4387591727818290       0.9968134458176792
     656.4389593062041968       1.0784789770841599
     656.4391594396264509       0.9384209848940372
     656.4393595730487050       0.9498042091727257
     656.4395597064709591       0.9239038303494453
     656.4397598398933269       0.9780505932867527
     656.4399599733155810       1.0059968344867229
     656.4401601067378351       1.0632433667778969
     656.4403602401600892       1.0239846166223288
     656.4405603735823433       1.0512955971062183
     656.4407605070047111       0.9055361002683640
     656.4409606404269653       0.8863376006484032
     656.4411607738492194       1.0202225279062986
     656.4413609072714735       0.9976536233443767
     656.4415610406938413       0.9480926692485809
     656.4417611741160954       0.9649257995188236
     656.4419613075383495       1.0514147393405437
     656.4421614409606036       0.9043905213475227
     656.4423615743829714       0.9844710202887654
     656.4425617078052255       1.0730813294649124
     656.4427618412274796       1.0487264208495617
     656.4429619746497337       1.0054545309394598
     656.4431621080721015       1.0105617577210069
     656.4433622414943557       0.9211207106709480
     656.4435623749166098       0.9370512515306473
     656.4437625083388639       0.9333247914910316
     656.4439626417612317       0.9526200406253338
     656.4441627751834858       0.9751329775899649
     656.4443629086057399       0.9625808559358120
     656.4445630420279940       0.9659407436847687
     656.4447631754503618       0.9718128554522991
     656.4449633088726159       0.9682256281375885
     656.4451634422948700       0.9730044547468424
     656.4453635757171241       1.0402452461421490
     656.4455637091393783       0.9015818908810616
     656.4457638425617461       0.9928392381407320
     656.4459639759840002       0.9376861974596977
     656.4461641094062543       0.9100507646799088
     656.4463642428285084       0.9174248501658440
     656.4465643762508762       1.0189634561538696
     656.4467645096731303       1.0597971864044666
     656.4469646430953844       1.0004456893075258
     656.4471647765176385       0.9735745992511511
     656.4473649099400063       0.9981565618654713
     656.4475650433622604       1.0496999584138393
     656.4477651767845146       1.0570984296500683
     656.4479653102067687       0.8989976271986961
     656.4481654436291365       1.0054681780748069
     656.4483655770513906       1.0708227083086967
     656.4485657104736447       1.0608723834156990
     656.4487658438958988       0.9546446539461613
     656.4489659773182666       0.9856997951865196
     656.4491661107405207       0.9636684097349644
     656.4493662441627748       1.0722296908497810
     656.4495663775850289       0.9356632232666016
     656.4497665110073967       0.9762200079858303
     656.4499666444296508       1.0807266086339951
     656.4501667778519050       1.0739224851131439
     656.4503669112741591       1.1086561456322670
     656.4505670446965269       0.9746705200523138
     656.4507671781187810       1.0176835078746080
     656.4509673115410351       1.0077867270447314
     656.4511674449632892       1.0631509572267532
     656.4513675783855433       0.9613847285509109
     656.4515677118079111       1.0334936790168285
     656.4517678452301652       1.0404586903750896
     656.4519679786524193       0.9868539525195956
     656.4521681120746734       1.0132239582017064
     656.4523682454970412       0.9531649202108383
     656.4525683789192954       1.0864621847867966
     656.4527685123415495       1.0612933337688446
     656.4529686457638036       0.9467876181006432
     656.4531687791861714       0.9996498399705160
     656.4533689126084255       0.9556102827191353
     656.4535690460306796       0.9289868399500847
     656.4537691794529337       1.0321414545178413
     656.4539693128753015       1.0892998576164246
     656.4541694462975556       1.0109287621453404
     656.4543695797198097       0.9762269891798496
     656.4545697131420638       1.0492643229663372
     656.4547698465644316       0.9873634427785873
     656.4549699799866858       1.0491377487778664
     656.4551701134089399       1.0233991798013449
     656.4553702468311940       1.0555863454937935
     656.4555703802535618       0.9718701262027025
     656.4557705136758159       0.9730880018323660
     656.4559706470980700       1.0335963778197765
     656.4561707805203241       0.9933543778024614
     656.4563709139425782       1.0494362823665142
     656.4565710473649460       0.9306376576423645
     656.4567711807872001       0.9805511832237244
     656.4569713142094542       0.9875616254284978
     656.4571714476317084       1.0044673378579319
     656.4573715810540762       1.0066595855168998
     656.4575717144763303       0.9395906664431095
     656.4577718478985844       0.9535354487597942
     656.4579719813208385       1.0251332018524408
     656.4581721147432063       1.0333855226635933
     656.4583722481654604       0.9841560982167721
     656.4585723815877145       1.0564695782959461
     656.4587725150099686       1.0479737296700478
     656.4589726484323364       0.9892775788903236
     656.4591727818545905       1.0056815631687641
     656.4593729152768447       1.0409073382616043
     656.4595730486990988       1.0298014823347330
     656.4597731821214666       0.9261008948087692
     656.4599733155437207       0.9926515882834792
     656.4601734489659748       1.0797921046614647
     656.4603735823882289       1.0218560043722391
     656.4605737158105967       1.0530165918171406
     656.4607738492328508       1.0125871542841196
     656.4609739826551049       0.9745290279388428
     656.4611741160773590       1.0205508805811405
     656.4613742494997268       0.9445770196616650
     656.4615743829219809       1.0132705857977271
     656.4617745163442351       0.8786898031830788
     656.4619746497664892       0.9849015753716230
     656.4621747831887433       0.9677084386348724
     656.4623749166111111       0.9173766449093819
     656.4625750500333652       1.0173692833632231
     656.4627751834556193       1.0657540038228035
     656.4629753168778734       1.0713791474699974
     656.4631754503002412       1.0699022337794304
     656.4633755837224953       0.9840090367943048
     656.4635757171447494       0.9892252730205655
     656.4637758505670035       0.9835305977612734
     656.4639759839893713       0.9702773448079824
     656.4641761174116255       0.8991172388195992
     656.4643762508338796       1.0020256810821593
     656.4645763842561337       1.0671941265463829
     656.4647765176785015       0.9545783698558807
     656.4649766511007556       0.9936513719148934
     656.4651767845230097       0.9672349616885185
     656.4653769179452638       0.9399567544460297
     656.4655770513676316       0.9706790801137686
     656.4657771847898857       0.9766558855772018
     656.4659773182121398       1.0684946998953819
     656.4661774516343939       0.9407266601920128
     656.4663775850567617       0.9566121101379395
     656.4665777184790159       0.9859773470088840
     656.4667778519012700       1.0215807463973761
     656.4669779853235241       0.9931857553310692
     656.4671781187458919       1.0514944903552532
     656.4673782521681460       1.0602004230022430
     656.4675783855904001       0.9562040194869041
     656.4677785190126542       1.0349921062588692
     656.4679786524349083       0.9972653046716005
     656.4681787858572761       1.0756649747490883
     656.4683789192795302       0.9461588002741337
     656.4685790527017843       1.0077038011513650
     656.4687791861240385       0.9694652408361435
     656.4689793195464063       0.9912557089701295
     656.4691794529686604       1.0213977694511414
     656.4693795863909145       1.0768354162573814
     656.4695797198131686       1.0539234876632690
     656.4697798532355364       1.0228894539177418
     656.4699799866577905       0.9852596446871758
     656.4701801200800446       1.0851225331425667
     656.4703802535022987       0.9391259886324406
     656.4705803869246665       0.9643223620951176
     656.4707805203469206       0.9912904705852270
     656.4709806537691748       0.9532039947807789
     656.4711807871914289       0.9992765593342483
     656.4713809206137967       0.9687125757336617
     656.4715810540360508       0.9727926850318909
     656.4717811874583049       0.9881938537582755
     656.4719813208805590       0.9959943355061114
     656.4721814543029268       0.9952930836006999
     656.4723815877251809       0.9209604412317276
     656.4725817211474350       1.0268959105014801
     656.4727818545696891       0.9876782288774848
     656.4729819879919432       1.0501286871731281
     656.4731821214143110       0.9896080913022161
     656.4733822548365652       0.9979351398069412
     656.4735823882588193       0.9909458896145225
     656.4737825216810734       0.9492785930633545
     656.4739826551034412       1.0085659334436059
     656.4741827885256953       1.0415049642324448
     656.4743829219479494       0.9460790976881981
     656.4745830553702035       0.9485048986971378
     656.4747831887925713       0.9799555279314518
     656.4749833222148254       1.0146852331236005
     656.4751834556370795       0.9475434720516205
     656.4753835890593336       0.9609172679483891
     656.4755837224817014       1.0312594994902611
     656.4757838559039556       0.9252349510788918
     656.4759839893262097       1.0974534228444099
     656.4761841227484638       0.9690294582396746
     656.4763842561708316       0.9901008019223809
     656.4765843895930857       0.9115785881876945
     656.4767845230153398       0.9712877571582794
     656.4769846564375939       0.9668389447033405
     656.4771847898599617       0.8950580134987831
     656.4773849232822158       0.9226243868470192
     656.4775850567044699       1.0009220211068168
     656.4777851901267240       1.0181622318923473
     656.4779853235490918       1.0722557231783867
     656.4781854569713460       1.0523779280483723
     656.4783855903936001       1.0209127794951200
     656.4785857238158542       0.9215573146939278
     656.4787858572381083       1.0384403355419636
     656.4789859906604761       1.0420704111456871
     656.4791861240827302       1.0187935940921307
     656.4793862575049843       0.9603636600077152
     656.4795863909272384       0.9265576824545860
     656.4797865243496062       1.0213742628693581
     656.4799866577718603       1.0340371578931808
     656.4801867911941144       1.0190983936190605
     656.4803869246163686       0.9909785976633430
     656.4805870580387364       1.0141814416274428
     656.4807871914609905       1.0336239524185658
     656.4809873248832446       1.0132270129397511
     656.4811874583054987       1.0467000417411327
     656.4813875917278665       1.0228190701454878
     656.4815877251501206       0.9678864404559135
     656.4817878585723747       1.0140025336295366
     656.4819879919946288       1.0092917438596487
     656.4821881254169966       0.9294073432683945
     656.4823882588392507       0.9795761033892632
     656.4825883922615049       1.0005482501583174
     656.4827885256837590       1.0275887679308653
     656.4829886591061268       1.0088588530197740
     656.4831887925283809       0.9966529591474682
     656.4833889259506350       1.0369523838162422
     656.4835890593728891       1.0064110816456378
     656.4837891927951432       0.9742063302546740
     656.4839893262175110       0.9836478251963854
     656.4841894596397651       0.9730429165065289
     656.4843895930620192       0.8860596492886543
     656.4845897264842733       1.0698594078421593
     656.4847898599066411       0.9563299603760242
     656.4849899933288953       1.0125940395519137
     656.4851901267511494       0.9977762054186314
     656.4853902601734035       1.0273276548832655
     656.4855903935957713       1.0257143434137106
     656.4857905270180254       1.0020920778624713
     656.4859906604402795       0.9857816034927964
     656.4861907938625336       1.0845093652606010
     656.4863909272849014       0.9600437618792057
     656.4865910607071555       1.0102025885134935
     656.4867911941294096       1.0551473908126354
     656.4869913275516637       1.0038009923882782
     656.4871914609740315       0.9716763347387314
     656.4873915943962857       1.0151171730831265
     656.4875917278185398       0.9724048376083374
     656.4877918612407939       1.0267239939421415
     656.4879919946631617       1.0513822250068188
     656.4881921280854158       0.9892832860350609
     656.4883922615076699       0.9810326397418976
     656.4885923949299240       0.9436586797237396
     656.4887925283522918       1.0122626451775432
     656.4889926617745459       0.9524545855820179
     656.4891927951968000       0.9335892274975777
     656.4893929286190541       1.0030092622619122
     656.4895930620413083       0.9337545186281204
     656.4897931954636761       0.9615164585411549
     656.4899933288859302       0.9549806639552116
     656.4901934623081843       1.0495719946920872
     656.4903935957304384       1.0840204209089279
     656.4905937291528062       1.0444179587066174
     656.4907938625750603       0.9170858263969421
     656.4909939959973144       0.9382861368358135
     656.4911941294195685       1.0600431077182293
     656.4913942628419363       1.0199751704931259
     656.4915943962641904       0.9942448162473738
     656.4917945296864445       0.9488687925040722
     656.4919946631086987       0.9881741134449840
     656.4921947965310665       1.0115395309403539
     656.4923949299533206       0.8980278968811035
     656.4925950633755747       1.0357062853872776
     656.4927951967978288       0.9675865992903709
     656.4929953302201966       1.0207363814115524
     656.4931954636424507       0.9843506757169962
     656.4933955970647048       1.0198433324694633
     656.4935957304869589       0.9861813858151436
     656.4937958639093267       0.9512395858764648
     656.4939959973315808       0.9449790827929974
     656.4941961307538350       1.0846161320805550
     656.4943962641760891       1.0309520252048969
     656.4945963975983432       1.0274454709142447
     656.4947965310207110       0.9045325368642807
     656.4949966644429651       1.0132097648456693
     656.4951967978652192       1.0078429337590933
     656.4953969312874733       1.0236897524446249
     656.4955970647098411       0.9790082108229399
     656.4957971981320952       0.9839495588093996
     656.4959973315543493       0.9792038910090923
     656.4961974649766034       1.0766701549291611
     656.4963975983989712       0.9709175284951925
     656.4965977318212254       1.0386007465422153
     656.4967978652434795       0.9753100611269474
     656.4969979986657336       0.9920004559680820
     656.4971981320881014       1.0434838943183422
     656.4973982655103555       1.0109173348173499
     656.4975983989326096       0.9770205486565828
     656.4977985323548637       1.0228725466877222
     656.4979986657772315       0.9450371190905571
     656.4981987991994856       0.9727118667215109
     656.4983989326217397       1.1126137748360634
     656.4985990660439938       1.0217923484742641
     656.4987991994663616       1.0052140960469842
     656.4989993328886158       0.9541751146316528
     656.4991994663108699       1.0168007705360651
     656.4993995997331240       1.0368406921625137
     656.4995997331554918       1.1129758581519127
     656.4997998665777459       0.9417756088078022
     656.5000000000000000       0.9903306951746345
