     656.2000000000000455       1.0186650231480598
     656.2002001334222996       0.9345763549208641
     656.2004002668445537       1.0232557877898216
     656.2006004002669215       1.0617135129868984
     656.2008005336891756       0.9693626910448074
     656.2010006671114297       0.9674719013273716
     656.2012008005336838       1.0433467179536819
     656.2014009339560516       1.0292771048843861
     656.2016010673783057       1.0284355320036411
     656.2018012008005599       0.9652369394898415
     656.2020013342228140       0.9988942946074530
     656.2022014676451818       0.9679494835436344
     656.2024016010674359       1.0061633111909032
     656.2026017344896900       1.0784952118992805
     656.2028018679119441       0.9654736295342445
     656.2030020013343119       0.9058683589100838
     656.2032021347565660       0.9970092228613794
     656.2034022681788201       1.0451377741992474
     656.2036024016010742       0.9670328684151173
     656.2038025350234420       1.0571435056626797
     656.2040026684456961       0.9931240668520331
     656.2042028018679503       1.0181337837129831
     656.2044029352902044       0.9856922030448914
     656.2046030687125722       0.9676101133227348
     656.2048032021348263       0.9853680552914739
     656.2050033355570804       1.0325291492044926
     656.2052034689793345       1.0019354379037395
     656.2054036024017023       0.9885913850739598
     656.2056037358239564       1.0659483000636101
     656.2058038692462105       1.0327034257352352
     656.2060040026684646       1.0324096977710724
     656.2062041360907187       0.9673030152916908
     656.2064042695130865       1.0080215819180012
     656.2066044029353407       0.9347114711999893
     656.2068045363575948       0.9967294197995216
     656.2070046697798489       1.0019263476133347
     656.2072048032022167       1.0464199297130108
     656.2074049366244708       0.9878839170560241
     656.2076050700467249       0.9749681148678064
     656.2078052034689790       0.9039234891533852
     656.2080053368913468       0.9822066836059093
     656.2082054703136009       0.9914850983768702
     656.2084056037358550       0.9648475609719753
     656.2086057371581092       0.9715831577777863
     656.2088058705804769       0.9266584441065788
     656.2090060040027311       0.9833551086485386
     656.2092061374249852       1.1370084434747696
     656.2094062708472393       0.9851527241989970
     656.2096064042696071       0.9412260949611664
     656.2098065376918612       1.0231793578714132
     656.2100066711141153       1.0244598221033812
     656.2102068045363694       1.0206702165305614
     656.2104069379587372       0.9919662587344646
     656.2106070713809913       0.9726598616689444
     656.2108072048032454       1.0261673964560032
     656.2110073382254996       1.0112442858517170
     656.2112074716477537       1.0242468453943729
     656.2114076050701215       0.9414256103336811
     656.2116077384923756       1.0650520920753479
     656.2118078719146297       0.9784928467124701
     656.2120080053368838       0.9719526916742325
     656.2122081387592516       1.0015204305527732
     656.2124082721815057       1.0285744350403547
     656.2126084056037598       1.0732911825180054
     656.2128085390260139       1.0491370558738708
     656.2130086724483817       0.9866071399301291
     656.2132088058706358       0.9957993747666478
     656.2134089392928900       1.0253780186176300
     656.2136090727151441       1.0416466817259789
     656.2138092061375119       1.0070154229179025
     656.2140093395597660       0.9594360180199146
     656.2142094729820201       0.9569076001644135
     656.2144096064042742       1.0125445863232017
     656.2146097398266420       1.0578696131706238
     656.2148098732488961       0.9602465815842152
     656.2150100066711502       1.0079042641445994
     656.2152101400934043       0.9490062706172466
     656.2154102735157721       1.0165219921618700
     656.2156104069380262       1.0048323553055525
     656.2158105403602804       0.9888151343911886
     656.2160106737825345       1.0395787879824638
     656.2162108072049023       0.9267712607979774
     656.2164109406271564       0.8736994415521622
     656.2166110740494105       0.8982480168342590
     656.2168112074716646       1.0856595113873482
     656.2170113408939187       1.0380887128412724
     656.2172114743162865       1.0377083383500576
     656.2174116077385406       1.0632062554359436
     656.2176117411607947       0.9983876481419429
     656.2178118745830488       1.0318818949162960
     656.2180120080054166       0.9815450180321932
     656.2182121414276708       1.0082770064473152
     656.2184122748499249       0.9853233518078923
     656.2186124082721790       0.9878283897414804
     656.2188125416945468       0.9766753856092691
     656.2190126751168009       0.9892447842285037
     656.2192128085390550       0.9854023726657033
     656.2194129419613091       1.0719292089343071
     656.2196130753836769       1.0180528294295073
     656.2198132088059310       0.9994684857083485
     656.2200133422281851       1.0150279747322202
     656.2202134756504392       0.8686130791902542
     656.2204136090728070       1.0196296926587820
     656.2206137424950612       1.0392248407006264
     656.2208138759173153       1.0550119392573833
     656.2210140093395694       1.0987371802330017
     656.2212141427619372       1.0291280578821898
     656.2214142761841913       0.9961615290958434
     656.2216144096064454       1.0335533842444420
     656.2218145430286995       0.9755698535591364
     656.2220146764509536       0.8828164935112000
     656.2222148098733214       1.0681106969714165
     656.2224149432955755       1.0154729997739196
     656.2226150767178297       1.0336844138801098
     656.2228152101400838       1.0402786694467068
     656.2230153435624516       1.0044436287134886
     656.2232154769847057       0.9827052298933268
     656.2234156104069598       1.0231293495744467
     656.2236157438292139       0.9971631926018745
     656.2238158772515817       1.0128252478316426
     656.2240160106738358       0.9508688934147358
     656.2242161440960899       1.0606589205563068
     656.2244162775183440       1.0040053375996649
     656.2246164109407118       1.0279093440622091
     656.2248165443629659       1.0213274285197258
     656.2250166777852201       0.9470754303038120
     656.2252168112074742       1.0579459145665169
     656.2254169446298420       0.9969035554677248
     656.2256170780520961       1.0672572031617165
     656.2258172114743502       0.9559086747467518
     656.2260173448966043       0.9953604945912957
     656.2262174783189721       0.9814964868128300
     656.2264176117412262       1.0650580376386642
     656.2266177451634803       0.9573948904871941
     656.2268178785857344       1.0900462493300438
     656.2270180120081022       1.0117960544303060
     656.2272181454303563       0.9250468388199806
     656.2274182788526105       0.9637108035385609
     656.2276184122748646       0.9714962448924780
     656.2278185456971187       1.0597413592040539
     656.2280186791194865       0.9897117000073195
     656.2282188125417406       0.9403545074164867
     656.2284189459639947       1.0696042478084564
     656.2286190793862488       0.9551517069339752
     656.2288192128086166       1.0799408629536629
     656.2290193462308707       1.0053722304292023
     656.2292194796531248       0.9731698241084814
     656.2294196130753789       1.0034209527075291
     656.2296197464977467       0.9549102708697319
     656.2298198799200009       1.0538007616996765
     656.2300200133422550       1.0689534768462181
     656.2302201467645091       0.9932630164548755
     656.2304202801868769       0.9455249533057213
     656.2306204136091310       1.0235646404325962
     656.2308205470313851       0.9660331718623638
     656.2310206804536392       1.0534407161176205
     656.2312208138760070       1.0230547394603491
     656.2314209472982611       0.9059139564633369
     656.2316210807205152       0.8819633498787880
     656.2318212141427693       0.9761936925351620
     656.2320213475651371       0.8853067755699158
     656.2322214809873913       1.0383081920444965
     656.2324216144096454       1.0217642914503813
     656.2326217478318995       0.9401435963809490
     656.2328218812541536       0.9631461612880230
     656.2330220146765214       1.0191542953252792
     656.2332221480987755       0.9813233446329832
     656.2334222815210296       1.0253180693835020
     656.2336224149432837       0.9848075015470386
     656.2338225483656515       1.0385072566568851
     656.2340226817879056       1.1188696250319481
     656.2342228152101598       0.9940512930043042
     656.2344229486324139       1.0633055344223976
     656.2346230820547817       1.0371725521981716
     656.2348232154770358       1.0339372865855694
     656.2350233488992899       0.9960101456381381
     656.2352234823215440       0.9616268910467625
     656.2354236157439118       0.9768619630485773
     656.2356237491661659       1.0652442574501038
     656.2358238825884200       0.9393524155020714
     656.2360240160106741       1.0249234102666378
     656.2362241494330419       1.0471257865428925
     656.2364242828552960       1.0581002421677113
     656.2366244162775502       0.9152380675077438
     656.2368245496998043       1.0707789584994316
     656.2370246831221721       1.0651467964053154
     656.2372248165444262       1.0028413883410394
     656.2374249499666803       1.0505380928516388
     656.2376250833889344       1.0616029314696789
     656.2378252168113022       1.0322131887078285
     656.2380253502335563       0.9208080023527145
     656.2382254836558104       0.9722748007625341
     656.2384256170780645       0.9456996321678162
     656.2386257505003186       0.9728086590766907
     656.2388258839226864       1.0274140983819962
     656.2390260173449406       0.9136545062065125
     656.2392261507671947       0.9452832639217377
     656.2394262841894488       1.0842598527669907
     656.2396264176118166       1.0562705285847187
     656.2398265510340707       0.9717164058238268
     656.2400266844563248       1.0525434017181396
     656.2402268178785789       1.0379786901175976
     656.2404269513009467       0.9482207633554935
     656.2406270847232008       1.0102411489933729
     656.2408272181454549       0.9883550843223929
     656.2410273515677090       1.0439441092312336
     656.2412274849900768       0.9729752745479345
     656.2414276184123310       0.9963739844970405
     656.2416277518345851       0.9635145030915737
     656.2418278852568392       0.9041666239500046
     656.2420280186792070       1.0177449826151133
     656.2422281521014611       1.0065840142779052
     656.2424282855237152       0.9937219708226621
     656.2426284189459693       0.9313338473439217
     656.2428285523683371       0.9971937781665474
     656.2430286857905912       0.9974334796424955
     656.2432288192128453       0.9789492972195148
     656.2434289526350994       1.0339777879416943
     656.2436290860574672       1.0266965422779322
     656.2438292194797214       0.9656637832522392
     656.2440293529019755       0.9794152062386274
     656.2442294863242296       1.0634662583470345
     656.2444296197464837       0.9980069466400892
     656.2446297531688515       0.9988046968355775
     656.2448298865911056       0.9944841191172600
     656.2450300200133597       0.9901766721159220
     656.2452301534356138       0.9617637842893600
     656.2454302868579816       0.9706592056900263
     656.2456304202802357       1.0290015283972025
     656.2458305537024899       0.9599102176725864
     656.2460306871247440       1.0392924174666405
     656.2462308205471118       0.9845940079540014
     656.2464309539693659       0.9138355031609535
     656.2466310873916200       0.9983730649109930
     656.2468312208138741       1.1070287153124809
     656.2470313542362419       0.9688450563699007
     656.2472314876584960       1.0498578362166882
     656.2474316210807501       0.9681093581020832
     656.2476317545030042       1.0583631694316864
     656.2478318879253720       1.0258400049060583
     656.2480320213476261       1.1020530089735985
     656.2482321547698803       0.9955404242500663
     656.2484322881921344       0.9562973156571388
     656.2486324216145022       0.9716317355632782
     656.2488325550367563       1.0468896143138409
     656.2490326884590104       1.0412530265748501
     656.2492328218812645       1.0736229643225670
     656.2494329553035186       1.0290928184986115
     656.2496330887258864       0.9623327516019344
     656.2498332221481405       1.0641704052686691
     656.2500333555703946       1.0266046077013016
     656.2502334889926487       1.0352400317788124
     656.2504336224150165       0.9796071369200945
     656.2506337558372707       1.0031796020921320
     656.2508338892595248       1.0192594788968563
     656.2510340226817789       1.0829682126641273
     656.2512341561041467       1.0254644881933928
     656.2514342895264008       1.0409961938858032
     656.2516344229486549       0.9611551873385906
     656.2518345563709090       0.9870255040004849
     656.2520346897932768       1.0294213425368071
     656.2522348232155309       1.0103893941268325
     656.2524349566377850       1.0557468049228191
     656.2526350900600391       1.0465359203517437
     656.2528352234824069       0.9143538251519203
     656.2530353569046611       0.9897588752210140
     656.2532354903269152       1.0249249618500471
     656.2534356237491693       0.9598188735544682
     656.2536357571715371       1.0098846256732941
     656.2538358905937912       1.0674300268292427
     656.2540360240160453       0.9764409009367228
     656.2542361574382994       1.0015487811760977
     656.2544362908606672       1.0065927528776228
     656.2546364242829213       0.9500227123498917
     656.2548365577051754       1.0164564661681652
     656.2550366911274295       1.0363268069922924
     656.2552368245496837       1.0073095927946270
     656.2554369579720515       0.9985016199061647
     656.2556370913943056       1.0260709859430790
     656.2558372248165597       0.9956538085825741
     656.2560373582388138       0.9531971327960491
     656.2562374916611816       1.0276993867009878
     656.2564376250834357       1.0098464740440249
     656.2566377585056898       0.9505914859473705
     656.2568378919279439       0.8950460180640221
     656.2570380253503117       1.0986657813191414
     656.2572381587725658       1.0330509245395660
     656.2574382921948200       1.0675952285528183
     656.2576384256170741       0.9832444377243519
     656.2578385590394419       1.0537392161786556
     656.2580386924616960       1.1034654751420021
     656.2582388258839501       1.0393822900950909
     656.2584389593062042       0.8938076347112656
     656.2586390927285720       0.9800178799778223
     656.2588392261508261       0.9998800617759116
     656.2590393595730802       0.9511949643492699
     656.2592394929953343       0.9736876934766769
     656.2594396264177021       1.0243012551218271
     656.2596397598399562       1.0030042978469282
     656.2598398932622104       1.0230037551373243
     656.2600400266844645       1.0648871585726738
     656.2602401601067186       0.9970400582533330
     656.2604402935290864       1.0485354475677013
     656.2606404269513405       1.0894736275076866
     656.2608405603735946       1.0321751050651073
     656.2610406937958487       1.0036419467069209
     656.2612408272182165       0.9241432100534439
     656.2614409606404706       0.9497784376144409
     656.2616410940627247       1.0469158142805099
     656.2618412274849788       0.9792148564010859
     656.2620413609073466       1.0378217995166779
     656.2622414943296008       1.0005337615148164
     656.2624416277518549       0.9532900638878345
     656.2626417611741090       0.9896201994270086
     656.2628418945964768       1.0827365964651108
     656.2630420280187309       0.9725957419723272
     656.2632421614409850       1.0206327363848686
     656.2634422948632391       0.9830533210188150
     656.2636424282856069       0.9410692974925041
     656.2638425617078610       0.9642494991421700
     656.2640426951301151       0.9139675796031952
     656.2642428285523692       0.9270178601145744
     656.2644429619747370       1.0880494564771652
     656.2646430953969912       1.1241374164819717
     656.2648432288192453       1.0351508259773254
     656.2650433622414994       0.9870559992268682
     656.2652434956638672       1.0614114813506603
     656.2654436290861213       1.0201370641589165
     656.2656437625083754       1.0151221631094813
     656.2658438959306295       1.0799707323312759
     656.2660440293528836       0.9908119617030025
     656.2662441627752514       0.9994920401368290
     656.2664442961975055       0.9835160411894321
     656.2666444296197596       0.9898853320628405
     656.2668445630420138       1.0165546461939812
     656.2670446964643816       0.9867181191220880
     656.2672448298866357       0.9972658252809197
     656.2674449633088898       1.0111788390204310
     656.2676450967311439       1.0276067294180393
     656.2678452301535117       1.1560322642326355
     656.2680453635757658       1.0092456098645926
     656.2682454969980199       1.0052766059525311
     656.2684456304202740       0.9789091516286135
     656.2686457638426418       1.0708217769861221
     656.2688458972648959       0.9364002421498299
     656.2690460306871501       0.9866130873560905
     656.2692461641094042       1.0507927425205708
     656.2694462975317720       0.9940501525998116
     656.2696464309540261       0.9414848573505878
     656.2698465643762802       1.0121704488992691
     656.2700466977985343       0.9640004076063633
     656.2702468312209021       1.0079719955101609
     656.2704469646431562       0.9928990630432963
     656.2706470980654103       1.0322761647403240
     656.2708472314876644       1.0647867619991302
     656.2710473649099185       0.9706420693546534
     656.2712474983322863       1.0001141820248449
     656.2714476317545405       0.9811152573674917
     656.2716477651767946       0.8471534103155136
     656.2718478985990487       1.1202028766274452
     656.2720480320214165       0.9525527209043503
     656.2722481654436706       0.9322324395179749
     656.2724482988659247       1.0374984554946423
     656.2726484322881788       1.0244543589651585
     656.2728485657105466       1.0268379207700491
     656.2730486991328007       0.9984576191054657
     656.2732488325550548       1.0009065377525985
     656.2734489659773089       0.9484528191387653
     656.2736490993996767       0.9829788170754910
     656.2738492328219309       1.0223215129226446
     656.2740493662441850       0.9389632046222687
     656.2742494996664391       0.9759975913912058
     656.2744496330888069       0.9525838084518909
     656.2746497665110610       0.9846620140597224
     656.2748498999333151       1.0498495064675808
     656.2750500333555692       0.9424288570880890
     656.2752501667779370       1.0111594730988145
     656.2754503002001911       1.0181350260972977
     656.2756504336224452       1.0099908178672194
     656.2758505670446993       1.0199647750705481
     656.2760507004670671       1.1147654205560684
     656.2762508338893213       1.0041224197484553
     656.2764509673115754       0.9998737004352733
     656.2766511007338295       1.0003934700216632
     656.2768512341560836       1.1357873529195786
     656.2770513675784514       1.0478810928761959
     656.2772515010007055       0.9868388446047902
     656.2774516344229596       1.0341620407998562
     656.2776517678452137       1.0094300573691726
     656.2778519012675815       1.0018554882844910
     656.2780520346898356       1.0207675937563181
     656.2782521681120897       1.0125523386523128
     656.2784523015343439       1.0689041912555695
     656.2786524349567117       1.0997474640607834
     656.2788525683789658       0.9820252824574709
     656.2790527018012199       1.0337986387312412
     656.2792528352234740       0.9840818978846073
     656.2794529686458418       1.0237418022006750
     656.2796531020680959       0.9681747630238533
     656.2798532354903500       0.9261370971798897
     656.2800533689126041       1.0431054718792439
     656.2802535023349719       0.9984824210405350
     656.2804536357572260       0.9822815768420696
     656.2806537691794802       0.9242945089936256
     656.2808539026017343       1.0468448884785175
     656.2810540360241021       0.8986151888966560
     656.2812541694463562       1.1199588105082512
     656.2814543028686103       1.0259164776653051
     656.2816544362908644       1.0112147321924567
     656.2818545697131185       1.0417947173118591
     656.2820547031354863       1.0284554455429316
     656.2822548365577404       0.9665432237088680
     656.2824549699799945       0.9181303903460503
     656.2826551034022486       1.0707810893654823
     656.2828552368246164       0.9037009179592133
     656.2830553702468706       0.9958258247934282
     656.2832555036691247       1.0219871718436480
     656.2834556370913788       0.9708802308887243
     656.2836557705137466       0.9565942324697971
     656.2838559039360007       0.9935808768495917
     656.2840560373582548       0.9681658670306206
     656.2842561707805089       1.0132223833352327
     656.2844563042028767       1.0056612524203956
     656.2846564376251308       0.9931803271174431
     656.2848565710473849       0.9501897655427456
     656.2850567044696390       0.9595629535615444
     656.2852568378920068       0.9482799358665943
     656.2854569713142610       1.0023684375919402
     656.2856571047365151       0.9108072891831398
     656.2858572381587692       0.9680078774690628
     656.2860573715811370       0.9749373905360699
     656.2862575050033911       0.9924720698036253
     656.2864576384256452       1.0377510637044907
     656.2866577718478993       0.9926375695504248
     656.2868579052702671       0.9356313943862915
     656.2870580386925212       0.9393262974917889
     656.2872581721147753       1.0444345735013485
     656.2874583055370294       0.9577761553227901
     656.2876584389592836       1.0104310689494014
     656.2878585723816514       0.9932318185456097
     656.2880587058039055       1.0138834910467267
     656.2882588392261596       1.0809473022818565
     656.2884589726484137       0.9879493834450841
     656.2886591060707815       1.0630666762590408
     656.2888592394930356       0.9897015895694494
     656.2890593729152897       1.1065507754683495
     656.2892595063375438       1.0263600386679173
     656.2894596397599116       1.0583426542580128
     656.2896597731821657       1.0447451286017895
     656.2898599066044198       0.9766570944339037
     656.2900600400266740       1.0462474040687084
     656.2902601734490418       0.9776201676577330
     656.2904603068712959       0.9793070536106825
     656.2906604402935500       0.9924162230454385
     656.2908605737158041       0.9633182473480701
     656.2910607071381719       1.1179000884294510
     656.2912608405604260       0.9991310814511962
     656.2914609739826801       1.0357477366924286
     656.2916611074049342       0.9454212225973606
     656.2918612408273020       1.0516181960701942
     656.2920613742495561       1.0025359897408634
     656.2922615076718103       1.0501189604401588
     656.2924616410940644       0.9465988762676716
     656.2926617745164322       1.0032694132532924
     656.2928619079386863       0.9889373043552041
     656.2930620413609404       1.0777506008744240
     656.2932621747831945       0.9814259614795446
     656.2934623082054486       0.9162801429629326
     656.2936624416278164       1.0286942012608051
     656.2938625750500705       0.9605415090918541
     656.2940627084723246       0.9751103613525629
     656.2942628418945787       1.0515053980052471
     656.2944629753169465       0.9806081894785166
     656.2946631087392007       1.0674781873822212
     656.2948632421614548       0.9402136541903019
     656.2950633755837089       0.9674434959888458
     656.2952635090060767       0.9338997676968575
     656.2954636424283308       1.0229621734470129
     656.2956637758505849       0.9475894160568714
     656.2958639092728390       0.9722094982862473
     656.2960640426952068       0.9591576233506203
     656.2962641761174609       0.9848551796749234
     656.2964643095397150       1.0207621082663536
     656.2966644429619691       1.0715535655617714
     656.2968645763843369       1.0242291316390038
     656.2970647098065911       0.9602946676313877
     656.2972648432288452       0.9371870905160904
     656.2974649766510993       0.9680439233779907
     656.2976651100734671       1.0080122789368033
     656.2978652434957212       1.0773553326725960
     656.2980653769179753       1.0613394565880299
     656.2982655103402294       1.0492317788302898
     656.2984656437624835       1.0027874882798642
     656.2986657771848513       0.9972302233800292
     656.2988659106071054       1.0262281801551580
     656.2990660440293595       0.9617395959794521
     656.2992661774516137       1.0232182443141937
     656.2994663108739815       1.0497341714799404
     656.2996664442962356       0.9756760150194168
     656.2998665777184897       1.0247992575168610
     656.3000667111407438       0.9984420981490985
     656.3002668445631116       1.0411394499242306
     656.3004669779853657       1.0346648581326008
     656.3006671114076198       1.0361131578683853
     656.3008672448298739       1.0236755181103945
     656.3010673782522417       0.9600464217364788
     656.3012675116744958       1.0888659134507179
     656.3014676450967499       0.9578695371747017
     656.3016677785190041       1.0980703234672546
     656.3018679119413719       0.9933540956117213
     656.3020680453636260       1.0024282678496093
     656.3022681787858801       0.9696653932332993
     656.3024683122081342       0.8980238884687424
     656.3026684456305020       1.0563993938267231
     656.3028685790527561       0.9680006988346577
     656.3030687124750102       0.9380406364798546
     656.3032688458972643       1.0085815526545048
     656.3034689793196321       0.9402767755091190
     656.3036691127418862       0.9058179482817650
     656.3038692461641403       0.9677606858313084
     656.3040693795863945       0.9902447545900941
     656.3042695130086486       1.0012844365555793
     656.3044696464310164       1.0552866831421852
     656.3046697798532705       1.0801696628332138
     656.3048699132755246       0.9325363710522652
     656.3050700466977787       1.0393657945096493
     656.3052701801201465       1.0109688853845000
     656.3054703135424006       1.0241861194372177
     656.3056704469646547       1.0434334352612495
     656.3058705803869088       1.0217656269669533
     656.3060707138092766       0.9962393022142351
     656.3062708472315308       1.0658969804644585
     656.3064709806537849       0.9617968387901783
     656.3066711140760390       1.0753552764654160
     656.3068712474984068       1.0458447821438313
     656.3070713809206609       1.0318864360451698
     656.3072715143429150       1.0163001175969839
     656.3074716477651691       0.9484056122601032
     656.3076717811875369       0.9868938457220793
     656.3078719146097910       0.8911169171333313
     656.3080720480320451       1.0371058695018291
     656.3082721814542992       1.0337370783090591
     656.3084723148766670       0.9031141176819801
     656.3086724482989212       1.0339102037250996
     656.3088725817211753       0.9682885929942131
     656.3090727151434294       1.0048953350633383
     656.3092728485656835       1.0386659130454063
     656.3094729819880513       1.0265502128750086
     656.3096731154103054       0.9485078155994415
     656.3098732488325595       0.9499602653086185
     656.3100733822548136       1.0861056670546532
     656.3102735156771814       0.9592975229024887
     656.3104736490994355       0.9052317664027214
     656.3106737825216896       0.9686057455837727
     656.3108739159439438       0.9404397606849670
     656.3110740493663116       0.9093094915151596
     656.3112741827885657       0.9831203687936068
     656.3114743162108198       0.9377807974815369
     656.3116744496330739       0.9966034367680550
     656.3118745830554417       0.9714536927640438
     656.3120747164776958       0.9693946186453104
     656.3122748498999499       0.9677752330899239
     656.3124749833222040       1.0576074309647083
     656.3126751167445718       1.0004563416005112
     656.3128752501668259       0.9523941501975060
     656.3130753835890800       0.9671892076730728
     656.3132755170113342       0.9654078632593155
     656.3134756504337020       1.0143483225256205
     656.3136757838559561       0.9484847113490105
     656.3138759172782102       1.0234082173556089
     656.3140760507004643       0.9893361963331699
     656.3142761841228321       0.9957636469043791
     656.3144763175450862       1.0379457734525204
     656.3146764509673403       0.9609315097332001
     656.3148765843895944       0.9790489338338375
     656.3150767178118485       0.8674099296331406
     656.3152768512342163       1.0555042736232281
     656.3154769846564704       1.0688963457942009
     656.3156771180787246       1.0438815169036388
     656.3158772515009787       0.9219747334718704
     656.3160773849233465       0.9993420632090420
     656.3162775183456006       0.9831464160233736
     656.3164776517678547       1.0583416335284710
     656.3166777851901088       1.0751240551471710
     656.3168779186124766       1.0187669899314642
     656.3170780520347307       0.9700053781270981
     656.3172781854569848       1.0115519585087895
     656.3174783188792389       1.0403283797204494
     656.3176784523016067       0.9636416360735893
     656.3178785857238609       0.9339666217565536
     656.3180787191461150       0.9658752195537090
     656.3182788525683691       0.9853376029059291
     656.3184789859907369       0.9418067857623100
     656.3186791194129910       1.0456148944795132
     656.3188792528352451       0.9729462265968323
     656.3190793862574992       1.0040398566052318
     656.3192795196798670       0.9699248131364584
     656.3194796531021211       1.0327256135642529
     656.3196797865243752       1.0181763619184494
     656.3198799199466293       1.0652379319071770
     656.3200800533688835       1.0181008651852608
     656.3202801867912513       1.0037085176445544
     656.3204803202135054       0.9601751938462257
     656.3206804536357595       1.0411304421722889
     656.3208805870580136       1.0292222630232573
     656.3210807204803814       1.1009095460176468
     656.3212808539026355       1.0523370169103146
     656.3214809873248896       0.9812942240387201
     656.3216811207471437       0.9549191929399967
     656.3218812541695115       0.9833084288984537
     656.3220813875917656       0.9473055638372898
     656.3222815210140197       0.9193340390920639
     656.3224816544362739       0.9741758573800325
     656.3226817878586417       0.9572816155850887
     656.3228819212808958       0.9877808839082718
     656.3230820547031499       0.9964118525385857
     656.3232821881254040       1.0608121268451214
     656.3234823215477718       0.9464916586875916
     656.3236824549700259       0.9496378228068352
     656.3238825883922800       0.9909561956301332
     656.3240827218145341       0.8982262387871742
     656.3242828552369019       1.0938198417425156
     656.3244829886591560       0.9242338612675667
     656.3246831220814101       1.0338551476597786
     656.3248832555036643       0.9833549223840237
     656.3250833889260321       1.0372328795492649
     656.3252835223482862       1.0288397353142500
     656.3254836557705403       0.8743098229169846
     656.3256837891927944       1.0175289344042540
     656.3258839226150485       0.9784539360553026
     656.3260840560374163       0.8995678871870041
     656.3262841894596704       0.9223988354206085
     656.3264843228819245       0.9828865770250559
     656.3266844563041786       1.0085760504007339
     656.3268845897265464       1.0217835213989019
     656.3270847231488005       0.9790072664618492
     656.3272848565710547       0.9758417382836342
     656.3274849899933088       1.0189817845821381
     656.3276851234156766       0.9705150779336691
     656.3278852568379307       1.0338806509971619
     656.3280853902601848       0.9918457157909870
     656.3282855236824389       0.8957367390394211
     656.3284856571048067       1.0220582094043493
     656.3286857905270608       0.9730933457612991
     656.3288859239493149       1.0047550518065691
     656.3290860573715690       1.0256978366523981
     656.3292861907939368       0.9873911067843437
     656.3294863242161910       0.9526470676064491
     656.3296864576384451       0.9522663950920105
     656.3298865910606992       0.9175356999039650
     656.3300867244830670       0.9500074535608292
     656.3302868579053211       0.9768143538385630
     656.3304869913275752       1.0072310240939260
     656.3306871247498293       0.9065280184149742
     656.3308872581721971       1.0346152149140835
     656.3310873915944512       0.9092547073960303
     656.3312875250167053       1.0159271433949468
     656.3314876584389594       0.9851891202852128
     656.3316877918612136       0.9816664159297940
     656.3318879252835814       0.9698718730360264
     656.3320880587058355       1.0288574229925862
     656.3322881921280896       0.9619689844548689
     656.3324883255503437       1.0077282884158174
     656.3326884589727115       0.9515962637960881
     656.3328885923949656       0.9817604292184070
     656.3330887258172197       0.9782709386199647
     656.3332888592394738       0.9953481894917690
     656.3334889926618416       1.0057805604301251
     656.3336891260840957       0.9879080690443305
     656.3338892595063498       1.0114482687785911
     656.3340893929286040       1.0016481695929089
     656.3342895263509718       0.9434101283549599
     656.3344896597732259       0.9970592216121926
     656.3346897931954800       1.0024523441678364
     656.3348899266177341       0.9610292278228141
     656.3350900600401019       0.9231372699138534
     656.3352901934623560       0.9194100275631429
     656.3354903268846101       0.8960718736046330
     656.3356904603068642       0.9676394127300434
     656.3358905937292320       0.9486833102988371
     656.3360907271514861       0.9249661043268089
     656.3362908605737402       1.0064274454463331
     656.3364909939959944       1.0833269357644242
     656.3366911274182485       1.0276400949753397
     656.3368912608406163       0.9915338242352053
     656.3370913942628704       0.9509716443612288
     656.3372915276851245       0.9320865347833223
     656.3374916611073786       1.0906090363651773
     656.3376917945297464       1.0382088385230226
     656.3378919279520005       0.9735187794604602
     656.3380920613742546       1.0455161742296015
     656.3382921947965087       1.0357456877034386
     656.3384923282188765       0.9073615967126232
     656.3386924616411306       1.0646360738540837
     656.3388925950633848       0.9343002212921827
     656.3390927284856389       1.0139107524309776
     656.3392928619080067       0.9897251348680201
     656.3394929953302608       1.0577219197647993
     656.3396931287525149       1.0052558134285352
     656.3398932621747690       1.0527242486413328
     656.3400933955971368       0.9867071877330160
     656.3402935290193909       1.0052185910551192
     656.3404936624416450       0.9954081236039144
     656.3406937958638991       1.0220565798726793
     656.3408939292862669       0.9140769271374142
     656.3410940627085211       1.1038368654526136
     656.3412941961307752       1.0769962286879591
     656.3414943295530293       0.9696373380819667
     656.3416944629753971       0.9725803546705171
     656.3418945963976512       0.9814090176755941
     656.3420947298199053       0.9699938332418375
     656.3422948632421594       0.9738554029148760
     656.3424949966644135       1.0899745586039871
     656.3426951300867813       0.9472887842250335
     656.3428952635090354       1.0320116008101961
     656.3430953969312895       0.9774180801044335
     656.3432955303535437       0.9515929909229894
     656.3434956637759115       1.0427330260522210
     656.3436957971981656       1.0612473860495446
     656.3438959306204197       1.0167806635200285
     656.3440960640426738       1.0405510325050287
     656.3442961974650416       1.0502313547415429
     656.3444963308872957       0.9236868133829411
     656.3446964643095498       1.0132684175701021
     656.3448965977318039       0.9950722677563021
     656.3450967311541717       1.0482939407280165
     656.3452968645764258       0.9939288778974850
     656.3454969979986799       1.0209429687415743
     656.3456971314209341       1.0466468312004835
     656.3458972648433019       0.9385833135614076
     656.3460973982655560       0.9695191157084816
     656.3462975316878101       0.9385199127506489
     656.3464976651100642       1.0726745858273374
     656.3466977985324320       1.0038133901499089
     656.3468979319546861       0.9892219852771515
     656.3470980653769402       0.9829995382497132
     656.3472981987991943       0.9384153135308211
     656.3474983322214484       0.9894652700228213
     656.3476984656438162       0.9648637537179349
     656.3478985990660703       1.0349999686991178
     656.3480987324883245       1.0113782721437317
     656.3482988659105786       1.0627619749963486
     656.3484989993329464       0.9660656532587300
     656.3486991327552005       1.0171366470345193
     656.3488992661774546       1.0091226863338925
     656.3490993995997087       1.0077904252127916
     656.3492995330220765       0.9679234092556696
     656.3494996664443306       0.9112135812179396
     656.3496997998665847       1.0296583603228466
     656.3498999332888388       0.9477205115801383
     656.3501000667112066       1.0314592474750026
     656.3503002001334607       0.9246916234132356
     656.3505003335557149       0.9581253251657925
     656.3507004669779690       0.8922528343179496
     656.3509006004003368       0.9968379533136933
     656.3511007338225909       1.0138717533251762
     656.3513008672448450       0.9922527052627907
     656.3515010006670991       0.9716150035986914
     656.3517011340894669       1.0176347701422501
     656.3519012675117210       0.9831983450226112
     656.3521014009339751       0.9603927255486047
     656.3523015343562292       0.9749166810628328
     656.3525016677785970       0.9655414867828527
     656.3527018012008512       1.0871982624038132
     656.3529019346231053       1.0527661879402137
     656.3531020680453594       0.9996965738297591
     656.3533022014676135       0.9193281617740913
     656.3535023348899813       0.9627804636458004
     656.3537024683122354       0.9371861036552028
     656.3539026017344895       0.9938057422537513
     656.3541027351567436       1.0011821981531219
     656.3543028685791114       0.9972849572484346
     656.3545030020013655       1.0479814407862829
     656.3547031354236196       1.0101259662688564
     656.3549032688458738       0.9937540215701858
     656.3551034022682416       0.9651524560401608
     656.3553035356904957       1.0024225508881757
     656.3555036691127498       1.0665724600994826
     656.3557038025350039       0.9897481925535279
     656.3559039359573717       0.9296023560527695
     656.3561040693796258       0.9301936961574530
     656.3563042028018799       0.9521663627955328
     656.3565043362241340       1.0364082878491723
     656.3567044696465018       0.9221486635345790
     656.3569046030687559       1.0583827460185957
     656.3571047364910100       0.9134971191315393
     656.3573048699132642       0.9020169414242608
     656.3575050033356320       0.9557507674937465
     656.3577051367578861       0.9118166397528479
     656.3579052701801402       1.0677517114189539
     656.3581054036023943       0.9125486085784728
     656.3583055370246484       0.9445957623434915
     656.3585056704470162       0.9851803977451111
     656.3587058038692703       0.8893863059550405
     656.3589059372915244       0.9480591761551219
     656.3591060707137785       0.9763693568000107
     656.3593062041361463       0.8017830881178944
     656.3595063375584004       0.9183639086658651
     656.3597064709806546       0.9721123457535215
     656.3599066044029087       0.9256860220245559
     656.3601067378252765       0.9456455338003293
     656.3603068712475306       0.8929996361118946
     656.3605070046697847       0.8515086741368618
     656.3607071380920388       0.9023795005349294
     656.3609072715144066       0.8137671043819388
     656.3611074049366607       0.8581415071059519
     656.3613075383589148       0.8413703990256005
     656.3615076717811689       0.8694129362676088
     656.3617078052035367       0.8890344931371180
     656.3619079386257908       0.8650680416418928
     656.3621080720480450       0.8239858089068954
     656.3623082054702991       0.8584461233209890
     656.3625083388926669       0.8449480983065965
     656.3627084723149210       0.8075472941370991
     656.3629086057371751       0.8078089018240692
     656.3631087391594292       0.7920107144680277
     656.3633088725817970       0.7552307547561992
     656.3635090060040511       0.7527046968845204
     656.3637091394263052       0.8352082866405729
     656.3639092728485593       0.7822118124078419
     656.3641094062708135       0.7689666185416535
     656.3643095396931813       0.8386827592463925
     656.3645096731154354       0.8591019562253750
     656.3647098065376895       0.8265404147479503
     656.3649099399599436       0.7513938081467821
     656.3651100733823114       0.7345833857882722
     656.3653102068045655       0.8824623683131299
     656.3655103402268196       0.8429605702032248
     656.3657104736490737       0.8731007942767441
     656.3659106070714415       0.8342892113389386
     656.3661107404936956       0.8270270843467176
     656.3663108739159497       0.8526479535816491
     656.3665110073382039       0.8591219308349490
     656.3667111407605717       0.8270311173797835
     656.3669112741828258       0.9001191316315340
     656.3671114076050799       0.7799720424270956
     656.3673115410273340       0.8912618965004225
     656.3675116744497018       0.8700103534097290
     656.3677118078719559       0.8678154484248631
     656.3679119412942100       0.8481201947820189
     656.3681120747164641       0.8614649123108944
     656.3683122081388319       0.8618249451301164
     656.3685123415610860       0.8365129532768338
     656.3687124749833401       0.8391559933521452
     656.3689126084055943       0.8827055070823547
     656.3691127418278484       0.9011941477555954
     656.3693128752502162       0.9041444685036960
     656.3695130086724703       0.9649411534319426
     656.3697131420947244       0.9524258732739319
     656.3699132755169785       0.9324636782264827
     656.3701134089393463       0.8816217789501263
     656.3703135423616004       1.0584153536878527
     656.3705136757838545       0.9461320645056551
     656.3707138092061086       0.9527403384675373
     656.3709139426284764       0.9529270508266260
     656.3711140760507305       0.9732196559178055
     656.3713142094729847       0.9718598417357752
     656.3715143428952388       0.9870113790924679
     656.3717144763176066       0.9726193509033780
     656.3719146097398607       0.9300321889420189
     656.3721147431621148       1.0278790079589721
     656.3723148765843689       0.9833019474183214
     656.3725150100067367       0.9999653102051486
     656.3727151434289908       0.9347952292344590
     656.3729152768512449       0.9930493311496971
     656.3731154102734990       0.9717414065812684
     656.3733155436958668       0.9990817575646055
     656.3735156771181209       1.0816853148159198
     656.3737158105403751       1.0298398006361109
     656.3739159439626292       0.9780868066619214
     656.3741160773849970       0.9632866591455488
     656.3743162108072511       1.0407382146573778
     656.3745163442295052       1.0414524530342806
     656.3747164776517593       0.9801446640878344
     656.3749166110740134       0.9804125557762068
     656.3751167444963812       0.9203120688442921
     656.3753168779186353       1.0092691174171056
     656.3755170113408894       1.0338021957296570
     656.3757171447631436       0.9657898498555171
     656.3759172781855113       1.0325484755272523
     656.3761174116077655       1.0007286516961367
     656.3763175450300196       0.9057982804794894
     656.3765176784522737       0.8902729476037051
     656.3767178118746415       0.9963456121623165
     656.3769179452968956       0.9037129868675502
     656.3771180787191497       1.0345904016256799
     656.3773182121414038       0.9774280090644905
     656.3775183455637716       0.9757925613801580
     656.3777184789860257       0.9521204945290106
     656.3779186124082798       0.9381249367625867
     656.3781187458305340       0.9665678495935287
     656.3783188792529018       0.9634444246435852
     656.3785190126751559       0.9857280879896453
     656.3787191460974100       0.9501739823372888
     656.3789192795196641       0.9798009446930053
     656.3791194129420319       1.0023069839144449
     656.3793195463642860       0.9571132799483199
     656.3795196797865401       1.0073637606292389
     656.3797198132087942       0.9153507413162092
     656.3799199466311620       0.9679740367715451
     656.3801200800534161       0.9641637613621926
     656.3803202134756702       1.0521448885411557
     656.3805203468979244       1.1280742764724727
     656.3807204803201785       0.9560676143649804
     656.3809206137425463       0.9598410556029260
     656.3811207471648004       0.9836025491035494
     656.3813208805870545       0.9730046723043357
     656.3815210140093086       1.0096268746080956
     656.3817211474316764       0.9906553378074322
     656.3819212808539305       1.0017187720505991
     656.3821214142761846       1.0275595348660604
     656.3823215476984387       0.9279053408447178
     656.3825216811208065       1.0594226060092460
     656.3827218145430606       0.9551297669114182
     656.3829219479653148       0.9885908845449459
     656.3831220813875689       1.0314539109119103
     656.3833222148099367       1.0211320037333287
     656.3835223482321908       1.0134292319098099
     656.3837224816544449       0.9724051413970678
     656.3839226150766990       1.0109390562760723
     656.3841227484990668       0.9994708881374768
     656.3843228819213209       0.9500044939933362
     656.3845230153435750       0.9641634390472622
     656.3847231487658291       0.9705575385245123
     656.3849232821881969       0.9472599842128692
     656.3851234156104510       0.9806238329922125
     656.3853235490327052       0.9401198032273401
     656.3855236824549593       0.9527944573077134
     656.3857238158772134       1.0751796291715625
     656.3859239492995812       0.9962096820702607
     656.3861240827218353       0.9387467386518126
     656.3863242161440894       1.0323138740825475
     656.3865243495663435       0.9847151232973684
     656.3867244829887113       0.9832197784894350
     656.3869246164109654       0.9575456328623114
     656.3871247498332195       1.0102499440190247
     656.3873248832554737       0.9727662844461342
     656.3875250166778414       1.0128089589091871
     656.3877251501000956       0.9649848900075059
     656.3879252835223497       1.0302795925839010
     656.3881254169446038       0.9180755328976000
     656.3883255503669716       1.0045347506982250
     656.3885256837892257       1.0683612937831144
     656.3887258172114798       0.9868325490909269
     656.3889259506337339       1.0085041606461325
     656.3891260840561017       1.0282728099260592
     656.3893262174783558       0.9376737763147902
     656.3895263509006099       0.9346671618441804
     656.3897264843228641       1.0273358127183267
     656.3899266177452319       0.8278725292241607
     656.3901267511674860       1.0284491830376077
     656.3903268845897401       1.0099851542824509
     656.3905270180119942       0.9029453767789841
     656.3907271514343620       1.0875884814940910
     656.3909272848566161       1.0362392774914995
     656.3911274182788702       1.0238480604610558
     656.3913275517011243       0.9981409428462230
     656.3915276851233784       1.0256461202803844
     656.3917278185457462       1.0477845370559482
     656.3919279519680003       1.0168920662104672
     656.3921280853902545       1.0361142754448704
     656.3923282188125086       1.0249528195633921
     656.3925283522348764       0.9973762866522261
     656.3927284856571305       1.0330701656602237
     656.3929286190793846       0.9902264820385566
     656.3931287525016387       1.0533584542554111
     656.3933288859240065       0.9515512548374195
     656.3935290193462606       1.0512894354751683
     656.3937291527685147       1.0577315948897326
     656.3939292861907688       1.0335103198881592
     656.3941294196131366       1.0125246793028697
     656.3943295530353907       1.0405053831634838
     656.3945296864576449       0.9636802002786166
     656.3947298198798990       1.0116169797255612
     656.3949299533022668       0.9767338410019204
     656.3951300867245209       1.1048324704169770
     656.3953302201467750       0.9896638290956304
     656.3955303535690291       0.9406617172062185
     656.3957304869913969       1.0015377484960337
     656.3959306204136510       0.9924203618429503
     656.3961307538359051       0.9889190178364450
     656.3963308872581592       1.0308969896286682
     656.3965310206804133       1.0072063142433731
     656.3967311541027811       1.0722907483577708
     656.3969312875250353       1.0373042337596403
     656.3971314209472894       1.0180696696043006
     656.3973315543695435       0.9370707646012301
     656.3975316877919113       0.9204349443316455
     656.3977318212141654       1.0077373073436318
     656.3979319546364195       0.9891792498528955
     656.3981320880586736       0.9776533618569373
     656.3983322214810414       1.0219243820756674
     656.3985323549032955       0.9920777808874846
     656.3987324883255496       0.9325862303376198
     656.3989326217478038       0.9622343406081200
     656.3991327551701715       0.9253985062241554
     656.3993328885924257       1.0237025003880262
     656.3995330220146798       1.0118094058707356
     656.3997331554369339       0.9444615878164768
     656.3999332888593017       1.0392222292721272
     656.4001334222815558       1.0252568032592535
     656.4003335557038099       1.0648696273565292
     656.4005336891260640       1.0157616194337606
     656.4007338225484318       1.0512896887958050
     656.4009339559706859       0.9753808341920376
     656.4011340893929400       1.1140273809432983
     656.4013342228151942       0.9622582681477070
     656.4015343562375620       0.9298921674489975
     656.4017344896598161       0.8948428034782410
     656.4019346230820702       0.9734931290149689
     656.4021347565043243       1.0011812947923318
     656.4023348899265784       0.9376907870173454
     656.4025350233489462       1.0473896376788616
     656.4027351567712003       0.9524191617965698
     656.4029352901934544       1.0230774953961372
     656.4031354236157085       0.9356707260012627
     656.4033355570380763       0.9330436214804649
     656.4035356904603304       1.1259687989950180
     656.4037358238825846       1.0359226986765862
     656.4039359573048387       0.9940586937591434
     656.4041360907272065       1.0213835556060076
     656.4043362241494606       1.0201686769723892
     656.4045363575717147       1.0134135829284787
     656.4047364909939688       1.1039219275116920
     656.4049366244163366       0.9500014968216419
     656.4051367578385907       1.1053777858614922
     656.4053368912608448       1.0640724748373032
     656.4055370246830989       0.9301474988460541
     656.4057371581054667       1.1074420735239983
     656.4059372915277208       1.0458557941019535
     656.4061374249499750       1.0365230776369572
     656.4063375583722291       1.0552266128361225
     656.4065376917945969       1.0023063106928021
     656.4067378252168510       1.0129455700516701
     656.4069379586391051       0.9183586537837982
     656.4071380920613592       0.9991573292645626
     656.4073382254836133       1.0057486197911203
     656.4075383589059811       1.0532158017158508
     656.4077384923282352       0.9089604690670967
     656.4079386257504893       1.0371905006468296
     656.4081387591727434       0.9532183334231377
     656.4083388925951112       0.9886935697868466
     656.4085390260173654       1.0368965826928616
     656.4087391594396195       1.1004221588373184
     656.4089392928618736       1.0312280543148518
     656.4091394262842414       0.8787344321608543
     656.4093395597064955       1.0259498637169600
     656.4095396931287496       0.9983668967615813
     656.4097398265510037       1.0260082427412271
     656.4099399599733715       0.9849814372137189
     656.4101400933956256       0.9865098679438233
     656.4103402268178797       1.0261262655258179
     656.4105403602401339       0.9761139769107103
     656.4107404936625016       0.9723927229642868
     656.4109406270847558       1.0415555201470852
     656.4111407605070099       1.0650363937020302
     656.4113408939292640       0.9628832936286926
     656.4115410273516318       0.9554336667060852
     656.4117411607738859       1.0487623810768127
     656.4119412941961400       0.8932554125785828
     656.4121414276183941       0.9149339497089386
     656.4123415610407619       1.0457556061446667
     656.4125416944630160       0.9624450691044331
     656.4127418278852701       0.9218547493219376
     656.4129419613075243       1.0688284561038017
     656.4131420947297784       1.0227044820785522
     656.4133422281521462       0.9239290803670883
     656.4135423615744003       0.9679948724806309
     656.4137424949966544       1.0096661439165473
     656.4139426284189085       0.9960522935725749
     656.4141427618412763       0.9621838070452213
     656.4143428952635304       0.9687365777790546
     656.4145430286857845       1.0858541727066040
     656.4147431621080386       0.9179049804806709
     656.4149432955304064       0.9700726531445980
     656.4151434289526605       0.9969384539872408
     656.4153435623749147       0.9321876540780067
     656.4155436957971688       0.9966256637126207
     656.4157438292195366       0.9825608991086483
     656.4159439626417907       1.0329927764832973
     656.4161440960640448       1.0193767435848713
     656.4163442294862989       1.0564493909478188
     656.4165443629086667       0.9409479796886444
     656.4167444963309208       1.0924940556287766
     656.4169446297531749       0.9293648749589920
     656.4171447631754290       1.0666862875223160
     656.4173448965977968       0.9969166864175349
     656.4175450300200509       1.0650390014052391
     656.4177451634423051       0.9359313547611237
     656.4179452968645592       1.0073278131894767
     656.4181454302869270       0.9910625945776701
     656.4183455637091811       0.9678691104054451
     656.4185456971314352       0.9476547278463840
     656.4187458305536893       1.0141586512327194
     656.4189459639759434       1.0790336653590202
     656.4191460973983112       0.9780950788408518
     656.4193462308205653       0.9400976039469242
     656.4195463642428194       0.9289809614419937
     656.4197464976650735       0.9750619474798441
     656.4199466310874413       0.9237559884786606
     656.4201467645096955       1.0483551099896431
     656.4203468979319496       1.0204111244529486
     656.4205470313542037       0.9664472490549088
     656.4207471647765715       0.9418884702026844
     656.4209472981988256       1.0432409159839153
     656.4211474316210797       1.0558078289031982
     656.4213475650433338       0.9556467458605766
     656.4215476984657016       0.9782571364194155
     656.4217478318879557       0.9638240896165371
     656.4219479653102098       0.9343109130859375
     656.4221480987324640       0.9984616047004238
     656.4223482321548317       0.9136096909642220
     656.4225483655770859       1.0184598024934530
     656.4227484989993400       1.0193628873676062
     656.4229486324215941       0.9752116836607456
     656.4231487658439619       0.9686647243797779
     656.4233488992662160       1.0255862157791853
     656.4235490326884701       0.9424226880073547
     656.4237491661107242       0.9342855736613274
     656.4239492995329783       0.9275415316224098
     656.4241494329553461       0.9920222098007798
     656.4243495663776002       1.0830455273389816
     656.4245496997998544       0.9970341415610164
     656.4247498332221085       0.9950208128429949
     656.4249499666444763       0.9385841600596905
     656.4251501000667304       1.1219228133559227
     656.4253502334889845       1.1117420196533203
     656.4255503669112386       1.0023693700786680
     656.4257505003336064       1.0322582162916660
     656.4259506337558605       0.9543688073754311
     656.4261507671781146       1.0188738480210304
     656.4263509006003687       1.0166772697120905
     656.4265510340227365       0.9948195428587496
     656.4267511674449906       1.0073057599365711
     656.4269513008672448       0.9801948424428701
     656.4271514342894989       1.0225763693451881
     656.4273515677118667       1.0468949526548386
     656.4275517011341208       1.0230977665632963
     656.4277518345563749       0.9578271321952343
     656.4279519679786290       0.9188286438584328
     656.4281521014009968       1.0065668667666614
     656.4283522348232509       0.9224496260285378
     656.4285523682455050       0.9939298280514777
     656.4287525016677591       1.0380898006260395
     656.4289526350901269       0.9905819976702332
     656.4291527685123810       1.0421486385166645
     656.4293529019346352       1.0870590135455132
     656.4295530353568893       1.0123753035441041
     656.4297531687791434       0.9737230148166418
     656.4299533022015112       1.0519109778106213
     656.4301534356237653       0.9354612827301025
     656.4303535690460194       0.9859962472692132
     656.4305537024682735       0.9998632041824749
     656.4307538358906413       1.1231393441557884
     656.4309539693128954       1.0695578306913376
     656.4311541027351495       0.9458292908966541
     656.4313542361574036       1.0148882670328021
     656.4315543695797714       1.0448150075972080
     656.4317545030020256       1.0123956445604563
     656.4319546364242797       0.9469508938491344
     656.4321547698465338       0.9796523042023182
     656.4323549032689016       0.9850867437198758
     656.4325550366911557       0.9811883252114058
     656.4327551701134098       0.9945395514369011
     656.4329553035356639       1.0536607764661312
     656.4331554369580317       0.9284380897879601
     656.4333555703802858       1.0484885200858116
     656.4335557038025399       0.9495242461562157
     656.4337558372247940       0.9580172635614872
     656.4339559706471618       1.0552394278347492
     656.4341561040694160       1.0838117673993111
     656.4343562374916701       1.0034899504389614
     656.4345563709139242       1.0689569935202599
     656.4347565043361783       0.9584504626691341
     656.4349566377585461       0.9598421603441238
     656.4351567711808002       1.0042211692780256
     656.4353569046030543       1.0293953251093626
     656.4355570380253084       1.0740224793553352
     656.4357571714476762       0.9767177272588015
     656.4359573048699303       1.0377247110009193
     656.4361574382921845       1.0584295354783535
     656.4363575717144386       0.9421620294451714
     656.4365577051368064       1.0628371760249138
     656.4367578385590605       1.1063005551695824
     656.4369579719813146       0.9646238721907139
     656.4371581054035687       1.0036840722896159
     656.4373582388259365       1.0096274260431528
     656.4375583722481906       0.9519590921700001
     656.4377585056704447       0.9611258395016193
     656.4379586390926988       0.9768330845981836
     656.4381587725150666       1.0554210320115089
     656.4383589059373207       0.9217450022697449
     656.4385590393595749       0.9551219940185547
     656.4387591727818290       1.0871881693601608
     656.4389593062041968       1.0068444013595581
     656.4391594396264509       1.0298945605754852
     656.4393595730487050       1.0149443699046969
     656.4395597064709591       1.0330389700829983
     656.4397598398933269       0.9903050260618329
     656.4399599733155810       0.9003138542175293
     656.4401601067378351       0.9832801762968302
     656.4403602401600892       1.0328101739287376
     656.4405603735823433       1.0303586777299643
     656.4407605070047111       0.9885614877566695
     656.4409606404269653       0.9532197006046772
     656.4411607738492194       1.0229500290006399
     656.4413609072714735       0.9626135341823101
     656.4415610406938413       0.9343420639634132
     656.4417611741160954       0.9617476053535938
     656.4419613075383495       1.0439530871808529
     656.4421614409606036       0.9255895987153053
     656.4423615743829714       0.9394867457449436
     656.4425617078052255       1.0613926537334919
     656.4427618412274796       0.9891680488362908
     656.4429619746497337       0.8954351544380188
     656.4431621080721015       1.0823928490281105
     656.4433622414943557       1.0713250562548637
     656.4435623749166098       0.9727022144943476
     656.4437625083388639       0.9985702066915110
     656.4439626417612317       1.1410291492938995
     656.4441627751834858       0.9828661121428013
     656.4443629086057399       0.9399138130247593
     656.4445630420279940       0.9979163757525384
     656.4447631754503618       1.0621646940708160
     656.4449633088726159       0.9936393499374390
     656.4451634422948700       1.0054934690706432
     656.4453635757171241       1.0635389462113380
     656.4455637091393783       1.0284980628639460
     656.4457638425617461       0.9280116781592369
     656.4459639759840002       1.0351676158607006
     656.4461641094062543       0.9037073627114296
     656.4463642428285084       0.9220623746514320
     656.4465643762508762       1.0114923287183046
     656.4467645096731303       1.0559429004788399
     656.4469646430953844       1.0313617847859859
     656.4471647765176385       0.8835875466465950
     656.4473649099400063       1.0175691433250904
     656.4475650433622604       1.0286195967346430
     656.4477651767845146       1.0346102304756641
     656.4479653102067687       0.9862092211842537
     656.4481654436291365       0.9895415501669049
     656.4483655770513906       1.0318486243486404
     656.4485657104736447       0.9637278579175472
     656.4487658438958988       1.0269840639084578
     656.4489659773182666       1.0081510785967112
     656.4491661107405207       0.9464709870517254
     656.4493662441627748       0.9943869248963892
     656.4495663775850289       0.9910933664068580
     656.4497665110073967       0.9240673258900642
     656.4499666444296508       0.9398070313036442
     656.4501667778519050       0.9843621961772442
     656.4503669112741591       1.0680923983454704
     656.4505670446965269       1.0211377553641796
     656.4507671781187810       0.9908943828195333
     656.4509673115410351       1.0296436846256256
     656.4511674449632892       1.0033022237475961
     656.4513675783855433       0.8990317657589912
     656.4515677118079111       1.0041449228301644
     656.4517678452301652       0.9401845932006836
     656.4519679786524193       0.9608683399856091
     656.4521681120746734       0.9768313113600016
     656.4523682454970412       1.0387529060244560
     656.4525683789192954       1.0448315106332302
     656.4527685123415495       1.0362331680953503
     656.4529686457638036       0.9916183259338140
     656.4531687791861714       1.0488371253013611
     656.4533689126084255       0.9394445121288300
     656.4535690460306796       0.9588050246238708
     656.4537691794529337       0.9934198213741183
     656.4539693128753015       1.0352718159556389
     656.4541694462975556       0.9417972005903721
     656.4543695797198097       0.9536277912557125
     656.4545697131420638       1.0654038041830063
     656.4547698465644316       1.0745360627770424
     656.4549699799866858       0.8770014271140099
     656.4551701134089399       1.0044363844208419
     656.4553702468311940       0.9168500080704689
     656.4555703802535618       1.0431874655187130
     656.4557705136758159       0.9715797454118729
     656.4559706470980700       0.9735312461853027
     656.4561707805203241       1.0197091680020094
     656.4563709139425782       0.9986300612799823
     656.4565710473649460       0.9813213050365448
     656.4567711807872001       1.0025101832579821
     656.4569713142094542       1.0428701750934124
     656.4571714476317084       1.0272380299866199
     656.4573715810540762       0.9512962810695171
     656.4575717144763303       0.9442420601844788
     656.4577718478985844       1.1172012463212013
     656.4579719813208385       1.0903523340821266
     656.4581721147432063       0.9779360238462687
     656.4583722481654604       0.9998900090940879
     656.4585723815877145       1.0467272214591503
     656.4587725150099686       0.9890827061608434
     656.4589726484323364       0.9630140997469425
     656.4591727818545905       0.9779376890510321
     656.4593729152768447       1.0238571874797344
     656.4595730486990988       0.9459457919001579
     656.4597731821214666       1.0287434644997120
     656.4599733155437207       1.0028168163262308
     656.4601734489659748       0.9692247621715069
     656.4603735823882289       0.9634348116815090
     656.4605737158105967       1.0057441052049398
     656.4607738492328508       0.9653693027794361
     656.4609739826551049       0.9728463701903820
     656.4611741160773590       1.0141277881339192
     656.4613742494997268       1.0495943017303944
     656.4615743829219809       0.9643704518675804
     656.4617745163442351       0.9173027724027634
     656.4619746497664892       0.9692647270858288
     656.4621747831887433       0.9821105189621449
     656.4623749166111111       1.0129454014822841
     656.4625750500333652       1.0259043425321579
     656.4627751834556193       0.9768918324261904
     656.4629753168778734       1.0005422559916042
     656.4631754503002412       0.9340598732233047
     656.4633755837224953       0.9767698720097542
     656.4635757171447494       1.0049353954382241
     656.4637758505670035       1.0144460797309875
     656.4639759839893713       1.0968650355935097
     656.4641761174116255       0.9162824228405952
     656.4643762508338796       1.0426708534359932
     656.4645763842561337       1.0542060993611813
     656.4647765176785015       0.9544242247939110
     656.4649766511007556       0.9633644707500935
     656.4651767845230097       1.1228496357798576
     656.4653769179452638       1.1138871312141418
     656.4655770513676316       1.0287417266517878
     656.4657771847898857       0.9662576131522655
     656.4659773182121398       0.9866676479578018
     656.4661774516343939       0.9771896954625845
     656.4663775850567617       0.9345825389027596
     656.4665777184790159       0.9310898333787918
     656.4667778519012700       0.9894498707726598
     656.4669779853235241       0.8374432772397995
     656.4671781187458919       1.0257177539169788
     656.4673782521681460       0.9313987046480179
     656.4675783855904001       0.9529176093637943
     656.4677785190126542       0.9568028524518013
     656.4679786524349083       1.0072320722974837
     656.4681787858572761       0.9680936522781849
     656.4683789192795302       0.9471932463347912
     656.4685790527017843       1.0235320609062910
     656.4687791861240385       1.0417485348880291
     656.4689793195464063       1.0082276007160544
     656.4691794529686604       1.0112182293087244
     656.4693795863909145       0.9615390822291374
     656.4695797198131686       0.9819597955793142
     656.4697798532355364       0.9832437932491302
     656.4699799866577905       1.1112294122576714
     656.4701801200800446       1.0582697093486786
     656.4703802535022987       1.0090626729652286
     656.4705803869246665       1.0119541389867663
     656.4707805203469206       0.9953282265923917
     656.4709806537691748       1.0141371432691813
     656.4711807871914289       0.9435832016170025
     656.4713809206137967       1.0275264028459787
     656.4715810540360508       0.9954313607886434
     656.4717811874583049       1.0053287046030164
     656.4719813208805590       1.0669715926051140
     656.4721814543029268       0.9879823410883546
     656.4723815877251809       0.9816657677292824
     656.4725817211474350       1.0094557059928775
     656.4727818545696891       1.0030319942161441
     656.4729819879919432       1.0026963779237121
     656.4731821214143110       1.0765123292803764
     656.4733822548365652       1.0157142560929060
     656.4735823882588193       0.9699730481952429
     656.4737825216810734       0.9772614892572165
     656.4739826551034412       0.9250512346625328
     656.4741827885256953       1.0278758797794580
     656.4743829219479494       0.9471705853939056
     656.4745830553702035       1.0501808039844036
     656.4747831887925713       1.0100061101838946
     656.4749833222148254       1.0308691691607237
     656.4751834556370795       0.9809802193194628
     656.4753835890593336       1.0639971494674683
     656.4755837224817014       0.9707624856382608
     656.4757838559039556       0.9193423837423325
     656.4759839893262097       0.9147012308239937
     656.4761841227484638       0.9670040830969810
     656.4763842561708316       0.9943513888865709
     656.4765843895930857       0.9825472161173820
     656.4767845230153398       1.0384501628577709
     656.4769846564375939       1.0042095477692783
     656.4771847898599617       1.0068502626381814
     656.4773849232822158       0.9665987193584442
     656.4775850567044699       1.0494560338556767
     656.4777851901267240       0.9784044716507196
     656.4779853235490918       0.9762458149343729
     656.4781854569713460       1.0097030326724052
     656.4783855903936001       1.0746276155114174
     656.4785857238158542       1.0067822239361703
     656.4787858572381083       1.0227071214467287
     656.4789859906604761       1.0383111163973808
     656.4791861240827302       1.1024989113211632
     656.4793862575049843       0.9413319416344166
     656.4795863909272384       1.0297350417822599
     656.4797865243496062       0.9666079916059971
     656.4799866577718603       0.9778966996818781
     656.4801867911941144       1.0512295961380005
     656.4803869246163686       0.9815892037004232
     656.4805870580387364       1.0465808175504208
     656.4807871914609905       1.0442185252904892
     656.4809873248832446       1.0027320580556989
     656.4811874583054987       0.9462175779044628
     656.4813875917278665       1.0847683548927307
     656.4815877251501206       1.0002461687545292
     656.4817878585723747       1.0131005337461829
     656.4819879919946288       0.9742259774357080
     656.4821881254169966       0.9996554690878838
     656.4823882588392507       0.9714656863361597
     656.4825883922615049       0.9560366421937943
     656.4827885256837590       1.0399505868554115
     656.4829886591061268       0.9845836786553264
     656.4831887925283809       1.0293122567236423
     656.4833889259506350       1.0217846166342497
     656.4835890593728891       1.0391717329621315
     656.4837891927951432       0.9749606251716614
     656.4839893262175110       1.0146367121487856
     656.4841894596397651       0.9700363539159298
     656.4843895930620192       0.9173544496297836
     656.4845897264842733       1.0119909178465605
     656.4847898599066411       0.9931576647795737
     656.4849899933288953       0.9599697478115559
     656.4851901267511494       1.0866146758198738
     656.4853902601734035       1.0916968733072281
     656.4855903935957713       1.0508846640586853
     656.4857905270180254       1.0175057053565979
     656.4859906604402795       0.9058318510651588
     656.4861907938625336       0.9709409046918154
     656.4863909272849014       0.8800988420844078
     656.4865910607071555       0.9702154155820608
     656.4867911941294096       0.9619665555655956
     656.4869913275516637       1.0947587937116623
     656.4871914609740315       0.9960547019727528
     656.4873915943962857       1.0419321842491627
     656.4875917278185398       0.9905637716874480
     656.4877918612407939       0.9794553574174643
     656.4879919946631617       0.9618455506861210
     656.4881921280854158       1.0205301325768232
     656.4883922615076699       0.9210552051663399
     656.4885923949299240       0.9694314561784267
     656.4887925283522918       0.9652382619678974
     656.4889926617745459       0.9552805870771408
     656.4891927951968000       1.0095369359478354
     656.4893929286190541       0.9639829993247986
     656.4895930620413083       0.9906528079882264
     656.4897931954636761       0.9452239796519279
     656.4899933288859302       0.9531944654881954
     656.4901934623081843       1.0526215098798275
     656.4903935957304384       1.0067799277603626
     656.4905937291528062       0.9881162764504552
     656.4907938625750603       1.0208265632390976
     656.4909939959973144       1.0324359498918056
     656.4911941294195685       0.9964282400906086
     656.4913942628419363       1.0226237848401070
     656.4915943962641904       1.0273360610008240
     656.4917945296864445       0.9676522649824619
     656.4919946631086987       0.9934292086400092
     656.4921947965310665       1.0304292179644108
     656.4923949299533206       1.0159872360527515
     656.4925950633755747       0.9822809416800737
     656.4927951967978288       0.9941954500973225
     656.4929953302201966       0.9574359469115734
     656.4931954636424507       1.0821521505713463
     656.4933955970647048       0.9376825131475925
     656.4935957304869589       0.9613373689353466
     656.4937958639093267       1.0580364130437374
     656.4939959973315808       1.0397793166339397
     656.4941961307538350       1.0130998669192195
     656.4943962641760891       0.9991941582993604
     656.4945963975983432       1.0492315702140331
     656.4947965310207110       1.0215791221708059
     656.4949966644429651       0.9796171002089977
     656.4951967978652192       0.8825668916106224
     656.4953969312874733       1.0668014511466026
     656.4955970647098411       1.0159319844096899
     656.4957971981320952       0.9946830933913589
     656.4959973315543493       1.0118294283747673
     656.4961974649766034       1.0092902230098844
     656.4963975983989712       1.0370381399989128
     656.4965977318212254       0.9725873079150915
     656.4967978652434795       0.9869431685656309
     656.4969979986657336       1.0304854959249496
     656.4971981320881014       0.9913280280306935
     656.4973982655103555       1.0153702022507787
     656.4975983989326096       0.9757521841675043
     656.4977985323548637       1.0210731122642756
     656.4979986657772315       0.9838146921247244
     656.4981987991994856       0.9699264168739319
     656.4983989326217397       1.0174673609435558
     656.4985990660439938       0.9566641785204411
     656.4987991994663616       0.9777123760432005
     656.4989993328886158       0.9279965534806252
     656.4991994663108699       0.9403962492942810
     656.4993995997331240       1.0763926431536674
     656.4995997331554918       1.0441875420510769
     656.4997998665777459       0.9415570087730885
     656.5000000000000000       1.0241817217320204
