     656.2000000000000455       0.9568626172840595
     656.2002001334222996       1.0220126770436764
     656.2004002668445537       1.0731980055570602
     656.2006004002669215       1.0852197930216789
     656.2008005336891756       1.0050874925218523
     656.2010006671114297       1.0867784023284912
     656.2012008005336838       1.1328019499778748
     656.2014009339560516       0.9556714929640293
     656.2016010673783057       0.9898085901513696
     656.2018012008005599       1.0295502152293921
     656.2020013342228140       1.0072320769540966
     656.2022014676451818       0.9817885421216488
     656.2024016010674359       0.9936848990619183
     656.2026017344896900       1.0666152760386467
     656.2028018679119441       1.0341195724904537
     656.2030020013343119       0.9556629285216331
     656.2032021347565660       0.9634507447481155
     656.2034022681788201       0.9405941255390644
     656.2036024016010742       1.1460420191287994
     656.2038025350234420       0.9842495415359735
     656.2040026684456961       1.0273837354034185
     656.2042028018679503       0.9274732917547226
     656.2044029352902044       1.0276978258043528
     656.2046030687125722       0.9706197530031204
     656.2048032021348263       0.9868755238130689
     656.2050033355570804       0.9525728076696396
     656.2052034689793345       0.9924153280444443
     656.2054036024017023       1.0091542964801192
     656.2056037358239564       1.0123665425926447
     656.2058038692462105       1.0747820585966110
     656.2060040026684646       0.9860598100349307
     656.2062041360907187       1.0361529700458050
     656.2064042695130865       1.0249189492315054
     656.2066044029353407       0.9082968086004257
     656.2068045363575948       1.0033020020928234
     656.2070046697798489       0.9219937622547150
     656.2072048032022167       0.9219510480761528
     656.2074049366244708       0.9576282165944576
     656.2076050700467249       1.0058081070892513
     656.2078052034689790       0.9911583997309208
     656.2080053368913468       0.9826361015439034
     656.2082054703136009       0.9993575364933349
     656.2084056037358550       1.0019658929668367
     656.2086057371581092       1.0287927370518446
     656.2088058705804769       1.0221958719193935
     656.2090060040027311       0.9304397627711296
     656.2092061374249852       1.0375166572630405
     656.2094062708472393       1.0169685054570436
     656.2096064042696071       1.0291849616914988
     656.2098065376918612       0.9950150274671614
     656.2100066711141153       0.9747820887714624
     656.2102068045363694       0.9705682899802923
     656.2104069379587372       0.9938089107163250
     656.2106070713809913       0.9437907077372074
     656.2108072048032454       0.9888010220602155
     656.2110073382254996       0.9778036493808031
     656.2112074716477537       0.9797662980854511
     656.2114076050701215       1.0480913184583187
     656.2116077384923756       1.0074026356451213
     656.2118078719146297       0.9663081504404545
     656.2120080053368838       0.9582833386957645
     656.2122081387592516       1.0425949022173882
     656.2124082721815057       1.0116719845682383
     656.2126084056037598       1.0355180576443672
     656.2128085390260139       0.9842174351215363
     656.2130086724483817       0.9440192207694054
     656.2132088058706358       1.0051037864759564
     656.2134089392928900       1.0043908893130720
     656.2136090727151441       1.0329936705529690
     656.2138092061375119       0.9678018130362034
     656.2140093395597660       0.9963811531197280
     656.2142094729820201       1.0334187038242817
     656.2144096064042742       0.9775167349725962
     656.2146097398266420       1.0360412597656250
     656.2148098732488961       0.9907486550509930
     656.2150100066711502       0.9951360849663615
     656.2152101400934043       1.0339803285896778
     656.2154102735157721       1.0090356124565005
     656.2156104069380262       0.9624726586043835
     656.2158105403602804       0.9630338959395885
     656.2160106737825345       0.9818284790962934
     656.2162108072049023       1.0780292004346848
     656.2164109406271564       0.9806085620075464
     656.2166110740494105       1.0480280779302120
     656.2168112074716646       0.9959032651968300
     656.2170113408939187       1.0046107424423099
     656.2172114743162865       0.9666565544903278
     656.2174116077385406       1.0257901493459940
     656.2176117411607947       0.9860031809657812
     656.2178118745830488       1.0846934616565704
     656.2180120080054166       0.9827974382787943
     656.2182121414276708       0.9485032372176647
     656.2184122748499249       1.0175330620259047
     656.2186124082721790       0.9168274402618408
     656.2188125416945468       0.9823983721435070
     656.2190126751168009       0.9903150247409940
     656.2192128085390550       1.0361409820616245
     656.2194129419613091       1.0578322783112526
     656.2196130753836769       1.0406505502760410
     656.2198132088059310       1.0419820062816143
     656.2200133422281851       1.0721219703555107
     656.2202134756504392       1.0809845328330994
     656.2204136090728070       1.0370109342038631
     656.2206137424950612       0.9934617951512337
     656.2208138759173153       1.0004392026457936
     656.2210140093395694       1.1129607781767845
     656.2212141427619372       0.9793742541223764
     656.2214142761841913       1.0200783889740705
     656.2216144096064454       0.9899174626916647
     656.2218145430286995       0.9761868529021740
     656.2220146764509536       0.9355803504586220
     656.2222148098733214       1.0151903945952654
     656.2224149432955755       0.9658153839409351
     656.2226150767178297       0.9725391771644354
     656.2228152101400838       1.0462920628488064
     656.2230153435624516       1.0173544920980930
     656.2232154769847057       1.0069513297639787
     656.2234156104069598       1.0389730483293533
     656.2236157438292139       0.9711737930774689
     656.2238158772515817       1.0308344401419163
     656.2240160106738358       1.0073999576270580
     656.2242161440960899       0.9438735544681549
     656.2244162775183440       1.0047576138749719
     656.2246164109407118       0.9524380788207054
     656.2248165443629659       0.9759808573871851
     656.2250166777852201       0.9779837522655725
     656.2252168112074742       0.9836789090186357
     656.2254169446298420       0.9639157839119434
     656.2256170780520961       0.8987374752759933
     656.2258172114743502       1.0611653588712215
     656.2260173448966043       1.0048513449728489
     656.2262174783189721       0.9166692718863487
     656.2264176117412262       1.0657965764403343
     656.2266177451634803       0.9996979225252289
     656.2268178785857344       0.9231928214430809
     656.2270180120081022       1.0033574420958757
     656.2272181454303563       1.0121831558644772
     656.2274182788526105       1.0806149169802666
     656.2276184122748646       0.8962622359395027
     656.2278185456971187       1.0632103756070137
     656.2280186791194865       0.9903607461601496
     656.2282188125417406       0.9955279477871954
     656.2284189459639947       1.0117521332576871
     656.2286190793862488       1.0290739890187979
     656.2288192128086166       1.0535070858895779
     656.2290193462308707       1.0562375374138355
     656.2292194796531248       1.0381117835640907
     656.2294196130753789       1.0269012209028006
     656.2296197464977467       1.0356556288897991
     656.2298198799200009       0.9792785663157701
     656.2300200133422550       0.9575209803879261
     656.2302201467645091       1.0154873458668590
     656.2304202801868769       1.0080921603366733
     656.2306204136091310       0.9898839378729463
     656.2308205470313851       0.9834538493305445
     656.2310206804536392       1.0105482740327716
     656.2312208138760070       0.9923750548623502
     656.2314209472982611       0.9732568468898535
     656.2316210807205152       1.0517873838543892
     656.2318212141427693       1.0625418946146965
     656.2320213475651371       1.0543508343398571
     656.2322214809873913       0.9978762797545642
     656.2324216144096454       1.0401226393878460
     656.2326217478318995       0.9465455338358879
     656.2328218812541536       0.9143429920077324
     656.2330220146765214       1.0567689649760723
     656.2332221480987755       1.0395670980215073
     656.2334222815210296       0.9780405052006245
     656.2336224149432837       1.0380776301026344
     656.2338225483656515       0.9520727656781673
     656.2340226817879056       0.9422221370041370
     656.2342228152101598       1.0683026537299156
     656.2344229486324139       1.0766748040914536
     656.2346230820547817       1.0050758398137987
     656.2348232154770358       1.0264407377690077
     656.2350233488992899       0.9338619410991669
     656.2352234823215440       1.0213998407125473
     656.2354236157439118       1.0211345143616199
     656.2356237491661659       0.9481038972735405
     656.2358238825884200       0.9889169158414006
     656.2360240160106741       1.0021912497468293
     656.2362241494330419       0.9564912952482700
     656.2364242828552960       0.9782853964716196
     656.2366244162775502       1.0397997759282589
     656.2368245496998043       0.9974244348704815
     656.2370246831221721       1.0356101840734482
     656.2372248165444262       0.9639765582978725
     656.2374249499666803       1.1073800921440125
     656.2376250833889344       1.0328489765524864
     656.2378252168113022       1.0655547305941582
     656.2380253502335563       1.0526615567505360
     656.2382254836558104       1.0388743504881859
     656.2384256170780645       0.9744231048971415
     656.2386257505003186       1.0050496398471296
     656.2388258839226864       1.0020516016520560
     656.2390260173449406       0.9079874530434608
     656.2392261507671947       0.9984346246346831
     656.2394262841894488       0.9529220983386040
     656.2396264176118166       0.9949641777202487
     656.2398265510340707       1.0299879591912031
     656.2400266844563248       0.9404112286865711
     656.2402268178785789       0.9621964804828167
     656.2404269513009467       1.0566118024289608
     656.2406270847232008       1.0704427883028984
     656.2408272181454549       1.0301991309970617
     656.2410273515677090       0.9827914647758007
     656.2412274849900768       1.1212023645639420
     656.2414276184123310       1.0323723405599594
     656.2416277518345851       1.0053015477024019
     656.2418278852568392       0.9903914723545313
     656.2420280186792070       1.0457341186702251
     656.2422281521014611       0.9475410692393780
     656.2424282855237152       0.9343755021691322
     656.2426284189459693       0.9701136946678162
     656.2428285523683371       0.9748621433973312
     656.2430286857905912       0.9827695675194263
     656.2432288192128453       0.9979892617557198
     656.2434289526350994       0.8827786892652512
     656.2436290860574672       0.9786288477480412
     656.2438292194797214       1.0345608703792095
     656.2440293529019755       1.0705736204981804
     656.2442294863242296       1.0795363038778305
     656.2444296197464837       1.1031192317605019
     656.2446297531688515       1.0556807294487953
     656.2448298865911056       1.0074259429238737
     656.2450300200133597       1.0752444788813591
     656.2452301534356138       1.0046569523401558
     656.2454302868579816       0.9737842623144388
     656.2456304202802357       1.0117764156311750
     656.2458305537024899       0.9996577666606754
     656.2460306871247440       1.0178687963634729
     656.2462308205471118       1.0675098225474358
     656.2464309539693659       1.0686380043625832
     656.2466310873916200       0.9789282735437155
     656.2468312208138741       1.0210012048482895
     656.2470313542362419       0.9954613433219492
     656.2472314876584960       0.9701932612806559
     656.2474316210807501       0.9649695195257664
     656.2476317545030042       0.9765010885894299
     656.2478318879253720       0.9696313086897135
     656.2480320213476261       0.9723530467599630
     656.2482321547698803       1.0079250438138843
     656.2484322881921344       1.0054984516464174
     656.2486324216145022       1.0494715236127377
     656.2488325550367563       0.9193404689431190
     656.2490326884590104       1.0432254299521446
     656.2492328218812645       1.0554330907762051
     656.2494329553035186       1.0341173745691776
     656.2496330887258864       0.9461388513445854
     656.2498332221481405       0.9999174491749727
     656.2500333555703946       0.8826146125793457
     656.2502334889926487       0.9403973519802094
     656.2504336224150165       0.9664929695427418
     656.2506337558372707       1.0551262982189655
     656.2508338892595248       1.0763940736651421
     656.2510340226817789       0.9358847737312317
     656.2512341561041467       1.0392690151929855
     656.2514342895264008       0.9611471891403198
     656.2516344229486549       0.9637464694678783
     656.2518345563709090       1.0359325259923935
     656.2520346897932768       1.0140286860987544
     656.2522348232155309       1.1126503944396973
     656.2524349566377850       1.0580455772578716
     656.2526350900600391       1.0409747324883938
     656.2528352234824069       1.1635334640741348
     656.2530353569046611       1.0237871129065752
     656.2532354903269152       1.0030349686276168
     656.2534356237491693       1.0467727184295654
     656.2536357571715371       0.9314846768975258
     656.2538358905937912       0.9101424440741539
     656.2540360240160453       0.9792651254683733
     656.2542361574382994       1.0403352156281471
     656.2544362908606672       1.0535389147698879
     656.2546364242829213       0.9494975842535496
     656.2548365577051754       0.9871517475694418
     656.2550366911274295       1.0082327965646982
     656.2552368245496837       1.0217948593199253
     656.2554369579720515       0.9746851027011871
     656.2556370913943056       0.9798219744116068
     656.2558372248165597       1.0340452939271927
     656.2560373582388138       1.0631351992487907
     656.2562374916611816       1.0306838285177946
     656.2564376250834357       0.9589046165347099
     656.2566377585056898       0.9866669708862901
     656.2568378919279439       0.8717590868473053
     656.2570380253503117       0.8920882791280746
     656.2572381587725658       0.8938408344984055
     656.2574382921948200       0.9389577694237232
     656.2576384256170741       0.9758974239230156
     656.2578385590394419       0.9019387885928154
     656.2580386924616960       0.9732945617288351
     656.2582388258839501       1.0095780128613114
     656.2584389593062042       0.9775066953152418
     656.2586390927285720       0.9465388096868992
     656.2588392261508261       1.0472412891685963
     656.2590393595730802       0.9803381077945232
     656.2592394929953343       0.9948375956155360
     656.2594396264177021       1.0441477075219154
     656.2596397598399562       1.0260576810687780
     656.2598398932622104       1.1025912389159203
     656.2600400266844645       1.0181586723774672
     656.2602401601067186       1.0461928248405457
     656.2604402935290864       1.0332674831151962
     656.2606404269513405       0.9674926400184631
     656.2608405603735946       1.0612462423741817
     656.2610406937958487       1.0370762757956982
     656.2612408272182165       0.9948041033931077
     656.2614409606404706       0.9359303191304207
     656.2616410940627247       1.0028334946837276
     656.2618412274849788       1.0244834255427122
     656.2620413609073466       0.9927530316635966
     656.2622414943296008       1.0227047707885504
     656.2624416277518549       1.0564795844256878
     656.2626417611741090       0.9902527751401067
     656.2628418945964768       0.9927272764034569
     656.2630420280187309       0.9950937572866678
     656.2632421614409850       1.0558216050267220
     656.2634422948632391       1.0101732518523932
     656.2636424282856069       1.0282998718321323
     656.2638425617078610       1.0741109699010849
     656.2640426951301151       1.0601819828152657
     656.2642428285523692       0.9533536657691002
     656.2644429619747370       1.0916987955570221
     656.2646430953969912       0.9591150283813477
     656.2648432288192453       0.9943308010697365
     656.2650433622414994       0.9124101847410202
     656.2652434956638672       0.9449401088058949
     656.2654436290861213       0.9819338005036116
     656.2656437625083754       1.0152352601289749
     656.2658438959306295       0.9575891867280006
     656.2660440293528836       1.0440728627145290
     656.2662441627752514       0.9505749382078648
     656.2664442961975055       1.0154949948191643
     656.2666444296197596       0.9426153823733330
     656.2668445630420138       1.0400909557938576
     656.2670446964643816       0.9781112615019083
     656.2672448298866357       1.0498179197311401
     656.2674449633088898       1.0283413212746382
     656.2676450967311439       1.0255019813776016
     656.2678452301535117       1.0038793475832790
     656.2680453635757658       1.0187086965888739
     656.2682454969980199       1.0606991648674011
     656.2684456304202740       1.0618706941604614
     656.2686457638426418       1.0289404839277267
     656.2688458972648959       1.0433558970689774
     656.2690460306871501       0.9805049765855074
     656.2692461641094042       0.9806517269462347
     656.2694462975317720       0.9968207695055753
     656.2696464309540261       1.0415921472012997
     656.2698465643762802       0.9849449619650841
     656.2700466977985343       0.9947207812219858
     656.2702468312209021       0.9657265059649944
     656.2704469646431562       1.0088320234790444
     656.2706470980654103       0.9580870047211647
     656.2708472314876644       1.0484322011470795
     656.2710473649099185       0.9776804391294718
     656.2712474983322863       0.9782589543610811
     656.2714476317545405       1.0132570089772344
     656.2716477651767946       0.9294877275824547
     656.2718478985990487       0.9577793367207050
     656.2720480320214165       1.0473068170249462
     656.2722481654436706       0.9923827042803168
     656.2724482988659247       0.9429578669369221
     656.2726484322881788       0.9937999253161252
     656.2728485657105466       0.9848669031634927
     656.2730486991328007       0.9727669525891542
     656.2732488325550548       1.0408246628940105
     656.2734489659773089       0.9588270969688892
     656.2736490993996767       1.0141039742156863
     656.2738492328219309       1.0607283897697926
     656.2740493662441850       1.0309885796159506
     656.2742494996664391       1.0289271567016840
     656.2744496330888069       1.0319562070071697
     656.2746497665110610       1.0469662323594093
     656.2748498999333151       0.9471445716917515
     656.2750500333555692       1.0599455013871193
     656.2752501667779370       0.8717424571514130
     656.2754503002001911       1.0325596705079079
     656.2756504336224452       1.0556662753224373
     656.2758505670446993       0.9641667157411575
     656.2760507004670671       1.0556850917637348
     656.2762508338893213       1.0219949390739202
     656.2764509673115754       0.9718722347170115
     656.2766511007338295       1.0014898147201166
     656.2768512341560836       0.9755715075880289
     656.2770513675784514       1.0008111271890812
     656.2772515010007055       1.0230115167796612
     656.2774516344229596       0.9693159107118845
     656.2776517678452137       1.0398909933865070
     656.2778519012675815       1.0530425980687141
     656.2780520346898356       1.0012394903460518
     656.2782521681120897       0.9863364379853010
     656.2784523015343439       0.9965173734817654
     656.2786524349567117       0.9864290757104754
     656.2788525683789658       1.0476539544761181
     656.2790527018012199       1.0864723920822144
     656.2792528352234740       0.9123339429497719
     656.2794529686458418       0.8930415138602257
     656.2796531020680959       0.9843088444322348
     656.2798532354903500       1.0307532884180546
     656.2800533689126041       0.9802650716155767
     656.2802535023349719       0.9278978109359741
     656.2804536357572260       0.9096501320600510
     656.2806537691794802       1.0347491912543774
     656.2808539026017343       1.0343923568725586
     656.2810540360241021       1.0052244854159653
     656.2812541694463562       0.9687495715916157
     656.2814543028686103       0.9702071864157915
     656.2816544362908644       0.9445220939815044
     656.2818545697131185       0.8791771382093430
     656.2820547031354863       1.0356739945709705
     656.2822548365577404       0.9244835898280144
     656.2824549699799945       0.9693792816251516
     656.2826551034022486       0.9414029121398926
     656.2828552368246164       0.8941273167729378
     656.2830553702468706       1.0546767003834248
     656.2832555036691247       0.9744964949786663
     656.2834556370913788       0.9996807414863724
     656.2836557705137466       1.0249664392322302
     656.2838559039360007       0.9572957344353199
     656.2840560373582548       1.0442999862134457
     656.2842561707805089       1.0079367449507117
     656.2844563042028767       0.9242672696709633
     656.2846564376251308       0.9239348694682121
     656.2848565710473849       0.9562719352543354
     656.2850567044696390       1.0163389276713133
     656.2852568378920068       0.9747142493724823
     656.2854569713142610       0.9602083973586559
     656.2856571047365151       0.9929974875412881
     656.2858572381587692       1.0659606680274010
     656.2860573715811370       1.0044386237859726
     656.2862575050033911       0.9958421085029840
     656.2864576384256452       1.0030111696105450
     656.2866577718478993       0.9337438195943832
     656.2868579052702671       0.9680767059326172
     656.2870580386925212       1.0645964965224266
     656.2872581721147753       0.9520885236561298
     656.2874583055370294       0.9737195521593094
     656.2876584389592836       1.0065356530249119
     656.2878585723816514       1.0466106683015823
     656.2880587058039055       0.9722874313592911
     656.2882588392261596       1.0483825691044331
     656.2884589726484137       0.9085582047700882
     656.2886591060707815       0.9672684036195278
     656.2888592394930356       0.9037943258881569
     656.2890593729152897       1.0033285801764578
     656.2892595063375438       0.9486039392650127
     656.2894596397599116       1.0495439879596233
     656.2896597731821657       1.0015650041168556
     656.2898599066044198       0.9359436482191086
     656.2900600400266740       0.9198971614241600
     656.2902601734490418       0.9120612144470215
     656.2904603068712959       0.9917016569525003
     656.2906604402935500       1.0096218977123499
     656.2908605737158041       1.0888736173510551
     656.2910607071381719       1.0117268906906247
     656.2912608405604260       0.9547135643661022
     656.2914609739826801       1.0200981814414263
     656.2916611074049342       0.9776519462466240
     656.2918612408273020       0.9831766188144684
     656.2920613742495561       1.0049297339282930
     656.2922615076718103       0.9562904946506023
     656.2924616410940644       1.0167823005467653
     656.2926617745164322       1.0286044310778379
     656.2928619079386863       1.0115200625732541
     656.2930620413609404       0.9684441797435284
     656.2932621747831945       0.9408997111022472
     656.2934623082054486       1.0148209277540445
     656.2936624416278164       1.0715884193778038
     656.2938625750500705       1.0018478082492948
     656.2940627084723246       0.9363003149628639
     656.2942628418945787       1.0944859310984612
     656.2944629753169465       0.9988637026399374
     656.2946631087392007       1.0043617160990834
     656.2948632421614548       0.8947824463248253
     656.2950633755837089       1.0297163706272840
     656.2952635090060767       1.0744603872299194
     656.2954636424283308       0.9615673124790192
     656.2956637758505849       0.9646977558732033
     656.2958639092728390       0.9737608097493649
     656.2960640426952068       1.0388747192919254
     656.2962641761174609       1.0718890428543091
     656.2964643095397150       0.9983223160961643
     656.2966644429619691       0.9881986584514380
     656.2968645763843369       0.9471500143408775
     656.2970647098065911       0.9654942229390144
     656.2972648432288452       1.0103214448317885
     656.2974649766510993       1.0485388487577438
     656.2976651100734671       1.0156358890235424
     656.2978652434957212       1.0449488647282124
     656.2980653769179753       1.0098584853112698
     656.2982655103402294       1.0063338871113956
     656.2984656437624835       1.0789957270026207
     656.2986657771848513       1.0239709522575140
     656.2988659106071054       0.9990365050616674
     656.2990660440293595       0.9697547573596239
     656.2992661774516137       1.1210476756095886
     656.2994663108739815       1.0806987509131432
     656.2996664442962356       1.0164204668253660
     656.2998665777184897       0.9021420776844025
     656.3000667111407438       1.0651968717575073
     656.3002668445631116       0.9429488070309162
     656.3004669779853657       1.0959316641092300
     656.3006671114076198       1.0518141202628613
     656.3008672448298739       0.9606875479221344
     656.3010673782522417       1.0199093241244555
     656.3012675116744958       0.9010855928063393
     656.3014676450967499       1.0207954142242670
     656.3016677785190041       1.1071318909525871
     656.3018679119413719       1.1368352472782135
     656.3020680453636260       1.0428392849862576
     656.3022681787858801       0.9758050553500652
     656.3024683122081342       0.9928331649862230
     656.3026684456305020       1.0004337468708400
     656.3028685790527561       1.0027568102814257
     656.3030687124750102       0.8770999759435654
     656.3032688458972643       1.0319436937570572
     656.3034689793196321       0.9648912660777569
     656.3036691127418862       0.9824705068022013
     656.3038692461641403       0.9238147065043449
     656.3040693795863945       0.9161178171634674
     656.3042695130086486       0.9359322190284729
     656.3044696464310164       0.9746184889227152
     656.3046697798532705       1.0031627968419343
     656.3048699132755246       1.0801468715071678
     656.3050700466977787       1.0135821243748069
     656.3052701801201465       1.0553283207118511
     656.3054703135424006       1.0013359824661165
     656.3056704469646547       0.9546667411923409
     656.3058705803869088       0.9709894862025976
     656.3060707138092766       1.0000752499399823
     656.3062708472315308       0.9539479352533817
     656.3064709806537849       1.0264008082449436
     656.3066711140760390       1.0541606917977333
     656.3068712474984068       0.9546233713626862
     656.3070713809206609       1.0502740144729614
     656.3072715143429150       1.0249168965965509
     656.3074716477651691       1.0141122629866004
     656.3076717811875369       1.0820372849702835
     656.3078719146097910       1.0124254208058119
     656.3080720480320451       0.9809214007109404
     656.3082721814542992       0.9468913562595844
     656.3084723148766670       0.9910520846024156
     656.3086724482989212       1.0307608433067799
     656.3088725817211753       1.0015906915068626
     656.3090727151434294       0.9568800888955593
     656.3092728485656835       1.0050434814766049
     656.3094729819880513       0.9912311639636755
     656.3096731154103054       0.9971818712074310
     656.3098732488325595       0.9879337688907981
     656.3100733822548136       0.9888599272817373
     656.3102735156771814       1.0188961680978537
     656.3104736490994355       0.9584083221852779
     656.3106737825216896       0.9140372797846794
     656.3108739159439438       0.9501252584159374
     656.3110740493663116       0.9452437050640583
     656.3112741827885657       1.0823471173644066
     656.3114743162108198       0.9217744395136833
     656.3116744496330739       0.9943289579823613
     656.3118745830554417       1.0082715293392539
     656.3120747164776958       1.0285588931292295
     656.3122748498999499       1.0552997775375843
     656.3124749833222040       0.9108893051743507
     656.3126751167445718       1.0072462284006178
     656.3128752501668259       0.9621102958917618
     656.3130753835890800       1.0150459874421358
     656.3132755170113342       1.0562436282634735
     656.3134756504337020       1.0466326288878918
     656.3136757838559561       0.9533855952322483
     656.3138759172782102       1.0064065800979733
     656.3140760507004643       0.9393562115728855
     656.3142761841228321       0.9358645156025887
     656.3144763175450862       1.0026826739776880
     656.3146764509673403       0.9922228497453034
     656.3148765843895944       0.9779195301234722
     656.3150767178118485       0.9562048502266407
     656.3152768512342163       1.0429534651339054
     656.3154769846564704       1.0274333786219358
     656.3156771180787246       0.8568319082260132
     656.3158772515009787       1.0543912723660469
     656.3160773849233465       1.0067870290949941
     656.3162775183456006       1.0925929620862007
     656.3164776517678547       1.0492854826152325
     656.3166777851901088       1.0492241866886616
     656.3168779186124766       1.0310919862240553
     656.3170780520347307       0.9965471599716693
     656.3172781854569848       1.0899531170725822
     656.3174783188792389       0.9455192126333714
     656.3176784523016067       1.0031588282436132
     656.3178785857238609       1.0362422466278076
     656.3180787191461150       0.9483574070036411
     656.3182788525683691       0.9407842196524143
     656.3184789859907369       0.9983176320092753
     656.3186791194129910       0.9399404041469097
     656.3188792528352451       0.9188646674156189
     656.3190793862574992       0.9767877180129290
     656.3192795196798670       1.0066405250690877
     656.3194796531021211       1.0213449504226446
     656.3196797865243752       0.9857731657102704
     656.3198799199466293       0.9334770217537880
     656.3200800533688835       0.9514352791011333
     656.3202801867912513       1.0470848716795444
     656.3204803202135054       0.9707262720912695
     656.3206804536357595       0.9594089277088642
     656.3208805870580136       1.0443973392248154
     656.3210807204803814       0.9900313513353467
     656.3212808539026355       0.9839155320078135
     656.3214809873248896       1.0556601695716381
     656.3216811207471437       1.0887864157557487
     656.3218812541695115       0.9578207321465015
     656.3220813875917656       1.0503893606364727
     656.3222815210140197       1.0480982549488544
     656.3224816544362739       0.9699322097003460
     656.3226817878586417       1.0638346672058105
     656.3228819212808958       1.0407222025096416
     656.3230820547031499       0.9268640354275703
     656.3232821881254040       1.0621983818709850
     656.3234823215477718       1.0816808044910431
     656.3236824549700259       1.0034056256990880
     656.3238825883922800       1.0416586771607399
     656.3240827218145341       0.9750650823116302
     656.3242828552369019       0.9744397848844528
     656.3244829886591560       1.0485556833446026
     656.3246831220814101       0.9543403498828411
     656.3248832555036643       1.0020338196773082
     656.3250833889260321       0.9916316894814372
     656.3252835223482862       0.9821603056043386
     656.3254836557705403       0.9043024182319641
     656.3256837891927944       1.0873563513159752
     656.3258839226150485       0.9164214506745338
     656.3260840560374163       0.9465996436774731
     656.3262841894596704       1.0616437159478664
     656.3264843228819245       1.0270406361669302
     656.3266844563041786       0.9880663398653269
     656.3268845897265464       0.8530996739864349
     656.3270847231488005       0.9819176793098450
     656.3272848565710547       0.9562042392790318
     656.3274849899933088       0.9810143671929836
     656.3276851234156766       1.0287792235612869
     656.3278852568379307       1.0498073324561119
     656.3280853902601848       1.1009396910667419
     656.3282855236824389       0.9583732299506664
     656.3284856571048067       1.0346936583518982
     656.3286857905270608       0.9280870035290718
     656.3288859239493149       1.0351024977862835
     656.3290860573715690       1.0027441349811852
     656.3292861907939368       0.8938351348042488
     656.3294863242161910       1.0720191150903702
     656.3296864576384451       0.9396327026188374
     656.3298865910606992       1.0247507803142071
     656.3300867244830670       0.9905345048755407
     656.3302868579053211       1.0477233231067657
     656.3304869913275752       1.1313371509313583
     656.3306871247498293       0.9874240094795823
     656.3308872581721971       0.9634838812053204
     656.3310873915944512       0.9916277909651399
     656.3312875250167053       1.0171277467161417
     656.3314876584389594       0.9964098609052598
     656.3316877918612136       0.9676523022353649
     656.3318879252835814       0.8973065465688705
     656.3320880587058355       1.1057301089167595
     656.3322881921280896       0.9807947520166636
     656.3324883255503437       0.9561218358576298
     656.3326884589727115       1.0089144259691238
     656.3328885923949656       0.9106882289052010
     656.3330887258172197       1.0165931135416031
     656.3332888592394738       0.9336699545383453
     656.3334889926618416       0.9878472071141005
     656.3336891260840957       0.9816561359912157
     656.3338892595063498       1.0351234935224056
     656.3340893929286040       0.9622014798223972
     656.3342895263509718       0.9891782971099019
     656.3344896597732259       0.9796690549701452
     656.3346897931954800       0.9155577048659325
     656.3348899266177341       1.0405622236430645
     656.3350900600401019       0.9091300293803215
     656.3352901934623560       1.0239635016769171
     656.3354903268846101       0.9913776889443398
     656.3356904603068642       1.0462383441627026
     656.3358905937292320       1.0698356255888939
     656.3360907271514861       1.0095510799437761
     656.3362908605737402       1.0195856243371964
     656.3364909939959944       0.9851293684914708
     656.3366911274182485       0.9341476634144783
     656.3368912608406163       0.9357979521155357
     656.3370913942628704       0.9813250452280045
     656.3372915276851245       1.0474151112139225
     656.3374916611073786       0.9425543732941151
     656.3376917945297464       0.9961471427232027
     656.3378919279520005       0.9477866627275944
     656.3380920613742546       0.9252608492970467
     656.3382921947965087       0.9951888495124876
     656.3384923282188765       1.1018546819686890
     656.3386924616411306       0.9141482040286064
     656.3388925950633848       0.9080702811479568
     656.3390927284856389       0.9345652833580971
     656.3392928619080067       1.0027312771417201
     656.3394929953302608       1.0484833754599094
     656.3396931287525149       0.9546259082853794
     656.3398932621747690       0.9841934014111757
     656.3400933955971368       1.0998936444520950
     656.3402935290193909       1.0053119603544474
     656.3404936624416450       1.0265376400202513
     656.3406937958638991       0.9659260883927345
     656.3408939292862669       0.9487040154635906
     656.3410940627085211       0.9960882426239550
     656.3412941961307752       0.9730510953813791
     656.3414943295530293       1.1099019199609756
     656.3416944629753971       0.9635643810033798
     656.3418945963976512       0.9606850557029247
     656.3420947298199053       0.9985107419779524
     656.3422948632421594       0.9863070799037814
     656.3424949966644135       1.0104113006964326
     656.3426951300867813       0.9582869634032249
     656.3428952635090354       1.0077427583746612
     656.3430953969312895       1.0244119521230459
     656.3432955303535437       1.0119746495038271
     656.3434956637759115       0.9794956762343645
     656.3436957971981656       0.9635063372552395
     656.3438959306204197       0.9901179252192378
     656.3440960640426738       1.0740689337253571
     656.3442961974650416       0.9835807047784328
     656.3444963308872957       1.0570251718163490
     656.3446964643095498       0.9525777287781239
     656.3448965977318039       1.0189061816781759
     656.3450967311541717       0.9449838884174824
     656.3452968645764258       0.9974582761060447
     656.3454969979986799       0.9937589834444225
     656.3456971314209341       0.9576223343610764
     656.3458972648433019       0.9711064957082272
     656.3460973982655560       1.1022941246628761
     656.3462975316878101       1.0687571391463280
     656.3464976651100642       1.0511968694627285
     656.3466977985324320       1.0527820661664009
     656.3468979319546861       1.0485538728535175
     656.3470980653769402       1.0059622148983181
     656.3472981987991943       1.0539485700428486
     656.3474983322214484       0.9465292692184448
     656.3476984656438162       1.0366719812154770
     656.3478985990660703       1.0089344587177038
     656.3480987324883245       0.9292856454849243
     656.3482988659105786       1.0513157546520233
     656.3484989993329464       1.0232589188963175
     656.3486991327552005       0.9245168343186378
     656.3488992661774546       1.0104894191026688
     656.3490993995997087       1.0403371714055538
     656.3492995330220765       0.9686021879315376
     656.3494996664443306       0.9727546963840723
     656.3496997998665847       0.9917142689228058
     656.3498999332888388       1.0451039671897888
     656.3501000667112066       1.0085683427751064
     656.3503002001334607       1.0386857017874718
     656.3505003335557149       0.9748073965311050
     656.3507004669779690       0.9173872843384743
     656.3509006004003368       1.0715685188770294
     656.3511007338225909       1.0056693125516176
     656.3513008672448450       0.9213815629482269
     656.3515010006670991       1.0173231903463602
     656.3517011340894669       0.9533242881298065
     656.3519012675117210       0.9532082825899123
     656.3521014009339751       0.8963288143277167
     656.3523015343562292       1.0027693933807313
     656.3525016677785970       1.0055013466626403
     656.3527018012008512       0.9425271153450009
     656.3529019346231053       0.9267028644680971
     656.3531020680453594       1.0511731021106234
     656.3533022014676135       0.9621234610676752
     656.3535023348899813       1.0136439967900497
     656.3537024683122354       1.0311511456966371
     656.3539026017344895       1.0278723239898637
     656.3541027351567436       1.0000795575033345
     656.3543028685791114       1.0652570426463988
     656.3545030020013655       1.0538091957568982
     656.3547031354236196       0.9159180894493851
     656.3549032688458738       1.0473768562078174
     656.3551034022682416       1.0048932153731140
     656.3553035356904957       0.9634626097976513
     656.3555036691127498       0.9635650701819903
     656.3557038025350039       1.0161076579241566
     656.3559039359573717       1.0177109278736496
     656.3561040693796258       1.0138293607157549
     656.3563042028018799       0.9851132715116719
     656.3565043362241340       0.9252227246755279
     656.3567044696465018       1.0484420210114371
     656.3569046030687559       0.9524064995335991
     656.3571047364910100       0.9898411268350533
     656.3573048699132642       1.0143892737080042
     656.3575050033356320       1.0260190051012770
     656.3577051367578861       0.9620651490934909
     656.3579052701801402       1.0042246365846850
     656.3581054036023943       1.0563354194061332
     656.3583055370246484       1.0306185763184184
     656.3585056704470162       0.9371240883861660
     656.3587058038692703       1.0149729894188118
     656.3589059372915244       0.9482738077240426
     656.3591060707137785       0.9737839511968708
     656.3593062041361463       0.9077061413941589
     656.3595063375584004       1.0331252625995910
     656.3597064709806546       1.0167673861976523
     656.3599066044029087       0.9298946855388497
     656.3601067378252765       1.0225496531414136
     656.3603068712475306       0.9301542114282574
     656.3605070046697847       0.9830639897142505
     656.3607071380920388       1.0083386993155863
     656.3609072715144066       1.0564418425096300
     656.3611074049366607       0.9437449784379012
     656.3613075383589148       0.9938355577331581
     656.3615076717811689       1.0033929793296497
     656.3617078052035367       1.0628182183694448
     656.3619079386257908       0.9640566437623271
     656.3621080720480450       1.0155404996423998
     656.3623082054702991       1.1610506989016793
     656.3625083388926669       1.0432137066742642
     656.3627084723149210       0.9691429252694745
     656.3629086057371751       1.0008897664188110
     656.3631087391594292       1.0356529804583046
     656.3633088725817970       1.0729170472238696
     656.3635090060040511       0.9716774984430924
     656.3637091394263052       0.9347243980846212
     656.3639092728485593       0.8832719364070984
     656.3641094062708135       1.0422555115215708
     656.3643095396931813       1.0462490582889656
     656.3645096731154354       0.9781940621067888
     656.3647098065376895       0.9192145430019801
     656.3649099399599436       0.9002733039161693
     656.3651100733823114       1.0477210714098488
     656.3653102068045655       1.0574970086721547
     656.3655103402268196       0.9328852134293490
     656.3657104736490737       1.1171339346789919
     656.3659106070714415       1.0145408895674317
     656.3661107404936956       1.0490997602597596
     656.3663108739159497       0.9974024155743615
     656.3665110073382039       1.0321172276613726
     656.3667111407605717       0.9693495330843983
     656.3669112741828258       1.0545255116497818
     656.3671114076050799       0.9622053156643837
     656.3673115410273340       1.0054334541020620
     656.3675116744497018       0.8861471201341494
     656.3677118078719559       1.0202776002894258
     656.3679119412942100       1.0203901773986392
     656.3681120747164641       0.9527430335569174
     656.3683122081388319       0.9588222746459011
     656.3685123415610860       1.0010716256849403
     656.3687124749833401       0.9598985631908535
     656.3689126084055943       0.9993886930288847
     656.3691127418278484       1.0568713782543258
     656.3693128752502162       1.0246595364208400
     656.3695130086724703       0.9453889773925073
     656.3697131420947244       1.0227874592518313
     656.3699132755169785       1.0711711940933104
     656.3701134089393463       0.9898425558427064
     656.3703135423616004       0.9822062474098369
     656.3705136757838545       0.9643497378213127
     656.3707138092061086       1.0909999493640914
     656.3709139426284764       0.9774589557347383
     656.3711140760507305       0.9637382978721546
     656.3713142094729847       1.0782175112268106
     656.3715143428952388       1.0510281899793532
     656.3717144763176066       0.9735994666821859
     656.3719146097398607       0.9824317116636245
     656.3721147431621148       0.9886861268146303
     656.3723148765843689       1.0244889949549574
     656.3725150100067367       1.0145913136812916
     656.3727151434289908       1.0115765573803783
     656.3729152768512449       1.0185041792573726
     656.3731154102734990       0.9807503908537656
     656.3733155436958668       0.9801021601063019
     656.3735156771181209       0.9459716175699251
     656.3737158105403751       0.9579423374541424
     656.3739159439626292       1.0092836515850343
     656.3741160773849970       1.0477865005403089
     656.3743162108072511       1.1048455640826322
     656.3745163442295052       1.0509839680433477
     656.3747164776517593       0.9978570315787448
     656.3749166110740134       1.0778498402951175
     656.3751167444963812       0.9813667295520095
     656.3753168779186353       1.0053941686266104
     656.3755170113408894       0.9178746217115509
     656.3757171447631436       1.0749460014643590
     656.3759172781855113       1.0825274986490219
     656.3761174116077655       1.0208742273157041
     656.3763175450300196       1.0099788968239207
     656.3765176784522737       0.9678938535600776
     656.3767178118746415       0.9656852361261207
     656.3769179452968956       1.0382329817290032
     656.3771180787191497       0.9460135572915267
     656.3773182121414038       0.9255568235843339
     656.3775183455637716       1.0268682294202043
     656.3777184789860257       0.9465881515734575
     656.3779186124082798       0.8484456606063883
     656.3781187458305340       0.9987512881807893
     656.3783188792529018       0.9882069611776585
     656.3785190126751559       0.9520242516394346
     656.3787191460974100       1.0114979804415154
     656.3789192795196641       0.9428035374441367
     656.3791194129420319       0.8796913331944097
     656.3793195463642860       0.8728382619055040
     656.3795196797865401       0.9837157556667335
     656.3797198132087942       0.9172907019455422
     656.3799199466311620       0.8812652084908328
     656.3801200800534161       0.7833070965569375
     656.3803202134756702       0.9266245455190505
     656.3805203468979244       0.9730871196631885
     656.3807204803201785       0.8758911338723083
     656.3809206137425463       0.8313445444721740
     656.3811207471648004       0.8040546576099258
     656.3813208805870545       0.9249903126970478
     656.3815210140093086       0.8583829787111698
     656.3817211474316764       0.8886435704105327
     656.3819212808539305       0.8633441882151982
     656.3821214142761846       0.8569045592150192
     656.3823215476984387       0.8629157904473880
     656.3825216811208065       0.8669406369850288
     656.3827218145430606       0.8958824166019709
     656.3829219479653148       0.8250566971138459
     656.3831220813875689       0.8327348535070141
     656.3833222148099367       0.7768752664128185
     656.3835223482321908       0.8295008255751684
     656.3837224816544449       0.7681867761423558
     656.3839226150766990       0.8105538553930091
     656.3841227484990668       0.9162979374691285
     656.3843228819213209       0.7789269911694392
     656.3845230153435750       0.8967355021809452
     656.3847231487658291       0.8185986002988748
     656.3849232821881969       0.7825204822570418
     656.3851234156104510       0.7983966541684844
     656.3853235490327052       0.7862145280582091
     656.3855236824549593       0.7609011850737860
     656.3857238158772134       0.7232768248838026
     656.3859239492995812       0.7623415013059421
     656.3861240827218353       0.7717589762970793
     656.3863242161440894       0.8227606914073673
     656.3865243495663435       0.7460940424380854
     656.3867244829887113       0.8184615226170414
     656.3869246164109654       0.7585269030461967
     656.3871247498332195       0.7812442395642876
     656.3873248832554737       0.8899761007496532
     656.3875250166778414       0.7788423437643683
     656.3877251501000956       0.7508822338068502
     656.3879252835223497       0.9541508801319438
     656.3881254169446038       0.8112638330189990
     656.3883255503669716       0.8259280169953974
     656.3885256837892257       0.8267200906126748
     656.3887258172114798       0.7915546634690331
     656.3889259506337339       0.8384738595299487
     656.3891260840561017       0.8352172078514246
     656.3893262174783558       0.8587923453749491
     656.3895263509006099       0.9279205517662982
     656.3897264843228641       0.8995148457949834
     656.3899266177452319       0.8992633793530330
     656.3901267511674860       0.9051023753429429
     656.3903268845897401       0.8503695615728580
     656.3905270180119942       0.9007997876813186
     656.3907271514343620       0.7962209275064898
     656.3909272848566161       0.9942550741734302
     656.3911274182788702       0.9343134203458223
     656.3913275517011243       0.9071451430747699
     656.3915276851233784       0.9156044472146430
     656.3917278185457462       0.8935805950219169
     656.3919279519680003       0.9293316106996726
     656.3921280853902545       0.8663853774637966
     656.3923282188125086       0.9847552438252926
     656.3925283522348764       0.9561800377422688
     656.3927284856571305       0.9183432167117639
     656.3929286190793846       0.9464094128946481
     656.3931287525016387       0.8814068230810559
     656.3933288859240065       0.9043381479144138
     656.3935290193462606       1.0347909979797043
     656.3937291527685147       0.9612741802551449
     656.3939292861907688       0.9863550380462619
     656.3941294196131366       1.0611615746096599
     656.3943295530353907       0.9811572707946730
     656.3945296864576449       0.9764987190278581
     656.3947298198798990       0.9510161338200455
     656.3949299533022668       1.0117947605998063
     656.3951300867245209       0.9964512336734052
     656.3953302201467750       1.0064046041204504
     656.3955303535690291       0.9920425108341004
     656.3957304869913969       1.0634471240573653
     656.3959306204136510       0.9415802581238590
     656.3961307538359051       0.9775557927540424
     656.3963308872581592       1.0069475188383619
     656.3965310206804133       0.9836107778492290
     656.3967311541027811       0.9986118350751644
     656.3969312875250353       1.0510671471872328
     656.3971314209472894       1.0260797814735318
     656.3973315543695435       1.0329420113929770
     656.3975316877919113       0.9339797825704903
     656.3977318212141654       0.9992089577153637
     656.3979319546364195       0.9638379764084907
     656.3981320880586736       1.0784506799954516
     656.3983322214810414       1.0054971133654313
     656.3985323549032955       1.0223200826661047
     656.3987324883255496       1.0211987859919474
     656.3989326217478038       1.0041895436801098
     656.3991327551701715       1.0291786123951063
     656.3993328885924257       0.9238263861171061
     656.3995330220146798       1.0273370877213384
     656.3997331554369339       1.0726169006100386
     656.3999332888593017       0.9998416033545960
     656.4001334222815558       1.0395606118075260
     656.4003335557038099       0.9723027642823376
     656.4005336891260640       1.0470383032559099
     656.4007338225484318       0.9531061110434392
     656.4009339559706859       1.0471435738729533
     656.4011340893929400       0.9884322198028479
     656.4013342228151942       1.0532852812648783
     656.4015343562375620       0.9916271353251105
     656.4017344896598161       1.0190919921679975
     656.4019346230820702       0.9632563465800045
     656.4021347565043243       0.9787652055982410
     656.4023348899265784       0.9629836371767563
     656.4025350233489462       0.9982461215134174
     656.4027351567712003       0.9832029635165228
     656.4029352901934544       0.9987303466752900
     656.4031354236157085       1.0335242675016940
     656.4033355570380763       0.9752103916649626
     656.4035356904603304       1.0182328751667691
     656.4037358238825846       1.0057721858085027
     656.4039359573048387       0.9950589658593543
     656.4041360907272065       1.0539274936067413
     656.4043362241494606       1.0183445922150727
     656.4045363575717147       1.0970049649173068
     656.4047364909939688       1.0426107033499363
     656.4049366244163366       1.0199472035707116
     656.4051367578385907       0.9600759493809173
     656.4053368912608448       0.9709288816286876
     656.4055370246830989       1.1052590418592947
     656.4057371581054667       1.0643267674747694
     656.4059372915277208       1.0305285831597146
     656.4061374249499750       1.0132582199760800
     656.4063375583722291       1.0114022828578579
     656.4065376917945969       0.8758214212579727
     656.4067378252168510       1.0335536757024240
     656.4069379586391051       1.0511680938135761
     656.4071380920613592       0.9294871888294092
     656.4073382254836133       1.0393655454947033
     656.4075383589059811       1.0991273573375793
     656.4077384923282352       0.9972705021307944
     656.4079386257504893       1.0552255154855117
     656.4081387591727434       0.9395794934412761
     656.4083388925951112       1.0034971239063348
     656.4085390260173654       0.9731092691521434
     656.4087391594396195       0.9739309937769869
     656.4089392928618736       1.0468750026117686
     656.4091394262842414       1.0014914381437208
     656.4093395597064955       0.9786985934637030
     656.4095396931287496       1.0072070064090108
     656.4097398265510037       1.0387944813732237
     656.4099399599733715       1.0036940201414333
     656.4101400933956256       1.0240101278484599
     656.4103402268178797       1.0162833639193523
     656.4105403602401339       1.0134809223706975
     656.4107404936625016       1.0804062107549357
     656.4109406270847558       0.9897937770560304
     656.4111407605070099       0.9459569860992623
     656.4113408939292640       1.0544858460943376
     656.4115410273516318       0.9845598487478173
     656.4117411607738859       0.9989724099900474
     656.4119412941961400       1.0087134632397206
     656.4121414276183941       1.0296358260670861
     656.4123415610407619       1.0257138106551458
     656.4125416944630160       0.9262120797929434
     656.4127418278852701       1.1615462004923862
     656.4129419613075243       0.8799238055791784
     656.4131420947297784       0.9599320478628997
     656.4133422281521462       1.0071010002789667
     656.4135423615744003       0.9671953953748402
     656.4137424949966544       0.9764385018459534
     656.4139426284189085       0.9860654277700184
     656.4141427618412763       0.9810229036938223
     656.4143428952635304       0.9799550343291725
     656.4145430286857845       1.0419610403468975
     656.4147431621080386       0.9647987522178469
     656.4149432955304064       1.0051106675523562
     656.4151434289526605       1.0630068033930575
     656.4153435623749147       0.9468508176503450
     656.4155436957971688       0.9472214393316242
     656.4157438292195366       1.0274641811846685
     656.4159439626417907       0.9798291046171694
     656.4161440960640448       1.0592472031712061
     656.4163442294862989       0.9833547826856055
     656.4165443629086667       0.9465251006185791
     656.4167444963309208       1.0134050697088095
     656.4169446297531749       0.9848625641316076
     656.4171447631754290       0.9193445071577958
     656.4173448965977968       1.0070454338565424
     656.4175450300200509       0.9309619367122619
     656.4177451634423051       1.0152188036590795
     656.4179452968645592       0.9650007523596273
     656.4181454302869270       0.9978356496430925
     656.4183455637091811       0.9752812329679722
     656.4185456971314352       0.8676833063364024
     656.4187458305536893       0.9403087198734281
     656.4189459639759434       1.0655857846140859
     656.4191460973983112       0.9614579454064368
     656.4193462308205653       0.9633620716631411
     656.4195463642428194       1.0048059523105621
     656.4197464976650735       0.9245115369558334
     656.4199466310874413       1.0459979474544525
     656.4201467645096955       1.0255999565124512
     656.4203468979319496       1.0870615467429161
     656.4205470313542037       0.9498646892607212
     656.4207471647765715       0.9552877917885780
     656.4209472981988256       0.9605588093400002
     656.4211474316210797       1.0224945507943630
     656.4213475650433338       1.0021666004322469
     656.4215476984657016       0.9639304317533970
     656.4217478318879557       0.9574624635279179
     656.4219479653102098       0.9414905793964863
     656.4221480987324640       0.9653156735002995
     656.4223482321548317       1.1216693669557571
     656.4225483655770859       1.0945846363902092
     656.4227484989993400       1.1019954606890678
     656.4229486324215941       0.9252825230360031
     656.4231487658439619       1.0111324256286025
     656.4233488992662160       0.9637683816254139
     656.4235490326884701       1.0616040416061878
     656.4237491661107242       1.0488184355199337
     656.4239492995329783       1.0409898795187473
     656.4241494329553461       0.9095991104841232
     656.4243495663776002       0.8981781601905823
     656.4245496997998544       0.9391586706042290
     656.4247498332221085       1.0478696450591087
     656.4249499666444763       1.0053896494209766
     656.4251501000667304       0.9192498177289963
     656.4253502334889845       0.9570462293922901
     656.4255503669112386       0.9702840317040682
     656.4257505003336064       0.9461586661636829
     656.4259506337558605       0.9863626686856151
     656.4261507671781146       0.9662866666913033
     656.4263509006003687       0.9379063732922077
     656.4265510340227365       1.0824790373444557
     656.4267511674449906       0.9277381077408791
     656.4269513008672448       1.0621461980044842
     656.4271514342894989       1.0120870266109705
     656.4273515677118667       0.9854896860197186
     656.4275517011341208       0.9998994758570916
     656.4277518345563749       0.9282192587852478
     656.4279519679786290       0.9616936594247818
     656.4281521014009968       1.1282291859388351
     656.4283522348232509       0.9110105484724045
     656.4285523682455050       1.0109971873462200
     656.4287525016677591       1.0162665527313948
     656.4289526350901269       0.9782699830830097
     656.4291527685123810       0.9752268604934216
     656.4293529019346352       0.9496337585151196
     656.4295530353568893       1.0291260462254286
     656.4297531687791434       0.9745373725891113
     656.4299533022015112       1.0047759478911757
     656.4301534356237653       0.9536159224808216
     656.4303535690460194       0.9816476162523031
     656.4305537024682735       1.0514833591878414
     656.4307538358906413       0.9759285897016525
     656.4309539693128954       0.9774226918816566
     656.4311541027351495       1.0125686302781105
     656.4313542361574036       0.9398832619190216
     656.4315543695797714       0.9669491909444332
     656.4317545030020256       0.9145156666636467
     656.4319546364242797       1.0377847515046597
     656.4321547698465338       1.0602484606206417
     656.4323549032689016       1.1028123497962952
     656.4325550366911557       0.9670078344643116
     656.4327551701134098       0.9525494314730167
     656.4329553035356639       0.9205366969108582
     656.4331554369580317       0.9898592373356223
     656.4333555703802858       0.9471925012767315
     656.4335557038025399       0.9702672678977251
     656.4337558372247940       1.0130779296159744
     656.4339559706471618       0.9652573950588703
     656.4341561040694160       0.9599227271974087
     656.4343562374916701       1.0261477883905172
     656.4345563709139242       1.0125199183821678
     656.4347565043361783       1.0307434704154730
     656.4349566377585461       1.0041483393870294
     656.4351567711808002       0.9657461494207382
     656.4353569046030543       0.9667919352650642
     656.4355570380253084       1.0590220168232918
     656.4357571714476762       1.0384140573441982
     656.4359573048699303       1.0696464255452156
     656.4361574382921845       1.0612969808280468
     656.4363575717144386       0.9591567106544971
     656.4365577051368064       1.0238454695791006
     656.4367578385590605       1.0005022546392865
     656.4369579719813146       0.9919869992882013
     656.4371581054035687       0.9425742514431477
     656.4373582388259365       1.1013190373778343
     656.4375583722481906       1.0253378842025995
     656.4377585056704447       1.1080033704638481
     656.4379586390926988       0.9882670529186726
     656.4381587725150666       1.0441539362072945
     656.4383589059373207       0.9891816135495901
     656.4385590393595749       0.9965419836807996
     656.4387591727818290       1.0733544901013374
     656.4389593062041968       0.9493640400469303
     656.4391594396264509       0.9923107796348631
     656.4393595730487050       0.9136790707707405
     656.4395597064709591       0.9382751397788525
     656.4397598398933269       1.0556852109730244
     656.4399599733155810       0.9664993062615395
     656.4401601067378351       0.9520067684352398
     656.4403602401600892       0.9416660666465759
     656.4405603735823433       0.9574703797698021
     656.4407605070047111       0.9553732685744762
     656.4409606404269653       1.0067288554273546
     656.4411607738492194       1.0525583401322365
     656.4413609072714735       1.0096609909087420
     656.4415610406938413       1.0581172108650208
     656.4417611741160954       0.8992206305265427
     656.4419613075383495       1.0393102206289768
     656.4421614409606036       1.0250992272049189
     656.4423615743829714       0.9253439083695412
     656.4425617078052255       1.0089433640241623
     656.4427618412274796       0.9879178470000625
     656.4429619746497337       0.9954005698673427
     656.4431621080721015       1.0304186251014471
     656.4433622414943557       0.9631876386702061
     656.4435623749166098       0.9620136618614197
     656.4437625083388639       1.0313654802739620
     656.4439626417612317       0.9666676707565784
     656.4441627751834858       1.0333193354308605
     656.4443629086057399       0.9384737946093082
     656.4445630420279940       0.9694553464651108
     656.4447631754503618       1.0097180530428886
     656.4449633088726159       1.0525705702602863
     656.4451634422948700       1.0508022904396057
     656.4453635757171241       0.9851564699783921
     656.4455637091393783       1.0338270515203476
     656.4457638425617461       0.9324387609958649
     656.4459639759840002       0.9745127316564322
     656.4461641094062543       1.0305718425661325
     656.4463642428285084       1.0558936968445778
     656.4465643762508762       0.9918013093993068
     656.4467645096731303       0.9699238259345293
     656.4469646430953844       0.9754054266959429
     656.4471647765176385       0.9609280973672867
     656.4473649099400063       1.0239738672971725
     656.4475650433622604       1.0523519031703472
     656.4477651767845146       1.0230873078107834
     656.4479653102067687       1.0167597513645887
     656.4481654436291365       0.9721147622913122
     656.4483655770513906       0.9948237412609160
     656.4485657104736447       0.9459530711174011
     656.4487658438958988       0.9971528812311590
     656.4489659773182666       1.0333946757018566
     656.4491661107405207       1.0226875264197588
     656.4493662441627748       1.0089923841878772
     656.4495663775850289       0.9704362917691469
     656.4497665110073967       1.0005036548245698
     656.4499666444296508       0.9952361513860524
     656.4501667778519050       0.9201365783810616
     656.4503669112741591       1.0634738504886627
     656.4505670446965269       0.9993200686876662
     656.4507671781187810       0.9181673228740692
     656.4509673115410351       0.9596991762518883
     656.4511674449632892       0.9726095311343670
     656.4513675783855433       1.0103700086474419
     656.4515677118079111       1.0854788944125175
     656.4517678452301652       0.9959419872611761
     656.4519679786524193       0.9790800977498293
     656.4521681120746734       1.0279880855232477
     656.4523682454970412       1.0359308570623398
     656.4525683789192954       0.9527168534696102
     656.4527685123415495       1.0810997933149338
     656.4529686457638036       1.0492741130292416
     656.4531687791861714       0.9799703601747751
     656.4533689126084255       1.0339844487607479
     656.4535690460306796       1.0534913651645184
     656.4537691794529337       0.9737834502011538
     656.4539693128753015       0.9758458640426397
     656.4541694462975556       0.9389219097793102
     656.4543695797198097       1.0274068322032690
     656.4545697131420638       0.9695585537701845
     656.4547698465644316       1.0638854727149010
     656.4549699799866858       0.9696857500821352
     656.4551701134089399       0.9781231433153152
     656.4553702468311940       0.9014112427830696
     656.4555703802535618       0.9144235476851463
     656.4557705136758159       1.1420269161462784
     656.4559706470980700       0.9934567487798631
     656.4561707805203241       0.9731038231402636
     656.4563709139425782       0.9984238251345232
     656.4565710473649460       1.0769338235259056
     656.4567711807872001       0.9574579894542694
     656.4569713142094542       0.9654169119894505
     656.4571714476317084       1.0282318890094757
     656.4573715810540762       1.0257915835827589
     656.4575717144763303       0.9241333678364754
     656.4577718478985844       0.9879537643864751
     656.4579719813208385       1.0808429941534996
     656.4581721147432063       1.0993737801909447
     656.4583722481654604       1.0668953806161880
     656.4585723815877145       0.9628135785460472
     656.4587725150099686       1.0672182664275169
     656.4589726484323364       0.9454692602157593
     656.4591727818545905       1.0702945515513420
     656.4593729152768447       0.9697055574506521
     656.4595730486990988       1.0082324966788292
     656.4597731821214666       0.9791376143693924
     656.4599733155437207       0.9991210457519628
     656.4601734489659748       0.9771168641746044
     656.4603735823882289       1.1143604293465614
     656.4605737158105967       0.9637903757393360
     656.4607738492328508       1.0433128476142883
     656.4609739826551049       0.9904704708606005
     656.4611741160773590       1.0069939414970577
     656.4613742494997268       0.9961889220867306
     656.4615743829219809       1.0366450324654579
     656.4617745163442351       1.0497045628726482
     656.4619746497664892       1.1024433001875877
     656.4621747831887433       0.9245701208710670
     656.4623749166111111       0.9497689306735992
     656.4625750500333652       0.9854618357494473
     656.4627751834556193       0.9597626589238644
     656.4629753168778734       1.0116006350144744
     656.4631754503002412       1.0737190246582031
     656.4633755837224953       1.0418363399803638
     656.4635757171447494       1.0066787726245821
     656.4637758505670035       0.9999457365884155
     656.4639759839893713       1.0652368366718292
     656.4641761174116255       0.9585822001099586
     656.4643762508338796       0.9903541477397084
     656.4645763842561337       0.9925784100778401
     656.4647765176785015       0.9568702541291714
     656.4649766511007556       1.0472317188978195
     656.4651767845230097       1.0400458984076977
     656.4653769179452638       0.9304369166493416
     656.4655770513676316       0.9990846699802205
     656.4657771847898857       0.9432622827589512
     656.4659773182121398       1.0428846776485443
     656.4661774516343939       0.9626387692987919
     656.4663775850567617       1.0293247438967228
     656.4665777184790159       0.9526203945279121
     656.4667778519012700       0.9950223029591143
     656.4669779853235241       0.8985184878110886
     656.4671781187458919       0.9789614900946617
     656.4673782521681460       1.0420396998524666
     656.4675783855904001       0.9350945726037025
     656.4677785190126542       0.9452913589775562
     656.4679786524349083       1.0002945113810711
     656.4681787858572761       0.9784517828375101
     656.4683789192795302       0.9397891387343407
     656.4685790527017843       1.0787031650543213
     656.4687791861240385       1.0663527473807335
     656.4689793195464063       1.0211682952940464
     656.4691794529686604       1.0123842824250460
     656.4693795863909145       1.0089265611022711
     656.4695797198131686       1.0184357259422541
     656.4697798532355364       1.0049588377587497
     656.4699799866577905       1.0565674565732479
     656.4701801200800446       0.9695261139422655
     656.4703802535022987       0.9627144671976566
     656.4705803869246665       0.9822445381432772
     656.4707805203469206       0.9413504041731358
     656.4709806537691748       1.0116706201806664
     656.4711807871914289       1.0012791671324521
     656.4713809206137967       0.9286259263753891
     656.4715810540360508       1.0434592030942440
     656.4717811874583049       0.9286757186055183
     656.4719813208805590       1.0077935620211065
     656.4721814543029268       0.9719870258122683
     656.4723815877251809       1.0809425935149193
     656.4725817211474350       1.0101158609613776
     656.4727818545696891       1.1264232248067856
     656.4729819879919432       0.9905652599409223
     656.4731821214143110       1.0227096825838089
     656.4733822548365652       1.0494513474404812
     656.4735823882588193       0.9627966508269310
     656.4737825216810734       1.0018158970633522
     656.4739826551034412       1.0869393497705460
     656.4741827885256953       0.9601166099309921
     656.4743829219479494       1.0406184606254101
     656.4745830553702035       1.0526733472943306
     656.4747831887925713       0.9519053027033806
     656.4749833222148254       0.9584654383361340
     656.4751834556370795       1.0617529563605785
     656.4753835890593336       0.9817775841802359
     656.4755837224817014       0.9374575316905975
     656.4757838559039556       0.9548997767269611
     656.4759839893262097       1.0319457240402699
     656.4761841227484638       0.9910808065906167
     656.4763842561708316       0.9251434281468391
     656.4765843895930857       1.0855418667197227
     656.4767845230153398       1.0497781448066235
     656.4769846564375939       1.0080639971420169
     656.4771847898599617       1.1303366571664810
     656.4773849232822158       0.9540137201547623
     656.4775850567044699       1.0187316499650478
     656.4777851901267240       1.0115876412019134
     656.4779853235490918       0.9538309685885906
     656.4781854569713460       0.9662080332636833
     656.4783855903936001       1.0154441688209772
     656.4785857238158542       0.9935096330009401
     656.4787858572381083       0.9211505725979805
     656.4789859906604761       1.0346169732511044
     656.4791861240827302       1.0096080349758267
     656.4793862575049843       0.9786444772034883
     656.4795863909272384       0.9830178860574961
     656.4797865243496062       0.9454877600073814
     656.4799866577718603       1.0597765929996967
     656.4801867911941144       1.0087986476719379
     656.4803869246163686       1.0409553796052933
     656.4805870580387364       0.9166304543614388
     656.4807871914609905       0.9450821503996849
     656.4809873248832446       0.9762306716293097
     656.4811874583054987       1.0365587696433067
     656.4813875917278665       0.9739779923111200
     656.4815877251501206       1.0120370974764228
     656.4817878585723747       1.0217675399035215
     656.4819879919946288       0.9512085355818272
     656.4821881254169966       0.9758861828595400
     656.4823882588392507       1.0239173099398613
     656.4825883922615049       0.9539683796465397
     656.4827885256837590       0.9753933902829885
     656.4829886591061268       1.0036439660470933
     656.4831887925283809       0.9597278088331223
     656.4833889259506350       1.0406875833868980
     656.4835890593728891       0.9724246654659510
     656.4837891927951432       1.0373891852796078
     656.4839893262175110       0.9616712294518948
     656.4841894596397651       0.9937045164406300
     656.4843895930620192       0.9835789538919926
     656.4845897264842733       1.0022972433362156
     656.4847898599066411       1.0026998892426491
     656.4849899933288953       0.9301845654845238
     656.4851901267511494       1.0162589028477669
     656.4853902601734035       0.9830950610339642
     656.4855903935957713       1.0448418185114861
     656.4857905270180254       1.0496890582144260
     656.4859906604402795       1.0417376533150673
     656.4861907938625336       0.9798325914889574
     656.4863909272849014       0.9669047109782696
     656.4865910607071555       1.0114953322336078
     656.4867911941294096       0.8582918792963028
     656.4869913275516637       0.8798245638608932
     656.4871914609740315       0.9918242376297712
     656.4873915943962857       1.0191093143075705
     656.4875917278185398       1.0008961074054241
     656.4877918612407939       1.0580005459487438
     656.4879919946631617       1.0373627543449402
     656.4881921280854158       1.0971080213785172
     656.4883922615076699       0.9510967507958412
     656.4885923949299240       0.9744310434907675
     656.4887925283522918       1.0395230017602444
     656.4889926617745459       1.0396999455988407
     656.4891927951968000       1.0190438441932201
     656.4893929286190541       0.8994532600045204
     656.4895930620413083       1.0427290834486485
     656.4897931954636761       0.9242175072431564
     656.4899933288859302       0.9766574539244175
     656.4901934623081843       0.9048282057046890
     656.4903935957304384       0.9792641140520573
     656.4905937291528062       1.0559457503259182
     656.4907938625750603       0.9072351679205894
     656.4909939959973144       0.9490842744708061
     656.4911941294195685       1.0751269832253456
     656.4913942628419363       1.0046488326042891
     656.4915943962641904       1.0890924111008644
     656.4917945296864445       0.9329967871308327
     656.4919946631086987       0.9598243720829487
     656.4921947965310665       0.9308292046189308
     656.4923949299533206       0.9567462541162968
     656.4925950633755747       0.9698583353310823
     656.4927951967978288       0.9799627643078566
     656.4929953302201966       0.9634225256741047
     656.4931954636424507       1.0248769596219063
     656.4933955970647048       0.9974128433968872
     656.4935957304869589       1.0065640122629702
     656.4937958639093267       1.0282196830958128
     656.4939959973315808       1.0252472907304764
     656.4941961307538350       1.0255414284765720
     656.4943962641760891       0.9464390575885773
     656.4945963975983432       0.9617421701550484
     656.4947965310207110       0.9922681739553809
     656.4949966644429651       0.9281633794307709
     656.4951967978652192       0.9495025612413883
     656.4953969312874733       1.0861756876111031
     656.4955970647098411       1.0374243296682835
     656.4957971981320952       0.9178486540913582
     656.4959973315543493       0.9578824564814568
     656.4961974649766034       1.0050013507716358
     656.4963975983989712       1.0538167841732502
     656.4965977318212254       1.0134295271709561
     656.4967978652434795       1.0349675901234150
     656.4969979986657336       1.0133924661204219
     656.4971981320881014       0.9672994464635849
     656.4973982655103555       0.9793009664863348
     656.4975983989326096       1.0359076745808125
     656.4977985323548637       0.9460894875228405
     656.4979986657772315       0.9446393288671970
     656.4981987991994856       0.9544953666627407
     656.4983989326217397       0.8999754786491394
     656.4985990660439938       0.9929256611503661
     656.4987991994663616       1.0387418381869793
     656.4989993328886158       1.1228442564606667
     656.4991994663108699       1.0881742313504219
     656.4993995997331240       1.0417736917734146
     656.4995997331554918       1.0174292232841253
     656.4997998665777459       1.0565119162201881
     656.5000000000000000       1.0070147798396647
