     656.2000000000000455       0.8559386283159256
     656.2002001334222996       0.9290679395198822
     656.2004002668445537       1.0393289588391781
     656.2006004002669215       1.0255482941865921
     656.2008005336891756       0.9129643216729164
     656.2010006671114297       0.9957094290293753
     656.2012008005336838       1.0200025308877230
     656.2014009339560516       1.0126048177480698
     656.2016010673783057       0.9542742632329464
     656.2018012008005599       1.0381712950766087
     656.2020013342228140       0.9936175434850156
     656.2022014676451818       0.9739809092134237
     656.2024016010674359       0.9087997972965240
     656.2026017344896900       1.0647770911455154
     656.2028018679119441       0.9849663553759456
     656.2030020013343119       0.9752153549343348
     656.2032021347565660       0.9266246408224106
     656.2034022681788201       0.9486198909580708
     656.2036024016010742       1.0377569608390331
     656.2038025350234420       0.9045724645256996
     656.2040026684456961       1.0154889961704612
     656.2042028018679503       1.0005676247528754
     656.2044029352902044       1.0430212430655956
     656.2046030687125722       0.9779789652675390
     656.2048032021348263       0.9509677775204182
     656.2050033355570804       0.9217585697770119
     656.2052034689793345       1.0793358683586121
     656.2054036024017023       0.9929735735058784
     656.2056037358239564       0.9336069002747536
     656.2058038692462105       0.9917405089363456
     656.2060040026684646       1.1477803289890289
     656.2062041360907187       1.0069648711942136
     656.2064042695130865       1.0523878000676632
     656.2066044029353407       0.9961631458718330
     656.2068045363575948       1.0466106198728085
     656.2070046697798489       1.0047436784952879
     656.2072048032022167       0.9459081329405308
     656.2074049366244708       1.0252529662102461
     656.2076050700467249       1.0446880534291267
     656.2078052034689790       0.9219821467995644
     656.2080053368913468       1.0872611328959465
     656.2082054703136009       1.0067260623909533
     656.2084056037358550       0.8983740434050560
     656.2086057371581092       1.0155913457274437
     656.2088058705804769       1.0570929162204266
     656.2090060040027311       1.0253442712128162
     656.2092061374249852       1.0245718155056238
     656.2094062708472393       1.0080452198162675
     656.2096064042696071       1.0374298654496670
     656.2098065376918612       1.0856990590691566
     656.2100066711141153       0.9266245365142822
     656.2102068045363694       0.9318927004933357
     656.2104069379587372       0.9642000757157803
     656.2106070713809913       0.9351451694965363
     656.2108072048032454       1.0337766185402870
     656.2110073382254996       0.9394295252859592
     656.2112074716477537       1.0483945868909359
     656.2114076050701215       1.0078522078692913
     656.2116077384923756       0.9655902534723282
     656.2118078719146297       1.0523958764970303
     656.2120080053368838       1.0811083391308784
     656.2122081387592516       0.9065447971224785
     656.2124082721815057       1.0539186075329781
     656.2126084056037598       1.0459526553750038
     656.2128085390260139       1.0288864076137543
     656.2130086724483817       1.0268120169639587
     656.2132088058706358       0.9772730264812708
     656.2134089392928900       0.9323320537805557
     656.2136090727151441       0.9515588916838169
     656.2138092061375119       0.9983782079070807
     656.2140093395597660       1.0381612852215767
     656.2142094729820201       1.1303674578666687
     656.2144096064042742       0.9822168443351984
     656.2146097398266420       0.9924099319614470
     656.2148098732488961       1.0344118140637875
     656.2150100066711502       1.0142556177452207
     656.2152101400934043       0.9870980810374022
     656.2154102735157721       1.0077729569748044
     656.2156104069380262       0.9794457536190748
     656.2158105403602804       0.9305251613259315
     656.2160106737825345       0.9987243902869523
     656.2162108072049023       0.9678103774785995
     656.2164109406271564       0.9321267753839493
     656.2166110740494105       0.9454233758151531
     656.2168112074716646       1.0158769991248846
     656.2170113408939187       1.0380087532103062
     656.2172114743162865       0.9754520207643509
     656.2174116077385406       0.9422358982264996
     656.2176117411607947       0.9877570373937488
     656.2178118745830488       0.9952098266221583
     656.2180120080054166       0.9827261269092560
     656.2182121414276708       0.9716532975435257
     656.2184122748499249       1.0256955660879612
     656.2186124082721790       1.0557965599000454
     656.2188125416945468       1.0329480133950710
     656.2190126751168009       0.9959647948853672
     656.2192128085390550       0.9706160128116608
     656.2194129419613091       1.0214364510029554
     656.2196130753836769       0.9465942122042179
     656.2198132088059310       0.9454042315483093
     656.2200133422281851       1.0268104672431946
     656.2202134756504392       0.9274534881114960
     656.2204136090728070       1.0370677411556244
     656.2206137424950612       0.9641783423721790
     656.2208138759173153       1.0362879447638988
     656.2210140093395694       0.9656635224819183
     656.2212141427619372       0.9451973326504230
     656.2214142761841913       0.9917636290192604
     656.2216144096064454       0.9423132576048374
     656.2218145430286995       1.1045962199568748
     656.2220146764509536       1.1057050824165344
     656.2222148098733214       1.0006393268122338
     656.2224149432955755       1.0361810699105263
     656.2226150767178297       0.9910794161260128
     656.2228152101400838       0.9299625530838966
     656.2230153435624516       1.0587064325809479
     656.2232154769847057       0.9800958652049303
     656.2234156104069598       1.0207078289240599
     656.2236157438292139       1.0986913144588470
     656.2238158772515817       0.9995128968730569
     656.2240160106738358       1.0623666606843472
     656.2242161440960899       1.0256746243685484
     656.2244162775183440       1.0069320793263614
     656.2246164109407118       1.0563639365136623
     656.2248165443629659       0.9303417876362801
     656.2250166777852201       1.0039593549445271
     656.2252168112074742       0.9872612655162811
     656.2254169446298420       1.0295350588858128
     656.2256170780520961       0.9957149308174849
     656.2258172114743502       0.9217137172818184
     656.2260173448966043       0.9566913433372974
     656.2262174783189721       0.9672245904803276
     656.2264176117412262       1.0147161679342389
     656.2266177451634803       0.9845265951007605
     656.2268178785857344       1.0526871643960476
     656.2270180120081022       0.9873888995498419
     656.2272181454303563       1.1150895282626152
     656.2274182788526105       1.0104996692389250
     656.2276184122748646       1.0153811620548368
     656.2278185456971187       1.0491319745779037
     656.2280186791194865       0.8834132626652718
     656.2282188125417406       1.0113076241686940
     656.2284189459639947       1.0740732997655869
     656.2286190793862488       0.9340676888823509
     656.2288192128086166       0.9434182085096836
     656.2290193462308707       1.0126342596486211
     656.2292194796531248       1.0335903726518154
     656.2294196130753789       0.8841746225953102
     656.2296197464977467       0.9445691704750061
     656.2298198799200009       1.0353028886020184
     656.2300200133422550       0.9176445305347443
     656.2302201467645091       1.0036792759783566
     656.2304202801868769       1.0055767293088138
     656.2306204136091310       0.9664482921361923
     656.2308205470313851       0.9611554332077503
     656.2310206804536392       0.9596296697854996
     656.2312208138760070       0.9699737820774317
     656.2314209472982611       1.0060415142215788
     656.2316210807205152       1.0154282171279192
     656.2318212141427693       0.9483072757720947
     656.2320213475651371       0.9572370499372482
     656.2322214809873913       1.0577944777905941
     656.2324216144096454       1.0196769926697016
     656.2326217478318995       1.0215320717543364
     656.2328218812541536       1.0052143787033856
     656.2330220146765214       0.9727239757776260
     656.2332221480987755       0.9882306568324566
     656.2334222815210296       1.0234708376228809
     656.2336224149432837       0.9909435603767633
     656.2338225483656515       0.9545537643134594
     656.2340226817879056       0.9587447680532932
     656.2342228152101598       0.9728930145502090
     656.2344229486324139       1.0207281634211540
     656.2346230820547817       0.9534457474946976
     656.2348232154770358       0.9912237357348204
     656.2350233488992899       0.9806451350450516
     656.2352234823215440       0.9222061783075333
     656.2354236157439118       0.8983342424035072
     656.2356237491661659       0.9570274241268635
     656.2358238825884200       1.0114428848028183
     656.2360240160106741       0.8864447474479675
     656.2362241494330419       0.9703222177922726
     656.2364242828552960       1.0349192246794701
     656.2366244162775502       0.9638877138495445
     656.2368245496998043       0.9950689859688282
     656.2370246831221721       1.0043650688603520
     656.2372248165444262       0.9103262647986412
     656.2374249499666803       0.9743179082870483
     656.2376250833889344       1.0078352885320783
     656.2378252168113022       1.0193462483584881
     656.2380253502335563       1.0369772724807262
     656.2382254836558104       0.9140376374125481
     656.2384256170780645       0.9972564682830125
     656.2386257505003186       0.9942278172820807
     656.2388258839226864       0.8978182524442673
     656.2390260173449406       0.9620370194315910
     656.2392261507671947       0.9994673461187631
     656.2394262841894488       1.0128669356927276
     656.2396264176118166       1.0160542707890272
     656.2398265510340707       0.9687601942569017
     656.2400266844563248       0.8186563253402710
     656.2402268178785789       1.0233199913054705
     656.2404269513009467       0.9716729577630758
     656.2406270847232008       1.0184154696762562
     656.2408272181454549       1.0246670283377171
     656.2410273515677090       1.0826508551836014
     656.2412274849900768       0.9568174481391907
     656.2414276184123310       0.9749493207782507
     656.2416277518345851       0.9766706414520741
     656.2418278852568392       0.9423553571105003
     656.2420280186792070       1.0277040749788284
     656.2422281521014611       0.9790059868246317
     656.2424282855237152       1.0313225612044334
     656.2426284189459693       1.0164061449468136
     656.2428285523683371       1.0301560591906309
     656.2430286857905912       1.0388354212045670
     656.2432288192128453       0.9540338106453419
     656.2434289526350994       1.0311201494187117
     656.2436290860574672       1.0100056370720267
     656.2438292194797214       0.9501378946006298
     656.2440293529019755       1.0432844273746014
     656.2442294863242296       0.9760357160121202
     656.2444296197464837       0.9969203351065516
     656.2446297531688515       0.9024555832147598
     656.2448298865911056       0.9853729205206037
     656.2450300200133597       0.9858123138546944
     656.2452301534356138       0.9703785199671984
     656.2454302868579816       1.0596082471311092
     656.2456304202802357       0.9887364860624075
     656.2458305537024899       0.9697790890932083
     656.2460306871247440       0.9733164217323065
     656.2462308205471118       1.0623209439218044
     656.2464309539693659       1.0089074168354273
     656.2466310873916200       0.9439666792750359
     656.2468312208138741       1.0541820824146271
     656.2470313542362419       0.9564739167690277
     656.2472314876584960       1.0051567959599197
     656.2474316210807501       1.0051441132090986
     656.2476317545030042       0.9103886634111404
     656.2478318879253720       0.9592713713645935
     656.2480320213476261       1.0513225756585598
     656.2482321547698803       0.9757037479430437
     656.2484322881921344       1.0133755533024669
     656.2486324216145022       1.0726643428206444
     656.2488325550367563       0.9438760094344616
     656.2490326884590104       1.0640706494450569
     656.2492328218812645       0.9194700494408607
     656.2494329553035186       1.0319501720368862
     656.2496330887258864       0.8981066346168518
     656.2498332221481405       1.0926453545689583
     656.2500333555703946       1.1296363472938538
     656.2502334889926487       1.0226060543209314
     656.2504336224150165       0.9938407312147319
     656.2506337558372707       0.9436399340629578
     656.2508338892595248       1.0178414583206177
     656.2510340226817789       1.0529611520469189
     656.2512341561041467       0.9588560797274113
     656.2514342895264008       1.0506469085812569
     656.2516344229486549       0.9180326014757156
     656.2518345563709090       1.0358565859496593
     656.2520346897932768       1.0326541289687157
     656.2522348232155309       0.9516555555164814
     656.2524349566377850       1.0383986532688141
     656.2526350900600391       1.0570065788924694
     656.2528352234824069       1.0517240948975086
     656.2530353569046611       0.9835933335125446
     656.2532354903269152       1.0279795676469803
     656.2534356237491693       1.0036065597087145
     656.2536357571715371       1.0014590042410418
     656.2538358905937912       1.0165726896375418
     656.2540360240160453       0.9670927152037621
     656.2542361574382994       1.1091465875506401
     656.2544362908606672       0.9946913169696927
     656.2546364242829213       0.9139859154820442
     656.2548365577051754       1.1867217272520065
     656.2550366911274295       1.0056506120599806
     656.2552368245496837       1.0144870309159160
     656.2554369579720515       1.0308585353195667
     656.2556370913943056       0.9554366134107113
     656.2558372248165597       1.0618527829647064
     656.2560373582388138       0.9803281258791685
     656.2562374916611816       0.9866406470537186
     656.2564376250834357       1.0417171418666840
     656.2566377585056898       1.0282083489000797
     656.2568378919279439       0.9555255547165871
     656.2570380253503117       1.0627418011426926
     656.2572381587725658       0.9459390342235565
     656.2574382921948200       0.9822329450398684
     656.2576384256170741       1.0416650325059891
     656.2578385590394419       1.0834067910909653
     656.2580386924616960       0.9962128105107695
     656.2582388258839501       1.0023275695275515
     656.2584389593062042       1.0225442778319120
     656.2586390927285720       0.9500325657427311
     656.2588392261508261       1.0017670838860795
     656.2590393595730802       1.0142401605844498
     656.2592394929953343       1.0156258568167686
     656.2594396264177021       0.9816679451614618
     656.2596397598399562       0.9032712206244469
     656.2598398932622104       1.0768476128578186
     656.2600400266844645       1.0956731662154198
     656.2602401601067186       1.0099226208403707
     656.2604402935290864       1.0682618021965027
     656.2606404269513405       0.9388381280004978
     656.2608405603735946       1.0266422871500254
     656.2610406937958487       1.0335080772638321
     656.2612408272182165       0.9732724428176880
     656.2614409606404706       0.9618010185658932
     656.2616410940627247       0.9959295191802084
     656.2618412274849788       0.9774911943823099
     656.2620413609073466       0.9821395874023438
     656.2622414943296008       1.1105100512504578
     656.2624416277518549       0.9581047780811787
     656.2626417611741090       0.9783694297075272
     656.2628418945964768       0.9672884047031403
     656.2630420280187309       0.9554660655558109
     656.2632421614409850       1.0671077072620392
     656.2634422948632391       0.9913588296622038
     656.2636424282856069       1.0111536635085940
     656.2638425617078610       1.0096765290945768
     656.2640426951301151       1.0456038489937782
     656.2642428285523692       0.9957185373641551
     656.2644429619747370       1.1281236559152603
     656.2646430953969912       0.9842361323535442
     656.2648432288192453       0.9436592496931553
     656.2650433622414994       0.9590133726596832
     656.2652434956638672       0.9644665010273457
     656.2654436290861213       1.0713900253176689
     656.2656437625083754       1.0236152932047844
     656.2658438959306295       1.0016741860890761
     656.2660440293528836       0.9790230188518763
     656.2662441627752514       0.9430998377501965
     656.2664442961975055       1.0322852544486523
     656.2666444296197596       1.0287155993282795
     656.2668445630420138       1.0246182028204203
     656.2670446964643816       1.0125171411782503
     656.2672448298866357       0.9771059192717075
     656.2674449633088898       1.0357234887778759
     656.2676450967311439       1.0401644073426723
     656.2678452301535117       0.8890300244092941
     656.2680453635757658       1.0059709954075515
     656.2682454969980199       1.0695543512701988
     656.2684456304202740       1.0724620074033737
     656.2686457638426418       1.0546367354691029
     656.2688458972648959       0.9876521080732346
     656.2690460306871501       0.9373404681682587
     656.2692461641094042       0.9799108970910311
     656.2694462975317720       0.9596976228058338
     656.2696464309540261       1.0963802859187126
     656.2698465643762802       1.0133282644674182
     656.2700466977985343       0.9982296902453527
     656.2702468312209021       1.0321998223662376
     656.2704469646431562       1.0693234726786613
     656.2706470980654103       1.0839666351675987
     656.2708472314876644       1.0387391969561577
     656.2710473649099185       1.0909302160143852
     656.2712474983322863       1.0277199037373066
     656.2714476317545405       1.0537033639848232
     656.2716477651767946       1.0185522232204676
     656.2718478985990487       0.9998582767293556
     656.2720480320214165       1.1263276934623718
     656.2722481654436706       1.0565991662442684
     656.2724482988659247       0.9889680529013276
     656.2726484322881788       1.0303129851818085
     656.2728485657105466       1.0710234045982361
     656.2730486991328007       0.9379656501114368
     656.2732488325550548       0.9819836113601923
     656.2734489659773089       1.0767719820141792
     656.2736490993996767       1.0124290762469172
     656.2738492328219309       0.8877134546637535
     656.2740493662441850       0.9614941664040089
     656.2742494996664391       1.0002953268995043
     656.2744496330888069       0.9902027612552047
     656.2746497665110610       0.9826296214014292
     656.2748498999333151       1.0197202246636152
     656.2750500333555692       1.0232050940394402
     656.2752501667779370       0.9555628299713135
     656.2754503002001911       0.9990810374729335
     656.2756504336224452       1.0076231933198869
     656.2758505670446993       0.9761278275400400
     656.2760507004670671       0.9227067530155182
     656.2762508338893213       1.0100858397781849
     656.2764509673115754       1.0023239459842443
     656.2766511007338295       1.1410921812057495
     656.2768512341560836       0.9610343091189859
     656.2770513675784514       0.9924273765645918
     656.2772515010007055       1.0047262590378518
     656.2774516344229596       0.9634385406970970
     656.2776517678452137       0.9740727934986342
     656.2778519012675815       0.9592961817979796
     656.2780520346898356       1.0310275144875025
     656.2782521681120897       0.9955739458091520
     656.2784523015343439       1.0662743598222679
     656.2786524349567117       0.9067190960049548
     656.2788525683789658       1.0172617621719717
     656.2790527018012199       0.9490312673151317
     656.2792528352234740       1.0757031291722994
     656.2794529686458418       0.9800038654356814
     656.2796531020680959       0.9067006707190910
     656.2798532354903500       1.0143980104475401
     656.2800533689126041       1.0137739330528981
     656.2802535023349719       0.8920157626269523
     656.2804536357572260       0.9894280070436480
     656.2806537691794802       1.0180885400619464
     656.2808539026017343       1.1060714945191883
     656.2810540360241021       1.0014849811552029
     656.2812541694463562       1.1744201630343136
     656.2814543028686103       1.0228792205437465
     656.2816544362908644       0.9875923199557045
     656.2818545697131185       0.9745102226702704
     656.2820547031354863       1.0052109020717432
     656.2822548365577404       0.9806515816535734
     656.2824549699799945       0.9308537319212895
     656.2826551034022486       1.0146274538584217
     656.2828552368246164       1.0160091668189373
     656.2830553702468706       0.9906098441902259
     656.2832555036691247       1.1332931518204794
     656.2834556370913788       0.8938990085828356
     656.2836557705137466       1.0215722265903748
     656.2838559039360007       1.0126481008700989
     656.2840560373582548       0.9926072371743140
     656.2842561707805089       1.0146552667070448
     656.2844563042028767       0.9489299838723070
     656.2846564376251308       1.0201406605824372
     656.2848565710473849       0.9587795394404505
     656.2850567044696390       0.9857030886276128
     656.2852568378920068       0.9778840085971259
     656.2854569713142610       0.9815775199867494
     656.2856571047365151       0.9591857700090841
     656.2858572381587692       0.9589463897240044
     656.2860573715811370       0.9911883490000462
     656.2862575050033911       0.9911542242963618
     656.2864576384256452       1.0655567889691535
     656.2866577718478993       0.9343939872158870
     656.2868579052702671       0.9600290744717700
     656.2870580386925212       1.0263574924341872
     656.2872581721147753       1.0317796295110373
     656.2874583055370294       1.0297113482213516
     656.2876584389592836       1.0092098276860946
     656.2878585723816514       1.0477245753757565
     656.2880587058039055       1.0263072110633564
     656.2882588392261596       1.0199967890555128
     656.2884589726484137       1.0262356505528034
     656.2886591060707815       0.9653991673156044
     656.2888592394930356       1.0122739806200942
     656.2890593729152897       0.9927445681512727
     656.2892595063375438       1.0055115793097027
     656.2894596397599116       0.8907460108129539
     656.2896597731821657       1.0189127496239112
     656.2898599066044198       1.0388809890657673
     656.2900600400266740       0.9478097632410509
     656.2902601734490418       0.9059127718515236
     656.2904603068712959       1.0173105578958297
     656.2906604402935500       1.0478358126653455
     656.2908605737158041       0.9927512202284143
     656.2910607071381719       0.9600884589714231
     656.2912608405604260       1.0453524676345991
     656.2914609739826801       0.9926568621597600
     656.2916611074049342       1.0300633502900003
     656.2918612408273020       0.9684462598763633
     656.2920613742495561       0.9780776290175212
     656.2922615076718103       0.9795176556822296
     656.2924616410940644       1.0121224433856408
     656.2926617745164322       0.9659604968717347
     656.2928619079386863       0.9322234616550630
     656.2930620413609404       1.0326290476989548
     656.2932621747831945       0.9966565062417658
     656.2934623082054486       1.0297580478259443
     656.2936624416278164       0.9965287323904098
     656.2938625750500705       0.9964105482476029
     656.2940627084723246       1.0077757536454817
     656.2942628418945787       0.9761778465695184
     656.2944629753169465       0.9000529579585083
     656.2946631087392007       1.0520445380736647
     656.2948632421614548       1.0444650023721773
     656.2950633755837089       1.0071696582958345
     656.2952635090060767       0.9671272661253281
     656.2954636424283308       0.9383215790142679
     656.2956637758505849       0.9257232068013980
     656.2958639092728390       1.0086438362941978
     656.2960640426952068       0.9606981377687392
     656.2962641761174609       1.0942453144845152
     656.2964643095397150       1.0199528193585035
     656.2966644429619691       1.0292165825331079
     656.2968645763843369       0.9989509989977261
     656.2970647098065911       0.9580652793782174
     656.2972648432288452       0.9088206582962077
     656.2974649766510993       1.0385407280164938
     656.2976651100734671       0.9469670690411918
     656.2978652434957212       0.9877975271365916
     656.2980653769179753       0.9377479279588441
     656.2982655103402294       1.1117515442702866
     656.2984656437624835       0.9578075172784243
     656.2986657771848513       1.0344264278775386
     656.2988659106071054       0.9532240824733531
     656.2990660440293595       1.0070189270550451
     656.2992661774516137       1.0134019899660243
     656.2994663108739815       1.0027969772955403
     656.2996664442962356       1.0441638169723220
     656.2998665777184897       1.0518588020869499
     656.3000667111407438       0.9878087708743580
     656.3002668445631116       0.9187881824441696
     656.3004669779853657       0.9723562219144634
     656.3006671114076198       0.9637390601760574
     656.3008672448298739       1.0710525423086117
     656.3010673782522417       1.0413808452806401
     656.3012675116744958       1.0935690333086638
     656.3014676450967499       0.9272714365672026
     656.3016677785190041       0.9820319632475648
     656.3018679119413719       1.0308339372019946
     656.3020680453636260       0.9543532240312952
     656.3022681787858801       1.0304648305022424
     656.3024683122081342       0.9624056283239929
     656.3026684456305020       0.8708921561410022
     656.3028685790527561       0.9653785067511887
     656.3030687124750102       1.0319996184546569
     656.3032688458972643       0.9455777288110160
     656.3034689793196321       0.9651189609755750
     656.3036691127418862       0.8835501273470906
     656.3038692461641403       0.9429836809330024
     656.3040693795863945       0.9448172219827028
     656.3042695130086486       0.9221738413572225
     656.3044696464310164       0.8932583744090088
     656.3046697798532705       0.9557401301065916
     656.3048699132755246       0.9244624198335987
     656.3050700466977787       0.9098738585768069
     656.3052701801201465       0.8535378136437797
     656.3054703135424006       0.8462722929185776
     656.3056704469646547       0.9314155246322473
     656.3058705803869088       0.8490003849737668
     656.3060707138092766       0.8134718066801836
     656.3062708472315308       0.8314858496471884
     656.3064709806537849       0.7479409296524083
     656.3066711140760390       0.8624317966129804
     656.3068712474984068       0.8188144481786266
     656.3070713809206609       0.8927330146227169
     656.3072715143429150       0.8402853330644946
     656.3074716477651691       0.8260587571197673
     656.3076717811875369       0.8161154871421890
     656.3078719146097910       0.8024174214313963
     656.3080720480320451       0.7907204846519065
     656.3082721814542992       0.8751522525057489
     656.3084723148766670       0.7704032450491726
     656.3086724482989212       0.8884944290384544
     656.3088725817211753       0.8640083649261099
     656.3090727151434294       0.8703582332638891
     656.3092728485656835       0.7652926111241978
     656.3094729819880513       0.8453422837487896
     656.3096731154103054       0.7738488574734338
     656.3098732488325595       0.7092234714937280
     656.3100733822548136       0.7674928312833192
     656.3102735156771814       0.8399525835350787
     656.3104736490994355       0.8313446567356346
     656.3106737825216896       0.8014213647475463
     656.3108739159439438       0.8122521644092167
     656.3110740493663116       0.8086714383816118
     656.3112741827885657       0.8286534126438807
     656.3114743162108198       0.8420735046938379
     656.3116744496330739       0.8370106946510500
     656.3118745830554417       0.8903430079750599
     656.3120747164776958       0.7752572303643047
     656.3122748498999499       0.7787976775941554
     656.3124749833222040       0.9011119639761452
     656.3126751167445718       0.8423749340295298
     656.3128752501668259       0.7630159145123587
     656.3130753835890800       0.7572801131859814
     656.3132755170113342       0.8092058017239463
     656.3134756504337020       0.9721374764081750
     656.3136757838559561       0.9042558831799135
     656.3138759172782102       0.8948664064392449
     656.3140760507004643       1.0074937529408250
     656.3142761841228321       0.8209638169884166
     656.3144763175450862       0.9793577701372559
     656.3146764509673403       0.9012513678927873
     656.3148765843895944       0.8883138101628488
     656.3150767178118485       0.8998429252662443
     656.3152768512342163       0.9010695651024648
     656.3154769846564704       0.9172926431336803
     656.3156771180787246       0.9145722286561797
     656.3158772515009787       0.9788988188689434
     656.3160773849233465       0.8615229410552838
     656.3162775183456006       0.8852316519108024
     656.3164776517678547       1.0161778533273038
     656.3166777851901088       0.8600356030113514
     656.3168779186124766       1.0631008391663173
     656.3170780520347307       0.9516160477810343
     656.3172781854569848       0.9726994885514384
     656.3174783188792389       0.9194354288238493
     656.3176784523016067       0.9406184204306131
     656.3178785857238609       1.0397538944276610
     656.3180787191461150       1.0025215303547754
     656.3182788525683691       1.0018727460329611
     656.3184789859907369       0.8842772006772059
     656.3186791194129910       1.0410571850544845
     656.3188792528352451       1.0946878193455687
     656.3190793862574992       0.9705845283884454
     656.3192795196798670       0.9447959293485320
     656.3194796531021211       1.0772078704521775
     656.3196797865243752       1.0797846609317818
     656.3198799199466293       0.9599886138446166
     656.3200800533688835       1.0707347782869547
     656.3202801867912513       1.0176884863904450
     656.3204803202135054       1.0231705266113522
     656.3206804536357595       1.0104393646845051
     656.3208805870580136       0.9582135378684523
     656.3210807204803814       0.9201445540526714
     656.3212808539026355       0.9857463995543505
     656.3214809873248896       0.9589857147123426
     656.3216811207471437       1.0547193702193702
     656.3218812541695115       1.0768675530760032
     656.3220813875917656       0.9719870147911636
     656.3222815210140197       1.0124049607048855
     656.3224816544362739       1.0090632109988644
     656.3226817878586417       0.9028345888987280
     656.3228819212808958       0.9812801549289314
     656.3230820547031499       1.0085811050152720
     656.3232821881254040       0.9733966101494015
     656.3234823215477718       0.9688785720678170
     656.3236824549700259       1.0232868396428842
     656.3238825883922800       1.0727429391678607
     656.3240827218145341       1.0347283573802346
     656.3242828552369019       0.9957990280736675
     656.3244829886591560       0.9217984894701652
     656.3246831220814101       0.9703481908885928
     656.3248832555036643       1.0130808995777112
     656.3250833889260321       1.0446407429777418
     656.3252835223482862       1.0594935374401051
     656.3254836557705403       1.0223119751988916
     656.3256837891927944       1.0069689261342538
     656.3258839226150485       0.9609303856327794
     656.3260840560374163       0.9334711083361412
     656.3262841894596704       1.0289981620615232
     656.3264843228819245       0.9975549536148109
     656.3266844563041786       0.9468159169815572
     656.3268845897265464       1.0014128771857873
     656.3270847231488005       1.0306535682684985
     656.3272848565710547       1.0381973772711119
     656.3274849899933088       1.0867866708251417
     656.3276851234156766       1.0481088860494192
     656.3278852568379307       0.9913500883083921
     656.3280853902601848       0.9274583900422022
     656.3282855236824389       0.9399303746645736
     656.3284856571048067       0.9255348675019757
     656.3286857905270608       1.0207428850102700
     656.3288859239493149       0.9795157716008860
     656.3290860573715690       0.9708813288980018
     656.3292861907939368       0.9716051209910473
     656.3294863242161910       1.0603173792813974
     656.3296864576384451       0.9948583281808535
     656.3298865910606992       1.0376244192897861
     656.3300867244830670       1.0567609946047578
     656.3302868579053211       0.9690092260824795
     656.3304869913275752       0.9707375395697612
     656.3306871247498293       1.0126557500333977
     656.3308872581721971       1.0736062065005103
     656.3310873915944512       1.0487187162526199
     656.3312875250167053       1.0542070992018384
     656.3314876584389594       0.9677011263811041
     656.3316877918612136       1.0655725212854370
     656.3318879252835814       1.0258399804852485
     656.3320880587058355       0.9610522459977850
     656.3322881921280896       1.0786149475859816
     656.3324883255503437       0.9748802386570246
     656.3326884589727115       0.9206874962727921
     656.3328885923949656       1.0550953574687432
     656.3330887258172197       1.0167554618820565
     656.3332888592394738       1.0394427680113147
     656.3334889926618416       0.9248178156857778
     656.3336891260840957       0.9884628320571416
     656.3338892595063498       0.9627021474071648
     656.3340893929286040       0.9718261741390570
     656.3342895263509718       1.0728155874240950
     656.3344896597732259       0.9629546201518840
     656.3346897931954800       1.0006689218946618
     656.3348899266177341       0.9324225476627949
     656.3350900600401019       0.9645511464367365
     656.3352901934623560       1.0286185718147454
     656.3354903268846101       1.0338466424832160
     656.3356904603068642       1.0546115112822769
     656.3358905937292320       1.0224399937394644
     656.3360907271514861       0.8929594232341563
     656.3362908605737402       1.1114947794937109
     656.3364909939959944       0.9900986812339103
     656.3366911274182485       1.1016834303256080
     656.3368912608406163       0.9478279836131798
     656.3370913942628704       1.0412703416995894
     656.3372915276851245       0.9596047513011935
     656.3374916611073786       0.9761111792052625
     656.3376917945297464       1.0182744171382283
     656.3378919279520005       1.0078476788413810
     656.3380920613742546       0.9589818268970425
     656.3382921947965087       1.0908584669201464
     656.3384923282188765       1.0647288560845625
     656.3386924616411306       1.0049285413682183
     656.3388925950633848       0.9963366354339405
     656.3390927284856389       1.0103684412308107
     656.3392928619080067       1.0429297275836109
     656.3394929953302608       1.0575369298454547
     656.3396931287525149       0.9317268207666802
     656.3398932621747690       0.9365359246729111
     656.3400933955971368       1.0441469512878685
     656.3402935290193909       0.9994921150500087
     656.3404936624416450       0.9781400989740541
     656.3406937958638991       0.9624286480247601
     656.3408939292862669       1.1762893348932013
     656.3410940627085211       0.9850021777674384
     656.3412941961307752       1.1062930971383933
     656.3414943295530293       1.0170831605791966
     656.3416944629753971       1.0610629506409115
     656.3418945963976512       1.0183557346463168
     656.3420947298199053       1.0270251482725119
     656.3422948632421594       1.0098001835867747
     656.3424949966644135       1.0463560111820687
     656.3426951300867813       1.0007750954828218
     656.3428952635090354       1.0390475057065482
     656.3430953969312895       0.9285904169082638
     656.3432955303535437       0.9923478253185747
     656.3434956637759115       0.9547849223017691
     656.3436957971981656       0.9976195746567099
     656.3438959306204197       1.0700485631823540
     656.3440960640426738       1.0560207627713680
     656.3442961974650416       0.9377630054950714
     656.3444963308872957       1.0699808076024055
     656.3446964643095498       1.0217821598052979
     656.3448965977318039       0.9135648086667061
     656.3450967311541717       1.0170063078403473
     656.3452968645764258       1.0088851517066360
     656.3454969979986799       0.9989655798999593
     656.3456971314209341       0.9858683953061700
     656.3458972648433019       1.0733886286616325
     656.3460973982655560       1.0562527365982533
     656.3462975316878101       0.9198587611317635
     656.3464976651100642       0.9755053482949734
     656.3466977985324320       0.9164842292666435
     656.3468979319546861       0.9448022581636906
     656.3470980653769402       1.0007651527412236
     656.3472981987991943       0.9353320375084877
     656.3474983322214484       0.9955847733654082
     656.3476984656438162       1.0468998327851295
     656.3478985990660703       0.9453359544277191
     656.3480987324883245       1.0025461378972977
     656.3482988659105786       1.0049333130009472
     656.3484989993329464       0.9359761923551559
     656.3486991327552005       1.0026140399277210
     656.3488992661774546       0.9596967883408070
     656.3490993995997087       0.9359342679381371
     656.3492995330220765       0.9981733380118385
     656.3494996664443306       0.9784719180315733
     656.3496997998665847       0.9163801819086075
     656.3498999332888388       1.0663974434137344
     656.3501000667112066       1.0682116672396660
     656.3503002001334607       1.0373844653367996
     656.3505003335557149       0.9557932354509830
     656.3507004669779690       0.9796653427183628
     656.3509006004003368       1.0131721887737513
     656.3511007338225909       0.9775594882667065
     656.3513008672448450       1.0536266677081585
     656.3515010006670991       0.9796992558985949
     656.3517011340894669       0.9332480132579803
     656.3519012675117210       0.9680177792906761
     656.3521014009339751       1.0149459959939122
     656.3523015343562292       1.0429885424673557
     656.3525016677785970       1.0305382590740919
     656.3527018012008512       1.0197962522506714
     656.3529019346231053       0.9898235816508532
     656.3531020680453594       0.9411723203957081
     656.3533022014676135       0.9568453095853329
     656.3535023348899813       0.9850463597103953
     656.3537024683122354       0.9569899402558804
     656.3539026017344895       0.9374608173966408
     656.3541027351567436       0.9728554952889681
     656.3543028685791114       0.9814814068377018
     656.3545030020013655       1.0314597189426422
     656.3547031354236196       1.0080187320709229
     656.3549032688458738       1.0095871742814779
     656.3551034022682416       0.9824300576001406
     656.3553035356904957       0.9440670050680637
     656.3555036691127498       1.0341736376285553
     656.3557038025350039       1.0392428375780582
     656.3559039359573717       0.9777564872056246
     656.3561040693796258       1.0518724732100964
     656.3563042028018799       1.0261861290782690
     656.3565043362241340       0.9592100828886032
     656.3567044696465018       0.9365609213709831
     656.3569046030687559       1.0361499898135662
     656.3571047364910100       0.9876443194225430
     656.3573048699132642       1.0127751231193542
     656.3575050033356320       1.0015955598792061
     656.3577051367578861       1.0723679959774017
     656.3579052701801402       1.0350239872932434
     656.3581054036023943       1.0217406973242760
     656.3583055370246484       0.9977147707249969
     656.3585056704470162       0.9928024201653898
     656.3587058038692703       0.8740933537483215
     656.3589059372915244       0.9206674769520760
     656.3591060707137785       0.9615124426782131
     656.3593062041361463       1.0310109704732895
     656.3595063375584004       0.9500765800476074
     656.3597064709806546       1.0484808087348938
     656.3599066044029087       1.0591405406594276
     656.3601067378252765       1.0638969466090202
     656.3603068712475306       0.9598258472979069
     656.3605070046697847       0.9705881234258413
     656.3607071380920388       1.0610839426517487
     656.3609072715144066       0.9883237462490797
     656.3611074049366607       1.0585279650986195
     656.3613075383589148       1.0017766098026186
     656.3615076717811689       1.0347025841474533
     656.3617078052035367       0.9819046873599291
     656.3619079386257908       1.0084431050345302
     656.3621080720480450       1.0353739187121391
     656.3623082054702991       0.9465463571250439
     656.3625083388926669       0.9982552292058244
     656.3627084723149210       1.0430206917226315
     656.3629086057371751       0.9764157794415951
     656.3631087391594292       0.9327181279659271
     656.3633088725817970       0.9734250251203775
     656.3635090060040511       1.0261339750140905
     656.3637091394263052       0.9975319758523256
     656.3639092728485593       0.9801905881613493
     656.3641094062708135       1.0035584308207035
     656.3643095396931813       1.0805703178048134
     656.3645096731154354       1.0681364685297012
     656.3647098065376895       1.0341559723019600
     656.3649099399599436       1.0502427704632282
     656.3651100733823114       0.9652497656643391
     656.3653102068045655       0.9399345144629478
     656.3655103402268196       0.9721607957035303
     656.3657104736490737       1.0282871760427952
     656.3659106070714415       0.9000907540321350
     656.3661107404936956       0.9915802497416735
     656.3663108739159497       1.0559427700936794
     656.3665110073382039       1.0409642569720745
     656.3667111407605717       0.9981166127836332
     656.3669112741828258       1.0257126875221729
     656.3671114076050799       1.0147178191691637
     656.3673115410273340       1.0112198209390044
     656.3675116744497018       0.9274815395474434
     656.3677118078719559       0.9847083371132612
     656.3679119412942100       0.9497939459979534
     656.3681120747164641       1.0035208833869547
     656.3683122081388319       0.9992548521840945
     656.3685123415610860       1.0009915092960000
     656.3687124749833401       1.0540963672101498
     656.3689126084055943       1.0192018579691648
     656.3691127418278484       1.0529426597058773
     656.3693128752502162       0.9308589473366737
     656.3695130086724703       1.0430880561470985
     656.3697131420947244       0.8864692300558090
     656.3699132755169785       1.0642851218581200
     656.3701134089393463       1.0170815698802471
     656.3703135423616004       1.0230726506561041
     656.3705136757838545       1.0632148310542107
     656.3707138092061086       0.9910097578540444
     656.3709139426284764       0.9477914497256279
     656.3711140760507305       1.0672365352511406
     656.3713142094729847       0.9543734639883041
     656.3715143428952388       1.0282806791365147
     656.3717144763176066       0.9504522085189819
     656.3719146097398607       1.0336896888911724
     656.3721147431621148       0.9873246680945158
     656.3723148765843689       1.0029084100387990
     656.3725150100067367       1.0030389514286071
     656.3727151434289908       1.0171003136783838
     656.3729152768512449       1.0035784230567515
     656.3731154102734990       0.9738937821239233
     656.3733155436958668       1.0664990842342377
     656.3735156771181209       0.9920163610950112
     656.3737158105403751       1.0022299520205706
     656.3739159439626292       0.9453151412308216
     656.3741160773849970       0.9762950744479895
     656.3743162108072511       1.0316139049828053
     656.3745163442295052       0.9667331650853157
     656.3747164776517593       0.9222619235515594
     656.3749166110740134       1.0119137149304152
     656.3751167444963812       1.0482280962169170
     656.3753168779186353       1.1030473634600639
     656.3755170113408894       0.9714981429278851
     656.3757171447631436       0.9827270787209272
     656.3759172781855113       0.9913315847516060
     656.3761174116077655       1.0136444298550487
     656.3763175450300196       0.9803506545722485
     656.3765176784522737       0.9542485773563385
     656.3767178118746415       0.8873572945594788
     656.3769179452968956       1.0147492876276374
     656.3771180787191497       1.0029014223255217
     656.3773182121414038       1.0433581583201885
     656.3775183455637716       0.9764867797493935
     656.3777184789860257       1.0908865854144096
     656.3779186124082798       0.8947117701172829
     656.3781187458305340       1.0229391511529684
     656.3783188792529018       0.9466001577675343
     656.3785190126751559       1.0289951600134373
     656.3787191460974100       1.0013960994547233
     656.3789192795196641       0.9944198098964989
     656.3791194129420319       0.8442450463771820
     656.3793195463642860       1.0662455782294273
     656.3795196797865401       0.9476936683058739
     656.3797198132087942       1.0295999180525541
     656.3799199466311620       0.9802506566047668
     656.3801200800534161       1.0606979727745056
     656.3803202134756702       0.8405532985925674
     656.3805203468979244       1.0463875941932201
     656.3807204803201785       1.0031429950613528
     656.3809206137425463       0.8939346298575401
     656.3811207471648004       0.9221889525651932
     656.3813208805870545       1.0379611253738403
     656.3815210140093086       1.0372909344732761
     656.3817211474316764       0.9567041657865047
     656.3819212808539305       1.0051016579382122
     656.3821214142761846       0.9865992497652769
     656.3823215476984387       1.0791993141174316
     656.3825216811208065       1.0592465475201607
     656.3827218145430606       1.0099668027833104
     656.3829219479653148       1.0277938526123762
     656.3831220813875689       1.0741180106997490
     656.3833222148099367       1.0761667862534523
     656.3835223482321908       0.9813762474805117
     656.3837224816544449       0.9290605112910271
     656.3839226150766990       1.0804515257477760
     656.3841227484990668       1.0153945926576853
     656.3843228819213209       0.9073087275028229
     656.3845230153435750       0.9908390361815691
     656.3847231487658291       1.0049688499420881
     656.3849232821881969       0.9682147167623043
     656.3851234156104510       1.0272298362106085
     656.3853235490327052       0.9482808001339436
     656.3855236824549593       1.0056095542386174
     656.3857238158772134       1.0795163512229919
     656.3859239492995812       1.0244930181652308
     656.3861240827218353       0.9954726216383278
     656.3863242161440894       0.9605989567935467
     656.3865243495663435       0.9724394641816616
     656.3867244829887113       0.9577989913523197
     656.3869246164109654       1.0209957715123892
     656.3871247498332195       0.9744474384933710
     656.3873248832554737       0.9299427419900894
     656.3875250166778414       0.9956869939342141
     656.3877251501000956       1.0179261397570372
     656.3879252835223497       0.9969667871482670
     656.3881254169446038       1.0160061847418547
     656.3883255503669716       0.9993993531097658
     656.3885256837892257       0.9367364495992661
     656.3887258172114798       1.0180380698293447
     656.3889259506337339       1.0356032066047192
     656.3891260840561017       1.0319593958556652
     656.3893262174783558       0.9698836114257574
     656.3895263509006099       1.0998534038662910
     656.3897264843228641       0.9672837555408478
     656.3899266177452319       0.9967157656792551
     656.3901267511674860       0.9523690566420555
     656.3903268845897401       1.0351924821734428
     656.3905270180119942       1.0166471339762211
     656.3907271514343620       0.9863408813253045
     656.3909272848566161       1.0188973024487495
     656.3911274182788702       1.0686786398291588
     656.3913275517011243       1.0189291052520275
     656.3915276851233784       0.9291511923074722
     656.3917278185457462       1.0326378010213375
     656.3919279519680003       1.0367524139583111
     656.3921280853902545       1.0682438984513283
     656.3923282188125086       1.0325308553874493
     656.3925283522348764       1.0156551953405142
     656.3927284856571305       1.0868424698710442
     656.3929286190793846       1.0700330361723900
     656.3931287525016387       0.9893668787553906
     656.3933288859240065       1.0461921915411949
     656.3935290193462606       1.0335969589650631
     656.3937291527685147       0.9688768405467272
     656.3939292861907688       1.0249132756143808
     656.3941294196131366       0.8796719089150429
     656.3943295530353907       0.9346616491675377
     656.3945296864576449       1.0079024946317077
     656.3947298198798990       0.9508065059781075
     656.3949299533022668       0.9851864110678434
     656.3951300867245209       0.9985515801236033
     656.3953302201467750       0.9733377844095230
     656.3955303535690291       0.9927223972044885
     656.3957304869913969       1.0163865759968758
     656.3959306204136510       0.9706437606364489
     656.3961307538359051       0.9424869716167450
     656.3963308872581592       1.0580230318009853
     656.3965310206804133       0.9283503964543343
     656.3967311541027811       0.9518088400363922
     656.3969312875250353       0.9820070471614599
     656.3971314209472894       1.0923054441809654
     656.3973315543695435       0.9589527286589146
     656.3975316877919113       1.0090278014540672
     656.3977318212141654       1.0604510679841042
     656.3979319546364195       1.0092354519292712
     656.3981320880586736       1.0775171816349030
     656.3983322214810414       0.9928913949988782
     656.3985323549032955       0.9744612928479910
     656.3987324883255496       0.9774349052459002
     656.3989326217478038       1.0822648629546165
     656.3991327551701715       1.0639529451727867
     656.3993328885924257       1.0477746911346912
     656.3995330220146798       1.0164558216929436
     656.3997331554369339       1.0017588901100680
     656.3999332888593017       1.1040964499115944
     656.4001334222815558       1.0401465855538845
     656.4003335557038099       0.9798281807452440
     656.4005336891260640       1.0188984479755163
     656.4007338225484318       0.9733997788280249
     656.4009339559706859       0.9782117344439030
     656.4011340893929400       1.0207715798169374
     656.4013342228151942       1.0511353313922882
     656.4015343562375620       1.0200439766049385
     656.4017344896598161       0.9381918944418430
     656.4019346230820702       1.0932750105857849
     656.4021347565043243       1.0295417141169310
     656.4023348899265784       1.0050914282910526
     656.4025350233489462       1.0036472682841122
     656.4027351567712003       1.0172962602227926
     656.4029352901934544       1.0637152045965195
     656.4031354236157085       1.0274279061704874
     656.4033355570380763       0.9068609252572060
     656.4035356904603304       0.9229486212134361
     656.4037358238825846       1.0231929495930672
     656.4039359573048387       0.9645909070968628
     656.4041360907272065       0.9876448931172490
     656.4043362241494606       0.9743934776633978
     656.4045363575717147       1.0316491983830929
     656.4047364909939688       0.9029015749692917
     656.4049366244163366       1.0465447045862675
     656.4051367578385907       1.0561536811292171
     656.4053368912608448       0.9714475236833096
     656.4055370246830989       0.9504866488277912
     656.4057371581054667       1.0474439822137356
     656.4059372915277208       1.0666408762335777
     656.4061374249499750       0.9994388616760261
     656.4063375583722291       0.9935564906336367
     656.4065376917945969       0.9819441344588995
     656.4067378252168510       1.0039468165487051
     656.4069379586391051       1.0516527555882931
     656.4071380920613592       0.9776872117072344
     656.4073382254836133       1.0256852954626083
     656.4075383589059811       1.0132722547277808
     656.4077384923282352       0.9946584175340831
     656.4079386257504893       0.9702500011771917
     656.4081387591727434       0.9895404353737831
     656.4083388925951112       1.0672851651906967
     656.4085390260173654       1.0660596936941147
     656.4087391594396195       1.0617328695952892
     656.4089392928618736       1.0496078059077263
     656.4091394262842414       1.0709712877869606
     656.4093395597064955       0.9371759071946144
     656.4095396931287496       1.0212961323559284
     656.4097398265510037       0.9944183682091534
     656.4099399599733715       0.9902574568986893
     656.4101400933956256       0.9974799193441868
     656.4103402268178797       1.0638169795274734
     656.4105403602401339       1.0049722711555660
     656.4107404936625016       1.0089516816660762
     656.4109406270847558       0.9798796549439430
     656.4111407605070099       0.9599425680935383
     656.4113408939292640       0.9465822465717793
     656.4115410273516318       1.0227151568979025
     656.4117411607738859       0.9439719542860985
     656.4119412941961400       0.9831517320126295
     656.4121414276183941       0.9847585707902908
     656.4123415610407619       1.0609002225100994
     656.4125416944630160       1.0011341038625687
     656.4127418278852701       0.9919707477092743
     656.4129419613075243       0.9750315025448799
     656.4131420947297784       0.9530518986284733
     656.4133422281521462       0.9882386066019535
     656.4135423615744003       1.0695468112826347
     656.4137424949966544       0.9109683334827423
     656.4139426284189085       1.0441323481500149
     656.4141427618412763       1.0302533097565174
     656.4143428952635304       0.9919082904234529
     656.4145430286857845       1.0143500063568354
     656.4147431621080386       0.9291890412569046
     656.4149432955304064       0.9639115594327450
     656.4151434289526605       0.9366628155112267
     656.4153435623749147       1.0018036771798506
     656.4155436957971688       1.0118698226287961
     656.4157438292195366       0.9796290602535009
     656.4159439626417907       0.9903074754402041
     656.4161440960640448       0.9269991070032120
     656.4163442294862989       1.0387316010892391
     656.4165443629086667       0.9971116196829826
     656.4167444963309208       0.8702771961688995
     656.4169446297531749       0.9481129944324493
     656.4171447631754290       0.9357292428612709
     656.4173448965977968       1.0230759605765343
     656.4175450300200509       1.0354274176061153
     656.4177451634423051       0.9700368698686361
     656.4179452968645592       0.9583508558571339
     656.4181454302869270       0.9098641946911812
     656.4183455637091811       0.9815384875983000
     656.4185456971314352       0.9805028904229403
     656.4187458305536893       0.9695703182369471
     656.4189459639759434       0.9886019499972463
     656.4191460973983112       0.9095436111092567
     656.4193462308205653       1.0112075088545680
     656.4195463642428194       0.9590482786297798
     656.4197464976650735       1.0531593933701515
     656.4199466310874413       0.9401663132011890
     656.4201467645096955       0.9360693767666817
     656.4203468979319496       0.9324589073657990
     656.4205470313542037       0.9575105980038643
     656.4207471647765715       1.0086810514330864
     656.4209472981988256       0.9242030829191208
     656.4211474316210797       0.9166631549596786
     656.4213475650433338       0.9366648569703102
     656.4215476984657016       0.9652940668165684
     656.4217478318879557       1.0169982668012381
     656.4219479653102098       1.0392114371061325
     656.4221480987324640       1.0139480670914054
     656.4223482321548317       1.0436528921127319
     656.4225483655770859       0.9654647149145603
     656.4227484989993400       0.9461978897452354
     656.4229486324215941       0.9657986983656883
     656.4231487658439619       1.0024850496556610
     656.4233488992662160       0.9122206121683121
     656.4235490326884701       1.0249567292630672
     656.4237491661107242       0.9999474087780982
     656.4239492995329783       0.9878730997443199
     656.4241494329553461       0.9595448710024357
     656.4243495663776002       1.0210032071918249
     656.4245496997998544       0.9274513423442841
     656.4247498332221085       0.9248441383242607
     656.4249499666444763       0.9703119955956936
     656.4251501000667304       0.9393630027770996
     656.4253502334889845       1.0036275566089898
     656.4255503669112386       1.0881112366914749
     656.4257505003336064       1.0065868147648871
     656.4259506337558605       1.0433201231062412
     656.4261507671781146       0.9435004182159901
     656.4263509006003687       1.0053689228370786
     656.4265510340227365       1.0143759772181511
     656.4267511674449906       0.9623163901269436
     656.4269513008672448       1.0024277260527015
     656.4271514342894989       0.9640495665371418
     656.4273515677118667       1.0133335115388036
     656.4275517011341208       1.0203711260110140
     656.4277518345563749       0.9421777315437794
     656.4279519679786290       0.9741691052913666
     656.4281521014009968       1.0286442823708057
     656.4283522348232509       1.0309029314666986
     656.4285523682455050       0.9363264515995979
     656.4287525016677591       1.0525644607841969
     656.4289526350901269       0.9614907950162888
     656.4291527685123810       0.9914312101900578
     656.4293529019346352       1.1075879260897636
     656.4295530353568893       0.8876901492476463
     656.4297531687791434       1.0310895647853613
     656.4299533022015112       1.0199429746717215
     656.4301534356237653       1.0520806498825550
     656.4303535690460194       1.0519587658345699
     656.4305537024682735       0.8977364376187325
     656.4307538358906413       1.0476193912327290
     656.4309539693128954       1.0222871564328671
     656.4311541027351495       0.9877294301986694
     656.4313542361574036       0.9923177673481405
     656.4315543695797714       1.0225517433136702
     656.4317545030020256       1.0855001434683800
     656.4319546364242797       1.0535269267857075
     656.4321547698465338       1.0069515481591225
     656.4323549032689016       1.0079599190503359
     656.4325550366911557       1.0230693202465773
     656.4327551701134098       0.9799883347004652
     656.4329553035356639       0.9661176390945911
     656.4331554369580317       0.9701918177306652
     656.4333555703802858       1.0878767594695091
     656.4335557038025399       0.9669564850628376
     656.4337558372247940       1.0734899938106537
     656.4339559706471618       1.0962387248873711
     656.4341561040694160       1.0241767745465040
     656.4343562374916701       1.0183870624750853
     656.4345563709139242       0.9977227936033159
     656.4347565043361783       0.9225597232580185
     656.4349566377585461       0.9999978778998866
     656.4351567711808002       1.0147928465157747
     656.4353569046030543       0.9699951913207769
     656.4355570380253084       1.0734776407480240
     656.4357571714476762       0.9829726908355951
     656.4359573048699303       0.9643793143332005
     656.4361574382921845       1.0935505777597427
     656.4363575717144386       0.9383501149713993
     656.4365577051368064       1.0126587664708495
     656.4367578385590605       0.9698779284954071
     656.4369579719813146       1.0299919750541449
     656.4371581054035687       1.0343524031341076
     656.4373582388259365       1.0243026018142700
     656.4375583722481906       1.0446468405425549
     656.4377585056704447       0.9826418571174145
     656.4379586390926988       1.0026331550907344
     656.4381587725150666       0.9485897831618786
     656.4383589059373207       0.9717612881213427
     656.4385590393595749       1.0734074041247368
     656.4387591727818290       1.0299963783472776
     656.4389593062041968       1.0080092409625649
     656.4391594396264509       0.9520123042166233
     656.4393595730487050       0.9829534571617842
     656.4395597064709591       0.9646094478666782
     656.4397598398933269       0.9901579925790429
     656.4399599733155810       1.1367218047380447
     656.4401601067378351       0.9841635264456272
     656.4403602401600892       1.0234345849603415
     656.4405603735823433       0.9963254604954273
     656.4407605070047111       0.9149792194366455
     656.4409606404269653       1.0383107960224152
     656.4411607738492194       1.0431338138878345
     656.4413609072714735       1.0523199401795864
     656.4415610406938413       0.8812095373868942
     656.4417611741160954       1.0064063961617649
     656.4419613075383495       0.9752927422523499
     656.4421614409606036       0.9331883639097214
     656.4423615743829714       1.0309520568698645
     656.4425617078052255       1.0102047277614474
     656.4427618412274796       1.0145519897341728
     656.4429619746497337       1.0287954844534397
     656.4431621080721015       0.9792138058692217
     656.4433622414943557       0.9586855284869671
     656.4435623749166098       1.0173844750970602
     656.4437625083388639       1.0582576952874660
     656.4439626417612317       0.9739913400262594
     656.4441627751834858       0.9337875023484230
     656.4443629086057399       1.0223203543573618
     656.4445630420279940       1.0160177778452635
     656.4447631754503618       0.9610140360891819
     656.4449633088726159       1.0368882678449154
     656.4451634422948700       1.0305200964212418
     656.4453635757171241       1.1364789605140686
     656.4455637091393783       1.0236441101878881
     656.4457638425617461       0.9009903073310852
     656.4459639759840002       1.0086245303973556
     656.4461641094062543       1.0185105446726084
     656.4463642428285084       1.0270534195005894
     656.4465643762508762       0.9282749965786934
     656.4467645096731303       0.9465877003967762
     656.4469646430953844       1.0579332895576954
     656.4471647765176385       1.0614998638629913
     656.4473649099400063       1.0205836612731218
     656.4475650433622604       1.0305112209171057
     656.4477651767845146       1.0135541874915361
     656.4479653102067687       0.9691637922078371
     656.4481654436291365       0.9933303869329393
     656.4483655770513906       0.9382074587047100
     656.4485657104736447       0.9710934367030859
     656.4487658438958988       0.9875330356881022
     656.4489659773182666       1.0466907061636448
     656.4491661107405207       1.0181029215455055
     656.4493662441627748       0.9482232034206390
     656.4495663775850289       1.0325185097754002
     656.4497665110073967       1.0035257847048342
     656.4499666444296508       1.0078685162588954
     656.4501667778519050       1.0529757998883724
     656.4503669112741591       0.9847989724949002
     656.4505670446965269       1.0197886545211077
     656.4507671781187810       1.0493554659187794
     656.4509673115410351       1.0828003212809563
     656.4511674449632892       1.0480736121535301
     656.4513675783855433       1.0410193502902985
     656.4515677118079111       0.9561647661030293
     656.4517678452301652       1.0132662197574973
     656.4519679786524193       1.0435384772717953
     656.4521681120746734       1.0215920582413673
     656.4523682454970412       1.0142427282407880
     656.4525683789192954       0.9897859580814838
     656.4527685123415495       0.9784054495394230
     656.4529686457638036       0.9477825090289116
     656.4531687791861714       1.0450691245496273
     656.4533689126084255       1.0429505854845047
     656.4535690460306796       1.0239490028470755
     656.4537691794529337       1.0211530607193708
     656.4539693128753015       1.0202187635004520
     656.4541694462975556       1.0364831797778606
     656.4543695797198097       1.0637959167361259
     656.4545697131420638       0.9825019016861916
     656.4547698465644316       0.9932841658592224
     656.4549699799866858       1.0911638140678406
     656.4551701134089399       0.9047914445400238
     656.4553702468311940       1.0685039013624191
     656.4555703802535618       0.9732234869152308
     656.4557705136758159       0.9269305989146233
     656.4559706470980700       1.0930538699030876
     656.4561707805203241       0.9457014240324497
     656.4563709139425782       0.8918274492025375
     656.4565710473649460       0.9677567966282368
     656.4567711807872001       0.9887288073077798
     656.4569713142094542       1.0551624596118927
     656.4571714476317084       0.9426274634897709
     656.4573715810540762       0.9991937978775240
     656.4575717144763303       1.0210105851292610
     656.4577718478985844       1.0370358377695084
     656.4579719813208385       1.0095859570428729
     656.4581721147432063       0.9437603950500488
     656.4583722481654604       0.9534134455025196
     656.4585723815877145       1.0532069094479084
     656.4587725150099686       0.9774247277528048
     656.4589726484323364       0.9704276490956545
     656.4591727818545905       1.0250702351331711
     656.4593729152768447       0.9715084787458181
     656.4595730486990988       0.9903156869113445
     656.4597731821214666       0.9604530520737171
     656.4599733155437207       1.0143601438030601
     656.4601734489659748       0.9431272931396961
     656.4603735823882289       1.0338819585740566
     656.4605737158105967       0.9772804677486420
     656.4607738492328508       1.0272186603397131
     656.4609739826551049       0.9912280710414052
     656.4611741160773590       1.0232336744666100
     656.4613742494997268       0.9850825741887093
     656.4615743829219809       0.8944414258003235
     656.4617745163442351       0.9404785223305225
     656.4619746497664892       0.9736575130373240
     656.4621747831887433       0.9904504083096981
     656.4623749166111111       0.9667162485420704
     656.4625750500333652       0.9588450342416763
     656.4627751834556193       1.0193605925887823
     656.4629753168778734       1.0496814511716366
     656.4631754503002412       0.9595669731497765
     656.4633755837224953       0.9175260365009308
     656.4635757171447494       1.0389430448412895
     656.4637758505670035       1.0353428646922112
     656.4639759839893713       0.9966417960822582
     656.4641761174116255       1.0738610252737999
     656.4643762508338796       0.9637906588613987
     656.4645763842561337       0.9863043511286378
     656.4647765176785015       0.9263419583439827
     656.4649766511007556       1.0504537224769592
     656.4651767845230097       0.9980307938531041
     656.4653769179452638       1.0554808154702187
     656.4655770513676316       0.9672725051641464
     656.4657771847898857       1.0062222606502473
     656.4659773182121398       1.0565026476979256
     656.4661774516343939       1.0293752234429121
     656.4663775850567617       1.0965364128351212
     656.4665777184790159       0.9611132144927979
     656.4667778519012700       0.9744614157825708
     656.4669779853235241       1.0242369323968887
     656.4671781187458919       1.0143827246502042
     656.4673782521681460       1.0318163260817528
     656.4675783855904001       0.9281256571412086
     656.4677785190126542       0.9495164044201374
     656.4679786524349083       1.0411332510411739
     656.4681787858572761       0.9478560909628868
     656.4683789192795302       0.9669036194682121
     656.4685790527017843       0.9679010137915611
     656.4687791861240385       1.0316415727138519
     656.4689793195464063       1.0061988350935280
     656.4691794529686604       0.9541665390133858
     656.4693795863909145       0.9947842378169298
     656.4695797198131686       1.0281856413930655
     656.4697798532355364       1.0186406169086695
     656.4699799866577905       0.9911681730300188
     656.4701801200800446       0.9811172876507044
     656.4703802535022987       0.9599840380251408
     656.4705803869246665       1.0616987124085426
     656.4707805203469206       1.0032493185717613
     656.4709806537691748       1.0030041842255741
     656.4711807871914289       0.9434440433979034
     656.4713809206137967       0.9638952873647213
     656.4715810540360508       1.0537910573184490
     656.4717811874583049       0.9455637633800507
     656.4719813208805590       0.9925004541873932
     656.4721814543029268       1.0051162489689887
     656.4723815877251809       0.9661628380417824
     656.4725817211474350       1.0486059449613094
     656.4727818545696891       0.8812632560729980
     656.4729819879919432       0.9733516927808523
     656.4731821214143110       1.0018683882663026
     656.4733822548365652       0.9927213490009308
     656.4735823882588193       0.9541783034801483
     656.4737825216810734       0.9854831723496318
     656.4739826551034412       0.9848348852247000
     656.4741827885256953       1.0449746400117874
     656.4743829219479494       1.0442624688148499
     656.4745830553702035       1.0069326455704868
     656.4747831887925713       0.9919829089194536
     656.4749833222148254       1.0118772229179740
     656.4751834556370795       1.1021771579980850
     656.4753835890593336       1.0210582818835974
     656.4755837224817014       0.8973401039838791
     656.4757838559039556       0.9718808885663748
     656.4759839893262097       0.9691926147788763
     656.4761841227484638       1.0137312561273575
     656.4763842561708316       1.0533281974494457
     656.4765843895930857       1.0780399665236473
     656.4767845230153398       0.9911636859178543
     656.4769846564375939       1.0335980392992496
     656.4771847898599617       1.0680090412497520
     656.4773849232822158       1.0018081894377246
     656.4775850567044699       1.0279159694910049
     656.4777851901267240       0.9082705676555634
     656.4779853235490918       0.9247300997376442
     656.4781854569713460       0.9613045603036880
     656.4783855903936001       1.0005748147959821
     656.4785857238158542       1.0223866757005453
     656.4787858572381083       0.9939989047124982
     656.4789859906604761       1.0165849607437849
     656.4791861240827302       1.0415120422840118
     656.4793862575049843       0.9961877851746976
     656.4795863909272384       1.0356041006743908
     656.4797865243496062       1.0117616839706898
     656.4799866577718603       1.0280369408428669
     656.4801867911941144       1.0652587041258812
     656.4803869246163686       0.9665908738970757
     656.4805870580387364       0.9993261329946108
     656.4807871914609905       1.0288035217672586
     656.4809873248832446       0.9462396912276745
     656.4811874583054987       1.0000042501510507
     656.4813875917278665       1.0103550730273128
     656.4815877251501206       0.9855085248127580
     656.4817878585723747       0.9345177114009857
     656.4819879919946288       1.0442885644733906
     656.4821881254169966       0.9741077665239573
     656.4823882588392507       0.8978527858853340
     656.4825883922615049       0.9795957356691360
     656.4827885256837590       1.0158628784120083
     656.4829886591061268       1.0195196624845266
     656.4831887925283809       1.0028891949914396
     656.4833889259506350       0.9882038831710815
     656.4835890593728891       0.9960659635253251
     656.4837891927951432       1.0191377457231283
     656.4839893262175110       1.0491820685565472
     656.4841894596397651       0.9795121848583221
     656.4843895930620192       0.9631346464157104
     656.4845897264842733       0.9403668828308582
     656.4847898599066411       1.0136975990608335
     656.4849899933288953       1.0481778681278229
     656.4851901267511494       0.9578944146633148
     656.4853902601734035       1.0177105013281107
     656.4855903935957713       0.9820711556822062
     656.4857905270180254       0.8719144463539124
     656.4859906604402795       0.8977199569344521
     656.4861907938625336       1.0675832852721214
     656.4863909272849014       0.9741609413176775
     656.4865910607071555       1.0541727915406227
     656.4867911941294096       1.0529094338417053
     656.4869913275516637       0.9708050452172756
     656.4871914609740315       1.0203234795480967
     656.4873915943962857       1.0093249464407563
     656.4875917278185398       1.0052679250948131
     656.4877918612407939       1.0009018333512358
     656.4879919946631617       0.9533600844442844
     656.4881921280854158       1.0189143549650908
     656.4883922615076699       0.9705894831568003
     656.4885923949299240       1.0256610307842493
     656.4887925283522918       1.0275374986231327
     656.4889926617745459       1.0221988745033741
     656.4891927951968000       1.0393823087215424
     656.4893929286190541       0.9411121942102909
     656.4895930620413083       1.0096752336248755
     656.4897931954636761       0.9878132166340947
     656.4899933288859302       0.9718349780887365
     656.4901934623081843       0.9719413723796606
     656.4903935957304384       1.0500505082309246
     656.4905937291528062       1.0397013463079929
     656.4907938625750603       1.0577497296035290
     656.4909939959973144       1.0307434238493443
     656.4911941294195685       0.8939403966069221
     656.4913942628419363       0.9820424336940050
     656.4915943962641904       1.0291999615728855
     656.4917945296864445       0.9476221725344658
     656.4919946631086987       0.9864170076325536
     656.4921947965310665       0.9598601348698139
     656.4923949299533206       0.9745910558849573
     656.4925950633755747       0.9510415606200695
     656.4927951967978288       1.0229301340878010
     656.4929953302201966       1.1436468213796616
     656.4931954636424507       1.0047958185896277
     656.4933955970647048       1.0610611513257027
     656.4935957304869589       1.0307236500084400
     656.4937958639093267       0.9908551359549165
     656.4939959973315808       0.9874009145423770
     656.4941961307538350       1.0740316957235336
     656.4943962641760891       0.9677093401551247
     656.4945963975983432       0.9715818557888269
     656.4947965310207110       1.0838301926851273
     656.4949966644429651       1.0724978744983673
     656.4951967978652192       1.0242500919848680
     656.4953969312874733       0.9440110512077808
     656.4955970647098411       1.0104807149618864
     656.4957971981320952       0.9638492055237293
     656.4959973315543493       0.9437764622271061
     656.4961974649766034       0.9613758213818073
     656.4963975983989712       0.9317089989781380
     656.4965977318212254       1.0296331495046616
     656.4967978652434795       1.0213611964136362
     656.4969979986657336       1.0494980923831463
     656.4971981320881014       1.0444541238248348
     656.4973982655103555       1.0267369654029608
     656.4975983989326096       0.9262167289853096
     656.4977985323548637       1.0244765412062407
     656.4979986657772315       1.0465672537684441
     656.4981987991994856       1.0646699592471123
     656.4983989326217397       0.9610491953790188
     656.4985990660439938       1.0670615658164024
     656.4987991994663616       0.9406363405287266
     656.4989993328886158       0.9741317871958017
     656.4991994663108699       0.9969467013143003
     656.4993995997331240       0.9975497978739440
     656.4995997331554918       1.0705333203077316
     656.4997998665777459       1.0508210547268391
     656.5000000000000000       1.0617353022098541
