     656.2000000000000455       0.9521284364163876
     656.2002001334222996       0.9675877131521702
     656.2004002668445537       0.9464655444025993
     656.2006004002669215       0.9873193176463246
     656.2008005336891756       1.0788625404238701
     656.2010006671114297       0.9490405842661858
     656.2012008005336838       1.0245554130524397
     656.2014009339560516       1.0055465004406869
     656.2016010673783057       1.0044502257369459
     656.2018012008005599       0.9889221936464310
     656.2020013342228140       0.9518484808504581
     656.2022014676451818       1.0130727756768465
     656.2024016010674359       0.9875200446695089
     656.2026017344896900       0.9554046504199505
     656.2028018679119441       1.0707160010933876
     656.2030020013343119       0.9713498670607805
     656.2032021347565660       1.0494005344808102
     656.2034022681788201       0.9896404808387160
     656.2036024016010742       0.9828470312058926
     656.2038025350234420       0.9491904973983765
     656.2040026684456961       1.0468144901096821
     656.2042028018679503       0.9367416799068451
     656.2044029352902044       1.0056807799264789
     656.2046030687125722       1.1142997741699219
     656.2048032021348263       0.9961361538153142
     656.2050033355570804       0.9232593029737473
     656.2052034689793345       0.9763604458421469
     656.2054036024017023       1.0383715964853764
     656.2056037358239564       0.9874623129144311
     656.2058038692462105       1.0638115406036377
     656.2060040026684646       1.0018932860111818
     656.2062041360907187       0.9916683668270707
     656.2064042695130865       0.9906516317278147
     656.2066044029353407       1.0355729609727859
     656.2068045363575948       0.9506503939628601
     656.2070046697798489       1.1122749000787735
     656.2072048032022167       0.9865938499569893
     656.2074049366244708       1.0558643117547035
     656.2076050700467249       0.9439740069210529
     656.2078052034689790       0.9873542496934533
     656.2080053368913468       0.9424660429358482
     656.2082054703136009       1.0325563102960587
     656.2084056037358550       0.9743734020739794
     656.2086057371581092       0.9207877069711685
     656.2088058705804769       0.9929111287929118
     656.2090060040027311       0.9081950336694717
     656.2092061374249852       0.9811477474868298
     656.2094062708472393       1.0115020675584674
     656.2096064042696071       0.9071424081921577
     656.2098065376918612       0.9989296072162688
     656.2100066711141153       1.0524158254265785
     656.2102068045363694       0.9965670958627015
     656.2104069379587372       0.9383684508502483
     656.2106070713809913       0.9466728903353214
     656.2108072048032454       1.0098080188035965
     656.2110073382254996       0.9551942832767963
     656.2112074716477537       1.0283754169940948
     656.2114076050701215       0.9048585444688797
     656.2116077384923756       1.0532460771501064
     656.2118078719146297       1.0116912284865975
     656.2120080053368838       1.0030076948460191
     656.2122081387592516       0.9504923783242702
     656.2124082721815057       0.9740311745554209
     656.2126084056037598       1.0582064054906368
     656.2128085390260139       0.9658736400306225
     656.2130086724483817       0.9674231149256229
     656.2132088058706358       1.0033585899509490
     656.2134089392928900       1.0650231987237930
     656.2136090727151441       0.9999429055642395
     656.2138092061375119       1.0337082482874393
     656.2140093395597660       1.0166869591921568
     656.2142094729820201       0.9835468512028456
     656.2144096064042742       0.9614237099885941
     656.2146097398266420       1.0533963441848755
     656.2148098732488961       1.0181778874248266
     656.2150100066711502       1.0015821711858734
     656.2152101400934043       1.0500006489455700
     656.2154102735157721       0.9788478035479784
     656.2156104069380262       0.9911833619698882
     656.2158105403602804       1.0128008676692843
     656.2160106737825345       0.9932211753912270
     656.2162108072049023       0.9936340586282313
     656.2164109406271564       0.9665552303195000
     656.2166110740494105       1.0442705266177654
     656.2168112074716646       0.9730475638061762
     656.2170113408939187       0.9838984627276659
     656.2172114743162865       1.0403830930590630
     656.2174116077385406       0.9895426584407687
     656.2176117411607947       1.0085690971463919
     656.2178118745830488       1.0302084814757109
     656.2180120080054166       1.0092943841591477
     656.2182121414276708       0.9980632719816640
     656.2184122748499249       1.0149883171543479
     656.2186124082721790       1.0194355845451355
     656.2188125416945468       1.0092426417395473
     656.2190126751168009       1.0468033701181412
     656.2192128085390550       0.9595661498606205
     656.2194129419613091       0.9213318228721619
     656.2196130753836769       0.9931344985961914
     656.2198132088059310       1.0234125051647425
     656.2200133422281851       1.0177322831004858
     656.2202134756504392       1.0304405279457569
     656.2204136090728070       0.9702926184982061
     656.2206137424950612       1.0202573742717505
     656.2208138759173153       1.0670768320560455
     656.2210140093395694       0.9653823301196098
     656.2212141427619372       0.9725158177316189
     656.2214142761841913       0.9672117456793785
     656.2216144096064454       1.0220067370682955
     656.2218145430286995       0.9701163824647665
     656.2220146764509536       0.9723666012287140
     656.2222148098733214       1.0286251753568649
     656.2224149432955755       0.9305849447846413
     656.2226150767178297       1.0531932190060616
     656.2228152101400838       0.9733096174895763
     656.2230153435624516       0.9692153595387936
     656.2232154769847057       1.0078539606183767
     656.2234156104069598       0.9952720147557557
     656.2236157438292139       1.0801204815506935
     656.2238158772515817       1.0631461292505264
     656.2240160106738358       0.9398791491985321
     656.2242161440960899       0.9560229703783989
     656.2244162775183440       1.0024296781048179
     656.2246164109407118       0.9896989045664668
     656.2248165443629659       0.9107193574309349
     656.2250166777852201       0.9332880154252052
     656.2252168112074742       0.9575291462242603
     656.2254169446298420       1.0203122124075890
     656.2256170780520961       1.0061358506791294
     656.2258172114743502       0.9634578339755535
     656.2260173448966043       0.9658024348318577
     656.2262174783189721       1.1023845896124840
     656.2264176117412262       0.9924473990686238
     656.2266177451634803       0.9906004201620817
     656.2268178785857344       1.0383654497563839
     656.2270180120081022       1.0005075229564682
     656.2272181454303563       0.9695044718682766
     656.2274182788526105       0.9874817878007889
     656.2276184122748646       1.0411754027009010
     656.2278185456971187       0.9547090046107769
     656.2280186791194865       1.0225878600031137
     656.2282188125417406       1.0572727397084236
     656.2284189459639947       1.0038077197968960
     656.2286190793862488       1.0220329947769642
     656.2288192128086166       1.0122915850952268
     656.2290193462308707       1.0301545653492212
     656.2292194796531248       0.8818667605519295
     656.2294196130753789       1.0395382717251778
     656.2296197464977467       0.9299951568245888
     656.2298198799200009       1.1151334196329117
     656.2300200133422550       0.9996110003266949
     656.2302201467645091       1.0276163406670094
     656.2304202801868769       1.0106879137456417
     656.2306204136091310       1.0286359619349241
     656.2308205470313851       0.9287022873759270
     656.2310206804536392       1.0124040041118860
     656.2312208138760070       1.0112019488587976
     656.2314209472982611       1.0071377581916749
     656.2316210807205152       1.0110406903550029
     656.2318212141427693       1.0020773827563971
     656.2320213475651371       1.0256307963281870
     656.2322214809873913       0.9726966191083193
     656.2324216144096454       1.0545295141637325
     656.2326217478318995       1.1200056225061417
     656.2328218812541536       0.9814850408583879
     656.2330220146765214       0.9817148540169001
     656.2332221480987755       0.9701863620430231
     656.2334222815210296       1.0239879544824362
     656.2336224149432837       0.9993722536601126
     656.2338225483656515       1.0139651149511337
     656.2340226817879056       0.9797942303121090
     656.2342228152101598       0.9774758536368608
     656.2344229486324139       0.9509475380182266
     656.2346230820547817       1.0248066913336515
     656.2348232154770358       0.9983105961000547
     656.2350233488992899       0.9215314015746117
     656.2352234823215440       0.9809533301740885
     656.2354236157439118       0.9103766903281212
     656.2356237491661659       0.8895331844687462
     656.2358238825884200       1.0586792305111885
     656.2360240160106741       0.9953641411848366
     656.2362241494330419       1.0016385967610404
     656.2364242828552960       0.9684255272150040
     656.2366244162775502       0.9495423063635826
     656.2368245496998043       1.0777891203761101
     656.2370246831221721       0.9441583268344402
     656.2372248165444262       0.9954940923489630
     656.2374249499666803       1.0613427348434925
     656.2376250833889344       1.0032222450245172
     656.2378252168113022       1.0095241451635957
     656.2380253502335563       1.0636004507541656
     656.2382254836558104       1.0172401424497366
     656.2384256170780645       0.9794626850634813
     656.2386257505003186       0.9792948700487614
     656.2388258839226864       0.9786914344877005
     656.2390260173449406       0.9160700589418411
     656.2392261507671947       0.9888383829966187
     656.2394262841894488       0.9419425055384636
     656.2396264176118166       1.0662237629294395
     656.2398265510340707       1.0099790534004569
     656.2400266844563248       1.0052183340303600
     656.2402268178785789       1.0474058203399181
     656.2404269513009467       1.0625896528363228
     656.2406270847232008       1.0068524517118931
     656.2408272181454549       0.9753654599189758
     656.2410273515677090       0.9846320673823357
     656.2412274849900768       0.9975942575838417
     656.2414276184123310       1.0121672628447413
     656.2416277518345851       1.0308629702776670
     656.2418278852568392       1.0756913125514984
     656.2420280186792070       1.0920922160148621
     656.2422281521014611       1.0123211741447449
     656.2424282855237152       0.9492856897413731
     656.2426284189459693       0.9683024398982525
     656.2428285523683371       1.0426108837127686
     656.2430286857905912       0.9668755978345871
     656.2432288192128453       1.0738639310002327
     656.2434289526350994       1.0180442463606596
     656.2436290860574672       1.0218384973704815
     656.2438292194797214       1.0566809959709644
     656.2440293529019755       0.9983571238117293
     656.2442294863242296       1.0351933240890503
     656.2444296197464837       1.0014847841812298
     656.2446297531688515       1.0117105916142464
     656.2448298865911056       1.0083336997777224
     656.2450300200133597       1.0062583098188043
     656.2452301534356138       1.0028436488937587
     656.2454302868579816       0.8646893799304962
     656.2456304202802357       1.0249722488224506
     656.2458305537024899       0.9418534524738789
     656.2460306871247440       0.9883537897840142
     656.2462308205471118       1.0186147727072239
     656.2464309539693659       0.9845788106322289
     656.2466310873916200       1.0616056993603706
     656.2468312208138741       1.0257597919553518
     656.2470313542362419       0.8711443096399307
     656.2472314876584960       0.9867117777466774
     656.2474316210807501       0.9752664975821972
     656.2476317545030042       1.0468774549663067
     656.2478318879253720       0.9924061098136008
     656.2480320213476261       0.9896106449887156
     656.2482321547698803       0.9411212988197803
     656.2484322881921344       1.0602608285844326
     656.2486324216145022       1.0601520910859108
     656.2488325550367563       1.0176286399364471
     656.2490326884590104       1.0167552568018436
     656.2492328218812645       0.9281022995710373
     656.2494329553035186       1.0236167553812265
     656.2496330887258864       0.9564497657120228
     656.2498332221481405       0.9821477998048067
     656.2500333555703946       1.0028881118632853
     656.2502334889926487       1.0227261763066053
     656.2504336224150165       0.9867442371323705
     656.2506337558372707       0.9945918847806752
     656.2508338892595248       1.0070439889095724
     656.2510340226817789       0.9906829055398703
     656.2512341561041467       0.9239436164498329
     656.2514342895264008       0.9162174537777901
     656.2516344229486549       1.1256225854158401
     656.2518345563709090       1.0430265702307224
     656.2520346897932768       0.9913944425061345
     656.2522348232155309       1.0558319576084614
     656.2524349566377850       1.0418532453477383
     656.2526350900600391       1.0117267118766904
     656.2528352234824069       0.9052884653210640
     656.2530353569046611       1.0915813371539116
     656.2532354903269152       1.0915307328104973
     656.2534356237491693       1.0019418522715569
     656.2536357571715371       0.9299177378416061
     656.2538358905937912       1.0075781419873238
     656.2540360240160453       1.0118455449119210
     656.2542361574382994       0.9716588556766510
     656.2544362908606672       0.9892037324607372
     656.2546364242829213       1.0222347434610128
     656.2548365577051754       0.9483049996197224
     656.2550366911274295       1.0366521254181862
     656.2552368245496837       1.0298055596649647
     656.2554369579720515       0.9407170414924622
     656.2556370913943056       1.0282295774668455
     656.2558372248165597       0.8720854073762894
     656.2560373582388138       0.9975266486871988
     656.2562374916611816       0.9723129123449326
     656.2564376250834357       0.9301411882042885
     656.2566377585056898       1.0211780890822411
     656.2568378919279439       1.0466478206217289
     656.2570380253503117       1.0270880218595266
     656.2572381587725658       1.0107633722946048
     656.2574382921948200       1.0277781914919615
     656.2576384256170741       0.9461497478187084
     656.2578385590394419       0.9685794301331043
     656.2580386924616960       1.0301681514829397
     656.2582388258839501       0.9574140384793282
     656.2584389593062042       0.9866545917466283
     656.2586390927285720       1.0416357479989529
     656.2588392261508261       1.0087244389578700
     656.2590393595730802       0.9541691280901432
     656.2592394929953343       1.1081834957003593
     656.2594396264177021       0.9821833465248346
     656.2596397598399562       0.9685803018510342
     656.2598398932622104       1.1015949472784996
     656.2600400266844645       1.0461531989276409
     656.2602401601067186       0.9664943143725395
     656.2604402935290864       1.0164453499019146
     656.2606404269513405       0.9428574182093143
     656.2608405603735946       1.0145107125863433
     656.2610406937958487       1.0008695474825799
     656.2612408272182165       1.0523367300629616
     656.2614409606404706       1.0862222984433174
     656.2616410940627247       1.0190861076116562
     656.2618412274849788       0.9491131119430065
     656.2620413609073466       0.9725456386804581
     656.2622414943296008       0.9937704131007195
     656.2624416277518549       0.9673854894936085
     656.2626417611741090       0.9633747451007366
     656.2628418945964768       0.9881175840273499
     656.2630420280187309       1.0506666488945484
     656.2632421614409850       1.0033047420438379
     656.2634422948632391       0.9186199381947517
     656.2636424282856069       0.9666696526110172
     656.2638425617078610       1.0364614427089691
     656.2640426951301151       0.9845423651859164
     656.2642428285523692       1.0064075659029186
     656.2644429619747370       0.9561243802309036
     656.2646430953969912       0.9924159338697791
     656.2648432288192453       0.9340317472815514
     656.2650433622414994       0.9726766366511583
     656.2652434956638672       0.9621779620647430
     656.2654436290861213       1.0668165832757950
     656.2656437625083754       1.0286274999380112
     656.2658438959306295       0.9605568908154964
     656.2660440293528836       1.0600977502763271
     656.2662441627752514       1.0723616927862167
     656.2664442961975055       0.9427110962569714
     656.2666444296197596       1.0955213829874992
     656.2668445630420138       1.0841270312666893
     656.2670446964643816       1.0281262155622244
     656.2672448298866357       1.1050693392753601
     656.2674449633088898       1.0200254246592522
     656.2676450967311439       1.0357802659273148
     656.2678452301535117       1.0719534680247307
     656.2680453635757658       0.9611068218946457
     656.2682454969980199       1.0149870906025171
     656.2684456304202740       0.9374719634652138
     656.2686457638426418       0.9453750737011433
     656.2688458972648959       1.0303247272968292
     656.2690460306871501       1.0641599744558334
     656.2692461641094042       0.9355303719639778
     656.2694462975317720       0.9993430206668563
     656.2696464309540261       0.9528744481503963
     656.2698465643762802       1.0104681411758065
     656.2700466977985343       1.0038134779315442
     656.2702468312209021       1.0164978485554457
     656.2704469646431562       0.9852197673171759
     656.2706470980654103       1.0319783911108971
     656.2708472314876644       0.9875125410035253
     656.2710473649099185       0.9771327320486307
     656.2712474983322863       0.9653104543685913
     656.2714476317545405       1.0382909588515759
     656.2716477651767946       0.9814217630773783
     656.2718478985990487       0.9410421736538410
     656.2720480320214165       1.0893402248620987
     656.2722481654436706       0.9754900075495243
     656.2724482988659247       0.9075187817215919
     656.2726484322881788       0.9417573548853397
     656.2728485657105466       0.9513476341962814
     656.2730486991328007       0.9774717986583710
     656.2732488325550548       0.9970842236652970
     656.2734489659773089       0.9623969160020351
     656.2736490993996767       0.9602099247276783
     656.2738492328219309       1.0439792834222317
     656.2740493662441850       1.0560266450047493
     656.2742494996664391       0.8996745944023132
     656.2744496330888069       1.0754287540912628
     656.2746497665110610       0.9678203053772449
     656.2748498999333151       0.9659907072782516
     656.2750500333555692       1.0807101950049400
     656.2752501667779370       1.0174344275146723
     656.2754503002001911       0.9589452818036079
     656.2756504336224452       0.9899845877662301
     656.2758505670446993       0.9019882455468178
     656.2760507004670671       1.0139936404302716
     656.2762508338893213       0.9604246243834496
     656.2764509673115754       1.0205459371209145
     656.2766511007338295       1.0145106958225369
     656.2768512341560836       1.1196329370141029
     656.2770513675784514       0.9456440396606922
     656.2772515010007055       1.0066166692413390
     656.2774516344229596       0.9386812858283520
     656.2776517678452137       0.8930999413132668
     656.2778519012675815       0.9957200237549841
     656.2780520346898356       1.0009405564633198
     656.2782521681120897       0.9883619733154774
     656.2784523015343439       0.9761035572737455
     656.2786524349567117       1.0359059385955334
     656.2788525683789658       0.9935781359672546
     656.2790527018012199       0.9664308689534664
     656.2792528352234740       0.9758932553231716
     656.2794529686458418       0.9708730597048998
     656.2796531020680959       1.0512708500027657
     656.2798532354903500       0.9835597164928913
     656.2800533689126041       1.0613432303071022
     656.2802535023349719       1.0341713763773441
     656.2804536357572260       0.9969124270137399
     656.2806537691794802       1.0601736009120941
     656.2808539026017343       1.0353631414473057
     656.2810540360241021       1.0804315134882927
     656.2812541694463562       1.0061377021484077
     656.2814543028686103       0.9990881474805064
     656.2816544362908644       1.0292622428387403
     656.2818545697131185       0.9537417106330395
     656.2820547031354863       0.9950587176717818
     656.2822548365577404       0.9977688193321228
     656.2824549699799945       0.9949730299413204
     656.2826551034022486       1.0238891653716564
     656.2828552368246164       0.9997474401607178
     656.2830553702468706       0.9882332412526011
     656.2832555036691247       1.0811787471175194
     656.2834556370913788       1.0248499419540167
     656.2836557705137466       1.0235475096851587
     656.2838559039360007       1.0777062773704529
     656.2840560373582548       1.0586605034768581
     656.2842561707805089       0.9968575707171112
     656.2844563042028767       1.0798746272921562
     656.2846564376251308       1.0400955118238926
     656.2848565710473849       0.9915176602080464
     656.2850567044696390       1.0492600388824940
     656.2852568378920068       1.0340399667620659
     656.2854569713142610       1.0262059755623341
     656.2856571047365151       0.9952465016394854
     656.2858572381587692       1.0267992895096540
     656.2860573715811370       0.9667321443557739
     656.2862575050033911       1.0058911903761327
     656.2864576384256452       1.0594550780951977
     656.2866577718478993       0.9815388042479753
     656.2868579052702671       1.0059342700988054
     656.2870580386925212       1.0097385616973042
     656.2872581721147753       1.0728774964809418
     656.2874583055370294       1.0409974269568920
     656.2876584389592836       1.0065924711525440
     656.2878585723816514       0.9858625289052725
     656.2880587058039055       0.9305171221494675
     656.2882588392261596       1.0177850648760796
     656.2884589726484137       1.0416747778654099
     656.2886591060707815       1.0130997551605105
     656.2888592394930356       0.9603797681629658
     656.2890593729152897       0.9815133959054947
     656.2892595063375438       0.9774408955127001
     656.2894596397599116       0.9376992918550968
     656.2896597731821657       1.0150027936324477
     656.2898599066044198       1.0062859752215445
     656.2900600400266740       0.9694715403020382
     656.2902601734490418       0.9354685917496681
     656.2904603068712959       1.0016485595842823
     656.2906604402935500       0.9139323160052299
     656.2908605737158041       1.1050155758857727
     656.2910607071381719       0.8867955654859543
     656.2912608405604260       1.0312611423432827
     656.2914609739826801       1.0312312692403793
     656.2916611074049342       0.9661023803055286
     656.2918612408273020       1.0348509363830090
     656.2920613742495561       0.9876227695494890
     656.2922615076718103       1.0354090631008148
     656.2924616410940644       1.0389982908964157
     656.2926617745164322       0.9646065495908260
     656.2928619079386863       0.9880646457895637
     656.2930620413609404       0.8957880586385727
     656.2932621747831945       0.9504916779696941
     656.2934623082054486       0.9694541897624731
     656.2936624416278164       1.0029783342033625
     656.2938625750500705       1.0122921001166105
     656.2940627084723246       0.9896382801234722
     656.2942628418945787       1.0029169295448810
     656.2944629753169465       1.0055174846202135
     656.2946631087392007       0.9447882287204266
     656.2948632421614548       0.9151663482189178
     656.2950633755837089       0.9944789106957614
     656.2952635090060767       1.0447152033448219
     656.2954636424283308       1.0140336174517870
     656.2956637758505849       0.9715884048491716
     656.2958639092728390       1.0057272128760815
     656.2960640426952068       0.9416838102042675
     656.2962641761174609       1.0060423142276704
     656.2964643095397150       0.9435832090675831
     656.2966644429619691       0.9957034108228981
     656.2968645763843369       0.9703344963490963
     656.2970647098065911       0.9714443702250719
     656.2972648432288452       1.0174318253993988
     656.2974649766510993       0.9697245974093676
     656.2976651100734671       1.0690601617097855
     656.2978652434957212       0.9765170589089394
     656.2980653769179753       0.9756317678838968
     656.2982655103402294       1.0280007161200047
     656.2984656437624835       1.0330713093280792
     656.2986657771848513       1.0399044863879681
     656.2988659106071054       0.9329163879156113
     656.2990660440293595       1.0439053587615490
     656.2992661774516137       1.0792193487286568
     656.2994663108739815       0.9735643584281206
     656.2996664442962356       0.9740828368812799
     656.2998665777184897       1.0191280841827393
     656.3000667111407438       1.0234336983412504
     656.3002668445631116       0.9673906676471233
     656.3004669779853657       1.0624039843678474
     656.3006671114076198       1.0571038797497749
     656.3008672448298739       1.0867913365364075
     656.3010673782522417       1.0644804760813713
     656.3012675116744958       0.9046963304281235
     656.3014676450967499       0.9519194848835468
     656.3016677785190041       0.9722467865794897
     656.3018679119413719       1.0998948737978935
     656.3020680453636260       1.0248634051531553
     656.3022681787858801       1.0286105368286371
     656.3024683122081342       0.9456780850887299
     656.3026684456305020       1.0262751486152411
     656.3028685790527561       0.9599722959101200
     656.3030687124750102       0.9426830634474754
     656.3032688458972643       1.0044757295399904
     656.3034689793196321       1.0032310222741216
     656.3036691127418862       1.0425684899091721
     656.3038692461641403       1.0396668650209904
     656.3040693795863945       1.0354091487824917
     656.3042695130086486       1.0253601968288422
     656.3044696464310164       1.0210890695452690
     656.3046697798532705       0.9553629942238331
     656.3048699132755246       1.0541354604065418
     656.3050700466977787       1.0858813747763634
     656.3052701801201465       0.9731842093169689
     656.3054703135424006       0.9631878025829792
     656.3056704469646547       0.9456941969692707
     656.3058705803869088       0.9486335404217243
     656.3060707138092766       1.0466177202761173
     656.3062708472315308       1.0593290887773037
     656.3064709806537849       0.9962633582763374
     656.3066711140760390       1.0657779648900032
     656.3068712474984068       0.9639909453690052
     656.3070713809206609       0.9616604857146740
     656.3072715143429150       1.0161100905388594
     656.3074716477651691       0.9523467607796192
     656.3076717811875369       0.9940258171409369
     656.3078719146097910       1.0404969491064548
     656.3080720480320451       0.8461712002754211
     656.3082721814542992       0.9870971068739891
     656.3084723148766670       0.9733810871839523
     656.3086724482989212       1.0469376482069492
     656.3088725817211753       1.0249237306416035
     656.3090727151434294       0.9710904024541378
     656.3092728485656835       1.0661377236247063
     656.3094729819880513       0.9685365706682205
     656.3096731154103054       1.0670415386557579
     656.3098732488325595       1.0359741859138012
     656.3100733822548136       0.9663260467350483
     656.3102735156771814       0.9858832759782672
     656.3104736490994355       0.9497865028679371
     656.3106737825216896       0.9807965569198132
     656.3108739159439438       1.0656404346227646
     656.3110740493663116       0.9724722448736429
     656.3112741827885657       0.9820905625820160
     656.3114743162108198       0.9746366143226624
     656.3116744496330739       0.9915289049968123
     656.3118745830554417       0.9840833563357592
     656.3120747164776958       0.8437189906835556
     656.3122748498999499       1.0634070262312889
     656.3124749833222040       1.0469811968505383
     656.3126751167445718       1.0235903263092041
     656.3128752501668259       0.9612846598029137
     656.3130753835890800       0.9470110721886158
     656.3132755170113342       1.0435456112027168
     656.3134756504337020       1.0060400860384107
     656.3136757838559561       0.9872215287759900
     656.3138759172782102       0.9737654887139797
     656.3140760507004643       0.9859186913818121
     656.3142761841228321       1.0931158363819122
     656.3144763175450862       1.0104056615382433
     656.3146764509673403       1.0490526966750622
     656.3148765843895944       1.0333835445344448
     656.3150767178118485       0.9173165634274483
     656.3152768512342163       1.0236316546797752
     656.3154769846564704       1.0411439947783947
     656.3156771180787246       1.0115460306406021
     656.3158772515009787       1.0163898766040802
     656.3160773849233465       0.9920962918549776
     656.3162775183456006       0.8778403624892235
     656.3164776517678547       0.9379470273852348
     656.3166777851901088       0.9548995085060596
     656.3168779186124766       1.0147402705624700
     656.3170780520347307       0.9374882578849792
     656.3172781854569848       0.9951631985604763
     656.3174783188792389       1.0087834140285850
     656.3176784523016067       1.0035490100272000
     656.3178785857238609       1.0183713473379612
     656.3180787191461150       1.0336706154048443
     656.3182788525683691       1.0810635089874268
     656.3184789859907369       0.9232710078358650
     656.3186791194129910       0.9221892207860947
     656.3188792528352451       0.9771091435104609
     656.3190793862574992       0.9989662403240800
     656.3192795196798670       0.9476858302950859
     656.3194796531021211       0.9490093998610973
     656.3196797865243752       1.1005837246775627
     656.3198799199466293       0.9748074114322661
     656.3200800533688835       1.0229782536625862
     656.3202801867912513       0.9983889367431400
     656.3204803202135054       1.0438762158155437
     656.3206804536357595       1.0263068508356805
     656.3208805870580136       1.0044854613952332
     656.3210807204803814       0.9690183196216812
     656.3212808539026355       1.0246837958693491
     656.3214809873248896       1.0453017950057961
     656.3216811207471437       1.0386853143572776
     656.3218812541695115       1.0158854033797931
     656.3220813875917656       0.9628980793058800
     656.3222815210140197       1.0170547682791842
     656.3224816544362739       1.0297137144952855
     656.3226817878586417       0.9492679759859807
     656.3228819212808958       0.9485125243663446
     656.3230820547031499       1.0250573251395916
     656.3232821881254040       1.0075633348896367
     656.3234823215477718       0.9605710469185238
     656.3236824549700259       0.9328162595628139
     656.3238825883922800       0.9885865375397335
     656.3240827218145341       1.0201242975887372
     656.3242828552369019       0.8935018852348383
     656.3244829886591560       0.9796618837856419
     656.3246831220814101       0.8768337741484427
     656.3248832555036643       1.0726921185837122
     656.3250833889260321       0.9983856953893365
     656.3252835223482862       1.0750877186627505
     656.3254836557705403       1.0616527572233680
     656.3256837891927944       0.9845367716567830
     656.3258839226150485       0.9993135090835965
     656.3260840560374163       1.0911186337356114
     656.3262841894596704       1.0670804306702937
     656.3264843228819245       1.0076821069005835
     656.3266844563041786       1.0478672273138574
     656.3268845897265464       1.0670210867675056
     656.3270847231488005       0.9880803338562714
     656.3272848565710547       0.9840362462283339
     656.3274849899933088       0.9708100109095086
     656.3276851234156766       1.0062440203708549
     656.3278852568379307       1.0360848566092864
     656.3280853902601848       1.0537558008561714
     656.3282855236824389       0.9495817716565215
     656.3284856571048067       1.0204434035008849
     656.3286857905270608       1.0417374550649887
     656.3288859239493149       0.9992655041882519
     656.3290860573715690       0.9704750873041614
     656.3292861907939368       1.0521456951408545
     656.3294863242161910       0.9615222709652338
     656.3296864576384451       0.9949637549082653
     656.3298865910606992       1.0053446633996872
     656.3300867244830670       0.9552503235503689
     656.3302868579053211       0.9101030066017488
     656.3304869913275752       0.9389930060955493
     656.3306871247498293       0.9641363721261278
     656.3308872581721971       0.9833115424234865
     656.3310873915944512       0.9330268219680414
     656.3312875250167053       1.0075591885177615
     656.3314876584389594       1.0055543645697615
     656.3316877918612136       1.0200542419211365
     656.3318879252835814       1.0400535543345648
     656.3320880587058355       1.0759188981298042
     656.3322881921280896       1.0087387528624689
     656.3324883255503437       1.0100667970117114
     656.3326884589727115       1.0681313935801469
     656.3328885923949656       1.0101475326011853
     656.3330887258172197       1.0444564067780502
     656.3332888592394738       0.9522781169891342
     656.3334889926618416       0.9718790275074237
     656.3336891260840957       1.0225682577796944
     656.3338892595063498       0.9323237486889768
     656.3340893929286040       1.1228843722669524
     656.3342895263509718       1.0527697701261056
     656.3344896597732259       0.9710078912847540
     656.3346897931954800       0.9806882482602584
     656.3348899266177341       1.0228829335883596
     656.3350900600401019       0.9584793311772140
     656.3352901934623560       1.0997257223051853
     656.3354903268846101       1.0188638049580168
     656.3356904603068642       1.0119987227518363
     656.3358905937292320       0.9304751077151479
     656.3360907271514861       1.0174070068814611
     656.3362908605737402       0.9986614972069049
     656.3364909939959944       1.0423824564157691
     656.3366911274182485       0.9256837768021101
     656.3368912608406163       1.0074354176635061
     656.3370913942628704       1.0089164840846800
     656.3372915276851245       0.9744253602539338
     656.3374916611073786       0.9920320983796772
     656.3376917945297464       1.1308059433269717
     656.3378919279520005       1.0453729267270608
     656.3380920613742546       1.0591312477616346
     656.3382921947965087       1.0781443307731164
     656.3384923282188765       1.0468432841764941
     656.3386924616411306       0.9559937561869836
     656.3388925950633848       0.9870375684143010
     656.3390927284856389       1.0036801434504716
     656.3392928619080067       0.8598360942913240
     656.3394929953302608       0.9938537854677878
     656.3396931287525149       0.9567424880984995
     656.3398932621747690       0.9695814804667467
     656.3400933955971368       0.9655972600734117
     656.3402935290193909       0.9648818084538741
     656.3404936624416450       1.0501219268464792
     656.3406937958638991       1.0540916648705507
     656.3408939292862669       0.9254005755153039
     656.3410940627085211       1.0051827494842436
     656.3412941961307752       0.9851190355876439
     656.3414943295530293       1.0160232536609017
     656.3416944629753971       1.1096231951018596
     656.3418945963976512       1.0077830650770001
     656.3420947298199053       0.9875522546020258
     656.3422948632421594       1.0239386624669429
     656.3424949966644135       1.0032688441925863
     656.3426951300867813       0.9793938532396083
     656.3428952635090354       1.0166285962807322
     656.3430953969312895       0.9967180802668472
     656.3432955303535437       1.0114792015187506
     656.3434956637759115       1.0250718570957869
     656.3436957971981656       1.0107886605553655
     656.3438959306204197       1.0254572953106966
     656.3440960640426738       0.9176303235073050
     656.3442961974650416       1.0006833183187147
     656.3444963308872957       0.9767316443448242
     656.3446964643095498       0.9105790953668214
     656.3448965977318039       0.9786158814909192
     656.3450967311541717       0.9129523974773508
     656.3452968645764258       0.9504412242917910
     656.3454969979986799       0.9902432590539291
     656.3456971314209341       0.9475146234844645
     656.3458972648433019       1.0458333840857095
     656.3460973982655560       0.9403319734588781
     656.3462975316878101       1.0217487349199947
     656.3464976651100642       0.8995481230010961
     656.3466977985324320       0.8910882912040893
     656.3468979319546861       1.0289336317739370
     656.3470980653769402       0.9621730805739673
     656.3472981987991943       0.8731762129345751
     656.3474983322214484       0.9174283553909162
     656.3476984656438162       0.9034634263584986
     656.3478985990660703       0.9370791770034093
     656.3480987324883245       0.8998464337804339
     656.3482988659105786       0.9352530098130669
     656.3484989993329464       0.9125281581097905
     656.3486991327552005       0.8513702164581763
     656.3488992661774546       0.8774885670052851
     656.3490993995997087       0.8529860198387443
     656.3492995330220765       0.8811530458642512
     656.3494996664443306       0.8078833053781664
     656.3496997998665847       0.8292251384993247
     656.3498999332888388       0.8390049254856904
     656.3501000667112066       0.8184502890248928
     656.3503002001334607       0.8798889294864303
     656.3505003335557149       0.7853387371759931
     656.3507004669779690       0.8174275531878934
     656.3509006004003368       0.7632419722764359
     656.3511007338225909       0.8718963537409066
     656.3513008672448450       0.8340944437694954
     656.3515010006670991       0.8621226223606702
     656.3517011340894669       0.8840042792964097
     656.3519012675117210       0.9358382950994658
     656.3521014009339751       0.7472448911473868
     656.3523015343562292       0.8078932961370000
     656.3525016677785970       0.7515750490109347
     656.3527018012008512       0.7596658654232245
     656.3529019346231053       0.7888577351922392
     656.3531020680453594       0.7643173465156103
     656.3533022014676135       0.7808329911278565
     656.3535023348899813       0.7428489719821988
     656.3537024683122354       0.7611915506814589
     656.3539026017344895       0.7642208476593215
     656.3541027351567436       0.8640939265996851
     656.3543028685791114       0.7453992921056609
     656.3545030020013655       0.9454052777621006
     656.3547031354236196       0.7959240723090228
     656.3549032688458738       0.8685881958166528
     656.3551034022682416       0.8126797752352820
     656.3553035356904957       0.8042000417315200
     656.3555036691127498       0.6884891315502535
     656.3557038025350039       0.8185266035997154
     656.3559039359573717       0.7742671556439970
     656.3561040693796258       0.7598650359419682
     656.3563042028018799       0.8026852114257400
     656.3565043362241340       0.8070161018528939
     656.3567044696465018       0.7974374536667828
     656.3569046030687559       0.8217400848624480
     656.3571047364910100       0.8328516956266308
     656.3573048699132642       0.9289988892495369
     656.3575050033356320       0.8610947971053025
     656.3577051367578861       0.8685830492887952
     656.3579052701801402       0.8846993642707806
     656.3581054036023943       0.8689280003893528
     656.3583055370246484       0.9771153056623684
     656.3585056704470162       0.9546123436481551
     656.3587058038692703       0.9354594347093936
     656.3589059372915244       0.8873310560677810
     656.3591060707137785       0.9464982388740411
     656.3593062041361463       0.8832752803187819
     656.3595063375584004       0.9801533458532994
     656.3597064709806546       0.9998994785296933
     656.3599066044029087       0.9145680386169476
     656.3601067378252765       0.9959093776031110
     656.3603068712475306       0.9520690998337610
     656.3605070046697847       0.9243780804335379
     656.3607071380920388       0.9245438471761751
     656.3609072715144066       0.9379260641506765
     656.3611074049366607       0.9032210973485366
     656.3613075383589148       0.9965212024835626
     656.3615076717811689       0.9547914514781669
     656.3617078052035367       1.0048003717391558
     656.3619079386257908       0.8449088843747644
     656.3621080720480450       0.9327269874922306
     656.3623082054702991       0.8921374153270294
     656.3625083388926669       1.0144937531993841
     656.3627084723149210       0.9596049708314807
     656.3629086057371751       0.9966740883425668
     656.3631087391594292       0.9876100070611731
     656.3633088725817970       1.0206454758854711
     656.3635090060040511       1.0718259154355709
     656.3637091394263052       0.9480563139595714
     656.3639092728485593       0.9583413350946838
     656.3641094062708135       0.9833351983455129
     656.3643095396931813       0.9526995521623990
     656.3645096731154354       0.9687514911044569
     656.3647098065376895       1.0262786563183317
     656.3649099399599436       0.9838934608163882
     656.3651100733823114       0.9140043945553694
     656.3653102068045655       1.0357831512549454
     656.3655103402268196       0.9829991219736111
     656.3657104736490737       1.0032841873718863
     656.3659106070714415       1.0433123446927968
     656.3661107404936956       0.9852676664744207
     656.3663108739159497       0.9777062912129919
     656.3665110073382039       1.0072444665142304
     656.3667111407605717       0.9668503882736861
     656.3669112741828258       0.9446916924402595
     656.3671114076050799       0.9923168049793569
     656.3673115410273340       0.9835109978972510
     656.3675116744497018       1.1082291240048150
     656.3677118078719559       0.9669075081868014
     656.3679119412942100       0.9684366401366032
     656.3681120747164641       1.0626002072388050
     656.3683122081388319       1.0240432867363238
     656.3685123415610860       0.9301692200149412
     656.3687124749833401       0.9770084692328875
     656.3689126084055943       0.9820626613275776
     656.3691127418278484       1.0243016379194185
     656.3693128752502162       0.9871406276737349
     656.3695130086724703       1.0095193030765672
     656.3697131420947244       1.0693217338883323
     656.3699132755169785       1.0034096196111184
     656.3701134089393463       0.9851527949710364
     656.3703135423616004       0.9858179689229426
     656.3705136757838545       1.0522256302208470
     656.3707138092061086       1.0432958714894074
     656.3709139426284764       0.9811545395666958
     656.3711140760507305       1.0271378409630092
     656.3713142094729847       1.0364612672181350
     656.3715143428952388       1.0247586295473226
     656.3717144763176066       0.9783255252356426
     656.3719146097398607       0.9224683684495651
     656.3721147431621148       1.0591055577494077
     656.3723148765843689       1.0624733423601405
     656.3725150100067367       1.0477272966084379
     656.3727151434289908       0.9731877386565778
     656.3729152768512449       1.0271738279329798
     656.3731154102734990       1.0460742792590287
     656.3733155436958668       0.9229785469542965
     656.3735156771181209       1.0840366567579525
     656.3737158105403751       1.0062559422013506
     656.3739159439626292       0.9862345479612744
     656.3741160773849970       0.9863022126412698
     656.3743162108072511       1.0540748994232834
     656.3745163442295052       0.9622299025793646
     656.3747164776517593       0.9340823187845130
     656.3749166110740134       0.9364839853736421
     656.3751167444963812       1.0143807585840099
     656.3753168779186353       1.0095854624052609
     656.3755170113408894       1.0175600620504122
     656.3757171447631436       0.9806245190591082
     656.3759172781855113       0.9611912826026887
     656.3761174116077655       1.1209270633474580
     656.3763175450300196       1.0169779323916655
     656.3765176784522737       1.0740010897119054
     656.3767178118746415       0.9435236759419274
     656.3769179452968956       1.0026816843288435
     656.3771180787191497       0.9963414145200072
     656.3773182121414038       0.9506737062278463
     656.3775183455637716       0.9797335924142722
     656.3777184789860257       0.9288397556626854
     656.3779186124082798       1.0265976750448180
     656.3781187458305340       0.9908438507590922
     656.3783188792529018       1.0356313241472379
     656.3785190126751559       1.0215872407459381
     656.3787191460974100       1.0786984781311229
     656.3789192795196641       1.0107609169579461
     656.3791194129420319       0.9073510539818694
     656.3793195463642860       0.9420343374742445
     656.3795196797865401       1.0477175673918913
     656.3797198132087942       1.0381425394587627
     656.3799199466311620       1.0907164438824386
     656.3801200800534161       1.0002236415657477
     656.3803202134756702       0.9492323807994090
     656.3805203468979244       0.8969224318591900
     656.3807204803201785       1.1231444403336668
     656.3809206137425463       1.0645097717505916
     656.3811207471648004       1.1062277704380237
     656.3813208805870545       1.0018255185500031
     656.3815210140093086       1.0492470264386351
     656.3817211474316764       1.0371503978933552
     656.3819212808539305       1.0478097014105208
     656.3821214142761846       1.0226177573187263
     656.3823215476984387       1.0074193538154861
     656.3825216811208065       1.0688446313134607
     656.3827218145430606       1.0751843973988575
     656.3829219479653148       0.9807160049672957
     656.3831220813875689       1.0321942977604528
     656.3833222148099367       0.9627217203376798
     656.3835223482321908       0.8980304449795383
     656.3837224816544449       0.9924240559338635
     656.3839226150766990       0.9838993120937931
     656.3841227484990668       1.0222975295036616
     656.3843228819213209       1.0572881512343599
     656.3845230153435750       0.9804264195263194
     656.3847231487658291       0.9680500216781963
     656.3849232821881969       1.0300736967474133
     656.3851234156104510       1.0761211141943872
     656.3853235490327052       0.9292165413498839
     656.3855236824549593       0.9849835457280252
     656.3857238158772134       1.0241331011056882
     656.3859239492995812       0.9580077119171607
     656.3861240827218353       1.0291047785431138
     656.3863242161440894       0.9874913748353714
     656.3865243495663435       0.9564229622483250
     656.3867244829887113       0.9929077625274656
     656.3869246164109654       0.9884476568549870
     656.3871247498332195       1.0020068238954991
     656.3873248832554737       0.9890815215185284
     656.3875250166778414       1.0361435189843178
     656.3877251501000956       1.0889366641640663
     656.3879252835223497       1.0181501451879740
     656.3881254169446038       1.0322208516299725
     656.3883255503669716       1.0379398949444294
     656.3885256837892257       0.8893353790044785
     656.3887258172114798       1.0366436690092087
     656.3889259506337339       0.8886643052101135
     656.3891260840561017       1.0633537769317627
     656.3893262174783558       1.0295278709381819
     656.3895263509006099       0.9150523841381073
     656.3897264843228641       1.0275754015892744
     656.3899266177452319       1.0255038477480412
     656.3901267511674860       0.9585501588881016
     656.3903268845897401       1.1080778986215591
     656.3905270180119942       1.0355210117995739
     656.3907271514343620       0.9675469137728214
     656.3909272848566161       1.0409567765891552
     656.3911274182788702       0.9961151964962482
     656.3913275517011243       0.9681148678064346
     656.3915276851233784       1.0151492031291127
     656.3917278185457462       1.0679817646741867
     656.3919279519680003       0.9796465337276459
     656.3921280853902545       1.0338445156812668
     656.3923282188125086       0.9666871502995491
     656.3925283522348764       0.9787709061056376
     656.3927284856571305       1.0015064382459968
     656.3929286190793846       1.0565147958695889
     656.3931287525016387       0.9271727725863457
     656.3933288859240065       1.0386683978140354
     656.3935290193462606       0.9398598708212376
     656.3937291527685147       0.9673691764473915
     656.3939292861907688       0.9965257532894611
     656.3941294196131366       1.0341344624757767
     656.3943295530353907       0.9806047752499580
     656.3945296864576449       0.9481791369616985
     656.3947298198798990       1.0117824096232653
     656.3949299533022668       1.0378614030778408
     656.3951300867245209       1.1029639840126038
     656.3953302201467750       1.0061216517351568
     656.3955303535690291       0.9363070502877235
     656.3957304869913969       1.0889622494578362
     656.3959306204136510       0.9774321783334017
     656.3961307538359051       1.0114970952272415
     656.3963308872581592       0.9931923700496554
     656.3965310206804133       0.9881640309467912
     656.3967311541027811       1.0557693839073181
     656.3969312875250353       0.9761986751109362
     656.3971314209472894       1.0723777562379837
     656.3973315543695435       0.9799518994987011
     656.3975316877919113       1.0169541612267494
     656.3977318212141654       0.9974698645528406
     656.3979319546364195       1.0475098490715027
     656.3981320880586736       0.9941063704900444
     656.3983322214810414       0.9974633869715035
     656.3985323549032955       0.9805811364203691
     656.3987324883255496       0.9550821743905544
     656.3989326217478038       1.0654179081320763
     656.3991327551701715       0.9570691362023354
     656.3993328885924257       0.9828460905700922
     656.3995330220146798       0.9892266159877181
     656.3997331554369339       0.9680809713900089
     656.3999332888593017       0.9872674625366926
     656.4001334222815558       1.0282849222421646
     656.4003335557038099       1.0482192933559418
     656.4005336891260640       0.9368240684270859
     656.4007338225484318       0.9744991827756166
     656.4009339559706859       1.0004811860271730
     656.4011340893929400       1.0291150193661451
     656.4013342228151942       1.0627324804663658
     656.4015343562375620       0.9820993877947330
     656.4017344896598161       1.0495902858674526
     656.4019346230820702       0.9315231293439865
     656.4021347565043243       0.9647369720041752
     656.4023348899265784       1.0034886833745986
     656.4025350233489462       1.0606527030467987
     656.4027351567712003       0.9148244112730026
     656.4029352901934544       0.9577368348836899
     656.4031354236157085       0.9650340490043163
     656.4033355570380763       1.0291984956711531
     656.4035356904603304       1.1582090109586716
     656.4037358238825846       0.9887225283309817
     656.4039359573048387       0.9249072074890137
     656.4041360907272065       1.0333371981978416
     656.4043362241494606       1.0389604344964027
     656.4045363575717147       1.0183572899550200
     656.4047364909939688       0.9485862739384174
     656.4049366244163366       0.9947281135246158
     656.4051367578385907       0.9125826433300972
     656.4053368912608448       0.9673618562519550
     656.4055370246830989       1.0498027615249157
     656.4057371581054667       0.9681077785789967
     656.4059372915277208       0.9502494595944881
     656.4061374249499750       0.9757935870438814
     656.4063375583722291       0.9273449182510376
     656.4065376917945969       1.0359850935637951
     656.4067378252168510       1.0099788764491677
     656.4069379586391051       0.9564869776368141
     656.4071380920613592       1.0095886616036296
     656.4073382254836133       0.9739215094596148
     656.4075383589059811       0.9309497326612473
     656.4077384923282352       0.9956885785795748
     656.4079386257504893       0.9632120393216610
     656.4081387591727434       1.0557381324470043
     656.4083388925951112       1.0333539508283138
     656.4085390260173654       1.1148070469498634
     656.4087391594396195       1.1329860091209412
     656.4089392928618736       1.0118173658847809
     656.4091394262842414       1.0221066381782293
     656.4093395597064955       1.0027274994645268
     656.4095396931287496       0.9532704539597034
     656.4097398265510037       1.0414435230195522
     656.4099399599733715       1.0128546850755811
     656.4101400933956256       1.0382382161915302
     656.4103402268178797       0.9900661734864116
     656.4105403602401339       0.9791485797613859
     656.4107404936625016       1.0698800086975098
     656.4109406270847558       1.0596885681152344
     656.4111407605070099       1.0611121170222759
     656.4113408939292640       0.9656199961900711
     656.4115410273516318       1.0237085726112127
     656.4117411607738859       0.9835533723235130
     656.4119412941961400       1.0288146436214447
     656.4121414276183941       0.9873820897191763
     656.4123415610407619       1.0656776949763298
     656.4125416944630160       0.9637269601225853
     656.4127418278852701       0.9817407168447971
     656.4129419613075243       1.0371115282177925
     656.4131420947297784       1.0072417296469212
     656.4133422281521462       1.0298974309116602
     656.4135423615744003       1.0738593488931656
     656.4137424949966544       0.9546054303646088
     656.4139426284189085       1.0293446071445942
     656.4141427618412763       1.0313847213983536
     656.4143428952635304       1.0073510273359716
     656.4145430286857845       1.0201088692992926
     656.4147431621080386       0.9250651076436043
     656.4149432955304064       1.0148682966828346
     656.4151434289526605       1.0635767504572868
     656.4153435623749147       0.9715118166059256
     656.4155436957971688       1.0343950204551220
     656.4157438292195366       0.9505288563668728
     656.4159439626417907       0.9194647222757339
     656.4161440960640448       0.9656893685460091
     656.4163442294862989       1.0049613891169429
     656.4165443629086667       1.0042550354264677
     656.4167444963309208       0.9868997810408473
     656.4169446297531749       0.9111550524830818
     656.4171447631754290       1.0582839623093605
     656.4173448965977968       0.9693786762654781
     656.4175450300200509       1.0173341985791922
     656.4177451634423051       0.9967229620087892
     656.4179452968645592       0.9800483081489801
     656.4181454302869270       0.9620946533977985
     656.4183455637091811       0.9745720177888870
     656.4185456971314352       0.9903028169646859
     656.4187458305536893       0.9900407781824470
     656.4189459639759434       1.0801838785409927
     656.4191460973983112       0.9439730755984783
     656.4193462308205653       1.0297591276466846
     656.4195463642428194       0.9951456300914288
     656.4197464976650735       0.8850717917084694
     656.4199466310874413       0.9827478881925344
     656.4201467645096955       0.9742051605135202
     656.4203468979319496       0.9999823628986633
     656.4205470313542037       1.0203662645071745
     656.4207471647765715       1.0865788608789444
     656.4209472981988256       1.0225699301809072
     656.4211474316210797       1.1087944284081459
     656.4213475650433338       1.1089224144816399
     656.4215476984657016       0.9759220760315657
     656.4217478318879557       1.1443568021059036
     656.4219479653102098       0.9899133229628205
     656.4221480987324640       1.0614192076027393
     656.4223482321548317       0.9603567384183407
     656.4225483655770859       1.0266311001032591
     656.4227484989993400       0.9917698567733169
     656.4229486324215941       1.0026163910515606
     656.4231487658439619       0.9829357191920280
     656.4233488992662160       1.0515122115612030
     656.4235490326884701       0.9659336991608143
     656.4237491661107242       1.0172722525894642
     656.4239492995329783       1.0007468153489754
     656.4241494329553461       1.0265880320221186
     656.4243495663776002       1.0175611618906260
     656.4245496997998544       1.1343957036733627
     656.4247498332221085       0.8897857740521431
     656.4249499666444763       0.8945492729544640
     656.4251501000667304       0.9502887018024921
     656.4253502334889845       0.9447538740932941
     656.4255503669112386       1.0144988317042589
     656.4257505003336064       1.0666227713227272
     656.4259506337558605       0.9006365016102791
     656.4261507671781146       1.0397747457027435
     656.4263509006003687       1.0050099948421121
     656.4265510340227365       0.9876452470198274
     656.4267511674449906       0.9648557789623737
     656.4269513008672448       1.0424162410199642
     656.4271514342894989       0.9950712346471846
     656.4273515677118667       1.0042665246874094
     656.4275517011341208       1.0754813104867935
     656.4277518345563749       0.9661021344363689
     656.4279519679786290       0.9581078812479973
     656.4281521014009968       1.0262267030775547
     656.4283522348232509       0.9851613026112318
     656.4285523682455050       0.9662043154239655
     656.4287525016677591       0.9333010166883469
     656.4289526350901269       1.0655052438378334
     656.4291527685123810       1.0497122108936310
     656.4293529019346352       0.9519321955740452
     656.4295530353568893       0.9498173408210278
     656.4297531687791434       1.0183103419840336
     656.4299533022015112       0.9137749448418617
     656.4301534356237653       0.9892367729917169
     656.4303535690460194       0.9636414982378483
     656.4305537024682735       0.9837768673896790
     656.4307538358906413       0.9543293491005898
     656.4309539693128954       1.0700584501028061
     656.4311541027351495       1.0210805069655180
     656.4313542361574036       1.0982968732714653
     656.4315543695797714       1.0018544426420704
     656.4317545030020256       0.9581810310482979
     656.4319546364242797       0.9882063874974847
     656.4321547698465338       0.9748277682811022
     656.4323549032689016       0.9715176243335009
     656.4325550366911557       1.0195163544267416
     656.4327551701134098       0.9662712849676609
     656.4329553035356639       0.9930934091098607
     656.4331554369580317       0.9680123738944530
     656.4333555703802858       0.9694854337722063
     656.4335557038025399       1.0047976472415030
     656.4337558372247940       0.9903344893828034
     656.4339559706471618       1.0467309877276421
     656.4341561040694160       0.9696928262710571
     656.4343562374916701       0.9733489919453859
     656.4345563709139242       0.9696423318237066
     656.4347565043361783       1.0012205517850816
     656.4349566377585461       0.9643248021602631
     656.4351567711808002       0.9081523194909096
     656.4353569046030543       1.0690928325057030
     656.4355570380253084       0.9696575999259949
     656.4357571714476762       1.0186077971011400
     656.4359573048699303       1.0060391146689653
     656.4361574382921845       0.9812814090400934
     656.4363575717144386       1.0927701890468597
     656.4365577051368064       0.9413022100925446
     656.4367578385590605       1.0451964065432549
     656.4369579719813146       0.9670159853994846
     656.4371581054035687       1.0326780490577221
     656.4373582388259365       1.0410339236259460
     656.4375583722481906       0.9605507142841816
     656.4377585056704447       1.0317970886826515
     656.4379586390926988       0.9529943652451038
     656.4381587725150666       0.9500882402062416
     656.4383589059373207       1.0273448526859283
     656.4385590393595749       0.9531025402247906
     656.4387591727818290       0.9513937756419182
     656.4389593062041968       1.0123757170513272
     656.4391594396264509       1.0048095523379743
     656.4393595730487050       0.9954566634260118
     656.4395597064709591       1.0238468479365110
     656.4397598398933269       1.0532020740211010
     656.4399599733155810       0.8541012555360794
     656.4401601067378351       0.9078375324606895
     656.4403602401600892       1.0248913746327162
     656.4405603735823433       1.0198974646627903
     656.4407605070047111       0.9881293661892414
     656.4409606404269653       0.9295121207833290
     656.4411607738492194       1.0125008290633559
     656.4413609072714735       0.9351066797971725
     656.4415610406938413       1.0112624401226640
     656.4417611741160954       1.0176399350166321
     656.4419613075383495       1.0415218025445938
     656.4421614409606036       0.8898261860013008
     656.4423615743829714       0.9887417582795024
     656.4425617078052255       0.9849947253242135
     656.4427618412274796       0.9922364926896989
     656.4429619746497337       1.0486482046544552
     656.4431621080721015       1.0018876100657508
     656.4433622414943557       0.9713636152446270
     656.4435623749166098       0.9833238143473864
     656.4437625083388639       0.9823535177856684
     656.4439626417612317       1.0800279155373573
     656.4441627751834858       0.9853501887992024
     656.4443629086057399       1.1267461627721786
     656.4445630420279940       0.9944545505568385
     656.4447631754503618       1.0598300211131573
     656.4449633088726159       0.8916615620255470
     656.4451634422948700       0.9914326453581452
     656.4453635757171241       1.0079496968537569
     656.4455637091393783       0.9324735701084137
     656.4457638425617461       1.0379105098545551
     656.4459639759840002       0.9869202133268118
     656.4461641094062543       0.9217726662755013
     656.4463642428285084       1.0527368746697903
     656.4465643762508762       0.9621346555650234
     656.4467645096731303       0.9505864642560482
     656.4469646430953844       0.9576870426535606
     656.4471647765176385       1.1048628240823746
     656.4473649099400063       1.0342251397669315
     656.4475650433622604       1.0149590326473117
     656.4477651767845146       1.0276062376797199
     656.4479653102067687       1.0114609329029918
     656.4481654436291365       1.0202614422887564
     656.4483655770513906       1.1713284850120544
     656.4485657104736447       0.9300424754619598
     656.4487658438958988       0.9741274807602167
     656.4489659773182666       1.0156343281269073
     656.4491661107405207       0.9591160602867603
     656.4493662441627748       0.9556197188794613
     656.4495663775850289       1.0464654974639416
     656.4497665110073967       0.9601089321076870
     656.4499666444296508       0.9527561925351620
     656.4501667778519050       1.0592724345624447
     656.4503669112741591       0.9691082239151001
     656.4505670446965269       1.0585939288139343
     656.4507671781187810       0.9735717382282019
     656.4509673115410351       1.0603557489812374
     656.4511674449632892       0.9904801519587636
     656.4513675783855433       0.9285844266414642
     656.4515677118079111       0.9888897817581892
     656.4517678452301652       0.9746744986623526
     656.4519679786524193       0.9529014825820923
     656.4521681120746734       0.9626403674483299
     656.4523682454970412       1.0362022779881954
     656.4525683789192954       1.0104619124904275
     656.4527685123415495       1.0696505159139633
     656.4529686457638036       1.0062929601408541
     656.4531687791861714       1.0235363375395536
     656.4533689126084255       0.9867869215086102
     656.4535690460306796       1.0528791956603527
     656.4537691794529337       0.9497856087982655
     656.4539693128753015       1.0357296578586102
     656.4541694462975556       0.9089957699179649
     656.4543695797198097       0.9281261712312698
     656.4545697131420638       1.0408804230391979
     656.4547698465644316       1.0571162775158882
     656.4549699799866858       1.0193635094910860
     656.4551701134089399       0.9549572654068470
     656.4553702468311940       0.9887271914631128
     656.4555703802535618       0.9950532782822847
     656.4557705136758159       0.9949049563147128
     656.4559706470980700       1.0414269044995308
     656.4561707805203241       1.0357458181679249
     656.4563709139425782       0.9758073110133410
     656.4565710473649460       0.9671814963221550
     656.4567711807872001       1.0595096051692963
     656.4569713142094542       1.0136999664828181
     656.4571714476317084       1.0409669242799282
     656.4573715810540762       1.0190955102443695
     656.4575717144763303       1.0179025679826736
     656.4577718478985844       0.9503178149461746
     656.4579719813208385       1.0472582317888737
     656.4581721147432063       1.0087054809555411
     656.4583722481654604       0.9715629983693361
     656.4585723815877145       0.9784454274922609
     656.4587725150099686       1.0896625146269798
     656.4589726484323364       1.0375307276844978
     656.4591727818545905       0.9830379057675600
     656.4593729152768447       1.0050239679403603
     656.4595730486990988       1.0561694987118244
     656.4597731821214666       1.1252139359712601
     656.4599733155437207       0.9739279095083475
     656.4601734489659748       1.0418014116585255
     656.4603735823882289       1.0239503625780344
     656.4605737158105967       1.0362547747790813
     656.4607738492328508       0.9756268113851547
     656.4609739826551049       1.0421194694936275
     656.4611741160773590       1.0011631425004452
     656.4613742494997268       1.0376387275755405
     656.4615743829219809       0.9756970852613449
     656.4617745163442351       0.9612262248992920
     656.4619746497664892       1.0072066704742610
     656.4621747831887433       0.9411346130073071
     656.4623749166111111       1.0093029672279954
     656.4625750500333652       0.9863396268337965
     656.4627751834556193       0.9609298594295979
     656.4629753168778734       1.0483361035585403
     656.4631754503002412       0.9889100631698966
     656.4633755837224953       0.9964335944969207
     656.4635757171447494       0.9810854960232973
     656.4637758505670035       0.9524256624281406
     656.4639759839893713       1.0532425642013550
     656.4641761174116255       1.0904746875166893
     656.4643762508338796       1.0521444752812386
     656.4645763842561337       0.9609948582947254
     656.4647765176785015       1.0060080024413764
     656.4649766511007556       0.9326294139027596
     656.4651767845230097       1.0179644990712404
     656.4653769179452638       1.0540654920041561
     656.4655770513676316       0.9833264555782080
     656.4657771847898857       0.9730839598923922
     656.4659773182121398       0.9746814221143723
     656.4661774516343939       1.0581437721848488
     656.4663775850567617       1.0163101162761450
     656.4665777184790159       1.0561394169926643
     656.4667778519012700       0.9554066397249699
     656.4669779853235241       0.9850654657930136
     656.4671781187458919       1.0499221645295620
     656.4673782521681460       1.0383876077830791
     656.4675783855904001       1.0518114529550076
     656.4677785190126542       1.0210378300398588
     656.4679786524349083       0.9310014918446541
     656.4681787858572761       1.0419121161103249
     656.4683789192795302       0.9852450015023351
     656.4685790527017843       1.0282413866370916
     656.4687791861240385       0.9219175651669502
     656.4689793195464063       0.9429196901619434
     656.4691794529686604       1.0033209796529263
     656.4693795863909145       1.0167519226670265
     656.4695797198131686       1.0340489111840725
     656.4697798532355364       1.0463778041303158
     656.4699799866577905       1.0134850442409515
     656.4701801200800446       0.9792913086712360
     656.4703802535022987       1.0212895963340998
     656.4705803869246665       0.9583358727395535
     656.4707805203469206       1.0994062572717667
     656.4709806537691748       1.0203238110989332
     656.4711807871914289       0.9839021954685450
     656.4713809206137967       1.0472284480929375
     656.4715810540360508       0.9974056475330144
     656.4717811874583049       0.9848231505602598
     656.4719813208805590       1.0482819005846977
     656.4721814543029268       1.0122179286554456
     656.4723815877251809       0.9163167700171471
     656.4725817211474350       1.0038606084417552
     656.4727818545696891       1.0105588790029287
     656.4729819879919432       0.9598052352666855
     656.4731821214143110       1.0485487990081310
     656.4733822548365652       1.0848866254091263
     656.4735823882588193       0.9869688255712390
     656.4737825216810734       1.0037167412228882
     656.4739826551034412       1.0159770119935274
     656.4741827885256953       0.9672712534666061
     656.4743829219479494       1.0592211894690990
     656.4745830553702035       1.0993719920516014
     656.4747831887925713       0.9425207301974297
     656.4749833222148254       0.9506522864103317
     656.4751834556370795       1.0890467166900635
     656.4753835890593336       0.9655260033905506
     656.4755837224817014       0.9973942108917981
     656.4757838559039556       1.0113621437922120
     656.4759839893262097       0.9031312689185143
     656.4761841227484638       1.0220641847699881
     656.4763842561708316       0.9758431743830442
     656.4765843895930857       1.0506761185824871
     656.4767845230153398       0.9661208428442478
     656.4769846564375939       0.9645704105496407
     656.4771847898599617       0.9681592509150505
     656.4773849232822158       0.9693144503980875
     656.4775850567044699       1.0274633746594191
     656.4777851901267240       0.9751810543239117
     656.4779853235490918       1.0384401865303516
     656.4781854569713460       1.0089184874668717
     656.4783855903936001       1.0391898490488529
     656.4785857238158542       1.0552264451980591
     656.4787858572381083       0.9379680566489697
     656.4789859906604761       1.0254587959498167
     656.4791861240827302       0.9106365665793419
     656.4793862575049843       0.9869323503226042
     656.4795863909272384       0.9043572098016739
     656.4797865243496062       0.9965325344819576
     656.4799866577718603       0.9321629181504250
     656.4801867911941144       1.0553108043968678
     656.4803869246163686       0.9610909558832645
     656.4805870580387364       1.0521497800946236
     656.4807871914609905       0.9259467497467995
     656.4809873248832446       1.0742618963122368
     656.4811874583054987       0.9366307705640793
     656.4813875917278665       1.0129798194393516
     656.4815877251501206       1.1192871108651161
     656.4817878585723747       1.0441136322915554
     656.4819879919946288       0.9325139299035072
     656.4821881254169966       0.9800142887979746
     656.4823882588392507       0.9441485330462456
     656.4825883922615049       1.0090021705254912
     656.4827885256837590       1.0365315005183220
     656.4829886591061268       0.9657970480620861
     656.4831887925283809       0.9836298450827599
     656.4833889259506350       0.9951945589855313
     656.4835890593728891       0.9840627945959568
     656.4837891927951432       1.0973642170429230
     656.4839893262175110       1.0601287297904491
     656.4841894596397651       0.8885478600859642
     656.4843895930620192       0.9487279690802097
     656.4845897264842733       0.9400359578430653
     656.4847898599066411       0.9482731632888317
     656.4849899933288953       0.9315024092793465
     656.4851901267511494       1.0058213039301336
     656.4853902601734035       1.0098597211763263
     656.4855903935957713       1.0181648712605238
     656.4857905270180254       1.0560469031333923
     656.4859906604402795       1.0241737123578787
     656.4861907938625336       0.9690631087869406
     656.4863909272849014       1.0981310158967972
     656.4865910607071555       0.9724655915051699
     656.4867911941294096       1.0771762281656265
     656.4869913275516637       1.0669376477599144
     656.4871914609740315       0.9207332208752632
     656.4873915943962857       1.0222074072808027
     656.4875917278185398       1.0511012077331543
     656.4877918612407939       0.9967958175111562
     656.4879919946631617       0.9800792057067156
     656.4881921280854158       0.9648938402533531
     656.4883922615076699       1.0029696251731366
     656.4885923949299240       0.9641793109476566
     656.4887925283522918       0.9541024453938007
     656.4889926617745459       1.0266308672726154
     656.4891927951968000       0.9451154060661793
     656.4893929286190541       0.9765826165676117
     656.4895930620413083       1.0022600328084081
     656.4897931954636761       0.9327041283249855
     656.4899933288859302       0.9217562451958656
     656.4901934623081843       1.0226171649992466
     656.4903935957304384       0.9326018765568733
     656.4905937291528062       0.9457351751625538
     656.4907938625750603       0.9228447377681732
     656.4909939959973144       0.9676727950572968
     656.4911941294195685       0.9619305543601513
     656.4913942628419363       1.0625897124409676
     656.4915943962641904       0.9734959714114666
     656.4917945296864445       1.0338313095271587
     656.4919946631086987       0.9873182773590088
     656.4921947965310665       1.0985347554087639
     656.4923949299533206       1.0180258974432945
     656.4925950633755747       1.0783656463027000
     656.4927951967978288       1.0502725727856159
     656.4929953302201966       1.0025118447374552
     656.4931954636424507       0.9679005928337574
     656.4933955970647048       1.0558016672730446
     656.4935957304869589       0.9674389250576496
     656.4937958639093267       1.0459115616977215
     656.4939959973315808       0.9654759131371975
     656.4941961307538350       1.0497010275721550
     656.4943962641760891       1.0499082766473293
     656.4945963975983432       1.0320887565612793
     656.4947965310207110       0.9303712248802185
     656.4949966644429651       0.8878665938973427
     656.4951967978652192       1.0453908257186413
     656.4953969312874733       0.9486678466200829
     656.4955970647098411       1.0101389931514859
     656.4957971981320952       1.0036998495925218
     656.4959973315543493       0.9319012835621834
     656.4961974649766034       0.9881492415443063
     656.4963975983989712       0.9468368589878082
     656.4965977318212254       1.0467878840863705
     656.4967978652434795       0.9545372352004051
     656.4969979986657336       0.9483566023409367
     656.4971981320881014       0.9949996648356318
     656.4973982655103555       0.9602208472788334
     656.4975983989326096       0.9166074767708778
     656.4977985323548637       1.0953623056411743
     656.4979986657772315       0.9303205385804176
     656.4981987991994856       0.9979483215138316
     656.4983989326217397       1.0569482408463955
     656.4985990660439938       0.9987679048208520
     656.4987991994663616       1.0762934014201164
     656.4989993328886158       0.9437436275184155
     656.4991994663108699       0.9456842243671417
     656.4993995997331240       0.9263933971524239
     656.4995997331554918       0.9615705981850624
     656.4997998665777459       0.9609347172081470
     656.5000000000000000       1.0155152752995491
