     656.2000000000000455       0.9878956768661737
     656.2002001334222996       1.0111485896632075
     656.2004002668445537       0.9617322012782097
     656.2006004002669215       1.0116769485175610
     656.2008005336891756       1.0850142762064934
     656.2010006671114297       0.9873459171503782
     656.2012008005336838       1.0748143196105957
     656.2014009339560516       0.9576071314513683
     656.2016010673783057       0.9232596829533577
     656.2018012008005599       0.9143732264637947
     656.2020013342228140       0.9688077419996262
     656.2022014676451818       0.9910019049420953
     656.2024016010674359       1.0997504070401192
     656.2026017344896900       0.9521350413560867
     656.2028018679119441       0.9800527989864349
     656.2030020013343119       0.9932624255307019
     656.2032021347565660       1.1144581809639931
     656.2034022681788201       0.9990887539461255
     656.2036024016010742       0.9844646202400327
     656.2038025350234420       0.9216166809201241
     656.2040026684456961       1.0403315424919128
     656.2042028018679503       1.0423125103116035
     656.2044029352902044       0.9864545473828912
     656.2046030687125722       1.0106777809560299
     656.2048032021348263       1.0096935098990798
     656.2050033355570804       0.9247583225369453
     656.2052034689793345       0.9379886277019978
     656.2054036024017023       0.9584335498511791
     656.2056037358239564       1.0070898928679526
     656.2058038692462105       0.9424471966922283
     656.2060040026684646       1.0562417283654213
     656.2062041360907187       0.9921211116015911
     656.2064042695130865       1.0251493211835623
     656.2066044029353407       1.0431931540369987
     656.2068045363575948       1.0080799767747521
     656.2070046697798489       1.0117189651355147
     656.2072048032022167       1.0043520531617105
     656.2074049366244708       0.9290781542658806
     656.2076050700467249       0.9320241883397102
     656.2078052034689790       0.9875349123030901
     656.2080053368913468       0.9528217278420925
     656.2082054703136009       0.9440724141895771
     656.2084056037358550       0.9816154856234789
     656.2086057371581092       1.0248068906366825
     656.2088058705804769       1.0005346160614863
     656.2090060040027311       1.0522147677838802
     656.2092061374249852       1.0397203750908375
     656.2094062708472393       1.0637628883123398
     656.2096064042696071       0.9789816234260798
     656.2098065376918612       0.8935893774032593
     656.2100066711141153       0.9247569814324379
     656.2102068045363694       1.0235578604042530
     656.2104069379587372       1.1319748759269714
     656.2106070713809913       0.9443572685122490
     656.2108072048032454       1.0095698116347194
     656.2110073382254996       0.9771479852497578
     656.2112074716477537       0.9635540693998337
     656.2114076050701215       0.9849110078066587
     656.2116077384923756       1.0989264845848083
     656.2118078719146297       1.0390713177621365
     656.2120080053368838       1.0292692631483078
     656.2122081387592516       1.0981466844677925
     656.2124082721815057       1.0144234513863921
     656.2126084056037598       1.0217314865440130
     656.2128085390260139       1.0430528111755848
     656.2130086724483817       1.0018502526218072
     656.2132088058706358       1.0624119937419891
     656.2134089392928900       1.0224083494395018
     656.2136090727151441       1.0177327990531921
     656.2138092061375119       0.9837596602737904
     656.2140093395597660       1.0560637824237347
     656.2142094729820201       0.9379852116107941
     656.2144096064042742       0.9508862346410751
     656.2146097398266420       1.0706306472420692
     656.2148098732488961       1.0754898115992546
     656.2150100066711502       1.0488811284303665
     656.2152101400934043       0.9932660176418722
     656.2154102735157721       1.0524314939975739
     656.2156104069380262       0.9497851170599461
     656.2158105403602804       1.0542354173958302
     656.2160106737825345       1.0408627390861511
     656.2162108072049023       0.9435155615210533
     656.2164109406271564       1.0270312037318945
     656.2166110740494105       0.9884890355169773
     656.2168112074716646       1.0465815141797066
     656.2170113408939187       1.0331527218222618
     656.2172114743162865       0.9311771467328072
     656.2174116077385406       0.9759439919143915
     656.2176117411607947       0.9642790183424950
     656.2178118745830488       1.0311522912234068
     656.2180120080054166       0.9970364787150174
     656.2182121414276708       0.9799829535186291
     656.2184122748499249       1.0307477768510580
     656.2186124082721790       0.9031632468104362
     656.2188125416945468       1.0002378253120696
     656.2190126751168009       1.0296190436929464
     656.2192128085390550       0.9656779803335667
     656.2194129419613091       0.9135470241308212
     656.2196130753836769       1.0668272674083710
     656.2198132088059310       1.0862114951014519
     656.2200133422281851       1.0004197111411486
     656.2202134756504392       0.9900185400620103
     656.2204136090728070       0.9707511216402054
     656.2206137424950612       0.9539510197937489
     656.2208138759173153       1.0826392248272896
     656.2210140093395694       0.9707573745399714
     656.2212141427619372       0.9763701260089874
     656.2214142761841913       1.0240279696881771
     656.2216144096064454       0.9670252390205860
     656.2218145430286995       1.0021026248577982
     656.2220146764509536       1.0211229007691145
     656.2222148098733214       0.9396814294159412
     656.2224149432955755       1.0215457268059254
     656.2226150767178297       0.9761605188250542
     656.2228152101400838       1.0620173104107380
     656.2230153435624516       0.9502937383949757
     656.2232154769847057       0.9791422728449106
     656.2234156104069598       0.9954430055804551
     656.2236157438292139       0.8593257665634155
     656.2238158772515817       0.9645552523434162
     656.2240160106738358       0.9862175760790706
     656.2242161440960899       0.9675510562956333
     656.2244162775183440       0.9620521180331707
     656.2246164109407118       1.1052394285798073
     656.2248165443629659       1.0172236468642950
     656.2250166777852201       1.0260008629411459
     656.2252168112074742       0.9683126285672188
     656.2254169446298420       1.0823786482214928
     656.2256170780520961       1.0660447999835014
     656.2258172114743502       1.0082714427262545
     656.2260173448966043       1.0333987995982170
     656.2262174783189721       0.9674719683825970
     656.2264176117412262       1.1700275838375092
     656.2266177451634803       1.0075726634822786
     656.2268178785857344       0.9720238447189331
     656.2270180120081022       1.0293088685721159
     656.2272181454303563       1.1175155043601990
     656.2274182788526105       0.9825844131410122
     656.2276184122748646       1.1093958616256714
     656.2278185456971187       0.9549409151077271
     656.2280186791194865       0.9937379821203649
     656.2282188125417406       1.0843301042914391
     656.2284189459639947       1.0230811294168234
     656.2286190793862488       0.9817883372306824
     656.2288192128086166       0.9827223774045706
     656.2290193462308707       0.9550630785524845
     656.2292194796531248       1.0047998200170696
     656.2294196130753789       1.0180825833231211
     656.2296197464977467       1.0297254379838705
     656.2298198799200009       1.0035995226353407
     656.2300200133422550       0.9172262921929359
     656.2302201467645091       1.0066768527030945
     656.2304202801868769       0.9627106077969074
     656.2306204136091310       1.0057405163533986
     656.2308205470313851       1.0135886101052165
     656.2310206804536392       0.9554544687271118
     656.2312208138760070       0.9153225198388100
     656.2314209472982611       0.9410353600978851
     656.2316210807205152       1.0097290202975273
     656.2318212141427693       1.0129312546923757
     656.2320213475651371       1.0502319000661373
     656.2322214809873913       1.0451594628393650
     656.2324216144096454       0.9895653584972024
     656.2326217478318995       0.9977282795589417
     656.2328218812541536       1.0779812261462212
     656.2330220146765214       0.9592866338789463
     656.2332221480987755       1.0264653544872999
     656.2334222815210296       1.0125854304060340
     656.2336224149432837       0.9759605731815100
     656.2338225483656515       0.9184084758162498
     656.2340226817879056       0.9633230678737164
     656.2342228152101598       1.0982426330447197
     656.2344229486324139       0.9315712004899979
     656.2346230820547817       1.0724766477942467
     656.2348232154770358       1.0320395119488239
     656.2350233488992899       1.0571290850639343
     656.2352234823215440       1.0672716423869133
     656.2354236157439118       1.0222966037690639
     656.2356237491661659       1.0239064693450928
     656.2358238825884200       1.0514168143272400
     656.2360240160106741       0.9986301372991875
     656.2362241494330419       1.0022556069307029
     656.2364242828552960       1.0097804209217429
     656.2366244162775502       0.9719443973153830
     656.2368245496998043       1.0166826695203781
     656.2370246831221721       1.0327140577137470
     656.2372248165444262       0.9997878442081856
     656.2374249499666803       0.9233791679143906
     656.2376250833889344       0.9876940511167049
     656.2378252168113022       0.9694698415696621
     656.2380253502335563       0.9130156710743904
     656.2382254836558104       1.0100025637075305
     656.2384256170780645       1.0645655617117882
     656.2386257505003186       0.9517382308840752
     656.2388258839226864       1.0394756346940994
     656.2390260173449406       1.0281915348023176
     656.2392261507671947       0.9248013943433762
     656.2394262841894488       1.0170981045812368
     656.2396264176118166       0.9766453877091408
     656.2398265510340707       0.9958414537832141
     656.2400266844563248       1.0122018987312913
     656.2402268178785789       1.0177469644695520
     656.2404269513009467       0.9303648769855499
     656.2406270847232008       0.9668812789022923
     656.2408272181454549       0.9612878970801830
     656.2410273515677090       1.0315135642886162
     656.2412274849900768       1.0254201591014862
     656.2414276184123310       1.0244553312659264
     656.2416277518345851       1.0817763283848763
     656.2418278852568392       1.0048999632708728
     656.2420280186792070       1.0193723049014807
     656.2422281521014611       1.0209604464471340
     656.2424282855237152       0.9636871293187141
     656.2426284189459693       1.0104323858395219
     656.2428285523683371       0.9780197385698557
     656.2430286857905912       0.9972972532268614
     656.2432288192128453       1.0072664017789066
     656.2434289526350994       0.9894366459921002
     656.2436290860574672       1.0812985002994537
     656.2438292194797214       1.0229235980659723
     656.2440293529019755       0.9538543522357941
     656.2442294863242296       1.0855625197291374
     656.2444296197464837       1.0246432926505804
     656.2446297531688515       0.9614136517047882
     656.2448298865911056       0.9702549669891596
     656.2450300200133597       0.9796244986355305
     656.2452301534356138       0.9773372672498226
     656.2454302868579816       1.0252737998962402
     656.2456304202802357       0.9450831711292267
     656.2458305537024899       0.9471202120184898
     656.2460306871247440       0.9838098008185625
     656.2462308205471118       1.0208626091480255
     656.2464309539693659       0.9429628252983093
     656.2466310873916200       1.0492724925279617
     656.2468312208138741       1.0152425011619925
     656.2470313542362419       0.9851543931290507
     656.2472314876584960       0.9610985331237316
     656.2474316210807501       1.0179286878556013
     656.2476317545030042       1.0394432432949543
     656.2478318879253720       0.9901555413380265
     656.2480320213476261       0.9730874001979828
     656.2482321547698803       0.9386697039008141
     656.2484322881921344       1.0385684855282307
     656.2486324216145022       0.9593032076954842
     656.2488325550367563       0.9846739517524838
     656.2490326884590104       0.9265183135867119
     656.2492328218812645       0.9824848268181086
     656.2494329553035186       1.0312546491622925
     656.2496330887258864       1.0457197465002537
     656.2498332221481405       0.9860998811200261
     656.2500333555703946       0.9472286887466908
     656.2502334889926487       0.9945255410857499
     656.2504336224150165       1.0898047164082527
     656.2506337558372707       0.9586520679295063
     656.2508338892595248       1.0182330515235662
     656.2510340226817789       0.9503209814429283
     656.2512341561041467       0.8317999988794327
     656.2514342895264008       0.9624319002032280
     656.2516344229486549       0.9087423160672188
     656.2518345563709090       0.9491807557642460
     656.2520346897932768       1.0232973899692297
     656.2522348232155309       0.9973613508045673
     656.2524349566377850       1.1185513138771057
     656.2526350900600391       0.9969155290164053
     656.2528352234824069       0.9899096284061670
     656.2530353569046611       1.0566521957516670
     656.2532354903269152       0.9354041069746017
     656.2534356237491693       0.9669533185660839
     656.2536357571715371       0.9826324936002493
     656.2538358905937912       1.0183165390044451
     656.2540360240160453       0.9254170358181000
     656.2542361574382994       1.0448425374925137
     656.2544362908606672       1.0520428903400898
     656.2546364242829213       0.9953222973272204
     656.2548365577051754       0.9501641951501369
     656.2550366911274295       1.0178418159484863
     656.2552368245496837       1.0303990300744772
     656.2554369579720515       0.9034246355295181
     656.2556370913943056       0.9658256657421589
     656.2558372248165597       1.0243722256273031
     656.2560373582388138       1.0267226081341505
     656.2562374916611816       1.0593515411019325
     656.2564376250834357       0.9731022026389837
     656.2566377585056898       0.9113281220197678
     656.2568378919279439       1.0320213697850704
     656.2570380253503117       1.0236647259443998
     656.2572381587725658       1.0158969163894653
     656.2574382921948200       1.0433947965502739
     656.2576384256170741       1.0639462098479271
     656.2578385590394419       1.0576028414070606
     656.2580386924616960       0.9840481001883745
     656.2582388258839501       1.0641969442367554
     656.2584389593062042       0.9896278670057654
     656.2586390927285720       1.0769676044583321
     656.2588392261508261       0.9705700539052486
     656.2590393595730802       0.9324703514575958
     656.2592394929953343       1.0103100519627333
     656.2594396264177021       0.9890552628785372
     656.2596397598399562       0.9702099654823542
     656.2598398932622104       0.9673866331577301
     656.2600400266844645       1.0085899606347084
     656.2602401601067186       1.0398659333586693
     656.2604402935290864       0.9838186558336020
     656.2606404269513405       0.9784854799509048
     656.2608405603735946       1.0046334136277437
     656.2610406937958487       1.0103651946410537
     656.2612408272182165       1.0281350649893284
     656.2614409606404706       1.0149660259485245
     656.2616410940627247       0.9945999267511070
     656.2618412274849788       1.0648149102926254
     656.2620413609073466       0.9309948608279228
     656.2622414943296008       0.9299643710255623
     656.2624416277518549       0.9599883854389191
     656.2626417611741090       1.0228744540363550
     656.2628418945964768       1.0496247373521328
     656.2630420280187309       1.1017804741859436
     656.2632421614409850       0.9652117341756821
     656.2634422948632391       1.0632357075810432
     656.2636424282856069       0.9900338882580400
     656.2638425617078610       0.9582337327301502
     656.2640426951301151       0.9508357495069504
     656.2642428285523692       0.9835553243756294
     656.2644429619747370       0.9019146263599396
     656.2646430953969912       0.9806148093193769
     656.2648432288192453       1.0289381779730320
     656.2650433622414994       1.0187797006219625
     656.2652434956638672       0.9525347054004669
     656.2654436290861213       1.0419161990284920
     656.2656437625083754       1.0046837828122079
     656.2658438959306295       1.0590471997857094
     656.2660440293528836       0.9322771877050400
     656.2662441627752514       0.9404929801821709
     656.2664442961975055       0.9595565535128117
     656.2666444296197596       1.0544888749718666
     656.2668445630420138       1.0739013925194740
     656.2670446964643816       1.0184159763157368
     656.2672448298866357       0.9437007643282413
     656.2674449633088898       1.0814478024840355
     656.2676450967311439       0.9997017975256313
     656.2678452301535117       1.0511454753577709
     656.2680453635757658       0.9813266117125750
     656.2682454969980199       0.9467746242880821
     656.2684456304202740       0.9499812908470631
     656.2686457638426418       1.0292305890470743
     656.2688458972648959       0.9787663612514734
     656.2690460306871501       1.0798639580607414
     656.2692461641094042       1.0051832171157002
     656.2694462975317720       0.9108670428395271
     656.2696464309540261       0.9972492754459381
     656.2698465643762802       0.9541765935719013
     656.2700466977985343       0.9833903033286333
     656.2702468312209021       1.0179954525083303
     656.2704469646431562       1.0329281985759735
     656.2706470980654103       1.0160116665065289
     656.2708472314876644       1.0242387261241674
     656.2710473649099185       0.9913537567481399
     656.2712474983322863       1.0113201690837741
     656.2714476317545405       1.0714353546500206
     656.2716477651767946       1.0991531908512115
     656.2718478985990487       0.9924776866100729
     656.2720480320214165       0.9858097517862916
     656.2722481654436706       0.9385633282363415
     656.2724482988659247       0.9981989773223177
     656.2726484322881788       1.1258679777383804
     656.2728485657105466       1.0200289152562618
     656.2730486991328007       1.0735181719064713
     656.2732488325550548       0.8906177133321762
     656.2734489659773089       0.9889116985723376
     656.2736490993996767       0.9572627581655979
     656.2738492328219309       1.0079075163230300
     656.2740493662441850       0.9660647921264172
     656.2742494996664391       1.0181360747665167
     656.2744496330888069       0.9184875562787056
     656.2746497665110610       0.9648031853139400
     656.2748498999333151       0.9803955052047968
     656.2750500333555692       1.0641583502292633
     656.2752501667779370       0.9602052420377731
     656.2754503002001911       1.0330408029258251
     656.2756504336224452       1.0131291896104813
     656.2758505670446993       0.9802702292799950
     656.2760507004670671       1.0436785817146301
     656.2762508338893213       1.0053402092307806
     656.2764509673115754       0.9934090450406075
     656.2766511007338295       0.9368224665522575
     656.2768512341560836       0.9582762010395527
     656.2770513675784514       1.0168306566774845
     656.2772515010007055       1.0414605736732483
     656.2774516344229596       0.9971937208902091
     656.2776517678452137       1.0789827331900597
     656.2778519012675815       1.0034851455129683
     656.2780520346898356       1.0639527961611748
     656.2782521681120897       1.0112310899421573
     656.2784523015343439       0.9296010732650757
     656.2786524349567117       0.9482701644301414
     656.2788525683789658       1.0278724636882544
     656.2790527018012199       0.9968147960025817
     656.2792528352234740       1.0217820256948471
     656.2794529686458418       0.9933911552652717
     656.2796531020680959       0.9433528706431389
     656.2798532354903500       1.0790522620081902
     656.2800533689126041       1.0192952863872051
     656.2802535023349719       1.0193403698503971
     656.2804536357572260       0.9720970708876848
     656.2806537691794802       1.0199733525514603
     656.2808539026017343       0.9944142061285675
     656.2810540360241021       1.0679192692041397
     656.2812541694463562       0.9252949133515358
     656.2814543028686103       1.1022790223360062
     656.2816544362908644       1.0890224575996399
     656.2818545697131185       1.0047284592874348
     656.2820547031354863       1.0735301896929741
     656.2822548365577404       0.9920750549063087
     656.2824549699799945       1.0100538982078433
     656.2826551034022486       0.9838647171854973
     656.2828552368246164       0.9488357529044151
     656.2830553702468706       1.0757140666246414
     656.2832555036691247       0.9568703137338161
     656.2834556370913788       1.0410130172967911
     656.2836557705137466       1.0344205424189568
     656.2838559039360007       0.8750079870223999
     656.2840560373582548       1.0163670927286148
     656.2842561707805089       1.1094918027520180
     656.2844563042028767       1.0387915931642056
     656.2846564376251308       0.9846394592896104
     656.2848565710473849       0.9925294299609959
     656.2850567044696390       0.9821100253611803
     656.2852568378920068       0.9984161289175972
     656.2854569713142610       1.0762521326541901
     656.2856571047365151       1.0708630010485649
     656.2858572381587692       0.9957265648990870
     656.2860573715811370       0.9822547119110823
     656.2862575050033911       1.0345525108277798
     656.2864576384256452       0.9973865572828799
     656.2866577718478993       1.0496811829507351
     656.2868579052702671       0.9408566690981388
     656.2870580386925212       1.0515531785786152
     656.2872581721147753       0.9988577287876979
     656.2874583055370294       1.0138704171404243
     656.2876584389592836       0.9113715067505836
     656.2878585723816514       1.0419943146407604
     656.2880587058039055       1.0149447545409203
     656.2882588392261596       0.9428408779203892
     656.2884589726484137       0.9391210190951824
     656.2886591060707815       0.9179313257336617
     656.2888592394930356       1.0173062589019537
     656.2890593729152897       1.0634750127792358
     656.2892595063375438       0.9349144697189331
     656.2894596397599116       1.0598850212991238
     656.2896597731821657       0.9904110562056303
     656.2898599066044198       1.0689853951334953
     656.2900600400266740       1.0421415790915489
     656.2902601734490418       0.9350689947605133
     656.2904603068712959       1.0536722727119923
     656.2906604402935500       0.9174230173230171
     656.2908605737158041       0.9768928978592157
     656.2910607071381719       1.0736952796578407
     656.2912608405604260       0.9581212885677814
     656.2914609739826801       0.9813478477299213
     656.2916611074049342       1.0511651933193207
     656.2918612408273020       0.9861426604911685
     656.2920613742495561       0.9942083302885294
     656.2922615076718103       0.9932030332274735
     656.2924616410940644       0.9740521702915430
     656.2926617745164322       0.9025290086865425
     656.2928619079386863       1.0513213835656643
     656.2930620413609404       1.0765116736292839
     656.2932621747831945       0.9356796070933342
     656.2934623082054486       0.9644196033477783
     656.2936624416278164       0.9361724480986595
     656.2938625750500705       0.9681469835340977
     656.2940627084723246       0.9937883750535548
     656.2942628418945787       1.0585449710488319
     656.2944629753169465       1.0262329485267401
     656.2946631087392007       0.9889703141525388
     656.2948632421614548       1.0704142078757286
     656.2950633755837089       1.0042353430762887
     656.2952635090060767       1.0337878428399563
     656.2954636424283308       1.0303700547665358
     656.2956637758505849       0.9833632577210665
     656.2958639092728390       1.0694949328899384
     656.2960640426952068       0.9685554578900337
     656.2962641761174609       0.9430631138384342
     656.2964643095397150       0.9777799565345049
     656.2966644429619691       1.0026792564895004
     656.2968645763843369       1.0399867407977581
     656.2970647098065911       1.0784581825137138
     656.2972648432288452       0.9663245417177677
     656.2974649766510993       0.9684849157929420
     656.2976651100734671       0.8972373008728027
     656.2978652434957212       1.0649758279323578
     656.2980653769179753       0.9515907578170300
     656.2982655103402294       0.9776845965534449
     656.2984656437624835       1.0334437005221844
     656.2986657771848513       0.9915352249518037
     656.2988659106071054       0.9978849438484758
     656.2990660440293595       1.0474192164838314
     656.2992661774516137       1.0100941583514214
     656.2994663108739815       0.9691405985504389
     656.2996664442962356       0.9581260345876217
     656.2998665777184897       1.0390133038163185
     656.3000667111407438       0.9694355297833681
     656.3002668445631116       0.9377945400774479
     656.3004669779853657       0.9820088613778353
     656.3006671114076198       1.0018161771586165
     656.3008672448298739       0.9738604985177517
     656.3010673782522417       1.0182577371597290
     656.3012675116744958       1.0068694087676704
     656.3014676450967499       0.9796765409410000
     656.3016677785190041       1.0123030347749591
     656.3018679119413719       0.9478048011660576
     656.3020680453636260       0.9486996270716190
     656.3022681787858801       1.0536214821040630
     656.3024683122081342       1.0231335666030645
     656.3026684456305020       0.9823842886835337
     656.3028685790527561       0.9976439394522458
     656.3030687124750102       1.0808650553226471
     656.3032688458972643       1.0199143551290035
     656.3034689793196321       0.9761384949088097
     656.3036691127418862       1.0206804201006889
     656.3038692461641403       0.9419981129467487
     656.3040693795863945       0.9526538737118244
     656.3042695130086486       1.1133961305022240
     656.3044696464310164       0.9409308023750782
     656.3046697798532705       1.0400947146117687
     656.3048699132755246       1.0332531891763210
     656.3050700466977787       0.9168162420392036
     656.3052701801201465       1.0971694439649582
     656.3054703135424006       0.9073983728885651
     656.3056704469646547       0.8995256796479225
     656.3058705803869088       1.0648230686783791
     656.3060707138092766       1.0175991915166378
     656.3062708472315308       1.0192112214863300
     656.3064709806537849       0.9477837495505810
     656.3066711140760390       0.9805570784956217
     656.3068712474984068       0.8982555344700813
     656.3070713809206609       0.9578484296798706
     656.3072715143429150       0.9974751637782902
     656.3074716477651691       1.0465264990925789
     656.3076717811875369       1.0084517467767000
     656.3078719146097910       0.9381677620112896
     656.3080720480320451       0.9925531246699393
     656.3082721814542992       0.9437552914023399
     656.3084723148766670       1.0578656084835529
     656.3086724482989212       1.0145788965746760
     656.3088725817211753       0.9811678119003773
     656.3090727151434294       1.0627766102552414
     656.3092728485656835       1.0082247620448470
     656.3094729819880513       0.9871886922046542
     656.3096731154103054       0.9615586176514626
     656.3098732488325595       0.9659379310905933
     656.3100733822548136       1.0353114716708660
     656.3102735156771814       1.0738095641136169
     656.3104736490994355       0.9723096042871475
     656.3106737825216896       1.0463971570134163
     656.3108739159439438       0.8958485201001167
     656.3110740493663116       1.0108285574242473
     656.3112741827885657       0.9060059711337090
     656.3114743162108198       0.9190857633948326
     656.3116744496330739       0.9266946464776993
     656.3118745830554417       1.0151738738641143
     656.3120747164776958       0.9733468107879162
     656.3122748498999499       1.0012710019946098
     656.3124749833222040       1.0167360249906778
     656.3126751167445718       0.9466388635337353
     656.3128752501668259       1.1188558936119080
     656.3130753835890800       0.9419129230082035
     656.3132755170113342       1.0680996030569077
     656.3134756504337020       1.0023212430533022
     656.3136757838559561       0.9733266830444336
     656.3138759172782102       1.0116607900708914
     656.3140760507004643       0.9881993215531111
     656.3142761841228321       1.0141628971323371
     656.3144763175450862       1.0915400832891464
     656.3146764509673403       1.0292211808264256
     656.3148765843895944       1.0080342013388872
     656.3150767178118485       0.9583980925381184
     656.3152768512342163       1.0409220941364765
     656.3154769846564704       0.9860673109069467
     656.3156771180787246       0.9639029689133167
     656.3158772515009787       0.9981490453938022
     656.3160773849233465       1.0255870725959539
     656.3162775183456006       1.0093132955953479
     656.3164776517678547       0.9813631474971771
     656.3166777851901088       1.0766286700963974
     656.3168779186124766       0.9841734953224659
     656.3170780520347307       0.9670598544180393
     656.3172781854569848       0.9845480397343636
     656.3174783188792389       0.9993572003440931
     656.3176784523016067       0.9910530280321836
     656.3178785857238609       1.0973879024386406
     656.3180787191461150       0.9604789353907108
     656.3182788525683691       0.9306093230843544
     656.3184789859907369       0.9265602827072144
     656.3186791194129910       0.9839564263820648
     656.3188792528352451       0.9631815217435360
     656.3190793862574992       1.0413048304617405
     656.3192795196798670       0.9023796766996384
     656.3194796531021211       0.9272455796599388
     656.3196797865243752       0.9466847404837608
     656.3198799199466293       1.0795417055487633
     656.3200800533688835       0.9777711406350136
     656.3202801867912513       0.9179161265492439
     656.3204803202135054       1.0416491888463497
     656.3206804536357595       0.9247901812195778
     656.3208805870580136       0.9900115458294749
     656.3210807204803814       0.9462583549320698
     656.3212808539026355       1.0024494640529156
     656.3214809873248896       0.9769231025129557
     656.3216811207471437       0.9964456316083670
     656.3218812541695115       0.9560494311153889
     656.3220813875917656       0.9494211971759796
     656.3222815210140197       0.9373483359813690
     656.3224816544362739       0.9653607048094273
     656.3226817878586417       1.0775833874940872
     656.3228819212808958       0.9661567993462086
     656.3230820547031499       1.0151796042919159
     656.3232821881254040       0.9438667930662632
     656.3234823215477718       0.9983461248921230
     656.3236824549700259       0.9919138457626104
     656.3238825883922800       1.0072596198879182
     656.3240827218145341       1.0513978786766529
     656.3242828552369019       0.9570397920906544
     656.3244829886591560       1.0692460164427757
     656.3246831220814101       1.0257823262363672
     656.3248832555036643       1.0329223833978176
     656.3250833889260321       1.0395023599267006
     656.3252835223482862       0.8801707252860069
     656.3254836557705403       0.9950831970199943
     656.3256837891927944       1.0683200433850288
     656.3258839226150485       0.9923861040733755
     656.3260840560374163       1.0445404164493084
     656.3262841894596704       1.0113414088264108
     656.3264843228819245       0.9912191471084952
     656.3266844563041786       0.9736032336950302
     656.3268845897265464       1.0217339880764484
     656.3270847231488005       1.1052711233496666
     656.3272848565710547       1.0078399870544672
     656.3274849899933088       1.0698247477412224
     656.3276851234156766       0.9044253379106522
     656.3278852568379307       0.9141639620065689
     656.3280853902601848       1.0209458079189062
     656.3282855236824389       1.0326175726950169
     656.3284856571048067       1.0849218815565109
     656.3286857905270608       1.0914799496531487
     656.3288859239493149       0.9038480892777443
     656.3290860573715690       1.0986807271838188
     656.3292861907939368       1.0485169403254986
     656.3294863242161910       1.0441281422972679
     656.3296864576384451       0.9831687025725842
     656.3298865910606992       1.0626609921455383
     656.3300867244830670       1.0436574220657349
     656.3302868579053211       1.0036070328205824
     656.3304869913275752       1.0254102293401957
     656.3306871247498293       0.9808893129229546
     656.3308872581721971       0.9686727114021778
     656.3310873915944512       1.1379166096448898
     656.3312875250167053       0.9033127203583717
     656.3314876584389594       0.9083778336644173
     656.3316877918612136       0.9845037786290050
     656.3318879252835814       0.9843008164316416
     656.3320880587058355       1.0419425293803215
     656.3322881921280896       1.0079384353011847
     656.3324883255503437       1.0379343777894974
     656.3326884589727115       1.0233201608061790
     656.3328885923949656       0.9663200192153454
     656.3330887258172197       1.0398506373167038
     656.3332888592394738       0.9739292170852423
     656.3334889926618416       1.0006046746275388
     656.3336891260840957       0.9893357092514634
     656.3338892595063498       0.9770378861576319
     656.3340893929286040       1.0590290427207947
     656.3342895263509718       1.0413922667503357
     656.3344896597732259       0.9763297103345394
     656.3346897931954800       1.0430662631988525
     656.3348899266177341       1.0081406226381660
     656.3350900600401019       0.8949881196022034
     656.3352901934623560       0.9261975139379501
     656.3354903268846101       1.0510746799409389
     656.3356904603068642       0.9718138538300991
     656.3358905937292320       0.9804723132401705
     656.3360907271514861       0.9591195471584797
     656.3362908605737402       0.9602671526372433
     656.3364909939959944       0.9386966228485107
     656.3366911274182485       1.0311693232506514
     656.3368912608406163       1.0985018163919449
     656.3370913942628704       1.0583105571568012
     656.3372915276851245       1.0624491535127163
     656.3374916611073786       0.9848195658996699
     656.3376917945297464       0.9265124574303624
     656.3378919279520005       1.0120145240798588
     656.3380920613742546       1.0915855094790452
     656.3382921947965087       0.9620836116373529
     656.3384923282188765       1.0012811169726761
     656.3386924616411306       0.9257108941674211
     656.3388925950633848       0.9066680371761290
     656.3390927284856389       0.9652440585195970
     656.3392928619080067       1.0084105497226048
     656.3394929953302608       0.9831702820956602
     656.3396931287525149       1.0035602953284823
     656.3398932621747690       0.9190725162625083
     656.3400933955971368       1.0316888652741572
     656.3402935290193909       1.0226277299224837
     656.3404936624416450       0.9700053632258646
     656.3406937958638991       0.9763392806052108
     656.3408939292862669       0.9629064351318734
     656.3410940627085211       0.9574635140595594
     656.3412941961307752       0.9710697140541431
     656.3414943295530293       0.9969265586691912
     656.3416944629753971       0.9943158458911631
     656.3418945963976512       0.9747123979022408
     656.3420947298199053       1.0016925003132950
     656.3422948632421594       1.0254010762999588
     656.3424949966644135       0.9538684152038563
     656.3426951300867813       0.9438655711670416
     656.3428952635090354       1.0250835213753393
     656.3430953969312895       0.9993286128075475
     656.3432955303535437       1.0281543340420436
     656.3434956637759115       1.0653099715549788
     656.3436957971981656       1.0076241902782397
     656.3438959306204197       0.9747576210333037
     656.3440960640426738       0.9881808207861648
     656.3442961974650416       0.9714187289905947
     656.3444963308872957       1.0913685261349890
     656.3446964643095498       1.0142315727406011
     656.3448965977318039       0.9468383414895093
     656.3450967311541717       1.0470308398428869
     656.3452968645764258       1.0449004356429001
     656.3454969979986799       1.0328029427125012
     656.3456971314209341       1.0015828032006422
     656.3458972648433019       0.9457605584896448
     656.3460973982655560       1.0901744950818741
     656.3462975316878101       0.9155615329794096
     656.3464976651100642       1.0284328123900885
     656.3466977985324320       0.9613432074650687
     656.3468979319546861       1.1021287926008989
     656.3470980653769402       0.9335448990411462
     656.3472981987991943       0.9756846529046553
     656.3474983322214484       0.9893424757137103
     656.3476984656438162       0.9095900163211533
     656.3478985990660703       0.9842227091652811
     656.3480987324883245       0.9375632902103977
     656.3482988659105786       1.0200192853391241
     656.3484989993329464       1.0007266677593813
     656.3486991327552005       1.0313743460447640
     656.3488992661774546       0.8943503303057719
     656.3490993995997087       0.9219199617813787
     656.3492995330220765       1.0481857520202693
     656.3494996664443306       0.9429314964227808
     656.3496997998665847       1.0635185743137319
     656.3498999332888388       1.0401141803753498
     656.3501000667112066       0.9547788754419027
     656.3503002001334607       0.9844882909523497
     656.3505003335557149       1.0330821343826593
     656.3507004669779690       0.9992746739678012
     656.3509006004003368       1.0829780887875626
     656.3511007338225909       0.9630234695845189
     656.3513008672448450       1.0079822456975784
     656.3515010006670991       1.0172789279984447
     656.3517011340894669       1.0467807194048122
     656.3519012675117210       1.0380035307243336
     656.3521014009339751       1.0362940889783832
     656.3523015343562292       0.9620064476685506
     656.3525016677785970       1.0217602694117796
     656.3527018012008512       0.9618712783883384
     656.3529019346231053       0.9244327367451942
     656.3531020680453594       0.9470417825536741
     656.3533022014676135       0.9814812160418712
     656.3535023348899813       1.0125002762455497
     656.3537024683122354       1.0283846718842422
     656.3539026017344895       1.0002769199860397
     656.3541027351567436       0.9835760676808295
     656.3543028685791114       1.0272315776011602
     656.3545030020013655       0.9920014764217672
     656.3547031354236196       1.0976118809859634
     656.3549032688458738       1.0718024702185562
     656.3551034022682416       0.9251867264345043
     656.3553035356904957       0.9279084689175804
     656.3555036691127498       0.9716188356975821
     656.3557038025350039       0.9590452284546606
     656.3559039359573717       1.0235220032078325
     656.3561040693796258       1.0452136951067874
     656.3563042028018799       0.9452379171016956
     656.3565043362241340       1.0576278703857434
     656.3567044696465018       1.0468177707398567
     656.3569046030687559       0.9735865143281773
     656.3571047364910100       0.9697852618430111
     656.3573048699132642       1.0272603108516352
     656.3575050033356320       0.9193983192906613
     656.3577051367578861       0.9572024650047075
     656.3579052701801402       1.0379595901099326
     656.3581054036023943       1.0641974553106299
     656.3583055370246484       1.0307555820732794
     656.3585056704470162       0.9659834841078496
     656.3587058038692703       0.9049486507985137
     656.3589059372915244       1.0309916081001806
     656.3591060707137785       1.0046148763474818
     656.3593062041361463       0.9193989873752613
     656.3595063375584004       1.1016236664780066
     656.3597064709806546       1.0368776850624055
     656.3599066044029087       0.9716868545543984
     656.3601067378252765       1.0158030540326526
     656.3603068712475306       1.0022298829253877
     656.3605070046697847       1.1211671214281509
     656.3607071380920388       0.9252723279874729
     656.3609072715144066       0.9056475236465341
     656.3611074049366607       0.9841365620208365
     656.3613075383589148       1.0603837134434324
     656.3615076717811689       0.9829749862275559
     656.3617078052035367       0.9842884896706570
     656.3619079386257908       1.0262254455701192
     656.3621080720480450       1.0104447901898732
     656.3623082054702991       0.9414309967827020
     656.3625083388926669       0.8619771529587735
     656.3627084723149210       1.0479049009872785
     656.3629086057371751       0.9186169801354683
     656.3631087391594292       0.9994008082685061
     656.3633088725817970       0.9331549734590385
     656.3635090060040511       0.9547725067218930
     656.3637091394263052       0.9568546256040962
     656.3639092728485593       0.9655154928117267
     656.3641094062708135       0.9717892726092578
     656.3643095396931813       0.9671527018764504
     656.3645096731154354       0.9208983092522218
     656.3647098065376895       0.8643757052604384
     656.3649099399599436       0.9357749246481459
     656.3651100733823114       0.7992844343363356
     656.3653102068045655       0.8869666624833095
     656.3655103402268196       0.9527675739202385
     656.3657104736490737       0.9085268909230163
     656.3659106070714415       1.0116273663767947
     656.3661107404936956       0.9797558983968384
     656.3663108739159497       0.7648684269282353
     656.3665110073382039       0.9024479630979254
     656.3667111407605717       0.9123443417984973
     656.3669112741828258       0.8786808317761584
     656.3671114076050799       0.8801280397346321
     656.3673115410273340       0.8616911883499555
     656.3675116744497018       0.8651104225125603
     656.3677118078719559       0.8937780163640722
     656.3679119412942100       0.7527504876282156
     656.3681120747164641       0.9002804354826170
     656.3683122081388319       0.8905320296773129
     656.3685123415610860       0.8423685436830085
     656.3687124749833401       0.8584802440530334
     656.3689126084055943       0.7528491601107685
     656.3691127418278484       0.8046005412945751
     656.3693128752502162       0.7889138081892278
     656.3695130086724703       0.8014391750039054
     656.3697131420947244       0.8075618089429487
     656.3699132755169785       0.8073101656337841
     656.3701134089393463       0.7690738400172723
     656.3703135423616004       0.8780432803780338
     656.3705136757838545       0.8124470260622508
     656.3707138092061086       0.9417436738864429
     656.3709139426284764       0.8012061587412962
     656.3711140760507305       0.8164079220006821
     656.3713142094729847       0.8209482770671599
     656.3715143428952388       0.8319522253522799
     656.3717144763176066       0.8387371535706836
     656.3719146097398607       0.8128039146566182
     656.3721147431621148       0.7753492372847084
     656.3723148765843689       0.7765804155547947
     656.3725150100067367       0.7368007187277112
     656.3727151434289908       0.8611124703256384
     656.3729152768512449       0.9153061379275218
     656.3731154102734990       0.8345024377832948
     656.3733155436958668       0.8359237862288433
     656.3735156771181209       0.8191985029779368
     656.3737158105403751       0.8802211623183297
     656.3739159439626292       0.8472599866205952
     656.3741160773849970       0.7954611905207170
     656.3743162108072511       0.8104381188483042
     656.3745163442295052       0.9233246735194246
     656.3747164776517593       0.8136488427019176
     656.3749166110740134       0.8737490461156471
     656.3751167444963812       0.8972053227735449
     656.3753168779186353       0.8598085812494545
     656.3755170113408894       0.9305493655215704
     656.3757171447631436       0.8363027220816014
     656.3759172781855113       0.9136770880366305
     656.3761174116077655       1.0357211107903801
     656.3763175450300196       0.8480324998268413
     656.3765176784522737       0.9946994742556651
     656.3767178118746415       0.9384113029314682
     656.3769179452968956       0.9936781003001389
     656.3771180787191497       0.8608875642490226
     656.3773182121414038       1.0075626324227764
     656.3775183455637716       0.9453287807849841
     656.3777184789860257       0.9912812244860086
     656.3779186124082798       0.9727777008932457
     656.3781187458305340       0.9681802668049837
     656.3783188792529018       0.9148820751057083
     656.3785190126751559       0.9041427033277728
     656.3787191460974100       0.9424418439569118
     656.3789192795196641       1.0239972116184608
     656.3791194129420319       0.9985485823768570
     656.3793195463642860       0.9478491220693952
     656.3795196797865401       1.0558578301937860
     656.3797198132087942       0.9746270987689485
     656.3799199466311620       0.9239173922106205
     656.3801200800534161       1.0160710945810503
     656.3803202134756702       0.9708480735743672
     656.3805203468979244       1.0156350858088912
     656.3807204803201785       1.0053633507662842
     656.3809206137425463       0.9217971426665232
     656.3811207471648004       0.9858691039896387
     656.3813208805870545       0.9269909086568223
     656.3815210140093086       0.9967021324067061
     656.3817211474316764       1.0270329315550244
     656.3819212808539305       1.0356713016292058
     656.3821214142761846       0.8777309420215703
     656.3823215476984387       1.0238616876843782
     656.3825216811208065       1.0688277716588011
     656.3827218145430606       0.9610589433699789
     656.3829219479653148       0.9389331162467257
     656.3831220813875689       0.8795547407207648
     656.3833222148099367       1.0407091254439662
     656.3835223482321908       0.9967690882538455
     656.3837224816544449       1.1002393035346922
     656.3839226150766990       1.0198445362787298
     656.3841227484990668       0.9761415075056418
     656.3843228819213209       0.9955792854635896
     656.3845230153435750       0.9689908426711673
     656.3847231487658291       0.9048498891603133
     656.3849232821881969       0.9627215175684629
     656.3851234156104510       1.0228404798763762
     656.3853235490327052       1.0136134245002981
     656.3855236824549593       1.0112595997287341
     656.3857238158772134       0.9990039690260123
     656.3859239492995812       0.9585403651491519
     656.3861240827218353       0.9823920605354213
     656.3863242161440894       0.9863003181770188
     656.3865243495663435       0.9118137860164189
     656.3867244829887113       0.9582399519346226
     656.3869246164109654       0.9715683752824904
     656.3871247498332195       1.0133515949409797
     656.3873248832554737       1.0383338315809372
     656.3875250166778414       0.9834383108639670
     656.3877251501000956       0.9397953726551566
     656.3879252835223497       0.9969865792116246
     656.3881254169446038       0.9659966035813051
     656.3883255503669716       1.0961122900815619
     656.3885256837892257       1.0024795077157980
     656.3887258172114798       1.0117676367397843
     656.3889259506337339       1.0267977986578254
     656.3891260840561017       0.9053190787161635
     656.3893262174783558       0.9794077153892690
     656.3895263509006099       1.0264572401187140
     656.3897264843228641       1.0684285900681227
     656.3899266177452319       1.0960266114836172
     656.3901267511674860       1.0238059561447863
     656.3903268845897401       1.0081579870832713
     656.3905270180119942       0.9553904228477054
     656.3907271514343620       0.9491294602067825
     656.3909272848566161       0.9707685183328773
     656.3911274182788702       0.9072801255857860
     656.3913275517011243       1.0604398029883488
     656.3915276851233784       1.0320329949253821
     656.3917278185457462       1.0772753176948116
     656.3919279519680003       1.0020308916779381
     656.3921280853902545       0.9626698021988487
     656.3923282188125086       1.0303941033457429
     656.3925283522348764       0.9887753502717378
     656.3927284856571305       0.9933356246651586
     656.3929286190793846       0.9201474574458628
     656.3931287525016387       0.9780522050833983
     656.3933288859240065       0.9568299439826015
     656.3935290193462606       0.9733053258587008
     656.3937291527685147       0.9840318028773483
     656.3939292861907688       1.0112837997077881
     656.3941294196131366       1.0335963401359569
     656.3943295530353907       1.0167664491471582
     656.3945296864576449       1.0071017507517568
     656.3947298198798990       0.9706343584851846
     656.3949299533022668       0.9449072344434302
     656.3951300867245209       0.9022869524515906
     656.3953302201467750       1.0054828246109140
     656.3955303535690291       0.9744963599093153
     656.3957304869913969       1.0304678801871314
     656.3959306204136510       1.0334219182362303
     656.3961307538359051       1.0524193230997190
     656.3963308872581592       0.9536449422199186
     656.3965310206804133       1.0307615192494066
     656.3967311541027811       0.9775709508419902
     656.3969312875250353       1.0444228387337116
     656.3971314209472894       1.0294918696584330
     656.3973315543695435       1.1137820481720351
     656.3975316877919113       1.0498630031560976
     656.3977318212141654       0.9324530288303841
     656.3979319546364195       1.0187336541517502
     656.3981320880586736       0.9096705615381974
     656.3983322214810414       1.0227486397972811
     656.3985323549032955       1.0430632047285668
     656.3987324883255496       1.0170859079758943
     656.3989326217478038       0.9089238196576871
     656.3991327551701715       0.9994267959239856
     656.3993328885924257       0.9635225124640168
     656.3995330220146798       0.9608964174974016
     656.3997331554369339       0.9563166610888315
     656.3999332888593017       0.9391878060990781
     656.4001334222815558       0.9840221125628535
     656.4003335557038099       0.9732681959864719
     656.4005336891260640       0.9783911779520992
     656.4007338225484318       1.0202910508959175
     656.4009339559706859       0.9159584417938287
     656.4011340893929400       0.9572819210588316
     656.4013342228151942       0.9222180545329627
     656.4015343562375620       1.0538489893078518
     656.4017344896598161       1.0436104275286002
     656.4019346230820702       1.0776824876665936
     656.4021347565043243       0.9676635377108961
     656.4023348899265784       0.9671647436916768
     656.4025350233489462       1.0029184839222540
     656.4027351567712003       1.0204271487891647
     656.4029352901934544       0.9745971858501417
     656.4031354236157085       1.0277640670537935
     656.4033355570380763       1.0675107464194289
     656.4035356904603304       0.9907342772930855
     656.4037358238825846       0.9751481879502532
     656.4039359573048387       1.0188685283064840
     656.4041360907272065       1.0596128292381763
     656.4043362241494606       1.0111684622243047
     656.4045363575717147       0.9492126591503619
     656.4047364909939688       0.9927034233696759
     656.4049366244163366       1.0106431990861893
     656.4051367578385907       1.0358532518148422
     656.4053368912608448       1.0097877867519855
     656.4055370246830989       1.0162367969751358
     656.4057371581054667       0.9378116764128208
     656.4059372915277208       0.9032729715108871
     656.4061374249499750       0.9760940801352262
     656.4063375583722291       0.9711763765662909
     656.4065376917945969       1.0238993000239134
     656.4067378252168510       1.0493732206523418
     656.4069379586391051       1.0483066402375698
     656.4071380920613592       0.9571872688829899
     656.4073382254836133       0.9216646254062653
     656.4075383589059811       0.9450615756213665
     656.4077384923282352       0.9224091842770576
     656.4079386257504893       0.9823739323765039
     656.4081387591727434       0.9638474099338055
     656.4083388925951112       0.9883106751367450
     656.4085390260173654       0.9441764838993549
     656.4087391594396195       0.9992212487850338
     656.4089392928618736       0.9712874982506037
     656.4091394262842414       1.0471173338592052
     656.4093395597064955       0.9465058483183384
     656.4095396931287496       0.9717861432582140
     656.4097398265510037       1.0703280270099640
     656.4099399599733715       0.9181840494275093
     656.4101400933956256       1.0191229302436113
     656.4103402268178797       1.0231861025094986
     656.4105403602401339       1.0772530362010002
     656.4107404936625016       1.0407964512705803
     656.4109406270847558       0.9875826528295875
     656.4111407605070099       1.0157190188765526
     656.4113408939292640       0.9550647847354412
     656.4115410273516318       1.0176680143922567
     656.4117411607738859       1.0815661251544952
     656.4119412941961400       0.9753518104553223
     656.4121414276183941       0.9171310141682625
     656.4123415610407619       1.0221228469163179
     656.4125416944630160       1.0238321907818317
     656.4127418278852701       0.9705232493579388
     656.4129419613075243       0.9931570999324322
     656.4131420947297784       0.9694187343120575
     656.4133422281521462       1.0131838861852884
     656.4135423615744003       1.0003821014834102
     656.4137424949966544       0.9686707630753517
     656.4139426284189085       0.9756896458566189
     656.4141427618412763       1.0534862764179707
     656.4143428952635304       0.9635602608323097
     656.4145430286857845       1.0685155317187309
     656.4147431621080386       1.0908399373292923
     656.4149432955304064       1.0012056003324687
     656.4151434289526605       1.0226990878582001
     656.4153435623749147       0.9657033719122410
     656.4155436957971688       1.0363450981676579
     656.4157438292195366       0.9842229876667261
     656.4159439626417907       0.9605390168726444
     656.4161440960640448       1.0068709827028215
     656.4163442294862989       1.0087158139795065
     656.4165443629086667       0.9978005215525627
     656.4167444963309208       0.9790075756609440
     656.4169446297531749       1.0555924586951733
     656.4171447631754290       0.9511984884738922
     656.4173448965977968       0.9860625490546227
     656.4175450300200509       0.9272952973842621
     656.4177451634423051       1.0064753652550280
     656.4179452968645592       0.9978555715642869
     656.4181454302869270       1.0294733177870512
     656.4183455637091811       1.0254354905337095
     656.4185456971314352       1.0518028996884823
     656.4187458305536893       1.0016160035738721
     656.4189459639759434       1.0491490922868252
     656.4191460973983112       0.9069344699382782
     656.4193462308205653       0.9742624852806330
     656.4195463642428194       0.9760256838053465
     656.4197464976650735       0.9646451212465763
     656.4199466310874413       1.0201164986938238
     656.4201467645096955       1.0478521957993507
     656.4203468979319496       1.0282420217990875
     656.4205470313542037       1.0096870772540569
     656.4207471647765715       0.9671841301023960
     656.4209472981988256       1.0363487601280212
     656.4211474316210797       1.0752451419830322
     656.4213475650433338       0.9614860899746418
     656.4215476984657016       1.0142852207645774
     656.4217478318879557       0.9922473123297095
     656.4219479653102098       1.0385041125118732
     656.4221480987324640       0.9766226150095463
     656.4223482321548317       0.9955356069840491
     656.4225483655770859       1.0941269844770432
     656.4227484989993400       1.0311689060181379
     656.4229486324215941       0.9730121642351151
     656.4231487658439619       1.0349430404603481
     656.4233488992662160       0.9795153029263020
     656.4235490326884701       1.0209657158702612
     656.4237491661107242       1.0201997924596071
     656.4239492995329783       1.0295153409242630
     656.4241494329553461       0.9936285377480090
     656.4243495663776002       0.9673925675451756
     656.4245496997998544       0.9624944105744362
     656.4247498332221085       0.9664984345436096
     656.4249499666444763       1.0569973774254322
     656.4251501000667304       1.0115667497739196
     656.4253502334889845       1.0252531673759222
     656.4255503669112386       0.9847080213949084
     656.4257505003336064       1.0014963804278523
     656.4259506337558605       0.9893721407279372
     656.4261507671781146       1.0577344372868538
     656.4263509006003687       0.9654726684093475
     656.4265510340227365       0.9243527725338936
     656.4267511674449906       1.0377260223031044
     656.4269513008672448       1.0325065664947033
     656.4271514342894989       0.8342022597789764
     656.4273515677118667       1.0512159354984760
     656.4275517011341208       0.9947724174708128
     656.4277518345563749       1.0120703717693686
     656.4279519679786290       0.8874743357300758
     656.4281521014009968       0.9734818600118160
     656.4283522348232509       1.0002420042001177
     656.4285523682455050       1.0159476604312658
     656.4287525016677591       1.0188168324530125
     656.4289526350901269       1.0119459191337228
     656.4291527685123810       1.0393643788993359
     656.4293529019346352       0.9746373947709799
     656.4295530353568893       1.0121829686686397
     656.4297531687791434       1.0292251165956259
     656.4299533022015112       0.9127845466136932
     656.4301534356237653       1.0336015783250332
     656.4303535690460194       1.0867836698889732
     656.4305537024682735       1.0083465129137039
     656.4307538358906413       0.9876664960756898
     656.4309539693128954       1.0704730600118637
     656.4311541027351495       0.9373493641614914
     656.4313542361574036       0.9475535489618778
     656.4315543695797714       1.0736004114151001
     656.4317545030020256       0.9762657508254051
     656.4319546364242797       1.0168612729758024
     656.4321547698465338       1.0618745163083076
     656.4323549032689016       1.0935010313987732
     656.4325550366911557       0.9459498338401318
     656.4327551701134098       0.9734001848846674
     656.4329553035356639       1.0371711365878582
     656.4331554369580317       0.9453554488718510
     656.4333555703802858       1.0529020838439465
     656.4335557038025399       1.0238790400326252
     656.4337558372247940       1.0497060008347034
     656.4339559706471618       1.0343000441789627
     656.4341561040694160       0.9578173048794270
     656.4343562374916701       1.0069523430429399
     656.4345563709139242       0.9299775138497353
     656.4347565043361783       0.9787959028035402
     656.4349566377585461       0.9655986465513706
     656.4351567711808002       0.9558188170194626
     656.4353569046030543       0.9221844300627708
     656.4355570380253084       1.0350049100816250
     656.4357571714476762       1.0297212600708008
     656.4359573048699303       0.9933306677266955
     656.4361574382921845       0.9432549364864826
     656.4363575717144386       0.9458564035594463
     656.4365577051368064       0.9512590393424034
     656.4367578385590605       0.9428794682025909
     656.4369579719813146       1.0216175001114607
     656.4371581054035687       0.9264535978436470
     656.4373582388259365       1.0201743524521589
     656.4375583722481906       0.8692135214805603
     656.4377585056704447       0.9261413887143135
     656.4379586390926988       0.9184943214058876
     656.4381587725150666       0.9735787417739630
     656.4383589059373207       0.9784577991813421
     656.4385590393595749       1.0338031835854053
     656.4387591727818290       1.0823403745889664
     656.4389593062041968       1.0055711776949465
     656.4391594396264509       0.9557530321180820
     656.4393595730487050       0.9864549543708563
     656.4395597064709591       0.9865909935906529
     656.4397598398933269       1.0110280355438590
     656.4399599733155810       1.0264690369367599
     656.4401601067378351       1.0786392912268639
     656.4403602401600892       0.8976527228951454
     656.4405603735823433       1.0421714335680008
     656.4407605070047111       0.9961165487766266
     656.4409606404269653       1.0204866062849760
     656.4411607738492194       1.0298452805727720
     656.4413609072714735       1.0569625906646252
     656.4415610406938413       1.0104798525571823
     656.4417611741160954       1.0585252642631531
     656.4419613075383495       1.0070734741166234
     656.4421614409606036       1.0492513738572598
     656.4423615743829714       0.9342685565352440
     656.4425617078052255       1.0233794655650854
     656.4427618412274796       1.0190091598778963
     656.4429619746497337       1.0506663098931313
     656.4431621080721015       1.0302895586937666
     656.4433622414943557       1.0446227155625820
     656.4435623749166098       1.0384664200246334
     656.4437625083388639       0.9684214405715466
     656.4439626417612317       0.9823897276073694
     656.4441627751834858       1.0586723499000072
     656.4443629086057399       0.8640587478876114
     656.4445630420279940       1.0356673561036587
     656.4447631754503618       0.9673374034464359
     656.4449633088726159       0.9917777953669429
     656.4451634422948700       0.9921073922887444
     656.4453635757171241       0.9312703907489777
     656.4455637091393783       0.9794026855379343
     656.4457638425617461       0.9759860094636679
     656.4459639759840002       0.9913508063182235
     656.4461641094062543       0.9858086332678795
     656.4463642428285084       0.9514840506017208
     656.4465643762508762       1.0862834379076958
     656.4467645096731303       0.9848999483510852
     656.4469646430953844       1.0070437886752188
     656.4471647765176385       1.0257339030504227
     656.4473649099400063       0.9311141073703766
     656.4475650433622604       0.9962688761297613
     656.4477651767845146       0.9680750072002411
     656.4479653102067687       1.0338383242487907
     656.4481654436291365       0.9885308751836419
     656.4483655770513906       1.0590142980217934
     656.4485657104736447       0.9788651913404465
     656.4487658438958988       1.0786413177847862
     656.4489659773182666       0.9821503274142742
     656.4491661107405207       0.9474860616028309
     656.4493662441627748       1.0694493353366852
     656.4495663775850289       0.9642446935176849
     656.4497665110073967       0.9553729370236397
     656.4499666444296508       0.9551137052476406
     656.4501667778519050       1.0532169006764889
     656.4503669112741591       0.9058326929807663
     656.4505670446965269       0.9548135735094547
     656.4507671781187810       0.9676749445497990
     656.4509673115410351       1.0695866271853447
     656.4511674449632892       1.0296706166118383
     656.4513675783855433       0.9847910851240158
     656.4515677118079111       0.8910355195403099
     656.4517678452301652       0.9345017746090889
     656.4519679786524193       1.0239448733627796
     656.4521681120746734       1.0472938306629658
     656.4523682454970412       0.8835331276059151
     656.4525683789192954       1.0194126609712839
     656.4527685123415495       1.0456125661730766
     656.4529686457638036       0.9840152952820063
     656.4531687791861714       1.0607406795024872
     656.4533689126084255       0.9601246640086174
     656.4535690460306796       0.9728192891925573
     656.4537691794529337       1.0269126296043396
     656.4539693128753015       0.8914995640516281
     656.4541694462975556       0.9758355151861906
     656.4543695797198097       0.9677062034606934
     656.4545697131420638       1.0316480733454227
     656.4547698465644316       0.9826364610344172
     656.4549699799866858       0.9799391645938158
     656.4551701134089399       1.0670725852251053
     656.4553702468311940       1.0072356173768640
     656.4555703802535618       0.9713114518672228
     656.4557705136758159       1.0458229146897793
     656.4559706470980700       0.9253932461142540
     656.4561707805203241       1.0333181321620941
     656.4563709139425782       1.0240553170442581
     656.4565710473649460       1.0058942539617419
     656.4567711807872001       0.9892260255292058
     656.4569713142094542       0.9623331055045128
     656.4571714476317084       1.0060292561538517
     656.4573715810540762       0.9803962390869856
     656.4575717144763303       1.0326774232089520
     656.4577718478985844       0.9678414389491081
     656.4579719813208385       0.9442803747951984
     656.4581721147432063       1.0123063866049051
     656.4583722481654604       1.0062532387673855
     656.4585723815877145       0.9571856632828712
     656.4587725150099686       0.9404792226850986
     656.4589726484323364       1.0503780320286751
     656.4591727818545905       1.0416301339864731
     656.4593729152768447       1.0189767535775900
     656.4595730486990988       1.0070144268684089
     656.4597731821214666       0.9485763199627399
     656.4599733155437207       0.9008141756057739
     656.4601734489659748       1.0656434595584869
     656.4603735823882289       0.9527842514216900
     656.4605737158105967       0.9385817088186741
     656.4607738492328508       1.0079027209430933
     656.4609739826551049       0.9943103818222880
     656.4611741160773590       0.9154951050877571
     656.4613742494997268       1.0787349566817284
     656.4615743829219809       0.9971589623019099
     656.4617745163442351       0.9831719361245632
     656.4619746497664892       1.0043481676839292
     656.4621747831887433       0.9813223369419575
     656.4623749166111111       0.9914183570072055
     656.4625750500333652       0.9077913761138916
     656.4627751834556193       1.0114773735404015
     656.4629753168778734       0.9053279161453247
     656.4631754503002412       1.0006299415836111
     656.4633755837224953       0.9908650973811746
     656.4635757171447494       1.0258885864168406
     656.4637758505670035       0.9641121402382851
     656.4639759839893713       1.0176414176821709
     656.4641761174116255       1.0845832750201225
     656.4643762508338796       1.0570029132068157
     656.4645763842561337       1.0345088802278042
     656.4647765176785015       1.0338747575879097
     656.4649766511007556       0.9600064978003502
     656.4651767845230097       1.0047687250189483
     656.4653769179452638       1.0957823842763901
     656.4655770513676316       0.9964113405440003
     656.4657771847898857       0.9885312868282199
     656.4659773182121398       0.9863066161051393
     656.4661774516343939       0.9981050457572564
     656.4663775850567617       1.0514496378600597
     656.4665777184790159       0.9990951127256267
     656.4667778519012700       1.0233931764960289
     656.4669779853235241       0.9231436774134636
     656.4671781187458919       1.0872247219085693
     656.4673782521681460       1.0134989218786359
     656.4675783855904001       0.9639783985912800
     656.4677785190126542       1.0151249393820763
     656.4679786524349083       0.9476737193763256
     656.4681787858572761       1.0244725141674280
     656.4683789192795302       1.0458531938493252
     656.4685790527017843       1.0556696467101574
     656.4687791861240385       1.0168113950639963
     656.4689793195464063       1.0603621304035187
     656.4691794529686604       0.9293733090162277
     656.4693795863909145       1.0167225226759911
     656.4695797198131686       0.9722143057733774
     656.4697798532355364       0.9728186931461096
     656.4699799866577905       0.9405974037945271
     656.4701801200800446       0.9659679755568504
     656.4703802535022987       0.9802067559212446
     656.4705803869246665       0.9887562226504087
     656.4707805203469206       0.9784059301018715
     656.4709806537691748       1.0071991044096649
     656.4711807871914289       1.0199119728058577
     656.4713809206137967       0.9655245132744312
     656.4715810540360508       1.1106612682342529
     656.4717811874583049       0.9608756676316261
     656.4719813208805590       0.9696719013154507
     656.4721814543029268       0.9706681482493877
     656.4723815877251809       0.9696109592914581
     656.4725817211474350       0.9375349991023540
     656.4727818545696891       0.9484434016048908
     656.4729819879919432       0.9696259256452322
     656.4731821214143110       0.9729979839175940
     656.4733822548365652       1.1217031404376030
     656.4735823882588193       1.0618564374744892
     656.4737825216810734       0.9322755336761475
     656.4739826551034412       1.0178846903145313
     656.4741827885256953       0.9933798913843930
     656.4743829219479494       0.9544403329491615
     656.4745830553702035       0.9835382234305143
     656.4747831887925713       0.8446409255266190
     656.4749833222148254       0.9877035357058048
     656.4751834556370795       0.9877529414370656
     656.4753835890593336       0.9827317222952843
     656.4755837224817014       1.0034673127811402
     656.4757838559039556       0.9616277106106281
     656.4759839893262097       0.9892410002648830
     656.4761841227484638       0.9271506965160370
     656.4763842561708316       1.0183181241154671
     656.4765843895930857       0.9973519558552653
     656.4767845230153398       0.9875350454822183
     656.4769846564375939       1.0094879167154431
     656.4771847898599617       1.0030992650426924
     656.4773849232822158       0.9070762842893600
     656.4775850567044699       0.9383643157780170
     656.4777851901267240       1.0459446310997009
     656.4779853235490918       0.9853837816044688
     656.4781854569713460       1.0138293057680130
     656.4783855903936001       1.0648946091532707
     656.4785857238158542       1.0389741249382496
     656.4787858572381083       1.0665278434753418
     656.4789859906604761       0.9999594655055262
     656.4791861240827302       1.0145740257576108
     656.4793862575049843       1.0330427102744579
     656.4795863909272384       0.9957374203950167
     656.4797865243496062       0.9664965011179447
     656.4799866577718603       0.9413403496146202
     656.4801867911941144       1.0010041788918898
     656.4803869246163686       1.0585585907101631
     656.4805870580387364       0.9784031566232443
     656.4807871914609905       0.9888910558074713
     656.4809873248832446       0.9905282445251942
     656.4811874583054987       0.9838444609194994
     656.4813875917278665       0.9982607738347724
     656.4815877251501206       1.0653580948710442
     656.4817878585723747       1.0337750203907490
     656.4819879919946288       1.0363058261573315
     656.4821881254169966       0.9979197615757585
     656.4823882588392507       0.9514496363699436
     656.4825883922615049       0.9540386199951172
     656.4827885256837590       1.1037983894348145
     656.4829886591061268       1.0375983528792858
     656.4831887925283809       1.0573836080729961
     656.4833889259506350       1.0424024909734726
     656.4835890593728891       1.0546241179108620
     656.4837891927951432       0.9722089730203152
     656.4839893262175110       0.9724025819450617
     656.4841894596397651       1.0714773684740067
     656.4843895930620192       1.0017297829035670
     656.4845897264842733       1.0218774937093258
     656.4847898599066411       1.0150486752390862
     656.4849899933288953       1.0756443142890930
     656.4851901267511494       1.1142169162631035
     656.4853902601734035       0.9264327958226204
     656.4855903935957713       0.9519612230360508
     656.4857905270180254       0.9971885264385492
     656.4859906604402795       1.0092433886602521
     656.4861907938625336       0.9868053505197167
     656.4863909272849014       1.0133679881691933
     656.4865910607071555       1.0097398506477475
     656.4867911941294096       0.9519875869154930
     656.4869913275516637       1.0267992503941059
     656.4871914609740315       0.9746527485549450
     656.4873915943962857       0.9049994349479675
     656.4875917278185398       0.8959629982709885
     656.4877918612407939       1.0348477624356747
     656.4879919946631617       1.0168848969042301
     656.4881921280854158       1.0214816909283400
     656.4883922615076699       1.0107449209317565
     656.4885923949299240       0.8988337516784668
     656.4887925283522918       0.9883286869153380
     656.4889926617745459       0.9855925664305687
     656.4891927951968000       0.8784906715154648
     656.4893929286190541       1.0677451565861702
     656.4895930620413083       1.0646214708685875
     656.4897931954636761       0.9977788005489856
     656.4899933288859302       0.9712898153811693
     656.4901934623081843       1.0085062449797988
     656.4903935957304384       0.9320804551243782
     656.4905937291528062       1.0885392874479294
     656.4907938625750603       1.0213636625558138
     656.4909939959973144       0.9725379701703787
     656.4911941294195685       0.9849824933335185
     656.4913942628419363       1.0160987246781588
     656.4915943962641904       0.9813706167042255
     656.4917945296864445       0.9606465883553028
     656.4919946631086987       0.9696050193160772
     656.4921947965310665       1.0219537895172834
     656.4923949299533206       0.9862596048042178
     656.4925950633755747       1.0649539157748222
     656.4927951967978288       0.9525847733020782
     656.4929953302201966       0.9832953568547964
     656.4931954636424507       1.0152601646259427
     656.4933955970647048       0.9501619338989258
     656.4935957304869589       1.0830914005637169
     656.4937958639093267       0.9554161317646503
     656.4939959973315808       0.9785333536565304
     656.4941961307538350       0.9647070914506912
     656.4943962641760891       0.9692637026309967
     656.4945963975983432       1.0101888692006469
     656.4947965310207110       1.0474473796784878
     656.4949966644429651       0.9909128388389945
     656.4951967978652192       1.0628479123115540
     656.4953969312874733       1.0669166147708893
     656.4955970647098411       0.9841496665030718
     656.4957971981320952       0.9487518593668938
     656.4959973315543493       1.0436139628291130
     656.4961974649766034       0.9888719180598855
     656.4963975983989712       0.9639068730175495
     656.4965977318212254       1.0513877943158150
     656.4967978652434795       0.9168781712651253
     656.4969979986657336       0.9644037820398808
     656.4971981320881014       0.9711361192166805
     656.4973982655103555       0.9804777409881353
     656.4975983989326096       1.0562568716704845
     656.4977985323548637       1.0659736618399620
     656.4979986657772315       0.9330754652619362
     656.4981987991994856       1.0195415988564491
     656.4983989326217397       0.9734303317964077
     656.4985990660439938       1.0015942332101986
     656.4987991994663616       0.9836506042629480
     656.4989993328886158       0.9461962878704071
     656.4991994663108699       0.9479673244059086
     656.4993995997331240       0.9808306209743023
     656.4995997331554918       1.0265588648617268
     656.4997998665777459       0.9295542240142822
     656.5000000000000000       0.9687098152935505
