     656.2000000000000455       1.0067323404364288
     656.2002001334222996       0.9757261425256729
     656.2004002668445537       1.0157683622092009
     656.2006004002669215       0.8764300197362900
     656.2008005336891756       0.9001320078969002
     656.2010006671114297       1.0441584810614586
     656.2012008005336838       1.0001065477263182
     656.2014009339560516       0.9040835797786713
     656.2016010673783057       0.9486040212213993
     656.2018012008005599       1.0196774974465370
     656.2020013342228140       0.9116555973887444
     656.2022014676451818       0.8723213970661163
     656.2024016010674359       0.9868578882887959
     656.2026017344896900       1.0263716578483582
     656.2028018679119441       1.0374541953206062
     656.2030020013343119       1.0417879633605480
     656.2032021347565660       0.9656408466398716
     656.2034022681788201       0.9239749982953072
     656.2036024016010742       0.9542482011020184
     656.2038025350234420       0.9775840099900961
     656.2040026684456961       0.9354404583573341
     656.2042028018679503       0.9364449456334114
     656.2044029352902044       0.9731805883347988
     656.2046030687125722       1.0576688759028912
     656.2048032021348263       1.0381788723170757
     656.2050033355570804       0.9575321041047573
     656.2052034689793345       0.9777795765548944
     656.2054036024017023       0.9937305031344295
     656.2056037358239564       0.9713574163615704
     656.2058038692462105       0.9072670936584473
     656.2060040026684646       1.0104805445298553
     656.2062041360907187       1.0280338227748871
     656.2064042695130865       0.9500327184796333
     656.2066044029353407       1.0036423716228455
     656.2068045363575948       1.0044434717856348
     656.2070046697798489       0.9973976302426308
     656.2072048032022167       0.9703651871532202
     656.2074049366244708       0.9268896430730820
     656.2076050700467249       0.9338457062840462
     656.2078052034689790       0.9744891673326492
     656.2080053368913468       0.9653868973255157
     656.2082054703136009       0.8824885934591293
     656.2084056037358550       0.8837751969695091
     656.2086057371581092       0.9809841606765985
     656.2088058705804769       1.0607270412147045
     656.2090060040027311       0.9872119799256325
     656.2092061374249852       1.0374534502625465
     656.2094062708472393       0.9693232029676437
     656.2096064042696071       0.9964464972727001
     656.2098065376918612       1.0076640397310257
     656.2100066711141153       0.9977235300466418
     656.2102068045363694       1.0363749451935291
     656.2104069379587372       0.9347523003816605
     656.2106070713809913       1.0174446534365416
     656.2108072048032454       0.9969055622350425
     656.2110073382254996       0.9713961631059647
     656.2112074716477537       1.0051794047467411
     656.2114076050701215       0.9409613721072674
     656.2116077384923756       0.9449245221912861
     656.2118078719146297       1.0918629243969917
     656.2120080053368838       0.9427688457071781
     656.2122081387592516       0.9568195827305317
     656.2124082721815057       0.9976317426189780
     656.2126084056037598       0.9792895261198282
     656.2128085390260139       0.9693171139806509
     656.2130086724483817       0.9097735509276390
     656.2132088058706358       0.9291578680276871
     656.2134089392928900       0.9512123167514801
     656.2136090727151441       0.9415102303028107
     656.2138092061375119       1.0522331185638905
     656.2140093395597660       0.9269833713769913
     656.2142094729820201       1.0159822814166546
     656.2144096064042742       1.0501717142760754
     656.2146097398266420       0.9328635931015015
     656.2148098732488961       0.9916282398626208
     656.2150100066711502       0.9522932283580303
     656.2152101400934043       0.9980726196663454
     656.2154102735157721       1.0128173893317580
     656.2156104069380262       0.9569533355534077
     656.2158105403602804       1.0179071091115475
     656.2160106737825345       0.9837434571236372
     656.2162108072049023       0.9337595477700233
     656.2164109406271564       1.0239977333694696
     656.2166110740494105       0.9742604885250330
     656.2168112074716646       1.0089008612558246
     656.2170113408939187       1.0076745226979256
     656.2172114743162865       0.9839270282536745
     656.2174116077385406       0.9418329410254955
     656.2176117411607947       0.9896343350410461
     656.2178118745830488       0.9467274174094200
     656.2180120080054166       1.0309425834566355
     656.2182121414276708       0.9370299056172371
     656.2184122748499249       0.9824166651815176
     656.2186124082721790       0.9521022327244282
     656.2188125416945468       0.9398613087832928
     656.2190126751168009       1.0250630825757980
     656.2192128085390550       1.0416168607771397
     656.2194129419613091       0.9795296657830477
     656.2196130753836769       1.0541285835206509
     656.2198132088059310       0.9796318951994181
     656.2200133422281851       1.0870907753705978
     656.2202134756504392       0.9618391394615173
     656.2204136090728070       1.0274340603500605
     656.2206137424950612       0.8947251439094543
     656.2208138759173153       0.9897501273080707
     656.2210140093395694       1.0475702360272408
     656.2212141427619372       1.0826334878802299
     656.2214142761841913       1.0065919100306928
     656.2216144096064454       1.1047843843698502
     656.2218145430286995       0.8938459753990173
     656.2220146764509536       0.9721211995929480
     656.2222148098733214       1.0176934879273176
     656.2224149432955755       0.9703566599637270
     656.2226150767178297       0.8877931684255600
     656.2228152101400838       1.0703765526413918
     656.2230153435624516       0.8940586820244789
     656.2232154769847057       0.9862421508878469
     656.2234156104069598       1.0258077066391706
     656.2236157438292139       0.9562652334570885
     656.2238158772515817       1.1179661974310875
     656.2240160106738358       0.9564984515309334
     656.2242161440960899       0.9127700552344322
     656.2244162775183440       1.0617441497743130
     656.2246164109407118       1.0321320332586765
     656.2248165443629659       1.0459627285599709
     656.2250166777852201       1.0502299629151821
     656.2252168112074742       0.9548109844326973
     656.2254169446298420       0.9955087755806744
     656.2256170780520961       1.0005346738616936
     656.2258172114743502       0.9478774182498455
     656.2260173448966043       1.0072951326146722
     656.2262174783189721       0.9361510053277016
     656.2264176117412262       1.0225209128111601
     656.2266177451634803       1.0632724314928055
     656.2268178785857344       1.0364649072289467
     656.2270180120081022       0.9644769281148911
     656.2272181454303563       1.0266275741159916
     656.2274182788526105       1.0657801702618599
     656.2276184122748646       0.8918215855956078
     656.2278185456971187       1.0399267934262753
     656.2280186791194865       0.9361461102962494
     656.2282188125417406       1.0176132749766111
     656.2284189459639947       0.9966888839844614
     656.2286190793862488       0.9737365189939737
     656.2288192128086166       0.9302223175764084
     656.2290193462308707       0.9255027547478676
     656.2292194796531248       1.0018688578857109
     656.2294196130753789       1.0162497721612453
     656.2296197464977467       1.0444219373166561
     656.2298198799200009       1.0017337788594887
     656.2300200133422550       1.0041891424916685
     656.2302201467645091       1.0828293412923813
     656.2304202801868769       0.8855262771248817
     656.2306204136091310       0.9066015034914017
     656.2308205470313851       1.0504554286599159
     656.2310206804536392       1.0391537211835384
     656.2312208138760070       0.9777230005711317
     656.2314209472982611       1.0151914181187749
     656.2316210807205152       1.0379191040992737
     656.2318212141427693       1.0419836416840553
     656.2320213475651371       0.9623457230627537
     656.2322214809873913       0.9446917586028576
     656.2324216144096454       1.0205572471022606
     656.2326217478318995       0.9205488115549088
     656.2328218812541536       1.0367584004998207
     656.2330220146765214       0.9623241648077965
     656.2332221480987755       0.8492159992456436
     656.2334222815210296       0.9669969938695431
     656.2336224149432837       1.0660634264349937
     656.2338225483656515       1.0872670710086823
     656.2340226817879056       1.0135911079123616
     656.2342228152101598       0.9543457962572575
     656.2344229486324139       1.0980026796460152
     656.2346230820547817       1.0417522564530373
     656.2348232154770358       0.9275780692696571
     656.2350233488992899       1.1275356709957123
     656.2352234823215440       1.0536597184836864
     656.2354236157439118       0.9917397173121572
     656.2356237491661659       0.9802915323525667
     656.2358238825884200       0.9912132686004043
     656.2360240160106741       0.9917381703853607
     656.2362241494330419       0.9659604169428349
     656.2364242828552960       1.0036899216938764
     656.2366244162775502       1.0959665030241013
     656.2368245496998043       1.0500396750867367
     656.2370246831221721       1.0469050221145153
     656.2372248165444262       1.0248607471585274
     656.2374249499666803       1.0410169251263142
     656.2376250833889344       0.9997322624258231
     656.2378252168113022       0.9647019654512405
     656.2380253502335563       1.0746603235602379
     656.2382254836558104       1.0846386700868607
     656.2384256170780645       1.0387864001095295
     656.2386257505003186       0.9905974892899394
     656.2388258839226864       1.0236961562186480
     656.2390260173449406       0.9711219966411591
     656.2392261507671947       0.8946494460105896
     656.2394262841894488       0.9980368982069194
     656.2396264176118166       1.0379760339856148
     656.2398265510340707       1.0458006076514721
     656.2400266844563248       0.9789571333676577
     656.2402268178785789       0.9477885365486145
     656.2404269513009467       1.0878628939390182
     656.2406270847232008       0.9980929959565401
     656.2408272181454549       1.0019548481795937
     656.2410273515677090       0.9764083810150623
     656.2412274849900768       1.0493713244795799
     656.2414276184123310       0.9990081678843126
     656.2416277518345851       0.9306820258498192
     656.2418278852568392       1.0001887320540845
     656.2420280186792070       1.0135473450645804
     656.2422281521014611       0.9445963911712170
     656.2424282855237152       0.9746555183082819
     656.2426284189459693       1.1000734716653824
     656.2428285523683371       0.9876294964924455
     656.2430286857905912       0.9663524627685547
     656.2432288192128453       0.9729695264250040
     656.2434289526350994       1.0280997306108475
     656.2436290860574672       1.0240021124482155
     656.2438292194797214       1.0511070378124714
     656.2440293529019755       0.9901903038844466
     656.2442294863242296       1.0460032448172569
     656.2444296197464837       0.9325544983148575
     656.2446297531688515       0.9869279414415359
     656.2448298865911056       0.9124866053462029
     656.2450300200133597       1.0295232366770506
     656.2452301534356138       0.9998286315385485
     656.2454302868579816       1.0321147553622723
     656.2456304202802357       1.0150517476722598
     656.2458305537024899       0.9759278818964958
     656.2460306871247440       1.0328435748815536
     656.2462308205471118       0.9860056247562170
     656.2464309539693659       0.9474806822836399
     656.2466310873916200       1.0182090979069471
     656.2468312208138741       1.0596124641597271
     656.2470313542362419       1.0293323975056410
     656.2472314876584960       1.0454584807157516
     656.2474316210807501       1.0277059711515903
     656.2476317545030042       1.0139635577797890
     656.2478318879253720       0.9533408731222153
     656.2480320213476261       0.8641524463891983
     656.2482321547698803       1.0479075908660889
     656.2484322881921344       1.0920367464423180
     656.2486324216145022       1.0146565530449152
     656.2488325550367563       0.9918438047170639
     656.2490326884590104       0.9508628584444523
     656.2492328218812645       1.0152612449601293
     656.2494329553035186       1.0366729944944382
     656.2496330887258864       0.9750818703323603
     656.2498332221481405       0.9822530429810286
     656.2500333555703946       1.0038946305867285
     656.2502334889926487       0.9116509109735489
     656.2504336224150165       0.9698542561382055
     656.2506337558372707       0.9890916310250759
     656.2508338892595248       1.0248696859925985
     656.2510340226817789       0.9184624478220940
     656.2512341561041467       0.9548904560506344
     656.2514342895264008       0.9770009312778711
     656.2516344229486549       1.0220350809395313
     656.2518345563709090       1.0255763418972492
     656.2520346897932768       0.9771037437021732
     656.2522348232155309       0.9418784305453300
     656.2524349566377850       1.0222452878952026
     656.2526350900600391       1.0498056560754776
     656.2528352234824069       1.0002521254355088
     656.2530353569046611       1.0038089023437351
     656.2532354903269152       0.9684289880096912
     656.2534356237491693       1.0320170633494854
     656.2536357571715371       0.9575974196195602
     656.2538358905937912       1.0748427882790565
     656.2540360240160453       0.9884566627442837
     656.2542361574382994       0.9539606869220734
     656.2544362908606672       0.9845611350610852
     656.2546364242829213       1.0513241253793240
     656.2548365577051754       0.9948147241957486
     656.2550366911274295       0.9424789734184742
     656.2552368245496837       1.0101720942184329
     656.2554369579720515       0.9495189711451530
     656.2556370913943056       1.0356859825551510
     656.2558372248165597       1.0455287620425224
     656.2560373582388138       1.0050103748217225
     656.2562374916611816       0.9891085773706436
     656.2564376250834357       1.0100662028416991
     656.2566377585056898       1.0390391573309898
     656.2568378919279439       0.9879451962187886
     656.2570380253503117       1.0176866259425879
     656.2572381587725658       0.9153157696127892
     656.2574382921948200       1.0683797970414162
     656.2576384256170741       0.9830385576933622
     656.2578385590394419       1.0355673395097256
     656.2580386924616960       0.9695491511374712
     656.2582388258839501       1.0427607893943787
     656.2584389593062042       0.9356120005249977
     656.2586390927285720       0.9200790151953697
     656.2588392261508261       0.9043612182140350
     656.2590393595730802       0.9713582210242748
     656.2592394929953343       0.9930942915380001
     656.2594396264177021       1.0641341581940651
     656.2596397598399562       1.0263568144291639
     656.2598398932622104       1.0718652307987213
     656.2600400266844645       1.0301497634500265
     656.2602401601067186       1.0184528231620789
     656.2604402935290864       1.0105136083438993
     656.2606404269513405       0.9397534243762493
     656.2608405603735946       0.9841169957071543
     656.2610406937958487       0.8860921636223793
     656.2612408272182165       0.9162812456488609
     656.2614409606404706       1.1144832298159599
     656.2616410940627247       1.0245449468493462
     656.2618412274849788       0.9309898912906647
     656.2620413609073466       1.1117122918367386
     656.2622414943296008       0.9202430471777916
     656.2624416277518549       1.0243072193115950
     656.2626417611741090       0.9865217804908752
     656.2628418945964768       0.9514044858515263
     656.2630420280187309       0.9575761705636978
     656.2632421614409850       1.0223002955317497
     656.2634422948632391       1.0466841571033001
     656.2636424282856069       0.9364156872034073
     656.2638425617078610       1.0016584662953392
     656.2640426951301151       1.0427862294018269
     656.2642428285523692       1.0188002288341522
     656.2644429619747370       1.0428088270127773
     656.2646430953969912       1.0376610904932022
     656.2648432288192453       1.0456066988408566
     656.2650433622414994       0.9720896482467651
     656.2652434956638672       0.9932658211328089
     656.2654436290861213       1.0532422251999378
     656.2656437625083754       0.9673905223608017
     656.2658438959306295       1.0405701994895935
     656.2660440293528836       0.9817561320960522
     656.2662441627752514       1.0328061543405056
     656.2664442961975055       1.1077308058738708
     656.2666444296197596       1.0106558101251721
     656.2668445630420138       1.0901508480310440
     656.2670446964643816       0.9992362816701643
     656.2672448298866357       1.0703193619847298
     656.2674449633088898       1.0408953949809074
     656.2676450967311439       0.9753401242196560
     656.2678452301535117       1.0718881338834763
     656.2680453635757658       1.0405442230403423
     656.2682454969980199       1.0503605082631111
     656.2684456304202740       1.0791275128722191
     656.2686457638426418       0.9369233623147011
     656.2688458972648959       0.9741600565612316
     656.2690460306871501       0.9606989584863186
     656.2692461641094042       1.0556182377040386
     656.2694462975317720       0.9796644244343042
     656.2696464309540261       0.9329183921217918
     656.2698465643762802       1.0037814434617758
     656.2700466977985343       0.8863524645566940
     656.2702468312209021       1.0542282275855541
     656.2704469646431562       0.9828780535608530
     656.2706470980654103       0.9917673356831074
     656.2708472314876644       0.8805876374244690
     656.2710473649099185       0.9516217522323132
     656.2712474983322863       1.0518158450722694
     656.2714476317545405       1.0272428374737501
     656.2716477651767946       0.9295046329498291
     656.2718478985990487       1.0088108684867620
     656.2720480320214165       1.0027612864505500
     656.2722481654436706       0.9519535489380360
     656.2724482988659247       0.9547893591225147
     656.2726484322881788       0.9390577673912048
     656.2728485657105466       1.0274247918277979
     656.2730486991328007       0.8962290734052658
     656.2732488325550548       1.0362555272877216
     656.2734489659773089       0.9319222792983055
     656.2736490993996767       1.0251870993524790
     656.2738492328219309       1.0884027853608131
     656.2740493662441850       0.9337387457489967
     656.2742494996664391       0.9745082464069128
     656.2744496330888069       0.9834796879440546
     656.2746497665110610       0.9975141703616828
     656.2748498999333151       0.9712337665259838
     656.2750500333555692       0.9592519253492355
     656.2752501667779370       1.0315403603017330
     656.2754503002001911       0.9850298594683409
     656.2756504336224452       0.9723536483943462
     656.2758505670446993       0.9756133072078228
     656.2760507004670671       0.9558138437569141
     656.2762508338893213       0.9544886723160744
     656.2764509673115754       0.9946892885491252
     656.2766511007338295       1.0657367706298828
     656.2768512341560836       1.0023438986390829
     656.2770513675784514       0.9586050249636173
     656.2772515010007055       1.0370393842458725
     656.2774516344229596       0.9565435796976089
     656.2776517678452137       0.9838647097349167
     656.2778519012675815       0.9021539464592934
     656.2780520346898356       1.0209822803735733
     656.2782521681120897       1.0073996456339955
     656.2784523015343439       0.8907470926642418
     656.2786524349567117       1.0581810474395752
     656.2788525683789658       0.9810372237116098
     656.2790527018012199       1.0529985390603542
     656.2792528352234740       0.9053618162870407
     656.2794529686458418       0.8877160549163818
     656.2796531020680959       0.9847546601668000
     656.2798532354903500       1.0508837513625622
     656.2800533689126041       0.9638420417904854
     656.2802535023349719       0.9541230276226997
     656.2804536357572260       1.0020672159735113
     656.2806537691794802       1.0073442417196929
     656.2808539026017343       1.0201020892709494
     656.2810540360241021       1.0791022479534149
     656.2812541694463562       0.9555898644030094
     656.2814543028686103       0.9536848999559879
     656.2816544362908644       0.9507813528180122
     656.2818545697131185       1.0047235093079507
     656.2820547031354863       0.8968817442655563
     656.2822548365577404       1.0458114147186279
     656.2824549699799945       1.0118779996410012
     656.2826551034022486       1.0506986677646637
     656.2828552368246164       0.8990588784217834
     656.2830553702468706       0.9979991235304624
     656.2832555036691247       0.9809036571532488
     656.2834556370913788       1.0038929015863687
     656.2836557705137466       0.9928860194049776
     656.2838559039360007       1.0025590767618269
     656.2840560373582548       1.0447930134832859
     656.2842561707805089       1.0455306060612202
     656.2844563042028767       0.9608834087848663
     656.2846564376251308       0.9736900590360165
     656.2848565710473849       0.9585312493145466
     656.2850567044696390       1.0272503439337015
     656.2852568378920068       0.9770264960825443
     656.2854569713142610       0.8732283264398575
     656.2856571047365151       1.0576413087546825
     656.2858572381587692       1.0232517421245575
     656.2860573715811370       0.9847283931449056
     656.2862575050033911       1.0228884499520063
     656.2864576384256452       1.0927278473973274
     656.2866577718478993       1.0112594617530704
     656.2868579052702671       0.9479490034282207
     656.2870580386925212       0.9937296137213707
     656.2872581721147753       0.9541123919188976
     656.2874583055370294       1.0142609179019928
     656.2876584389592836       1.0320499725639820
     656.2878585723816514       0.9419987499713898
     656.2880587058039055       1.0344607122242451
     656.2882588392261596       0.9716466423124075
     656.2884589726484137       0.9433470368385315
     656.2886591060707815       1.0138874603435397
     656.2888592394930356       1.0870809331536293
     656.2890593729152897       0.9992444788222201
     656.2892595063375438       0.9937093174085021
     656.2894596397599116       0.9991104219225235
     656.2896597731821657       0.9744452144950628
     656.2898599066044198       0.9645332135260105
     656.2900600400266740       1.0216704066842794
     656.2902601734490418       0.9803874101489782
     656.2904603068712959       1.0367727167904377
     656.2906604402935500       1.0283818785101175
     656.2908605737158041       0.9562854394316673
     656.2910607071381719       0.9774634242057800
     656.2912608405604260       1.0215738248080015
     656.2914609739826801       1.0157693456858397
     656.2916611074049342       1.0468560159206390
     656.2918612408273020       1.0430383086204529
     656.2920613742495561       1.0268140342086554
     656.2922615076718103       1.0588901042938232
     656.2924616410940644       1.0069392430596054
     656.2926617745164322       1.0010962855303660
     656.2928619079386863       1.0618824735283852
     656.2930620413609404       1.0302680321037769
     656.2932621747831945       1.0114064570516348
     656.2934623082054486       0.8716572672128677
     656.2936624416278164       1.0168693158775568
     656.2938625750500705       0.9589942283928394
     656.2940627084723246       0.9643426574766636
     656.2942628418945787       1.0816441327333450
     656.2944629753169465       0.9677787236869335
     656.2946631087392007       1.0079868352040648
     656.2948632421614548       1.0152883352711797
     656.2950633755837089       1.0089446837082505
     656.2952635090060767       1.0086713163182139
     656.2954636424283308       0.9945926140062511
     656.2956637758505849       1.0671356469392776
     656.2958639092728390       1.0271451454609632
     656.2960640426952068       0.9090641960501671
     656.2962641761174609       1.0235935542732477
     656.2964643095397150       1.0006216577603482
     656.2966644429619691       1.0034550502896309
     656.2968645763843369       0.9658693261444569
     656.2970647098065911       0.9212683737277985
     656.2972648432288452       0.9328682944178581
     656.2974649766510993       0.9024308398365974
     656.2976651100734671       0.9270107522606850
     656.2978652434957212       1.0459243245422840
     656.2980653769179753       1.0295595265924931
     656.2982655103402294       0.9383584149181843
     656.2984656437624835       0.9500862397253513
     656.2986657771848513       0.9613646902143955
     656.2988659106071054       1.0974896550178528
     656.2990660440293595       0.9765110462903976
     656.2992661774516137       1.0666363015770912
     656.2994663108739815       0.9659252725541592
     656.2996664442962356       1.0336806438863277
     656.2998665777184897       0.9984816700452939
     656.3000667111407438       0.9326891526579857
     656.3002668445631116       1.0010567863937467
     656.3004669779853657       0.9473138041794300
     656.3006671114076198       1.0487337969243526
     656.3008672448298739       1.0865595117211342
     656.3010673782522417       0.9748118072748184
     656.3012675116744958       1.0314729325473309
     656.3014676450967499       1.0011790012940764
     656.3016677785190041       1.0865801796317101
     656.3018679119413719       0.9715486131608486
     656.3020680453636260       1.0659363567829132
     656.3022681787858801       1.1542101949453354
     656.3024683122081342       0.9791586715728045
     656.3026684456305020       0.9443463869392872
     656.3028685790527561       1.0798420310020447
     656.3030687124750102       1.0482231192290783
     656.3032688458972643       1.0673626363277435
     656.3034689793196321       0.9806154556572437
     656.3036691127418862       1.0191024299710989
     656.3038692461641403       1.0165811944752932
     656.3040693795863945       1.0221272017806768
     656.3042695130086486       0.9566515050828457
     656.3044696464310164       1.0910313650965691
     656.3046697798532705       1.0171469580382109
     656.3048699132755246       1.0032493881881237
     656.3050700466977787       0.9848438259214163
     656.3052701801201465       0.9260431230068207
     656.3054703135424006       1.0387130752205849
     656.3056704469646547       1.0032370742410421
     656.3058705803869088       0.9943704395554960
     656.3060707138092766       1.0676498636603355
     656.3062708472315308       1.0635608509182930
     656.3064709806537849       1.0154411001130939
     656.3066711140760390       1.0799454152584076
     656.3068712474984068       1.0857038199901581
     656.3070713809206609       0.9850934399291873
     656.3072715143429150       0.9917713040485978
     656.3074716477651691       1.0660821795463562
     656.3076717811875369       0.9751596376299858
     656.3078719146097910       0.9828449282795191
     656.3080720480320451       1.0413780026137829
     656.3082721814542992       1.1041991338133812
     656.3084723148766670       1.0948841795325279
     656.3086724482989212       1.0238509178161621
     656.3088725817211753       0.9476114101707935
     656.3090727151434294       1.0264448914676905
     656.3092728485656835       0.8531407564878464
     656.3094729819880513       0.9403752610087395
     656.3096731154103054       0.9984853079076856
     656.3098732488325595       1.0224088914692402
     656.3100733822548136       0.9782690014690161
     656.3102735156771814       1.1060897260904312
     656.3104736490994355       0.9401510097086430
     656.3106737825216896       0.9723650608211756
     656.3108739159439438       0.9722182005643845
     656.3110740493663116       0.9603950865566730
     656.3112741827885657       0.9137667492032051
     656.3114743162108198       0.9897833773866296
     656.3116744496330739       1.0750641748309135
     656.3118745830554417       0.9537645727396011
     656.3120747164776958       1.0763743370771408
     656.3122748498999499       1.0508114881813526
     656.3124749833222040       0.9447054192423820
     656.3126751167445718       1.0471345111727715
     656.3128752501668259       1.0340504683554173
     656.3130753835890800       1.0395097620785236
     656.3132755170113342       0.9674498550593853
     656.3134756504337020       0.9782031867653131
     656.3136757838559561       1.0792384594678879
     656.3138759172782102       0.9580588303506374
     656.3140760507004643       0.9286489561200142
     656.3142761841228321       1.0169383399188519
     656.3144763175450862       1.0729146078228951
     656.3146764509673403       1.0593360140919685
     656.3148765843895944       1.0020515124779195
     656.3150767178118485       1.0249813348054886
     656.3152768512342163       1.0001826735096984
     656.3154769846564704       1.0150100784376264
     656.3156771180787246       0.8816248029470444
     656.3158772515009787       1.0055006598122418
     656.3160773849233465       0.9792416561394930
     656.3162775183456006       0.9965080707333982
     656.3164776517678547       0.9894075440242887
     656.3166777851901088       1.0994076132774353
     656.3168779186124766       1.0477658435702324
     656.3170780520347307       0.9295749440789223
     656.3172781854569848       1.0094404183328152
     656.3174783188792389       0.9638481922447681
     656.3176784523016067       1.0609939210116863
     656.3178785857238609       0.9734676294028759
     656.3180787191461150       0.9813801310956478
     656.3182788525683691       1.0084496075287461
     656.3184789859907369       0.9709860552102327
     656.3186791194129910       1.1349010318517685
     656.3188792528352451       1.0342939458787441
     656.3190793862574992       0.9808981157839298
     656.3192795196798670       0.9335053339600563
     656.3194796531021211       1.0203125961124897
     656.3196797865243752       0.9664984084665775
     656.3198799199466293       0.9916709698736668
     656.3200800533688835       1.0413366258144379
     656.3202801867912513       1.0679965242743492
     656.3204803202135054       0.9719404447823763
     656.3206804536357595       0.9551261775195599
     656.3208805870580136       0.9944280372001231
     656.3210807204803814       0.9626687504351139
     656.3212808539026355       1.0206743590533733
     656.3214809873248896       1.0375813245773315
     656.3216811207471437       0.9832667354494333
     656.3218812541695115       1.0119621613994241
     656.3220813875917656       0.9951618094928563
     656.3222815210140197       1.1226093992590904
     656.3224816544362739       1.0085942167788744
     656.3226817878586417       0.9880361286923289
     656.3228819212808958       1.0292658954858780
     656.3230820547031499       0.9728442151099443
     656.3232821881254040       0.9836097303777933
     656.3234823215477718       0.9186133518815041
     656.3236824549700259       1.0046631577424705
     656.3238825883922800       0.9178352132439613
     656.3240827218145341       0.9096382036805153
     656.3242828552369019       1.0646921098232269
     656.3244829886591560       1.0092621138319373
     656.3246831220814101       0.9486020803451538
     656.3248832555036643       1.0425295941531658
     656.3250833889260321       0.9976357726845890
     656.3252835223482862       1.0286123361438513
     656.3254836557705403       1.0293474048376083
     656.3256837891927944       0.9470626227557659
     656.3258839226150485       1.0498101823031902
     656.3260840560374163       1.0973006039857864
     656.3262841894596704       1.0468383766710758
     656.3264843228819245       1.0394659042358398
     656.3266844563041786       1.0069195884279907
     656.3268845897265464       0.9521576948463917
     656.3270847231488005       1.1383450627326965
     656.3272848565710547       0.9702040348201990
     656.3274849899933088       1.0200773552060127
     656.3276851234156766       1.0199731234461069
     656.3278852568379307       0.9396153017878532
     656.3280853902601848       1.0332388542592525
     656.3282855236824389       1.0071584093384445
     656.3284856571048067       0.9964551106095314
     656.3286857905270608       0.9579165764153004
     656.3288859239493149       0.9640283435583115
     656.3290860573715690       0.9917083755135536
     656.3292861907939368       0.9653080143034458
     656.3294863242161910       0.9560896977782249
     656.3296864576384451       1.0746094062924385
     656.3298865910606992       0.9622351974248886
     656.3300867244830670       0.9662499167025089
     656.3302868579053211       0.9941520583815873
     656.3304869913275752       1.0036388777662069
     656.3306871247498293       0.9121081680059433
     656.3308872581721971       1.0001500895450590
     656.3310873915944512       1.0045921397395432
     656.3312875250167053       0.9101986661553383
     656.3314876584389594       0.9757739547640085
     656.3316877918612136       1.0043518403545022
     656.3318879252835814       1.0805904939770699
     656.3320880587058355       0.8685574084520340
     656.3322881921280896       0.9838389400392771
     656.3324883255503437       0.9623215310275555
     656.3326884589727115       0.9445224590599537
     656.3328885923949656       1.0469656251370907
     656.3330887258172197       0.9889936679974198
     656.3332888592394738       0.9449580125510693
     656.3334889926618416       0.9761936385184526
     656.3336891260840957       1.0680881664156914
     656.3338892595063498       0.9990835348726250
     656.3340893929286040       1.0135208517313004
     656.3342895263509718       1.1205882653594017
     656.3344896597732259       0.9994738489622250
     656.3346897931954800       0.8793641924858093
     656.3348899266177341       1.0340108275413513
     656.3350900600401019       0.9083277210593224
     656.3352901934623560       1.0415994189679623
     656.3354903268846101       1.0175606049597263
     656.3356904603068642       0.8926750272512435
     656.3358905937292320       0.9489153027534484
     656.3360907271514861       0.9723971188068389
     656.3362908605737402       1.0177248883992431
     656.3364909939959944       0.9966711997985837
     656.3366911274182485       1.0237737726420160
     656.3368912608406163       0.9962262804619959
     656.3370913942628704       1.0414191558957087
     656.3372915276851245       0.9936936451122146
     656.3374916611073786       0.9985889180097701
     656.3376917945297464       0.9742438439279753
     656.3378919279520005       0.9874794343486366
     656.3380920613742546       0.9800404254346994
     656.3382921947965087       0.9132378771900994
     656.3384923282188765       1.0344881229102412
     656.3386924616411306       1.0260032769292298
     656.3388925950633848       0.9797328133135601
     656.3390927284856389       0.9745727349072061
     656.3392928619080067       0.9561748094855813
     656.3394929953302608       0.9072978496550165
     656.3396931287525149       0.9718579668549724
     656.3398932621747690       1.0112092783671760
     656.3400933955971368       1.0265614930536220
     656.3402935290193909       0.9597037769848153
     656.3404936624416450       0.9666087329379158
     656.3406937958638991       1.0149687081563190
     656.3408939292862669       1.0168886408192339
     656.3410940627085211       0.9886537054528707
     656.3412941961307752       1.0470951124990266
     656.3414943295530293       0.9495397247323666
     656.3416944629753971       0.9930624966438253
     656.3418945963976512       0.9356537237662526
     656.3420947298199053       0.9962602848976215
     656.3422948632421594       0.9822886325219014
     656.3424949966644135       0.9937837486806236
     656.3426951300867813       0.9957423870990757
     656.3428952635090354       0.9289056434679906
     656.3430953969312895       1.0610656849277831
     656.3432955303535437       1.0329528338148908
     656.3434956637759115       1.0242759341770893
     656.3436957971981656       1.0071905560628953
     656.3438959306204197       1.0011263725583555
     656.3440960640426738       1.0727197747565902
     656.3442961974650416       0.9283703932864976
     656.3444963308872957       1.0274023611351970
     656.3446964643095498       0.9453559433534511
     656.3448965977318039       0.9075942473159107
     656.3450967311541717       1.0063911099467941
     656.3452968645764258       0.9475888920589182
     656.3454969979986799       1.0401368368750046
     656.3456971314209341       1.0324341535542918
     656.3458972648433019       1.0807359531006298
     656.3460973982655560       0.9506146417418795
     656.3462975316878101       0.9900959482648637
     656.3464976651100642       1.0002831646085741
     656.3466977985324320       0.9808022020864775
     656.3468979319546861       1.0001568693602940
     656.3470980653769402       1.0083702866781268
     656.3472981987991943       1.0603435303095197
     656.3474983322214484       0.9990681041697762
     656.3476984656438162       0.9469796432339326
     656.3478985990660703       0.9214701016842732
     656.3480987324883245       1.0486221634268409
     656.3482988659105786       0.9606407055311484
     656.3484989993329464       0.9917788503491615
     656.3486991327552005       0.9662772382026795
     656.3488992661774546       1.0600151795913015
     656.3490993995997087       0.9443026993621179
     656.3492995330220765       1.0013454305408633
     656.3494996664443306       1.0182988265690112
     656.3496997998665847       1.1050455928347609
     656.3498999332888388       0.9762263452605375
     656.3501000667112066       1.0300793289491916
     656.3503002001334607       1.0161985988853468
     656.3505003335557149       1.0109939924958726
     656.3507004669779690       0.9569028331296524
     656.3509006004003368       0.9159441874637461
     656.3511007338225909       0.9923547985279850
     656.3513008672448450       1.0034748028410525
     656.3515010006670991       1.0355724226082281
     656.3517011340894669       0.9250601581938466
     656.3519012675117210       0.9368281822259692
     656.3521014009339751       0.9720539649641953
     656.3523015343562292       0.9964779362642608
     656.3525016677785970       0.9058040957512943
     656.3527018012008512       1.0626983181029146
     656.3529019346231053       0.9597434733699447
     656.3531020680453594       1.0729756697133088
     656.3533022014676135       0.9980561864875821
     656.3535023348899813       1.0193157589155959
     656.3537024683122354       1.0629689098015120
     656.3539026017344895       1.0514207760463559
     656.3541027351567436       0.9618538225557558
     656.3543028685791114       0.9094449861480033
     656.3545030020013655       0.9580548665819989
     656.3547031354236196       0.9444832837442797
     656.3549032688458738       0.9487586422352610
     656.3551034022682416       0.9958818573916247
     656.3553035356904957       0.9876693802903059
     656.3555036691127498       0.9885921732171947
     656.3557038025350039       0.8978431002023924
     656.3559039359573717       1.0062839576209741
     656.3561040693796258       0.9718990327263481
     656.3563042028018799       0.9263364604527631
     656.3565043362241340       1.0015423663033292
     656.3567044696465018       1.0630465119429742
     656.3569046030687559       0.9510786971104743
     656.3571047364910100       0.9185277451326870
     656.3573048699132642       1.0769856065878698
     656.3575050033356320       0.9360302705479456
     656.3577051367578861       1.0367544245926315
     656.3579052701801402       1.0394651047356294
     656.3581054036023943       0.9621055061473982
     656.3583055370246484       0.9821877907485553
     656.3585056704470162       1.0612332012114516
     656.3587058038692703       0.9704138620379986
     656.3589059372915244       0.9951740433362025
     656.3591060707137785       1.1483550955927280
     656.3593062041361463       0.9599880370368740
     656.3595063375584004       1.0395923482593123
     656.3597064709806546       1.0995025982166959
     656.3599066044029087       0.9374822806700570
     656.3601067378252765       0.9647226340741183
     656.3603068712475306       0.9132130527757280
     656.3605070046697847       0.9897757694066941
     656.3607071380920388       1.0593815152922406
     656.3609072715144066       1.0078824296403748
     656.3611074049366607       0.9812736071150591
     656.3613075383589148       1.0780632342704046
     656.3615076717811689       1.0795855584603218
     656.3617078052035367       1.0178119733282494
     656.3619079386257908       1.1449123188675883
     656.3621080720480450       0.9690603513136343
     656.3623082054702991       0.9303299496784275
     656.3625083388926669       1.0058936664858393
     656.3627084723149210       0.9582285224412121
     656.3629086057371751       0.9563796457061325
     656.3631087391594292       0.8535309062726799
     656.3633088725817970       0.9948463795070526
     656.3635090060040511       0.9209671526694352
     656.3637091394263052       0.8485055424893551
     656.3639092728485593       0.8174956455444187
     656.3641094062708135       0.9380227460712989
     656.3643095396931813       0.9169228051521549
     656.3645096731154354       0.9067999153754736
     656.3647098065376895       0.9628474707357878
     656.3649099399599436       0.8858756707019242
     656.3651100733823114       0.8350033609067284
     656.3653102068045655       0.8483877494912478
     656.3655103402268196       0.9023387829552474
     656.3657104736490737       0.8648924624022212
     656.3659106070714415       0.8942517318541654
     656.3661107404936956       0.8520648842121915
     656.3663108739159497       0.8319831377272208
     656.3665110073382039       0.9085947376776847
     656.3667111407605717       0.7457538337039125
     656.3669112741828258       0.9554098074391594
     656.3671114076050799       0.8817044746581220
     656.3673115410273340       0.7327160413454060
     656.3675116744497018       0.7181299186260812
     656.3677118078719559       0.8774255812717240
     656.3679119412942100       0.8664962477954157
     656.3681120747164641       0.8086814920105579
     656.3683122081388319       0.7734438968582573
     656.3685123415610860       0.8443617716358651
     656.3687124749833401       0.7937611198340746
     656.3689126084055943       0.8442448541347771
     656.3691127418278484       0.8515443284810913
     656.3693128752502162       0.7657408809486410
     656.3695130086724703       0.8267643998991756
     656.3697131420947244       0.7665430226329628
     656.3699132755169785       0.8258675034215031
     656.3701134089393463       0.7892347678034357
     656.3703135423616004       0.7891843114553754
     656.3705136757838545       0.8622990027781441
     656.3707138092061086       0.8797754807331317
     656.3709139426284764       0.8571432484999453
     656.3711140760507305       0.8502164938645586
     656.3713142094729847       0.7529868121101314
     656.3715143428952388       0.8726427233226803
     656.3717144763176066       0.7279780658120157
     656.3719146097398607       0.8967452628372913
     656.3721147431621148       0.9222017009884196
     656.3723148765843689       0.7912315096065741
     656.3725150100067367       0.8338870276108136
     656.3727151434289908       0.8988711747962531
     656.3729152768512449       0.8695048378271013
     656.3731154102734990       0.8061319199117316
     656.3733155436958668       0.9082490537493294
     656.3735156771181209       0.8835565694658269
     656.3737158105403751       0.9032004244960166
     656.3739159439626292       0.8824382983094903
     656.3741160773849970       0.8531662504157652
     656.3743162108072511       0.9076504213928905
     656.3745163442295052       0.8091278355397009
     656.3747164776517593       0.9386397789615801
     656.3749166110740134       0.9125155265258461
     656.3751167444963812       0.9180723463674686
     656.3753168779186353       0.9538399121373853
     656.3755170113408894       0.9087691716070250
     656.3757171447631436       0.9368776420836965
     656.3759172781855113       0.9580480310702799
     656.3761174116077655       0.9506282191804563
     656.3763175450300196       0.9954911178256411
     656.3765176784522737       1.0168950310055558
     656.3767178118746415       0.9194644284451281
     656.3769179452968956       1.0205553759770152
     656.3771180787191497       0.9746973086354390
     656.3773182121414038       1.0157205779615064
     656.3775183455637716       0.9196271967334136
     656.3777184789860257       0.9554809657486485
     656.3779186124082798       1.0236753330591735
     656.3781187458305340       1.0796168715856367
     656.3783188792529018       0.9834658638376438
     656.3785190126751559       0.9705712532570411
     656.3787191460974100       1.0419339114556587
     656.3789192795196641       0.9437423486648465
     656.3791194129420319       1.0222433179651289
     656.3793195463642860       0.9972756057636435
     656.3795196797865401       1.0438035004143449
     656.3797198132087942       0.9488664939234047
     656.3799199466311620       1.0357593969495811
     656.3801200800534161       0.9023568360127618
     656.3803202134756702       0.9987835159028715
     656.3805203468979244       0.9930773906732514
     656.3807204803201785       0.9115523856636000
     656.3809206137425463       1.0020612348689051
     656.3811207471648004       1.0027386801672182
     656.3813208805870545       1.0261999829679875
     656.3815210140093086       0.9562255008103666
     656.3817211474316764       1.1015154575780715
     656.3819212808539305       0.9787325997289633
     656.3821214142761846       0.9723423384441287
     656.3823215476984387       0.9220709027831516
     656.3825216811208065       1.0491447043449833
     656.3827218145430606       1.0180971410902782
     656.3829219479653148       1.0644345297793840
     656.3831220813875689       0.9643807767271751
     656.3833222148099367       1.0394887839361686
     656.3835223482321908       0.9696987409762476
     656.3837224816544449       0.9911785313342200
     656.3839226150766990       0.9300483756883091
     656.3841227484990668       0.9964904842089006
     656.3843228819213209       0.9866388969037919
     656.3845230153435750       0.9135750316963007
     656.3847231487658291       0.9505169426285144
     656.3849232821881969       1.0508379750192951
     656.3851234156104510       0.9868768876848730
     656.3853235490327052       1.0424043947470274
     656.3855236824549593       1.0141338057101286
     656.3857238158772134       0.9317627309909539
     656.3859239492995812       1.0175413189940197
     656.3861240827218353       1.0347445440582552
     656.3863242161440894       0.9786702084937637
     656.3865243495663435       0.9880918452249760
     656.3867244829887113       0.9553751775318068
     656.3869246164109654       0.9630187651265455
     656.3871247498332195       1.0177188540613320
     656.3873248832554737       0.9960607482953585
     656.3875250166778414       0.9890645314105861
     656.3877251501000956       1.0461430361453219
     656.3879252835223497       1.1311575458652148
     656.3881254169446038       0.9660230282476137
     656.3883255503669716       1.0871173415315492
     656.3885256837892257       1.0223531967530253
     656.3887258172114798       0.9461256169300658
     656.3889259506337339       0.9337988007730134
     656.3891260840561017       1.1174271063447314
     656.3893262174783558       1.0094450257784318
     656.3895263509006099       1.0737836008025083
     656.3897264843228641       0.9452841936631421
     656.3899266177452319       1.0460593661607285
     656.3901267511674860       1.1004115584741858
     656.3903268845897401       0.9819572944484339
     656.3905270180119942       0.9078363197858768
     656.3907271514343620       1.0376622416263526
     656.3909272848566161       0.9840617605426828
     656.3911274182788702       1.0429401278650103
     656.3913275517011243       1.0165659621318897
     656.3915276851233784       0.9821406739311833
     656.3917278185457462       1.0085605663209170
     656.3919279519680003       1.0748695978877025
     656.3921280853902545       0.9748644342971594
     656.3923282188125086       1.0293551807593122
     656.3925283522348764       0.9696210562229299
     656.3927284856571305       0.9625005858442010
     656.3929286190793846       0.9696727777069276
     656.3931287525016387       0.9643959950675528
     656.3933288859240065       1.0725617596320145
     656.3935290193462606       1.0705044168425537
     656.3937291527685147       1.0225211343608116
     656.3939292861907688       1.0385434650282059
     656.3941294196131366       1.0781139348214559
     656.3943295530353907       1.0421200051533763
     656.3945296864576449       0.9679110454262195
     656.3947298198798990       1.0811894606349306
     656.3949299533022668       0.9648857746959676
     656.3951300867245209       0.8671344516455016
     656.3953302201467750       1.0733246429156580
     656.3955303535690291       1.0783141850270630
     656.3957304869913969       0.9837808645429673
     656.3959306204136510       0.9502221531567910
     656.3961307538359051       1.1104216500687889
     656.3963308872581592       0.9446116573801854
     656.3965310206804133       1.0683969706078065
     656.3967311541027811       0.9390998892330340
     656.3969312875250353       0.9718806836643512
     656.3971314209472894       1.0475597791295430
     656.3973315543695435       0.9780371915493733
     656.3975316877919113       1.0097964620178712
     656.3977318212141654       0.9932678705053954
     656.3979319546364195       0.9694568812827936
     656.3981320880586736       1.0086647123084944
     656.3983322214810414       1.0473855808367900
     656.3985323549032955       1.0795848593109287
     656.3987324883255496       1.0023963889102583
     656.3989326217478038       0.9806565623727289
     656.3991327551701715       0.9833809696135742
     656.3993328885924257       1.0409463718532026
     656.3995330220146798       0.9343801885842253
     656.3997331554369339       1.0243058949708237
     656.3999332888593017       0.9955711308866260
     656.4001334222815558       0.9876931300386459
     656.4003335557038099       1.0301083903759496
     656.4005336891260640       0.9426904544234125
     656.4007338225484318       0.9576232433318990
     656.4009339559706859       1.0193621683865717
     656.4011340893929400       0.9542216025292827
     656.4013342228151942       0.9475698657333820
     656.4015343562375620       0.9406777806580046
     656.4017344896598161       1.0535096712410437
     656.4019346230820702       1.0838108882307997
     656.4021347565043243       1.0597242601215833
     656.4023348899265784       0.9602810181677337
     656.4025350233489462       1.0923937782645223
     656.4027351567712003       1.0437956564128397
     656.4029352901934544       1.0376304499804974
     656.4031354236157085       1.0463212244212627
     656.4033355570380763       1.0042530903592706
     656.4035356904603304       0.9914626413956285
     656.4037358238825846       1.0499770343303680
     656.4039359573048387       0.8639386445283890
     656.4041360907272065       0.9024975597858429
     656.4043362241494606       0.9350116550922394
     656.4045363575717147       1.0296485107392073
     656.4047364909939688       1.0966442078351974
     656.4049366244163366       0.9295252487063408
     656.4051367578385907       0.9898148309439421
     656.4053368912608448       1.1167907714843750
     656.4055370246830989       1.0150665836408734
     656.4057371581054667       0.9490941651165485
     656.4059372915277208       0.9506754316389561
     656.4061374249499750       1.0796780735254288
     656.4063375583722291       0.9760769773274660
     656.4065376917945969       0.9948924393393099
     656.4067378252168510       0.9464163891971111
     656.4069379586391051       0.9708891864866018
     656.4071380920613592       0.9908485496416688
     656.4073382254836133       1.0128255505114794
     656.4075383589059811       0.9662749692797661
     656.4077384923282352       0.9510064274072647
     656.4079386257504893       1.0085982559248805
     656.4081387591727434       1.0533129349350929
     656.4083388925951112       1.0893162414431572
     656.4085390260173654       1.0511572323739529
     656.4087391594396195       1.0104505447670817
     656.4089392928618736       0.9507327117025852
     656.4091394262842414       1.0214317776262760
     656.4093395597064955       1.0695552602410316
     656.4095396931287496       1.0393313802778721
     656.4097398265510037       0.9686951152980328
     656.4099399599733715       1.0683239847421646
     656.4101400933956256       0.9827769082039595
     656.4103402268178797       0.9738428983837366
     656.4105403602401339       0.9992604377330281
     656.4107404936625016       1.1024167910218239
     656.4109406270847558       1.0163933765143156
     656.4111407605070099       1.0199533365666866
     656.4113408939292640       1.0332821868360043
     656.4115410273516318       0.9724942594766617
     656.4117411607738859       0.8751179426908493
     656.4119412941961400       0.9890820272266865
     656.4121414276183941       0.9572706110775471
     656.4123415610407619       0.9147387892007828
     656.4125416944630160       1.0258337911218405
     656.4127418278852701       0.9626048430800438
     656.4129419613075243       1.0275835525244474
     656.4131420947297784       1.0839852020144463
     656.4133422281521462       1.0007586671272293
     656.4135423615744003       0.9185069575905800
     656.4137424949966544       0.9482037760317326
     656.4139426284189085       0.9603445306420326
     656.4141427618412763       0.9085051640868187
     656.4143428952635304       0.9897998161613941
     656.4145430286857845       0.9732956886291504
     656.4147431621080386       0.9556898586452007
     656.4149432955304064       0.9544092006981373
     656.4151434289526605       0.9660427197813988
     656.4153435623749147       1.0998319387435913
     656.4155436957971688       1.0461734794080257
     656.4157438292195366       0.9354927465319633
     656.4159439626417907       0.9686978124082088
     656.4161440960640448       1.0028618881478906
     656.4163442294862989       0.9724985901266336
     656.4165443629086667       0.9229341968894005
     656.4167444963309208       0.9890651172026992
     656.4169446297531749       0.9304447248578072
     656.4171447631754290       1.0284369625151157
     656.4173448965977968       0.9747600220143795
     656.4175450300200509       0.9428024291992188
     656.4177451634423051       0.9518301747739315
     656.4179452968645592       1.0142143685370684
     656.4181454302869270       0.9813979193568230
     656.4183455637091811       0.9639751017093658
     656.4185456971314352       0.9734299294650555
     656.4187458305536893       1.1118742376565933
     656.4189459639759434       0.9046137779951096
     656.4191460973983112       1.0393477641046047
     656.4193462308205653       0.9334225952625275
     656.4195463642428194       0.9893128955736756
     656.4197464976650735       0.9984917291440070
     656.4199466310874413       0.9828286804258823
     656.4201467645096955       1.0717073529958725
     656.4203468979319496       1.0037386927288026
     656.4205470313542037       0.9431937523186207
     656.4207471647765715       1.0524180829524994
     656.4209472981988256       0.9529583230614662
     656.4211474316210797       0.9351503029465675
     656.4213475650433338       0.8898522257804871
     656.4215476984657016       0.9350930526852608
     656.4217478318879557       0.9915411686524749
     656.4219479653102098       0.9628296233713627
     656.4221480987324640       1.1052275523543358
     656.4223482321548317       0.9954536822624505
     656.4225483655770859       0.9013448804616928
     656.4227484989993400       0.9732628930360079
     656.4229486324215941       0.9082399830222130
     656.4231487658439619       1.0435440950095654
     656.4233488992662160       0.9857235299423337
     656.4235490326884701       0.9779192190617323
     656.4237491661107242       0.9851883351802826
     656.4239492995329783       1.0373094640672207
     656.4241494329553461       1.0335219018161297
     656.4243495663776002       1.0287816729396582
     656.4245496997998544       0.9569344744086266
     656.4247498332221085       0.9679949805140495
     656.4249499666444763       0.9867435200139880
     656.4251501000667304       0.9212270602583885
     656.4253502334889845       0.9251819103956223
     656.4255503669112386       1.0320364572107792
     656.4257505003336064       0.9474136345088482
     656.4259506337558605       1.0869869068264961
     656.4261507671781146       0.9948882507160306
     656.4263509006003687       1.0540558584034443
     656.4265510340227365       1.0445517152547836
     656.4267511674449906       1.1719454824924469
     656.4269513008672448       1.0282511543482542
     656.4271514342894989       1.0032468456774950
     656.4273515677118667       0.9292034804821014
     656.4275517011341208       0.9402708336710930
     656.4277518345563749       1.0395963974297047
     656.4279519679786290       0.9594952464103699
     656.4281521014009968       0.9897801419720054
     656.4283522348232509       0.8947813361883163
     656.4285523682455050       0.9269222691655159
     656.4287525016677591       0.9738718178123236
     656.4289526350901269       1.0611658357083797
     656.4291527685123810       0.9464568793773651
     656.4293529019346352       1.1254314035177231
     656.4295530353568893       0.9833729546517134
     656.4297531687791434       0.9625892229378223
     656.4299533022015112       0.9146926477551460
     656.4301534356237653       1.0198726318776608
     656.4303535690460194       0.9450135044753551
     656.4305537024682735       0.9911977527663112
     656.4307538358906413       1.0847574397921562
     656.4309539693128954       0.9918415891006589
     656.4311541027351495       0.9800013713538647
     656.4313542361574036       1.0961555764079094
     656.4315543695797714       1.0007507927366532
     656.4317545030020256       0.9462664350867271
     656.4319546364242797       1.0791630372405052
     656.4321547698465338       1.0082651413977146
     656.4323549032689016       0.9810982104390860
     656.4325550366911557       1.0164646618068218
     656.4327551701134098       0.9351525828242302
     656.4329553035356639       1.0168982874602079
     656.4331554369580317       1.0533302240073681
     656.4333555703802858       0.9798379186540842
     656.4335557038025399       0.9951340807601810
     656.4337558372247940       0.9326762780547142
     656.4339559706471618       1.1054336205124855
     656.4341561040694160       1.0067513459362090
     656.4343562374916701       0.9601746015250683
     656.4345563709139242       0.9891570610925555
     656.4347565043361783       1.0180583316832781
     656.4349566377585461       0.9621187746524811
     656.4351567711808002       0.8697872906923294
     656.4353569046030543       0.9421208798885345
     656.4355570380253084       0.9530417248606682
     656.4357571714476762       1.0688567534089088
     656.4359573048699303       1.0192395504564047
     656.4361574382921845       0.9687756840139627
     656.4363575717144386       1.0875804051756859
     656.4365577051368064       1.0114297857508063
     656.4367578385590605       1.0522268414497375
     656.4369579719813146       1.0894979387521744
     656.4371581054035687       1.0237201582640409
     656.4373582388259365       0.9160560071468353
     656.4375583722481906       0.9993712394498289
     656.4377585056704447       1.0397948175668716
     656.4379586390926988       0.9923833487555385
     656.4381587725150666       1.0168244615197182
     656.4383589059373207       0.9851515525951982
     656.4385590393595749       0.9380949065089226
     656.4387591727818290       0.9956437679938972
     656.4389593062041968       1.0701764598488808
     656.4391594396264509       1.0310569237917662
     656.4393595730487050       0.9850290725007653
     656.4395597064709591       0.9978508057538420
     656.4397598398933269       0.9580503031611443
     656.4399599733155810       0.9920168071985245
     656.4401601067378351       1.0410117022693157
     656.4403602401600892       0.9754690267145634
     656.4405603735823433       1.0687393993139267
     656.4407605070047111       0.9470066055655479
     656.4409606404269653       0.9425326772034168
     656.4411607738492194       1.0767013803124428
     656.4413609072714735       0.9427541978657246
     656.4415610406938413       1.0151960924267769
     656.4417611741160954       0.9599533900618553
     656.4419613075383495       1.0808058157563210
     656.4421614409606036       0.9737633876502514
     656.4423615743829714       0.9519168622791767
     656.4425617078052255       1.0048809065483510
     656.4427618412274796       0.9438780136406422
     656.4429619746497337       1.0520481951534748
     656.4431621080721015       0.9514969438314438
     656.4433622414943557       0.9558818899095058
     656.4435623749166098       1.0221882984042168
     656.4437625083388639       1.0819002315402031
     656.4439626417612317       1.0456614047288895
     656.4441627751834858       0.9915634831413627
     656.4443629086057399       0.9742566887289286
     656.4445630420279940       0.9390340074896812
     656.4447631754503618       0.9472119510173798
     656.4449633088726159       0.9812470898032188
     656.4451634422948700       1.0277874860912561
     656.4453635757171241       0.9112112000584602
     656.4455637091393783       0.9837564937770367
     656.4457638425617461       1.0130756041035056
     656.4459639759840002       1.0058032730594277
     656.4461641094062543       1.0324446000158787
     656.4463642428285084       0.9981801969697699
     656.4465643762508762       0.9801648035645485
     656.4467645096731303       1.0521880574524403
     656.4469646430953844       1.0151156708598137
     656.4471647765176385       0.9765420593321323
     656.4473649099400063       1.0181864146143198
     656.4475650433622604       1.0767710432410240
     656.4477651767845146       1.0479956716299057
     656.4479653102067687       0.9982002608012408
     656.4481654436291365       1.0590026788413525
     656.4483655770513906       0.9851807877421379
     656.4485657104736447       1.0455565452575684
     656.4487658438958988       1.0576891675591469
     656.4489659773182666       0.9678587205708027
     656.4491661107405207       0.9617781080305576
     656.4493662441627748       0.9016403183341026
     656.4495663775850289       0.9951660423539579
     656.4497665110073967       0.9893940323963761
     656.4499666444296508       1.0066186795011163
     656.4501667778519050       0.9680642522871494
     656.4503669112741591       0.9760434757918119
     656.4505670446965269       1.0518874824047089
     656.4507671781187810       1.0540946796536446
     656.4509673115410351       1.0180616583675146
     656.4511674449632892       0.9683477580547333
     656.4513675783855433       1.0763908699154854
     656.4515677118079111       0.9283136725425720
     656.4517678452301652       0.9868653146550059
     656.4519679786524193       0.9811172150075436
     656.4521681120746734       0.8645391911268234
     656.4523682454970412       1.0093980869278312
     656.4525683789192954       1.0052301785908639
     656.4527685123415495       0.9532174207270145
     656.4529686457638036       1.0233894139528275
     656.4531687791861714       0.9929255386814475
     656.4533689126084255       0.9527847245335579
     656.4535690460306796       1.0472940020263195
     656.4537691794529337       1.0200352873653173
     656.4539693128753015       1.0469512417912483
     656.4541694462975556       1.0303722806274891
     656.4543695797198097       1.1064346581697464
     656.4545697131420638       1.0626392588019371
     656.4547698465644316       0.9283922612667084
     656.4549699799866858       0.9885940123349428
     656.4551701134089399       1.0015706041594967
     656.4553702468311940       0.9743031281977892
     656.4555703802535618       0.9493492059409618
     656.4557705136758159       1.0012800756376237
     656.4559706470980700       0.9321498125791550
     656.4561707805203241       0.9611918441951275
     656.4563709139425782       0.9459812380373478
     656.4565710473649460       1.0231406912207603
     656.4567711807872001       0.9908955451101065
     656.4569713142094542       1.1019189283251762
     656.4571714476317084       1.0249474346637726
     656.4573715810540762       1.0149237830191851
     656.4575717144763303       0.9429523944854736
     656.4577718478985844       0.9444486796855927
     656.4579719813208385       0.9226574674248695
     656.4581721147432063       1.0345758199691772
     656.4583722481654604       0.9688051063567400
     656.4585723815877145       1.0915354341268539
     656.4587725150099686       1.0819537863135338
     656.4589726484323364       0.9241928309202194
     656.4591727818545905       1.0404283925890923
     656.4593729152768447       1.0394072644412518
     656.4595730486990988       1.0240662451833487
     656.4597731821214666       0.9624213799834251
     656.4599733155437207       0.9580714777112007
     656.4601734489659748       1.0162608213722706
     656.4603735823882289       0.9463932625949383
     656.4605737158105967       1.0270795170217752
     656.4607738492328508       0.9413732625544071
     656.4609739826551049       1.0046537555754185
     656.4611741160773590       0.9738724548369646
     656.4613742494997268       0.9110511168837547
     656.4615743829219809       1.0327025465667248
     656.4617745163442351       1.0117750549688935
     656.4619746497664892       0.9700258485972881
     656.4621747831887433       0.9837070219218731
     656.4623749166111111       1.0811537578701973
     656.4625750500333652       1.0797112733125687
     656.4627751834556193       0.9959401814267039
     656.4629753168778734       0.9296072646975517
     656.4631754503002412       0.9476012513041496
     656.4633755837224953       0.9640526250004768
     656.4635757171447494       1.0550553277134895
     656.4637758505670035       1.0299067031592131
     656.4639759839893713       1.0441189892590046
     656.4641761174116255       1.0137620372697711
     656.4643762508338796       0.9973704358562827
     656.4645763842561337       1.0353508591651917
     656.4647765176785015       0.9039960131049156
     656.4649766511007556       1.0601036548614502
     656.4651767845230097       1.0365846902132034
     656.4653769179452638       1.0597129054367542
     656.4655770513676316       0.9831640049815178
     656.4657771847898857       0.9326634034514427
     656.4659773182121398       0.9683053791522980
     656.4661774516343939       1.1012264266610146
     656.4663775850567617       0.9955096170306206
     656.4665777184790159       0.9856297848746181
     656.4667778519012700       0.9002952054142952
     656.4669779853235241       0.9694905150681734
     656.4671781187458919       0.9811783023178577
     656.4673782521681460       1.0801074728369713
     656.4675783855904001       0.9353439658880234
     656.4677785190126542       1.1033842489123344
     656.4679786524349083       0.9721780065447092
     656.4681787858572761       0.9845887627452612
     656.4683789192795302       0.9810572881251574
     656.4685790527017843       0.9784048125147820
     656.4687791861240385       1.0203154813498259
     656.4689793195464063       0.9889561096206307
     656.4691794529686604       1.0426128990948200
     656.4693795863909145       1.0374361500144005
     656.4695797198131686       1.0062913149595261
     656.4697798532355364       0.9052667915821075
     656.4699799866577905       1.0675844252109528
     656.4701801200800446       0.9206188097596169
     656.4703802535022987       1.0164271648973227
     656.4705803869246665       0.9677611775696278
     656.4707805203469206       1.0088926954194903
     656.4709806537691748       1.0371940024197102
     656.4711807871914289       1.0351860485970974
     656.4713809206137967       0.9482415318489075
     656.4715810540360508       1.0720641016960144
     656.4717811874583049       1.0424242764711380
     656.4719813208805590       1.0266095791012049
     656.4721814543029268       0.8643944114446640
     656.4723815877251809       0.9730658549815416
     656.4725817211474350       0.9815454427152872
     656.4727818545696891       0.9747033268213272
     656.4729819879919432       1.0357991605997086
     656.4731821214143110       0.9252178668975830
     656.4733822548365652       1.0495771393179893
     656.4735823882588193       0.8812151998281479
     656.4737825216810734       1.0836529061198235
     656.4739826551034412       1.0024734609760344
     656.4741827885256953       1.0671851933002472
     656.4743829219479494       0.9890351118519902
     656.4745830553702035       1.0247201509773731
     656.4747831887925713       1.0801079273223877
     656.4749833222148254       1.0374663583934307
     656.4751834556370795       1.0065271370112896
     656.4753835890593336       0.9310541003942490
     656.4755837224817014       1.0122214993461967
     656.4757838559039556       0.9790722820907831
     656.4759839893262097       1.0587857775390148
     656.4761841227484638       0.9683136083185673
     656.4763842561708316       1.0457057505846024
     656.4765843895930857       1.0263060014694929
     656.4767845230153398       0.9903172254562378
     656.4769846564375939       1.1361602544784546
     656.4771847898599617       0.9588291570544243
     656.4773849232822158       0.9179557040333748
     656.4775850567044699       0.9701634068042040
     656.4777851901267240       0.9681041724979877
     656.4779853235490918       1.0476348809897900
     656.4781854569713460       1.0193204004317522
     656.4783855903936001       1.0134709300473332
     656.4785857238158542       1.0508950613439083
     656.4787858572381083       0.9701520819216967
     656.4789859906604761       0.9776112288236618
     656.4791861240827302       0.9428201243281364
     656.4793862575049843       0.9903112063184381
     656.4795863909272384       0.9980655828258023
     656.4797865243496062       1.0178123153746128
     656.4799866577718603       0.9768520127981901
     656.4801867911941144       0.9637174494564533
     656.4803869246163686       1.0205630119889975
     656.4805870580387364       0.9945924244821072
     656.4807871914609905       1.0117765385657549
     656.4809873248832446       1.0204802528023720
     656.4811874583054987       1.0016763482708484
     656.4813875917278665       0.9986465119291097
     656.4815877251501206       0.9122726917266846
     656.4817878585723747       0.9474501237273216
     656.4819879919946288       1.0791555419564247
     656.4821881254169966       0.9209565520286560
     656.4823882588392507       1.0165750384330750
     656.4825883922615049       0.9788967687636614
     656.4827885256837590       1.0906660258769989
     656.4829886591061268       1.0448599308729172
     656.4831887925283809       1.0421325080096722
     656.4833889259506350       0.9169376567006111
     656.4835890593728891       1.0322955921292305
     656.4837891927951432       1.0001817220618250
     656.4839893262175110       1.0139331063255668
     656.4841894596397651       0.9595072194933891
     656.4843895930620192       1.0230922028422356
     656.4845897264842733       1.0060402634553611
     656.4847898599066411       1.0161835383623838
     656.4849899933288953       0.9906076984480023
     656.4851901267511494       1.0082719763740897
     656.4853902601734035       1.0084596974775195
     656.4855903935957713       0.9573659263551235
     656.4857905270180254       1.0003637930494733
     656.4859906604402795       0.9896198585629463
     656.4861907938625336       1.0654394403100014
     656.4863909272849014       0.9763485640287399
     656.4865910607071555       0.9853158397600055
     656.4867911941294096       0.9304540380835533
     656.4869913275516637       0.9510709755122662
     656.4871914609740315       0.9249709174036980
     656.4873915943962857       0.9043685793876648
     656.4875917278185398       1.0363934934139252
     656.4877918612407939       1.0462857075035572
     656.4879919946631617       0.9600136019289494
     656.4881921280854158       1.0392965786159039
     656.4883922615076699       0.8945741653442383
     656.4885923949299240       0.9589036628603935
     656.4887925283522918       1.0033407413866371
     656.4889926617745459       0.9176923930644989
     656.4891927951968000       1.0541580878198147
     656.4893929286190541       1.0411900244653225
     656.4895930620413083       0.9532747566699982
     656.4897931954636761       1.0743876844644547
     656.4899933288859302       0.9041482433676720
     656.4901934623081843       1.0512294284999371
     656.4903935957304384       0.9848052589222789
     656.4905937291528062       0.9423094913363457
     656.4907938625750603       0.9555261023342609
     656.4909939959973144       1.0240854285657406
     656.4911941294195685       1.0565552189946175
     656.4913942628419363       1.0320217870175838
     656.4915943962641904       0.9269694462418556
     656.4917945296864445       1.0144704701378942
     656.4919946631086987       1.0105678299441934
     656.4921947965310665       0.9567035958170891
     656.4923949299533206       0.9493605233728886
     656.4925950633755747       0.9808560628443956
     656.4927951967978288       0.9865852976217866
     656.4929953302201966       1.0673354044556618
     656.4931954636424507       1.0043790782801807
     656.4933955970647048       0.9531024433672428
     656.4935957304869589       1.0656334012746811
     656.4937958639093267       0.9273845180869102
     656.4939959973315808       1.0163317061960697
     656.4941961307538350       1.0643148645758629
     656.4943962641760891       1.0349877737462521
     656.4945963975983432       0.9755022898316383
     656.4947965310207110       0.9971708373632282
     656.4949966644429651       1.0016511002322659
     656.4951967978652192       1.0292842667549849
     656.4953969312874733       0.9401484839618206
     656.4955970647098411       0.9980320341419429
     656.4957971981320952       1.0104726990684867
     656.4959973315543493       0.9575240537524223
     656.4961974649766034       1.0267387926578522
     656.4963975983989712       1.0024929367937148
     656.4965977318212254       0.9251588806509972
     656.4967978652434795       1.0408252961933613
     656.4969979986657336       1.0365234613418579
     656.4971981320881014       0.9548027105629444
     656.4973982655103555       1.0304666645824909
     656.4975983989326096       0.9886010522022843
     656.4977985323548637       0.9873444484546781
     656.4979986657772315       0.9985957917524502
     656.4981987991994856       0.9430147744715214
     656.4983989326217397       0.9904610868543386
     656.4985990660439938       0.9808826427906752
     656.4987991994663616       1.0466593913733959
     656.4989993328886158       1.0921343788504601
     656.4991994663108699       1.0148323494940996
     656.4993995997331240       1.0119444588199258
     656.4995997331554918       1.0067130713723600
     656.4997998665777459       0.9831856358796358
     656.5000000000000000       0.9792932067066431
