     656.2000000000000455       0.9765346180647612
     656.2002001334222996       0.9252893626689911
     656.2004002668445537       1.0610634386539459
     656.2006004002669215       0.9649297408759594
     656.2008005336891756       1.0274857673794031
     656.2010006671114297       1.0245316363871098
     656.2012008005336838       1.0337853766977787
     656.2014009339560516       0.9717485271394253
     656.2016010673783057       0.9850023146718740
     656.2018012008005599       0.9423608779907227
     656.2020013342228140       1.0331529490649700
     656.2022014676451818       1.0473899096250534
     656.2024016010674359       0.9500126093626022
     656.2026017344896900       1.0225777309387922
     656.2028018679119441       0.9959468725137413
     656.2030020013343119       0.9402306973934174
     656.2032021347565660       0.9006431102752686
     656.2034022681788201       0.9953690264374018
     656.2036024016010742       0.9661862328648567
     656.2038025350234420       0.9908837340772152
     656.2040026684456961       1.0117546906694770
     656.2042028018679503       0.9506239779293537
     656.2044029352902044       0.9856442036107183
     656.2046030687125722       0.9655881226062775
     656.2048032021348263       0.9646209105849266
     656.2050033355570804       0.9594679661095142
     656.2052034689793345       0.9499759897589684
     656.2054036024017023       1.0136606125161052
     656.2056037358239564       0.9886016706004739
     656.2058038692462105       0.9584240056574345
     656.2060040026684646       0.9597899988293648
     656.2062041360907187       1.1001987233757973
     656.2064042695130865       0.9665716588497162
     656.2066044029353407       0.9441752620041370
     656.2068045363575948       1.0349627248942852
     656.2070046697798489       1.0076249423436821
     656.2072048032022167       0.8823716640472412
     656.2074049366244708       1.0592160001397133
     656.2076050700467249       0.9981491287471727
     656.2078052034689790       1.0497967861592770
     656.2080053368913468       1.0753251537680626
     656.2082054703136009       1.0227329879999161
     656.2084056037358550       1.0764465034008026
     656.2086057371581092       0.9947577076964080
     656.2088058705804769       1.0655816048383713
     656.2090060040027311       1.0015498398570344
     656.2092061374249852       0.9180517420172691
     656.2094062708472393       1.0377625934779644
     656.2096064042696071       0.9878749279305339
     656.2098065376918612       0.9303981661796570
     656.2100066711141153       1.0095080854371190
     656.2102068045363694       0.9615572020411491
     656.2104069379587372       0.8921044245362282
     656.2106070713809913       0.9706570170819759
     656.2108072048032454       0.9047899916768074
     656.2110073382254996       1.0677147209644318
     656.2112074716477537       0.9401169344782829
     656.2114076050701215       0.9974634707905352
     656.2116077384923756       1.0255931373685598
     656.2118078719146297       1.0239631738513708
     656.2120080053368838       1.0338857620954514
     656.2122081387592516       1.0331470295786858
     656.2124082721815057       1.0558917522430420
     656.2126084056037598       0.9507885240018368
     656.2128085390260139       0.8607700765132904
     656.2130086724483817       0.9936933182179928
     656.2132088058706358       1.0207574106752872
     656.2134089392928900       1.0065570990554988
     656.2136090727151441       0.8945252895355225
     656.2138092061375119       1.0654948279261589
     656.2140093395597660       0.7743809223175049
     656.2142094729820201       1.0462118424475193
     656.2144096064042742       1.0721615999937057
     656.2146097398266420       1.0325885005295277
     656.2148098732488961       1.0481859929859638
     656.2150100066711502       1.0064169871620834
     656.2152101400934043       0.9563306160271168
     656.2154102735157721       0.9459523893892765
     656.2156104069380262       1.0127440458163619
     656.2158105403602804       1.0788323059678078
     656.2160106737825345       0.9577999040484428
     656.2162108072049023       1.0050350730307400
     656.2164109406271564       0.9966760333627462
     656.2166110740494105       1.0435321740806103
     656.2168112074716646       0.9340645670890808
     656.2170113408939187       0.9851911738514900
     656.2172114743162865       0.9804117530584335
     656.2174116077385406       1.0825193151831627
     656.2176117411607947       1.1265429407358170
     656.2178118745830488       1.0322110764682293
     656.2180120080054166       1.0641123801469803
     656.2182121414276708       1.0219875853508711
     656.2184122748499249       1.0214653704315424
     656.2186124082721790       0.9859153181314468
     656.2188125416945468       0.9430578984320164
     656.2190126751168009       0.8370974212884903
     656.2192128085390550       1.0090464791283011
     656.2194129419613091       1.0885832682251930
     656.2196130753836769       0.9601111114025116
     656.2198132088059310       0.9585188962519169
     656.2200133422281851       1.0166048966348171
     656.2202134756504392       1.0145218418911099
     656.2204136090728070       1.0185436587780714
     656.2206137424950612       1.0877658501267433
     656.2208138759173153       1.0103754140436649
     656.2210140093395694       0.9728130456060171
     656.2212141427619372       0.9172014147043228
     656.2214142761841913       1.0339230261743069
     656.2216144096064454       1.0708562582731247
     656.2218145430286995       0.8890665024518967
     656.2220146764509536       1.0073064239695668
     656.2222148098733214       0.9642529636621475
     656.2224149432955755       1.0327904932200909
     656.2226150767178297       1.0627348795533180
     656.2228152101400838       0.9741683322936296
     656.2230153435624516       0.9612774960696697
     656.2232154769847057       0.9877760289236903
     656.2234156104069598       0.9482535310089588
     656.2236157438292139       0.9928204109892249
     656.2238158772515817       0.9483747370541096
     656.2240160106738358       0.9676161967217922
     656.2242161440960899       0.8828905075788498
     656.2244162775183440       1.0879076793789864
     656.2246164109407118       0.9878160571679473
     656.2248165443629659       0.9796234387904406
     656.2250166777852201       0.9861383819952607
     656.2252168112074742       1.0387102216482162
     656.2254169446298420       1.0180435907095671
     656.2256170780520961       0.9936009459197521
     656.2258172114743502       1.0462321713566780
     656.2260173448966043       1.0422667898237705
     656.2262174783189721       1.1503938436508179
     656.2264176117412262       0.9559037275612354
     656.2266177451634803       0.9717393070459366
     656.2268178785857344       0.9113333299756050
     656.2270180120081022       0.9579522646963596
     656.2272181454303563       0.9102791026234627
     656.2274182788526105       0.9403904080390930
     656.2276184122748646       0.9565862491726875
     656.2278185456971187       0.9568931758403778
     656.2280186791194865       1.1565555483102798
     656.2282188125417406       0.9730228427797556
     656.2284189459639947       1.0053129964508116
     656.2286190793862488       1.0201571881771088
     656.2288192128086166       1.0671361312270164
     656.2290193462308707       0.9866041122004390
     656.2292194796531248       1.0481763742864132
     656.2294196130753789       0.8641908913850784
     656.2296197464977467       1.0793324261903763
     656.2298198799200009       1.1415573507547379
     656.2300200133422550       0.8737356215715408
     656.2302201467645091       1.0077661159448326
     656.2304202801868769       1.0148673979565501
     656.2306204136091310       1.0007520659710281
     656.2308205470313851       0.9689658004790545
     656.2310206804536392       1.0324918515980244
     656.2312208138760070       0.9192344471812248
     656.2314209472982611       0.9956548167392612
     656.2316210807205152       0.9536343328654766
     656.2318212141427693       0.9529872722923756
     656.2320213475651371       1.0067655271850526
     656.2322214809873913       1.0151169123128057
     656.2324216144096454       0.9868269050493836
     656.2326217478318995       1.0039354027248919
     656.2328218812541536       0.9301808625459671
     656.2330220146765214       1.0445328094065189
     656.2332221480987755       0.9096809700131416
     656.2334222815210296       1.0339327231049538
     656.2336224149432837       1.0148003129288554
     656.2338225483656515       1.0212151687592268
     656.2340226817879056       0.9468194358050823
     656.2342228152101598       0.9091166034340858
     656.2344229486324139       0.9870353993028402
     656.2346230820547817       0.9791717659682035
     656.2348232154770358       1.0114481570199132
     656.2350233488992899       1.0040288111194968
     656.2352234823215440       1.0138320839032531
     656.2354236157439118       1.0297876931726933
     656.2356237491661659       1.0476676784455776
     656.2358238825884200       0.9746326748281717
     656.2360240160106741       1.0411526560783386
     656.2362241494330419       1.0678061470389366
     656.2364242828552960       0.9941644165664911
     656.2366244162775502       0.9922005264088511
     656.2368245496998043       1.0028233535122126
     656.2370246831221721       1.0078024989925325
     656.2372248165444262       0.9423492364585400
     656.2374249499666803       1.0125432331115007
     656.2376250833889344       1.0751887261867523
     656.2378252168113022       0.9372549206018448
     656.2380253502335563       1.0315208397805691
     656.2382254836558104       0.9609185196459293
     656.2384256170780645       0.8978975266218185
     656.2386257505003186       0.9792875237762928
     656.2388258839226864       0.9297893866896629
     656.2390260173449406       1.0913229808211327
     656.2392261507671947       1.0458811037242413
     656.2394262841894488       1.0078122816048563
     656.2396264176118166       0.9231520742177963
     656.2398265510340707       0.9720724765211344
     656.2400266844563248       1.0472662299871445
     656.2402268178785789       0.9986430355347693
     656.2404269513009467       1.0031827110797167
     656.2406270847232008       1.0428029261529446
     656.2408272181454549       1.0225685574114323
     656.2410273515677090       0.9514314122498035
     656.2412274849900768       0.9507859237492085
     656.2414276184123310       0.9637752324342728
     656.2416277518345851       0.9731841031461954
     656.2418278852568392       1.0891539379954338
     656.2420280186792070       1.0101201748475432
     656.2422281521014611       0.9128365293145180
     656.2424282855237152       1.0462314374744892
     656.2426284189459693       0.9967021360062063
     656.2428285523683371       0.9707577582448721
     656.2430286857905912       1.0032088425941765
     656.2432288192128453       0.9239932522177696
     656.2434289526350994       1.0631164535880089
     656.2436290860574672       1.0752950906753540
     656.2438292194797214       0.9499384090304375
     656.2440293529019755       1.0744803398847580
     656.2442294863242296       0.9393736049532890
     656.2444296197464837       1.0105531960725784
     656.2446297531688515       0.9554718732833862
     656.2448298865911056       0.9625333845615387
     656.2450300200133597       1.0105409501120448
     656.2452301534356138       0.9836919382214546
     656.2454302868579816       0.9093907326459885
     656.2456304202802357       1.0102515844628215
     656.2458305537024899       1.0658217594027519
     656.2460306871247440       1.0670028999447823
     656.2462308205471118       0.9806142728775740
     656.2464309539693659       0.9602227471768856
     656.2466310873916200       0.9351378306746483
     656.2468312208138741       0.9700348824262619
     656.2470313542362419       0.9070142209529877
     656.2472314876584960       0.9717105794698000
     656.2474316210807501       0.9516165107488632
     656.2476317545030042       1.0210665371268988
     656.2478318879253720       1.0324814878404140
     656.2480320213476261       0.9581786617636681
     656.2482321547698803       0.9840043168514967
     656.2484322881921344       1.0373246334493160
     656.2486324216145022       0.9659862257540226
     656.2488325550367563       1.0010423344792798
     656.2490326884590104       1.0159200020134449
     656.2492328218812645       1.0090871555730700
     656.2494329553035186       0.9907500641420484
     656.2496330887258864       0.8838831037282944
     656.2498332221481405       0.9441634006798267
     656.2500333555703946       1.0188757684081793
     656.2502334889926487       0.9887816933915019
     656.2504336224150165       1.1829947084188461
     656.2506337558372707       1.0299091432243586
     656.2508338892595248       1.0350927971303463
     656.2510340226817789       0.9404544048011303
     656.2512341561041467       1.0688934996724129
     656.2514342895264008       0.9275193437933922
     656.2516344229486549       0.9447209835052490
     656.2518345563709090       1.0131519781425595
     656.2520346897932768       1.1879253238439560
     656.2522348232155309       1.0749464556574821
     656.2524349566377850       1.0441111177206039
     656.2526350900600391       1.0083689345046878
     656.2528352234824069       0.9844624558463693
     656.2530353569046611       0.9739223737269640
     656.2532354903269152       1.0385910421609879
     656.2534356237491693       0.9489651247859001
     656.2536357571715371       0.9926013080403209
     656.2538358905937912       1.0573484078049660
     656.2540360240160453       1.0092257354408503
     656.2542361574382994       1.0057315630838275
     656.2544362908606672       0.9748731665313244
     656.2546364242829213       1.0359456464648247
     656.2548365577051754       0.9452723748981953
     656.2550366911274295       1.0337426848709583
     656.2552368245496837       1.0975383669137955
     656.2554369579720515       0.9302690103650093
     656.2556370913943056       0.9119088798761368
     656.2558372248165597       1.0484379008412361
     656.2560373582388138       1.0110760815441608
     656.2562374916611816       1.0067602964118123
     656.2564376250834357       1.0442631728947163
     656.2566377585056898       1.0095793101936579
     656.2568378919279439       1.0571170225739479
     656.2570380253503117       1.0164432730525732
     656.2572381587725658       1.0078957285732031
     656.2574382921948200       0.9536631144583225
     656.2576384256170741       0.9835925791412592
     656.2578385590394419       0.9944804697297513
     656.2580386924616960       1.0608139410614967
     656.2582388258839501       0.9988096700981259
     656.2584389593062042       1.0021711045410484
     656.2586390927285720       0.9744420219212770
     656.2588392261508261       1.0020381470676512
     656.2590393595730802       1.0169741641730070
     656.2592394929953343       0.9904458448290825
     656.2594396264177021       1.0571517907083035
     656.2596397598399562       1.0415496379137039
     656.2598398932622104       0.9601639099419117
     656.2600400266844645       1.0085626831278205
     656.2602401601067186       1.0582430064678192
     656.2604402935290864       0.9480429813265800
     656.2606404269513405       1.0136000337079167
     656.2608405603735946       1.0076998355798423
     656.2610406937958487       0.9989859933266416
     656.2612408272182165       1.0585997886955738
     656.2614409606404706       1.0641541406512260
     656.2616410940627247       1.0683453604578972
     656.2618412274849788       1.0339467525482178
     656.2620413609073466       1.0328099355101585
     656.2622414943296008       1.1155167445540428
     656.2624416277518549       0.9750498402863741
     656.2626417611741090       0.9974584751762450
     656.2628418945964768       1.0239077042788267
     656.2630420280187309       1.0051944772712886
     656.2632421614409850       0.9793899953365326
     656.2634422948632391       0.9770681373775005
     656.2636424282856069       0.9106041267514229
     656.2638425617078610       1.0219079684466124
     656.2640426951301151       0.9968363023363054
     656.2642428285523692       0.9469262845814228
     656.2644429619747370       1.0911452844738960
     656.2646430953969912       0.9851870592683554
     656.2648432288192453       1.0006621439824812
     656.2650433622414994       1.0278966557234526
     656.2652434956638672       1.0227793995290995
     656.2654436290861213       1.0772110968828201
     656.2656437625083754       1.0650348067283630
     656.2658438959306295       1.0358556285500526
     656.2660440293528836       1.0134286703541875
     656.2662441627752514       0.9463164433836937
     656.2664442961975055       1.0008019225788303
     656.2666444296197596       0.9346193745732307
     656.2668445630420138       0.9857642380520701
     656.2670446964643816       1.0007674485677853
     656.2672448298866357       0.9785749707370996
     656.2674449633088898       0.9022744670510292
     656.2676450967311439       1.0220668520778418
     656.2678452301535117       1.0346889197826385
     656.2680453635757658       0.9738369900733232
     656.2682454969980199       0.9621521607041359
     656.2684456304202740       1.0382368899881840
     656.2686457638426418       0.8584472090005875
     656.2688458972648959       0.8433234542608261
     656.2690460306871501       0.9114013388752937
     656.2692461641094042       1.0198686029762030
     656.2694462975317720       1.0153301460668445
     656.2696464309540261       0.9623199440538883
     656.2698465643762802       0.9983220010763034
     656.2700466977985343       0.9938310007564723
     656.2702468312209021       0.9760327283293009
     656.2704469646431562       1.0410952754318714
     656.2706470980654103       1.0921679958701134
     656.2708472314876644       0.9393688924610615
     656.2710473649099185       0.9782525245100260
     656.2712474983322863       0.9430600740015507
     656.2714476317545405       0.9609104245901108
     656.2716477651767946       0.9931548722088337
     656.2718478985990487       0.9861824214458466
     656.2720480320214165       1.0540085099637508
     656.2722481654436706       0.9692237786948681
     656.2724482988659247       1.1321229785680771
     656.2726484322881788       1.0451926551759243
     656.2728485657105466       0.9869036003947258
     656.2730486991328007       1.0694916024804115
     656.2732488325550548       0.9026197865605354
     656.2734489659773089       1.0290256235748529
     656.2736490993996767       0.9495840892195702
     656.2738492328219309       0.9548999257385731
     656.2740493662441850       0.9505762346088886
     656.2742494996664391       0.9993659931933507
     656.2744496330888069       1.0367609709501266
     656.2746497665110610       0.9278231263160706
     656.2748498999333151       0.9765686187893152
     656.2750500333555692       1.0032736731227487
     656.2752501667779370       1.0482645146548748
     656.2754503002001911       0.9380622692406178
     656.2756504336224452       0.9957290869206190
     656.2758505670446993       0.9501373246312141
     656.2760507004670671       0.9527723751962185
     656.2762508338893213       1.0613776855170727
     656.2764509673115754       0.9207502081990242
     656.2766511007338295       1.0423241853713989
     656.2768512341560836       1.0609288699924946
     656.2770513675784514       1.0475958921015263
     656.2772515010007055       0.9936240566894412
     656.2774516344229596       1.0115260146558285
     656.2776517678452137       0.9240288808941841
     656.2778519012675815       0.9622987546026707
     656.2780520346898356       0.9419417195022106
     656.2782521681120897       0.9024948179721832
     656.2784523015343439       1.0264285691082478
     656.2786524349567117       0.9994105771766044
     656.2788525683789658       0.9400938749313354
     656.2790527018012199       1.0254344828426838
     656.2792528352234740       1.0678700134158134
     656.2794529686458418       0.9359653294086456
     656.2796531020680959       1.0433836877346039
     656.2798532354903500       0.9919090019538999
     656.2800533689126041       0.9585601352155209
     656.2802535023349719       0.9557329379022121
     656.2804536357572260       0.9799048230051994
     656.2806537691794802       1.0290967058390379
     656.2808539026017343       1.0249119736254215
     656.2810540360241021       1.1126232892274857
     656.2812541694463562       1.0193797405809164
     656.2814543028686103       1.0083203492686152
     656.2816544362908644       0.9710436575114727
     656.2818545697131185       1.0449923500418663
     656.2820547031354863       1.0713540241122246
     656.2822548365577404       0.9216097369790077
     656.2824549699799945       1.0490039847791195
     656.2826551034022486       1.0242233406752348
     656.2828552368246164       0.9887489816173911
     656.2830553702468706       1.0038573823403567
     656.2832555036691247       0.9603876285254955
     656.2834556370913788       1.0305573940277100
     656.2836557705137466       0.9704870302230120
     656.2838559039360007       0.9534452445805073
     656.2840560373582548       1.0525179021060467
     656.2842561707805089       0.9383148550987244
     656.2844563042028767       1.0836275517940521
     656.2846564376251308       0.9276443645358086
     656.2848565710473849       0.9340108186006546
     656.2850567044696390       0.9099992141127586
     656.2852568378920068       1.0402557738125324
     656.2854569713142610       0.9812996387481689
     656.2856571047365151       1.0819661170244217
     656.2858572381587692       1.0468540899455547
     656.2860573715811370       1.0835685431957245
     656.2862575050033911       0.9059468060731888
     656.2864576384256452       0.9963053644169122
     656.2866577718478993       1.0654268339276314
     656.2868579052702671       0.9676170609891415
     656.2870580386925212       1.0809198468923569
     656.2872581721147753       0.9900445230305195
     656.2874583055370294       1.0490010976791382
     656.2876584389592836       0.9501777663826942
     656.2878585723816514       0.9513229168951511
     656.2880587058039055       0.9620456732809544
     656.2882588392261596       1.1085447221994400
     656.2884589726484137       1.0158047303557396
     656.2886591060707815       1.0212859343737364
     656.2888592394930356       1.0112777361646295
     656.2890593729152897       1.0270809736102819
     656.2892595063375438       0.9183583408594131
     656.2894596397599116       0.9346874281764030
     656.2896597731821657       1.0207067392766476
     656.2898599066044198       1.0301023013889790
     656.2900600400266740       1.0592139326035976
     656.2902601734490418       0.9895436316728592
     656.2904603068712959       1.0819491744041443
     656.2906604402935500       0.9702190775424242
     656.2908605737158041       1.0196320656687021
     656.2910607071381719       1.0121460175141692
     656.2912608405604260       0.9732504691928625
     656.2914609739826801       1.0232309531420469
     656.2916611074049342       1.0918971076607704
     656.2918612408273020       1.0004246890021022
     656.2920613742495561       1.0113147711381316
     656.2922615076718103       0.9656963199377060
     656.2924616410940644       0.9934229371137917
     656.2926617745164322       1.0157752167433500
     656.2928619079386863       0.9728870484977961
     656.2930620413609404       0.9887989992275834
     656.2932621747831945       0.9528450556099415
     656.2934623082054486       1.0101807964965701
     656.2936624416278164       0.9696900043636560
     656.2938625750500705       0.9973569069989026
     656.2940627084723246       1.0321684740483761
     656.2942628418945787       0.9930683560669422
     656.2944629753169465       0.9925010651350021
     656.2946631087392007       0.9990223334170878
     656.2948632421614548       0.9720552712678909
     656.2950633755837089       1.0226653274148703
     656.2952635090060767       1.0697243064641953
     656.2954636424283308       1.0156140299513936
     656.2956637758505849       1.0313528925180435
     656.2958639092728390       0.9645014442503452
     656.2960640426952068       1.1455320566892624
     656.2962641761174609       0.9485828578472137
     656.2964643095397150       1.0102749643847346
     656.2966644429619691       1.0377623252570629
     656.2968645763843369       0.9939579111523926
     656.2970647098065911       0.9857196332886815
     656.2972648432288452       0.9152178242802620
     656.2974649766510993       1.0738078877329826
     656.2976651100734671       0.8978230431675911
     656.2978652434957212       1.0539731942117214
     656.2980653769179753       1.0244637243449688
     656.2982655103402294       1.0642283931374550
     656.2984656437624835       0.9950116467662156
     656.2986657771848513       1.0201316233724356
     656.2988659106071054       0.9347343519330025
     656.2990660440293595       1.0367639400064945
     656.2992661774516137       0.9277746751904488
     656.2994663108739815       1.0536851771175861
     656.2996664442962356       0.9567572735249996
     656.2998665777184897       0.9177844747900963
     656.3000667111407438       1.1172572746872902
     656.3002668445631116       0.9697737302631140
     656.3004669779853657       1.0272317416965961
     656.3006671114076198       1.0137160411104560
     656.3008672448298739       1.0414261445403099
     656.3010673782522417       0.9907138496637344
     656.3012675116744958       0.9181121364235878
     656.3014676450967499       1.0113296899944544
     656.3016677785190041       1.0235941614955664
     656.3018679119413719       1.0241870265454054
     656.3020680453636260       0.9839949402958155
     656.3022681787858801       0.9635586701333523
     656.3024683122081342       1.0538228452205658
     656.3026684456305020       1.0078823221847415
     656.3028685790527561       1.0428792051970959
     656.3030687124750102       1.0121618658304214
     656.3032688458972643       0.9585907943546772
     656.3034689793196321       1.0840004310011864
     656.3036691127418862       1.0317810587584972
     656.3038692461641403       0.9906753385439515
     656.3040693795863945       1.0190554950386286
     656.3042695130086486       0.9402933344244957
     656.3044696464310164       1.0241524484008551
     656.3046697798532705       0.9981309290742502
     656.3048699132755246       1.0107882767915726
     656.3050700466977787       0.9353972449898720
     656.3052701801201465       0.9769846238195896
     656.3054703135424006       0.9987519474234432
     656.3056704469646547       0.9731302428990602
     656.3058705803869088       1.0120929554104805
     656.3060707138092766       1.0596358142793179
     656.3062708472315308       1.0285805109888315
     656.3064709806537849       1.0126593550667167
     656.3066711140760390       1.0508886873722076
     656.3068712474984068       0.9765279851853848
     656.3070713809206609       1.0673794597387314
     656.3072715143429150       0.9209761321544647
     656.3074716477651691       1.0056456937454641
     656.3076717811875369       0.8926586285233498
     656.3078719146097910       0.9069670289754868
     656.3080720480320451       0.9989404868101701
     656.3082721814542992       1.0385257713496685
     656.3084723148766670       1.1071399226784706
     656.3086724482989212       0.9392248503863811
     656.3088725817211753       1.0431165844202042
     656.3090727151434294       1.1121778711676598
     656.3092728485656835       1.0111906854435802
     656.3094729819880513       1.0935730561614037
     656.3096731154103054       1.0350375734269619
     656.3098732488325595       0.9706641081720591
     656.3100733822548136       1.0363600105047226
     656.3102735156771814       0.9733069632202387
     656.3104736490994355       0.9947845316492021
     656.3106737825216896       1.0515277087688446
     656.3108739159439438       0.9724630471318960
     656.3110740493663116       0.9913177331909537
     656.3112741827885657       1.0244053658097982
     656.3114743162108198       0.9065769985318184
     656.3116744496330739       1.0090356050059199
     656.3118745830554417       1.0442941598594189
     656.3120747164776958       1.0499032661318779
     656.3122748498999499       0.9953975793905556
     656.3124749833222040       0.9763783607631922
     656.3126751167445718       0.9423569068312645
     656.3128752501668259       1.0627815499901772
     656.3130753835890800       0.9502160660922527
     656.3132755170113342       1.0034879525192082
     656.3134756504337020       1.0301946047693491
     656.3136757838559561       0.9331604689359665
     656.3138759172782102       1.0420941039919853
     656.3140760507004643       0.9345487132668495
     656.3142761841228321       1.0502886362373829
     656.3144763175450862       1.0205395538359880
     656.3146764509673403       0.9596349373459816
     656.3148765843895944       0.9890810120850801
     656.3150767178118485       0.9276772588491440
     656.3152768512342163       0.9674156308174133
     656.3154769846564704       1.0468466393649578
     656.3156771180787246       0.9535829760134220
     656.3158772515009787       1.0022958072368056
     656.3160773849233465       1.0294108837842941
     656.3162775183456006       1.0088254120200872
     656.3164776517678547       1.0433009155094624
     656.3166777851901088       1.0911615118384361
     656.3168779186124766       0.9960519261658192
     656.3170780520347307       0.9425959624350071
     656.3172781854569848       0.9571157619357109
     656.3174783188792389       0.9342401027679443
     656.3176784523016067       1.0275808572769165
     656.3178785857238609       0.9625907428562641
     656.3180787191461150       1.0673752278089523
     656.3182788525683691       1.0151612823829055
     656.3184789859907369       1.0235881581902504
     656.3186791194129910       0.9597469866275787
     656.3188792528352451       0.9305505529046059
     656.3190793862574992       1.0099339643493295
     656.3192795196798670       0.9735539555549622
     656.3194796531021211       1.0029667266644537
     656.3196797865243752       1.0023904736153781
     656.3198799199466293       1.0577150098979473
     656.3200800533688835       1.0039108335040510
     656.3202801867912513       0.9576553329825401
     656.3204803202135054       1.0205872878432274
     656.3206804536357595       0.9966380607802421
     656.3208805870580136       1.0302777346223593
     656.3210807204803814       1.0800718963146210
     656.3212808539026355       0.9506916031241417
     656.3214809873248896       1.0150695359334350
     656.3216811207471437       1.0760636851191521
     656.3218812541695115       0.9473556280136108
     656.3220813875917656       1.0067830118350685
     656.3222815210140197       0.8588654547929764
     656.3224816544362739       0.9902244843542576
     656.3226817878586417       0.9946965323761106
     656.3228819212808958       1.0979632660746574
     656.3230820547031499       0.9110947623848915
     656.3232821881254040       1.0677781999111176
     656.3234823215477718       0.9396584443747997
     656.3236824549700259       0.9211150705814362
     656.3238825883922800       1.0021867665927857
     656.3240827218145341       1.0398696586489677
     656.3242828552369019       1.0762438997626305
     656.3244829886591560       1.0870250165462494
     656.3246831220814101       1.0670525059103966
     656.3248832555036643       0.9804872665554285
     656.3250833889260321       1.0171906873583794
     656.3252835223482862       0.9730387646704912
     656.3254836557705403       1.0806312933564186
     656.3256837891927944       1.0518616214394569
     656.3258839226150485       0.9326159581542015
     656.3260840560374163       1.0177432280033827
     656.3262841894596704       1.0589572787284851
     656.3264843228819245       0.9667168036103249
     656.3266844563041786       1.0390788502991199
     656.3268845897265464       1.0203864406794310
     656.3270847231488005       1.0826407074928284
     656.3272848565710547       1.0013120338553563
     656.3274849899933088       1.0434166193008423
     656.3276851234156766       1.0428905263543129
     656.3278852568379307       1.0771131291985512
     656.3280853902601848       0.9490636028349400
     656.3282855236824389       0.9877472380176187
     656.3284856571048067       1.0175069030374289
     656.3286857905270608       1.0151122733950615
     656.3288859239493149       1.0697046369314194
     656.3290860573715690       0.9441477246582508
     656.3292861907939368       1.1540706753730774
     656.3294863242161910       1.0106132356449962
     656.3296864576384451       1.0094110341742635
     656.3298865910606992       1.0580781884491444
     656.3300867244830670       0.9589922428131104
     656.3302868579053211       1.0013607899891213
     656.3304869913275752       0.9706556554883718
     656.3306871247498293       0.9881712030619383
     656.3308872581721971       1.0204260461032391
     656.3310873915944512       0.9990477930405177
     656.3312875250167053       1.0359170027077198
     656.3314876584389594       0.9582230933010578
     656.3316877918612136       1.0165853686630726
     656.3318879252835814       0.9432882368564606
     656.3320880587058355       1.0204730164259672
     656.3322881921280896       1.0807548165321350
     656.3324883255503437       0.9920131610706449
     656.3326884589727115       1.0314155034720898
     656.3328885923949656       1.0016917139291763
     656.3330887258172197       1.0005479377578013
     656.3332888592394738       1.0324476025998592
     656.3334889926618416       1.0282830148935318
     656.3336891260840957       0.9855119539424777
     656.3338892595063498       0.9186757877469063
     656.3340893929286040       0.9267514422535896
     656.3342895263509718       0.9958017696626484
     656.3344896597732259       1.0391221791505814
     656.3346897931954800       0.9720211178064346
     656.3348899266177341       0.9930671243928373
     656.3350900600401019       1.0030714471358806
     656.3352901934623560       1.0590910129249096
     656.3354903268846101       1.0544223971664906
     656.3356904603068642       0.9545742087066174
     656.3358905937292320       0.9912660159170628
     656.3360907271514861       0.8645927608013153
     656.3362908605737402       1.0063667008653283
     656.3364909939959944       0.9810875728726387
     656.3366911274182485       0.9658748470246792
     656.3368912608406163       1.0879136100411415
     656.3370913942628704       1.0418201088905334
     656.3372915276851245       0.8947498574852943
     656.3374916611073786       0.9051724299788475
     656.3376917945297464       1.0505256839096546
     656.3378919279520005       1.0117814494296908
     656.3380920613742546       1.0281163938343525
     656.3382921947965087       0.9616084173321724
     656.3384923282188765       0.9454257525503635
     656.3386924616411306       0.9767411779612303
     656.3388925950633848       1.0273403823375702
     656.3390927284856389       1.0079376930370927
     656.3392928619080067       1.0525409094989300
     656.3394929953302608       1.0100639462471008
     656.3396931287525149       1.0283518284559250
     656.3398932621747690       0.9250793755054474
     656.3400933955971368       1.0012987951049581
     656.3402935290193909       0.9593968205153942
     656.3404936624416450       1.0156187592074275
     656.3406937958638991       0.9736856780946255
     656.3408939292862669       1.0126567399129272
     656.3410940627085211       0.9940450922586024
     656.3412941961307752       1.0064677572809160
     656.3414943295530293       1.0372412428259850
     656.3416944629753971       1.0027996764983982
     656.3418945963976512       1.0524880290031433
     656.3420947298199053       0.9914725413545966
     656.3422948632421594       1.0167962294071913
     656.3424949966644135       0.9670692831277847
     656.3426951300867813       1.0137590188533068
     656.3428952635090354       1.0755644291639328
     656.3430953969312895       1.0656394138932228
     656.3432955303535437       1.0076924422755837
     656.3434956637759115       0.9810395035892725
     656.3436957971981656       1.0115234693512321
     656.3438959306204197       0.9772266894578934
     656.3440960640426738       0.9359920844435692
     656.3442961974650416       1.0598194599151611
     656.3444963308872957       1.0049013872630894
     656.3446964643095498       0.9477546028792858
     656.3448965977318039       1.0367294810712337
     656.3450967311541717       0.9734267760068178
     656.3452968645764258       1.0359904766082764
     656.3454969979986799       1.0793223008513451
     656.3456971314209341       0.9807423371821642
     656.3458972648433019       1.0404758378863335
     656.3460973982655560       0.9389630742371082
     656.3462975316878101       1.0265753995627165
     656.3464976651100642       0.9717387277632952
     656.3466977985324320       1.0200190059840679
     656.3468979319546861       1.0709342285990715
     656.3470980653769402       0.9953311984427273
     656.3472981987991943       1.0630364939570427
     656.3474983322214484       1.0517992638051510
     656.3476984656438162       1.0930599942803383
     656.3478985990660703       1.0040638064965606
     656.3480987324883245       0.9596951343119144
     656.3482988659105786       1.0679014846682549
     656.3484989993329464       1.0371668972074986
     656.3486991327552005       0.8444460779428482
     656.3488992661774546       1.0009220154024661
     656.3490993995997087       1.0112156206741929
     656.3492995330220765       0.9689426477998495
     656.3494996664443306       1.0197503939270973
     656.3496997998665847       0.9910607328638434
     656.3498999332888388       1.1096478253602982
     656.3501000667112066       1.0491878576576710
     656.3503002001334607       0.9665757901966572
     656.3505003335557149       0.9881827337667346
     656.3507004669779690       0.9575478285551071
     656.3509006004003368       1.0018898466369137
     656.3511007338225909       1.0491615496575832
     656.3513008672448450       0.9793658759444952
     656.3515010006670991       0.9848562283441424
     656.3517011340894669       1.0301080998033285
     656.3519012675117210       0.9687727447599173
     656.3521014009339751       0.9205852597951889
     656.3523015343562292       0.9780512861907482
     656.3525016677785970       1.0265859905630350
     656.3527018012008512       1.0191335305571556
     656.3529019346231053       0.9722831267863512
     656.3531020680453594       0.9339165911078453
     656.3533022014676135       0.9850778654217720
     656.3535023348899813       1.0369168072938919
     656.3537024683122354       1.0256782956421375
     656.3539026017344895       0.9867150643840432
     656.3541027351567436       1.0131690772250295
     656.3543028685791114       1.0232214014977217
     656.3545030020013655       1.0556826889514923
     656.3547031354236196       0.9441895186901093
     656.3549032688458738       1.0442886389791965
     656.3551034022682416       1.1160729303956032
     656.3553035356904957       1.0716369077563286
     656.3555036691127498       1.0060496344231069
     656.3557038025350039       1.0509841851890087
     656.3559039359573717       1.0572177730500698
     656.3561040693796258       0.9685858264565468
     656.3563042028018799       0.9733622036874294
     656.3565043362241340       1.0097195506095886
     656.3567044696465018       1.0109964190050960
     656.3569046030687559       0.9812747575342655
     656.3571047364910100       0.9733734242618084
     656.3573048699132642       1.0363210998475552
     656.3575050033356320       0.9732523579150438
     656.3577051367578861       1.0272485520690680
     656.3579052701801402       1.0121406195685267
     656.3581054036023943       1.0846951827406883
     656.3583055370246484       0.9740972928702831
     656.3585056704470162       0.9655430167913437
     656.3587058038692703       0.9259163141250610
     656.3589059372915244       0.9812444709241390
     656.3591060707137785       0.8345595896244049
     656.3593062041361463       0.9556571952998638
     656.3595063375584004       0.9339504987001419
     656.3597064709806546       1.0146568808704615
     656.3599066044029087       0.9814088959246874
     656.3601067378252765       1.0473971515893936
     656.3603068712475306       1.0083989715203643
     656.3605070046697847       1.0414154194295406
     656.3607071380920388       1.0738765522837639
     656.3609072715144066       0.9813617914915085
     656.3611074049366607       1.0672508999705315
     656.3613075383589148       0.9521159268915653
     656.3615076717811689       0.9944829219020903
     656.3617078052035367       0.9047587886452675
     656.3619079386257908       0.8901129588484764
     656.3621080720480450       0.9943918618373573
     656.3623082054702991       0.9782285243272781
     656.3625083388926669       0.8656866699457169
     656.3627084723149210       0.9750131536275148
     656.3629086057371751       0.9501376599073410
     656.3631087391594292       1.0155432419851422
     656.3633088725817970       1.0259531568735838
     656.3635090060040511       0.9751439634710550
     656.3637091394263052       1.0003820138226729
     656.3639092728485593       1.0024337451905012
     656.3641094062708135       1.0612855963408947
     656.3643095396931813       0.9708651024848223
     656.3645096731154354       1.0356791429221630
     656.3647098065376895       1.0123199718073010
     656.3649099399599436       1.0042803231626749
     656.3651100733823114       1.0289771091192961
     656.3653102068045655       1.0670445039868355
     656.3655103402268196       0.9482761435210705
     656.3657104736490737       1.0221142955124378
     656.3659106070714415       1.0158960502594709
     656.3661107404936956       1.0464854985475540
     656.3663108739159497       0.9244439825415611
     656.3665110073382039       1.0741031020879745
     656.3667111407605717       0.9955802606418729
     656.3669112741828258       1.0278129279613495
     656.3671114076050799       1.0536299049854279
     656.3673115410273340       1.0059677152894437
     656.3675116744497018       1.0402755104005337
     656.3677118078719559       0.9034983590245247
     656.3679119412942100       0.9208367690443993
     656.3681120747164641       0.9230297505855560
     656.3683122081388319       0.9735177326947451
     656.3685123415610860       0.9866254786029458
     656.3687124749833401       0.9937460348010063
     656.3689126084055943       0.9717761091887951
     656.3691127418278484       0.9044931307435036
     656.3693128752502162       1.0330636464059353
     656.3695130086724703       1.0387120991945267
     656.3697131420947244       1.0275820642709732
     656.3699132755169785       1.0614056475460529
     656.3701134089393463       0.9906080439686774
     656.3703135423616004       1.0647744014859200
     656.3705136757838545       0.9801367092877624
     656.3707138092061086       0.9858009973540900
     656.3709139426284764       1.0444491095840926
     656.3711140760507305       1.1080067157745357
     656.3713142094729847       1.0501029752194873
     656.3715143428952388       1.0786626785993563
     656.3717144763176066       0.9324725866317729
     656.3719146097398607       0.9430758245289296
     656.3721147431621148       0.9687942918389991
     656.3723148765843689       1.0021786389406704
     656.3725150100067367       0.9600429609417818
     656.3727151434289908       0.9087226986884926
     656.3729152768512449       1.0680281221866395
     656.3731154102734990       1.0008002761751102
     656.3733155436958668       1.0895337909459610
     656.3735156771181209       0.9898711312561559
     656.3737158105403751       1.0570841021834827
     656.3739159439626292       1.0033149749504844
     656.3741160773849970       1.0695262178776583
     656.3743162108072511       1.0241910982874027
     656.3745163442295052       0.9794998969878409
     656.3747164776517593       0.9379276037209964
     656.3749166110740134       1.0016227206206316
     656.3751167444963812       1.0053426050568208
     656.3753168779186353       0.9297189787011869
     656.3755170113408894       0.9419462420020146
     656.3757171447631436       1.0646196231208729
     656.3759172781855113       1.0170607957936071
     656.3761174116077655       1.0087167499512015
     656.3763175450300196       1.0190658271206874
     656.3765176784522737       1.0313200130909557
     656.3767178118746415       0.9767476264177748
     656.3769179452968956       0.9614654704634500
     656.3771180787191497       0.9416688270455841
     656.3773182121414038       0.9115113689922084
     656.3775183455637716       1.1693545281089124
     656.3777184789860257       0.9342601596201522
     656.3779186124082798       1.0060538755127535
     656.3781187458305340       0.9634940845636376
     656.3783188792529018       0.9096084755721238
     656.3785190126751559       0.9881992531655434
     656.3787191460974100       1.0321054602132538
     656.3789192795196641       0.9372021622889527
     656.3791194129420319       1.0723157738327229
     656.3793195463642860       0.9660093211589268
     656.3795196797865401       1.0096043543584965
     656.3797198132087942       1.0558019627333772
     656.3799199466311620       0.9627138788662057
     656.3801200800534161       1.0064304699138029
     656.3803202134756702       1.0507616524345562
     656.3805203468979244       1.0274041360111499
     656.3807204803201785       1.0187769550351775
     656.3809206137425463       1.0112916388814548
     656.3811207471648004       1.0031483258315883
     656.3813208805870545       0.9967015291393578
     656.3815210140093086       0.9918937603492100
     656.3817211474316764       1.0991422593826570
     656.3819212808539305       0.9308572623041013
     656.3821214142761846       0.9884730430585583
     656.3823215476984387       1.0641276460174882
     656.3825216811208065       1.0411634157246008
     656.3827218145430606       1.0136017505433264
     656.3829219479653148       0.9813097313531818
     656.3831220813875689       0.9650015577351798
     656.3833222148099367       0.9238656290776370
     656.3835223482321908       0.9599384740183170
     656.3837224816544449       0.9680307998257156
     656.3839226150766990       0.9923891778326839
     656.3841227484990668       0.9649123286553458
     656.3843228819213209       0.9496430881808169
     656.3845230153435750       0.9213494581762808
     656.3847231487658291       1.0183712089137433
     656.3849232821881969       0.9952217991966738
     656.3851234156104510       0.9791410614049288
     656.3853235490327052       1.0559548790646718
     656.3855236824549593       0.9362760058834164
     656.3857238158772134       0.9867951876700363
     656.3859239492995812       1.0061390849848497
     656.3861240827218353       0.9829361531308807
     656.3863242161440894       1.0495137566936084
     656.3865243495663435       0.9710561441427875
     656.3867244829887113       1.0148572649607333
     656.3869246164109654       0.9674683850333949
     656.3871247498332195       1.0081202140624579
     656.3873248832554737       0.9965528166907173
     656.3875250166778414       1.0558881294587732
     656.3877251501000956       1.0077033625249772
     656.3879252835223497       0.9555931419117197
     656.3881254169446038       0.9781080592345308
     656.3883255503669716       0.9679520454260068
     656.3885256837892257       0.9748816693985677
     656.3887258172114798       0.9782172963888924
     656.3889259506337339       0.9922473378145831
     656.3891260840561017       0.9367239545681523
     656.3893262174783558       0.9045767527441888
     656.3895263509006099       1.0363063610294732
     656.3897264843228641       1.0533631662855003
     656.3899266177452319       0.9936824338861461
     656.3901267511674860       1.0390930802533056
     656.3903268845897401       0.9532826627819483
     656.3905270180119942       1.0009388411584981
     656.3907271514343620       0.8962969966080010
     656.3909272848566161       0.9312758801127553
     656.3911274182788702       0.9273232952277302
     656.3913275517011243       1.0465565954245744
     656.3915276851233784       1.0935703192879189
     656.3917278185457462       1.0583066775270369
     656.3919279519680003       0.9760709590831438
     656.3921280853902545       0.9786759460373008
     656.3923282188125086       0.9716307818437204
     656.3925283522348764       1.0215434317957066
     656.3927284856571305       0.9519003359756320
     656.3929286190793846       0.9361108307127087
     656.3931287525016387       0.9751445635903989
     656.3933288859240065       0.9575981100111104
     656.3935290193462606       1.0126248209784334
     656.3937291527685147       0.9833479872371519
     656.3939292861907688       1.1137587597187681
     656.3941294196131366       0.9974907399829092
     656.3943295530353907       0.9493451693107586
     656.3945296864576449       0.9164046160662396
     656.3947298198798990       0.9956287894914826
     656.3949299533022668       1.0381520844937326
     656.3951300867245209       0.9336759261271879
     656.3953302201467750       0.9917492412544857
     656.3955303535690291       0.9633939559024622
     656.3957304869913969       0.9970644680916599
     656.3959306204136510       0.9891100323612939
     656.3961307538359051       0.9542272602578058
     656.3963308872581592       0.9123600270305058
     656.3965310206804133       0.9519065154192612
     656.3967311541027811       0.9430693973364972
     656.3969312875250353       0.9311374934442952
     656.3971314209472894       0.9019257249664416
     656.3973315543695435       0.9652250168872821
     656.3975316877919113       0.9681810101368434
     656.3977318212141654       0.9205831240337257
     656.3979319546364195       0.8780199681250809
     656.3981320880586736       0.9495115118608561
     656.3983322214810414       0.9776103466528717
     656.3985323549032955       0.8741509903010451
     656.3987324883255496       0.8149704967300286
     656.3989326217478038       0.9857967417270370
     656.3991327551701715       0.9244418030129036
     656.3993328885924257       0.9059436189817411
     656.3995330220146798       0.8898887573843925
     656.3997331554369339       0.8190032914867632
     656.3999332888593017       0.9419064091644904
     656.4001334222815558       0.8635849985079790
     656.4003335557038099       0.8582606886627050
     656.4005336891260640       0.8289967023991669
     656.4007338225484318       0.8226961146184246
     656.4009339559706859       0.8093372745674916
     656.4011340893929400       0.7535232359520176
     656.4013342228151942       0.8959030012502323
     656.4015343562375620       0.8463767666330845
     656.4017344896598161       0.8675889482194267
     656.4019346230820702       0.8058546644012631
     656.4021347565043243       0.7534789360611266
     656.4023348899265784       0.8057670584507364
     656.4025350233489462       0.7852311245081322
     656.4027351567712003       0.7800158069777081
     656.4029352901934544       0.7873338901008899
     656.4031354236157085       0.8410098532246015
     656.4033355570380763       0.7665818391937613
     656.4035356904603304       0.7677069130756216
     656.4037358238825846       0.7055182283354222
     656.4039359573048387       0.9086554692869750
     656.4041360907272065       0.8309365784278484
     656.4043362241494606       0.7004217369316403
     656.4045363575717147       0.8142138971731755
     656.4047364909939688       0.8087536879730514
     656.4049366244163366       0.7477648168787422
     656.4051367578385907       0.7633111981800851
     656.4053368912608448       0.7835026547649128
     656.4055370246830989       0.7739526110104009
     656.4057371581054667       0.9514269756573067
     656.4059372915277208       0.8501517879629559
     656.4061374249499750       0.8491947788899613
     656.4063375583722291       0.8194140813470571
     656.4065376917945969       0.8523221456202104
     656.4067378252168510       0.8809870230415257
     656.4069379586391051       0.9146857614798257
     656.4071380920613592       0.8744397715955459
     656.4073382254836133       0.9231439297909078
     656.4075383589059811       0.8902571136423633
     656.4077384923282352       0.9580023285675964
     656.4079386257504893       0.9360377280330889
     656.4081387591727434       0.8085178682242111
     656.4083388925951112       0.8886182117727478
     656.4085390260173654       0.9192986554031891
     656.4087391594396195       0.8986594542735682
     656.4089392928618736       0.9272662639279829
     656.4091394262842414       0.9581940698411930
     656.4093395597064955       0.8833015159895887
     656.4095396931287496       0.8522824001659488
     656.4097398265510037       0.9140054586416561
     656.4099399599733715       0.8849706208446314
     656.4101400933956256       1.0035890955335793
     656.4103402268178797       1.0112713215032536
     656.4105403602401339       0.9696541877097447
     656.4107404936625016       0.9731823110875533
     656.4109406270847558       0.9314762170713926
     656.4111407605070099       0.9624625487426336
     656.4113408939292640       0.9451196673318660
     656.4115410273516318       0.9115877194389700
     656.4117411607738859       0.9378616176217570
     656.4119412941961400       0.9571856304194440
     656.4121414276183941       1.0128283113776197
     656.4123415610407619       1.0300420837666076
     656.4125416944630160       0.9234539893735971
     656.4127418278852701       0.9515346787256161
     656.4129419613075243       0.8688334953798069
     656.4131420947297784       0.9702597995115708
     656.4133422281521462       0.9365325124354347
     656.4135423615744003       0.9907831623175843
     656.4137424949966544       0.9431361842066494
     656.4139426284189085       1.0604131441502722
     656.4141427618412763       0.9736993271941327
     656.4143428952635304       0.9483697454569133
     656.4145430286857845       1.0224080999208836
     656.4147431621080386       0.9229638774203190
     656.4149432955304064       0.9987847665292543
     656.4151434289526605       0.9975173292147542
     656.4153435623749147       0.9588978998051726
     656.4155436957971688       0.9273120155075532
     656.4157438292195366       1.0431631235491809
     656.4159439626417907       0.9971104302124725
     656.4161440960640448       0.9669523844116887
     656.4163442294862989       1.0275472660373888
     656.4165443629086667       1.0331059538813243
     656.4167444963309208       1.0997963562340933
     656.4169446297531749       1.0138065443423994
     656.4171447631754290       0.9821101239408502
     656.4173448965977968       1.0478431454879984
     656.4175450300200509       0.9683663408652384
     656.4177451634423051       0.9315550279143501
     656.4179452968645592       0.9625322454573364
     656.4181454302869270       0.9951253469221413
     656.4183455637091811       1.0323068190828699
     656.4185456971314352       0.9190920805081155
     656.4187458305536893       0.9792097140861651
     656.4189459639759434       0.9910978226050411
     656.4191460973983112       0.9134204232815970
     656.4193462308205653       0.8916063008335871
     656.4195463642428194       1.0367692898523577
     656.4197464976650735       0.9909617285849708
     656.4199466310874413       1.0195868182614429
     656.4201467645096955       1.0063802124414436
     656.4203468979319496       0.9062139738046221
     656.4205470313542037       1.0052686622517051
     656.4207471647765715       1.0739397345490354
     656.4209472981988256       0.8917019772453165
     656.4211474316210797       0.9714616147289785
     656.4213475650433338       0.9209141163798350
     656.4215476984657016       0.9256119915352190
     656.4217478318879557       0.9189087109121882
     656.4219479653102098       1.0023650394180810
     656.4221480987324640       1.0007824689906291
     656.4223482321548317       0.9055399480220681
     656.4225483655770859       0.9359530118353838
     656.4227484989993400       0.9847246731117664
     656.4229486324215941       1.0559066275991698
     656.4231487658439619       0.9836040877414945
     656.4233488992662160       0.9203961845605155
     656.4235490326884701       1.0079573031675526
     656.4237491661107242       1.0152130021168064
     656.4239492995329783       0.9284320649038837
     656.4241494329553461       0.9498106927576034
     656.4243495663776002       0.9897492975069925
     656.4245496997998544       1.0360644625392204
     656.4247498332221085       0.9481099430921193
     656.4249499666444763       0.9774018778055624
     656.4251501000667304       0.9929169044463431
     656.4253502334889845       1.0102926278236333
     656.4255503669112386       1.0026816122821383
     656.4257505003336064       1.0761033212101574
     656.4259506337558605       1.0400010930304533
     656.4261507671781146       0.9693420627895644
     656.4263509006003687       1.0067576851968301
     656.4265510340227365       0.9080564255780973
     656.4267511674449906       1.0798855423785605
     656.4269513008672448       1.0642609111882693
     656.4271514342894989       1.0025597987862891
     656.4273515677118667       1.0384107132428280
     656.4275517011341208       1.0385769745451943
     656.4277518345563749       1.0550776089518248
     656.4279519679786290       0.9837036181783806
     656.4281521014009968       1.0513725522670754
     656.4283522348232509       1.0240893554946380
     656.4285523682455050       0.9532054317214300
     656.4287525016677591       1.0109198030046709
     656.4289526350901269       1.0176332457102863
     656.4291527685123810       1.0209599598972812
     656.4293529019346352       1.0908497420026855
     656.4295530353568893       1.0071840009404940
     656.4297531687791434       0.9374339951537408
     656.4299533022015112       1.0011553952997065
     656.4301534356237653       0.9571991413036989
     656.4303535690460194       1.1519339531088995
     656.4305537024682735       1.0392240471728575
     656.4307538358906413       0.9712384156590073
     656.4309539693128954       1.0090331136971575
     656.4311541027351495       0.9459351189286014
     656.4313542361574036       0.9820982590212332
     656.4315543695797714       0.9707516673877734
     656.4317545030020256       0.9193452447600136
     656.4319546364242797       0.9435881674252597
     656.4321547698465338       0.9782922714922584
     656.4323549032689016       1.0212489496898263
     656.4325550366911557       0.9773145019995314
     656.4327551701134098       1.0145445931693946
     656.4329553035356639       0.9723994676017527
     656.4331554369580317       0.9801588691766732
     656.4333555703802858       1.0984102934595947
     656.4335557038025399       0.9681708104906412
     656.4337558372247940       1.0296813193707244
     656.4339559706471618       1.0320221371947746
     656.4341561040694160       0.9513859413563539
     656.4343562374916701       1.0364773981272719
     656.4345563709139242       1.0399489253759073
     656.4347565043361783       0.9890850288793234
     656.4349566377585461       1.0324064418673373
     656.4351567711808002       1.0083129061385891
     656.4353569046030543       0.8919199779629642
     656.4355570380253084       1.0038876403123096
     656.4357571714476762       0.9946782649494678
     656.4359573048699303       1.0401499979197959
     656.4361574382921845       0.9357667639851557
     656.4363575717144386       1.0324206613004199
     656.4365577051368064       0.9557558223605150
     656.4367578385590605       0.9515436701476570
     656.4369579719813146       1.0409121178090570
     656.4371581054035687       1.0422169603407381
     656.4373582388259365       0.9777032602578400
     656.4375583722481906       1.0420642793178558
     656.4377585056704447       0.9848754853010178
     656.4379586390926988       0.9138632193207741
     656.4381587725150666       0.9730843361467123
     656.4383589059373207       0.9555606357753277
     656.4385590393595749       0.8966932669281960
     656.4387591727818290       0.9852072848007083
     656.4389593062041968       1.0835918858647346
     656.4391594396264509       1.0056124338880181
     656.4393595730487050       0.9598257914185524
     656.4395597064709591       0.9922001869417727
     656.4397598398933269       1.0227665677666664
     656.4399599733155810       0.9800260420888662
     656.4401601067378351       0.9318749308586121
     656.4403602401600892       0.9692404661327600
     656.4405603735823433       1.0424917452037334
     656.4407605070047111       0.9369766786694527
     656.4409606404269653       0.8196204602718353
     656.4411607738492194       0.9674524068832397
     656.4413609072714735       1.0268029924482107
     656.4415610406938413       0.9673219174146652
     656.4417611741160954       1.0323703698813915
     656.4419613075383495       1.0036341405939311
     656.4421614409606036       0.9832823239266872
     656.4423615743829714       1.0629840269684792
     656.4425617078052255       0.8875462785363197
     656.4427618412274796       1.0160142369568348
     656.4429619746497337       0.9312947764992714
     656.4431621080721015       0.9118922278285027
     656.4433622414943557       1.0192771684378386
     656.4435623749166098       1.0790018364787102
     656.4437625083388639       0.9647574983537197
     656.4439626417612317       1.0704360902309418
     656.4441627751834858       1.1090038344264030
     656.4443629086057399       0.9869980933144689
     656.4445630420279940       0.9622941054403782
     656.4447631754503618       0.9689584784209728
     656.4449633088726159       0.9721320681273937
     656.4451634422948700       1.0276395920664072
     656.4453635757171241       1.0145433042198420
     656.4455637091393783       1.0121536096557975
     656.4457638425617461       0.9322974458336830
     656.4459639759840002       1.0084915123879910
     656.4461641094062543       1.0481835417449474
     656.4463642428285084       1.0973622202873230
     656.4465643762508762       1.0041104569099844
     656.4467645096731303       0.9856074973940849
     656.4469646430953844       1.0473271124064922
     656.4471647765176385       0.9415906295180321
     656.4473649099400063       1.0385853648185730
     656.4475650433622604       1.0635321065783501
     656.4477651767845146       0.9408748783171177
     656.4479653102067687       1.0241864304989576
     656.4481654436291365       0.8470699787139893
     656.4483655770513906       0.9266451969742775
     656.4485657104736447       0.9991354984231293
     656.4487658438958988       1.1019382625818253
     656.4489659773182666       0.9729020018130541
     656.4491661107405207       1.0045605427585542
     656.4493662441627748       1.0373856425285339
     656.4495663775850289       1.0953104123473167
     656.4497665110073967       1.0293461084365845
     656.4499666444296508       1.0082003055140376
     656.4501667778519050       0.9626679085195065
     656.4503669112741591       1.0712658241391182
     656.4505670446965269       1.0089999530464411
     656.4507671781187810       1.0200895369052887
     656.4509673115410351       1.0221641808748245
     656.4511674449632892       1.0449587292969227
     656.4513675783855433       1.0128750717267394
     656.4515677118079111       0.9975896335672587
     656.4517678452301652       0.9896291960030794
     656.4519679786524193       0.9588105790317059
     656.4521681120746734       0.9525213837623596
     656.4523682454970412       1.0018948338693008
     656.4525683789192954       1.0158845279365778
     656.4527685123415495       1.0557629577815533
     656.4529686457638036       1.0861471220850945
     656.4531687791861714       1.0313892625272274
     656.4533689126084255       1.0272627361118793
     656.4535690460306796       1.0339385978877544
     656.4537691794529337       0.9583876766264439
     656.4539693128753015       0.9027992263436317
     656.4541694462975556       0.9785732217133045
     656.4543695797198097       1.0411377474665642
     656.4545697131420638       1.0436820462346077
     656.4547698465644316       0.9570384360849857
     656.4549699799866858       1.0549451671540737
     656.4551701134089399       0.9241345450282097
     656.4553702468311940       0.9944812520407140
     656.4555703802535618       1.0150583898648620
     656.4557705136758159       1.0472722686827183
     656.4559706470980700       0.9754498079419136
     656.4561707805203241       0.9666124694049358
     656.4563709139425782       0.9925721366889775
     656.4565710473649460       0.9476636461913586
     656.4567711807872001       1.0626646131277084
     656.4569713142094542       1.0889305248856544
     656.4571714476317084       0.9051874279975891
     656.4573715810540762       0.9705341551452875
     656.4575717144763303       0.9001987352967262
     656.4577718478985844       1.0049549196846783
     656.4579719813208385       0.9579378068447113
     656.4581721147432063       0.9857806218788028
     656.4583722481654604       1.0048542297445238
     656.4585723815877145       1.0587829723954201
     656.4587725150099686       0.9204513877630234
     656.4589726484323364       0.9687572661787271
     656.4591727818545905       1.0481886677443981
     656.4593729152768447       1.0594962723553181
     656.4595730486990988       0.9770379289984703
     656.4597731821214666       1.0169402416795492
     656.4599733155437207       0.9716202914714813
     656.4601734489659748       1.0542991571128368
     656.4603735823882289       1.0490718893706799
     656.4605737158105967       1.0447357334196568
     656.4607738492328508       0.9776241816580296
     656.4609739826551049       1.0662407651543617
     656.4611741160773590       1.0726750940084457
     656.4613742494997268       0.9920800123363733
     656.4615743829219809       0.9653837010264397
     656.4617745163442351       0.9082710966467857
     656.4619746497664892       0.9488861188292503
     656.4621747831887433       0.9422646574676037
     656.4623749166111111       1.0164673756808043
     656.4625750500333652       0.9784273970872164
     656.4627751834556193       0.9574424065649509
     656.4629753168778734       1.0469633452594280
     656.4631754503002412       1.0159233994781971
     656.4633755837224953       1.0145965190604329
     656.4635757171447494       1.0681283026933670
     656.4637758505670035       1.0282590426504612
     656.4639759839893713       1.0565616451203823
     656.4641761174116255       1.0993087887763977
     656.4643762508338796       1.0658116340637207
     656.4645763842561337       0.9437895156443119
     656.4647765176785015       1.0637945905327797
     656.4649766511007556       0.9065755531191826
     656.4651767845230097       0.9881216818466783
     656.4653769179452638       1.0320932492613792
     656.4655770513676316       1.0470621213316917
     656.4657771847898857       0.9867403144016862
     656.4659773182121398       0.9995369912940077
     656.4661774516343939       1.0325518026947975
     656.4663775850567617       0.9261444583535194
     656.4665777184790159       0.9770311284810305
     656.4667778519012700       1.0263087209314108
     656.4669779853235241       1.0381066612899303
     656.4671781187458919       0.9896255880594254
     656.4673782521681460       0.9733876287937164
     656.4675783855904001       1.0162204075604677
     656.4677785190126542       0.8642680048942566
     656.4679786524349083       0.9687496088445187
     656.4681787858572761       0.9647986441850662
     656.4683789192795302       1.0401823073625565
     656.4685790527017843       1.0000172177624336
     656.4687791861240385       0.9972430814523250
     656.4689793195464063       1.0382394604384899
     656.4691794529686604       0.9939684844575822
     656.4693795863909145       0.9823001418262720
     656.4695797198131686       1.0624511539936066
     656.4697798532355364       0.9730411935597658
     656.4699799866577905       1.0131563534960151
     656.4701801200800446       0.9800243545323610
     656.4703802535022987       1.0755575820803642
     656.4705803869246665       0.9750902429223061
     656.4707805203469206       1.0203769300132990
     656.4709806537691748       1.0022687371820211
     656.4711807871914289       1.0191254410892725
     656.4713809206137967       1.0429857410490513
     656.4715810540360508       0.8881744369864464
     656.4717811874583049       0.9982291985070333
     656.4719813208805590       1.0135624706745148
     656.4721814543029268       1.0399698354303837
     656.4723815877251809       0.9323872402310371
     656.4725817211474350       0.9687265567481518
     656.4727818545696891       1.0863537862896919
     656.4729819879919432       1.0228054914623499
     656.4731821214143110       0.9266091138124466
     656.4733822548365652       1.0869700834155083
     656.4735823882588193       1.0492621138691902
     656.4737825216810734       1.0075961812399328
     656.4739826551034412       0.9507186077535152
     656.4741827885256953       1.0900855287909508
     656.4743829219479494       0.9716132078319788
     656.4745830553702035       1.0797373205423355
     656.4747831887925713       0.9669554680585861
     656.4749833222148254       1.0953069999814034
     656.4751834556370795       0.9949922463856637
     656.4753835890593336       0.9980551550397649
     656.4755837224817014       0.9817254561930895
     656.4757838559039556       1.0217087548226118
     656.4759839893262097       0.9442074485123158
     656.4761841227484638       1.0740738436579704
     656.4763842561708316       1.0150861488655210
     656.4765843895930857       0.9169778376817703
     656.4767845230153398       1.0510697960853577
     656.4769846564375939       1.0117893684655428
     656.4771847898599617       1.0605756454169750
     656.4773849232822158       0.9691343549638987
     656.4775850567044699       0.9178943112492561
     656.4777851901267240       0.9051277413964272
     656.4779853235490918       1.0425454340875149
     656.4781854569713460       0.9776338152587414
     656.4783855903936001       1.0528064034879208
     656.4785857238158542       0.9656746648252010
     656.4787858572381083       1.0275421421974897
     656.4789859906604761       0.9723756127059460
     656.4791861240827302       0.9985208288999274
     656.4793862575049843       1.0353365205228329
     656.4795863909272384       0.9855433478951454
     656.4797865243496062       1.0349115543067455
     656.4799866577718603       1.0655212327837944
     656.4801867911941144       0.9643661230802536
     656.4803869246163686       1.0060692713595927
     656.4805870580387364       1.0393997915089130
     656.4807871914609905       0.9870740519836545
     656.4809873248832446       0.9404907263815403
     656.4811874583054987       1.0471163503825665
     656.4813875917278665       0.9611159525811672
     656.4815877251501206       0.9568452686071396
     656.4817878585723747       1.0627716407179832
     656.4819879919946288       0.8938141241669655
     656.4821881254169966       1.0093571906909347
     656.4823882588392507       1.0420485809445381
     656.4825883922615049       1.0121356723830104
     656.4827885256837590       0.9218001216650009
     656.4829886591061268       1.0445380918681622
     656.4831887925283809       1.0663555413484573
     656.4833889259506350       0.9941363935358822
     656.4835890593728891       0.9848655667155981
     656.4837891927951432       1.0075208307243884
     656.4839893262175110       1.0350764505565166
     656.4841894596397651       0.9191552549600601
     656.4843895930620192       1.0358499586582184
     656.4845897264842733       0.8957644775509834
     656.4847898599066411       0.9669847339391708
     656.4849899933288953       1.0019648808520287
     656.4851901267511494       0.8849743679165840
     656.4853902601734035       1.0578493736684322
     656.4855903935957713       0.9722331482917070
     656.4857905270180254       0.9745633061975241
     656.4859906604402795       1.0902606621384621
     656.4861907938625336       1.0375245176255703
     656.4863909272849014       1.0459743700921535
     656.4865910607071555       0.9875662019476295
     656.4867911941294096       1.0183995719999075
     656.4869913275516637       0.9199138879776001
     656.4871914609740315       1.0052881916053593
     656.4873915943962857       1.0683171823620796
     656.4875917278185398       1.0770269259810448
     656.4877918612407939       0.9924718816764653
     656.4879919946631617       1.0038946338463575
     656.4881921280854158       1.0326337292790413
     656.4883922615076699       1.0431930348277092
     656.4885923949299240       0.9809912052005529
     656.4887925283522918       0.9910211302340031
     656.4889926617745459       1.0148691805079579
     656.4891927951968000       0.9376101791858673
     656.4893929286190541       1.0696233138442039
     656.4895930620413083       0.9917155066505075
     656.4897931954636761       1.0644438788294792
     656.4899933288859302       0.9624859206378460
     656.4901934623081843       1.0177203509956598
     656.4903935957304384       1.0160604156553745
     656.4905937291528062       0.9684860594570637
     656.4907938625750603       0.9331249520182610
     656.4909939959973144       0.9922073041088879
     656.4911941294195685       0.9742870684713125
     656.4913942628419363       1.0136160803958774
     656.4915943962641904       0.9083123952150345
     656.4917945296864445       0.9964507382828742
     656.4919946631086987       0.9313906356692314
     656.4921947965310665       1.0287335868924856
     656.4923949299533206       1.1108237132430077
     656.4925950633755747       1.1168285757303238
     656.4927951967978288       0.9606340564787388
     656.4929953302201966       1.1010911464691162
     656.4931954636424507       1.0722660049796104
     656.4933955970647048       1.0902052745223045
     656.4935957304869589       0.9722912181168795
     656.4937958639093267       1.0247295405715704
     656.4939959973315808       0.9871849576011300
     656.4941961307538350       1.0172547437250614
     656.4943962641760891       1.0619749128818512
     656.4945963975983432       0.9847567956894636
     656.4947965310207110       0.9478559419512749
     656.4949966644429651       1.0167790558189154
     656.4951967978652192       0.9848474562168121
     656.4953969312874733       1.0357782877981663
     656.4955970647098411       0.9227089658379555
     656.4957971981320952       1.0059055355377495
     656.4959973315543493       0.9749826006591320
     656.4961974649766034       0.9852229785174131
     656.4963975983989712       1.0424373932182789
     656.4965977318212254       1.0633495375514030
     656.4967978652434795       0.8849949836730957
     656.4969979986657336       1.0393592230975628
     656.4971981320881014       1.0012447958579287
     656.4973982655103555       1.0251309815794230
     656.4975983989326096       0.9961652657948434
     656.4977985323548637       0.9813309665769339
     656.4979986657772315       1.0105366623029113
     656.4981987991994856       0.9397807531058788
     656.4983989326217397       0.9776743520051241
     656.4985990660439938       1.0004783892072737
     656.4987991994663616       0.9872725680470467
     656.4989993328886158       1.0404517427086830
     656.4991994663108699       1.0197773166000843
     656.4993995997331240       1.0515214465558529
     656.4995997331554918       0.9516835808753967
     656.4997998665777459       1.0633943304419518
     656.5000000000000000       1.0363268032670021
