     656.2000000000000455       1.0306279659271240
     656.2002001334222996       0.9720328208059072
     656.2004002668445537       1.0588465631008148
     656.2006004002669215       0.9783257935196161
     656.2008005336891756       1.0221427492797375
     656.2010006671114297       1.0071296351961792
     656.2012008005336838       1.0156847294420004
     656.2014009339560516       0.9214493781328201
     656.2016010673783057       0.9610738828778267
     656.2018012008005599       1.0124772125855088
     656.2020013342228140       0.9037135168910027
     656.2022014676451818       0.9116706103086472
     656.2024016010674359       1.0137014361098409
     656.2026017344896900       1.0096770282834768
     656.2028018679119441       1.0146847143769264
     656.2030020013343119       0.9287483096122742
     656.2032021347565660       0.9581758305430412
     656.2034022681788201       0.9664084352552891
     656.2036024016010742       0.9284949675202370
     656.2038025350234420       1.0566654503345490
     656.2040026684456961       1.0093751614913344
     656.2042028018679503       0.9753152523189783
     656.2044029352902044       1.0073305368423462
     656.2046030687125722       1.1148571297526360
     656.2048032021348263       1.0512799583375454
     656.2050033355570804       0.9452664144337177
     656.2052034689793345       1.0253228098154068
     656.2054036024017023       1.0753223523497581
     656.2056037358239564       1.0232867989689112
     656.2058038692462105       1.0154593707993627
     656.2060040026684646       1.0526374951004982
     656.2062041360907187       1.0295478831976652
     656.2064042695130865       1.1171602979302406
     656.2066044029353407       0.9131079316139221
     656.2068045363575948       0.9387716464698315
     656.2070046697798489       0.9420771412551403
     656.2072048032022167       0.9331392273306847
     656.2074049366244708       0.9779515173286200
     656.2076050700467249       1.0146600902080536
     656.2078052034689790       0.9408417381346226
     656.2080053368913468       1.0094286287203431
     656.2082054703136009       1.0418423563241959
     656.2084056037358550       0.9329372569918633
     656.2086057371581092       0.9839187934994698
     656.2088058705804769       1.0063005792908370
     656.2090060040027311       0.9924277206882834
     656.2092061374249852       1.0789507254958153
     656.2094062708472393       1.0517579913139343
     656.2096064042696071       1.0617696605622768
     656.2098065376918612       0.9411806799471378
     656.2100066711141153       1.0335224978625774
     656.2102068045363694       0.9092840924859047
     656.2104069379587372       0.9642630442976952
     656.2106070713809913       1.0089430613443255
     656.2108072048032454       0.9697434511035681
     656.2110073382254996       1.0605481378734112
     656.2112074716477537       1.0469982363283634
     656.2114076050701215       0.8869507536292076
     656.2116077384923756       0.9650845713913441
     656.2118078719146297       0.9405059255659580
     656.2120080053368838       1.0553472898900509
     656.2122081387592516       0.8955683708190918
     656.2124082721815057       1.0609966181218624
     656.2126084056037598       1.0288420356810093
     656.2128085390260139       0.9705493357032537
     656.2130086724483817       0.8935320451855659
     656.2132088058706358       1.0622401423752308
     656.2134089392928900       1.0413925573229790
     656.2136090727151441       1.0498305186629295
     656.2138092061375119       1.0408091321587563
     656.2140093395597660       1.0309749990701675
     656.2142094729820201       1.0190052874386311
     656.2144096064042742       0.9775388613343239
     656.2146097398266420       1.0215052813291550
     656.2148098732488961       1.0231409091502428
     656.2150100066711502       0.9940230664797127
     656.2152101400934043       1.0241262037307024
     656.2154102735157721       1.0037873261608183
     656.2156104069380262       1.0280432198196650
     656.2158105403602804       0.9985089635010809
     656.2160106737825345       0.9766257312148809
     656.2162108072049023       0.9704191796481609
     656.2164109406271564       1.1125035807490349
     656.2166110740494105       1.0148740736767650
     656.2168112074716646       1.0247186645865440
     656.2170113408939187       1.0182191636413336
     656.2172114743162865       1.0304512623697519
     656.2174116077385406       1.0821595191955566
     656.2176117411607947       0.9848968638107181
     656.2178118745830488       1.0422834903001785
     656.2180120080054166       0.9570604413747787
     656.2182121414276708       0.9325292482972145
     656.2184122748499249       0.9427091404795647
     656.2186124082721790       0.9545773789286613
     656.2188125416945468       1.0838133990764618
     656.2190126751168009       1.1173120737075806
     656.2192128085390550       0.9451750218868256
     656.2194129419613091       1.0005220122984610
     656.2196130753836769       0.9623558595776558
     656.2198132088059310       1.0442591197788715
     656.2200133422281851       1.0316943936049938
     656.2202134756504392       1.0426720939576626
     656.2204136090728070       1.1015069112181664
     656.2206137424950612       0.9711347986012697
     656.2208138759173153       0.9110668301582336
     656.2210140093395694       1.0097900098189712
     656.2212141427619372       0.9987905906746164
     656.2214142761841913       1.0559696517884731
     656.2216144096064454       0.9261918142437935
     656.2218145430286995       0.9588245414197445
     656.2220146764509536       0.9644096978008747
     656.2222148098733214       0.9897258011624217
     656.2224149432955755       0.9334820434451103
     656.2226150767178297       0.9403721727430820
     656.2228152101400838       1.0065144146792591
     656.2230153435624516       0.9542201571166515
     656.2232154769847057       1.0438094846904278
     656.2234156104069598       1.0462619252502918
     656.2236157438292139       0.9566336087882519
     656.2238158772515817       1.0916722044348717
     656.2240160106738358       1.0219086166471243
     656.2242161440960899       1.0382953844964504
     656.2244162775183440       0.9881676891818643
     656.2246164109407118       0.9858040316030383
     656.2248165443629659       0.9100821539759636
     656.2250166777852201       0.9830628465861082
     656.2252168112074742       0.9621811918914318
     656.2254169446298420       1.0208430197089911
     656.2256170780520961       1.0179901700466871
     656.2258172114743502       1.0557715706527233
     656.2260173448966043       1.0741063877940178
     656.2262174783189721       0.9791608564555645
     656.2264176117412262       0.9939991063438356
     656.2266177451634803       0.9308251813054085
     656.2268178785857344       1.0244775637984276
     656.2270180120081022       0.9837021771818399
     656.2272181454303563       1.0540945492684841
     656.2274182788526105       0.9622536338865757
     656.2276184122748646       1.0091208610683680
     656.2278185456971187       1.1335177272558212
     656.2280186791194865       0.8847141936421394
     656.2282188125417406       1.0072936997748911
     656.2284189459639947       0.9842992741614580
     656.2286190793862488       0.9434220604598522
     656.2288192128086166       0.9717871397733688
     656.2290193462308707       0.9715406801551580
     656.2292194796531248       0.9306032434105873
     656.2294196130753789       0.9931959197856486
     656.2296197464977467       0.9829947985708714
     656.2298198799200009       0.9984234304865822
     656.2300200133422550       0.9476048946380615
     656.2302201467645091       0.9548210091888905
     656.2304202801868769       0.9499894008040428
     656.2306204136091310       1.0314823612570763
     656.2308205470313851       0.9935721666552126
     656.2310206804536392       0.9987013700883836
     656.2312208138760070       0.9650678150355816
     656.2314209472982611       1.0056140897795558
     656.2316210807205152       1.0484950281679630
     656.2318212141427693       0.9876702399924397
     656.2320213475651371       1.0230833496898413
     656.2322214809873913       1.0198540519922972
     656.2324216144096454       0.9264083355665207
     656.2326217478318995       0.8360461294651031
     656.2328218812541536       0.9901552069932222
     656.2330220146765214       1.0445643812417984
     656.2332221480987755       1.0769615098834038
     656.2334222815210296       1.0328629426658154
     656.2336224149432837       1.0144920125603676
     656.2338225483656515       1.0392826460301876
     656.2340226817879056       0.8892488703131676
     656.2342228152101598       1.0163942407816648
     656.2344229486324139       1.0098727196455002
     656.2346230820547817       0.9898699717596173
     656.2348232154770358       0.9434095248579979
     656.2350233488992899       1.0715380907058716
     656.2352234823215440       1.0140669466927648
     656.2354236157439118       0.9612200558185577
     656.2356237491661659       0.8586494624614716
     656.2358238825884200       0.9591677784919739
     656.2360240160106741       1.0271676164120436
     656.2362241494330419       0.9326310977339745
     656.2364242828552960       1.0418020822107792
     656.2366244162775502       1.0062138484790921
     656.2368245496998043       1.0313766859471798
     656.2370246831221721       1.0105295451357961
     656.2372248165444262       0.9476012997329235
     656.2374249499666803       1.0815419927239418
     656.2376250833889344       0.8737699687480927
     656.2378252168113022       1.0142917884513736
     656.2380253502335563       1.0549875982105732
     656.2382254836558104       0.9531088657677174
     656.2384256170780645       0.9698683675378561
     656.2386257505003186       0.9248119816184044
     656.2388258839226864       1.0689324885606766
     656.2390260173449406       0.9785555545240641
     656.2392261507671947       1.1000598296523094
     656.2394262841894488       0.9157449975609779
     656.2396264176118166       0.9680897481739521
     656.2398265510340707       0.8610043227672577
     656.2400266844563248       0.9850980099290609
     656.2402268178785789       0.9469427093863487
     656.2404269513009467       1.0291941519826651
     656.2406270847232008       1.0322584211826324
     656.2408272181454549       0.9318496212363243
     656.2410273515677090       0.9837819058448076
     656.2412274849900768       1.0262366216629744
     656.2414276184123310       0.9137612432241440
     656.2416277518345851       1.0600307770073414
     656.2418278852568392       1.0420743972063065
     656.2420280186792070       1.0396777875721455
     656.2422281521014611       0.9005319029092789
     656.2424282855237152       1.1270085871219635
     656.2426284189459693       0.9966618504840881
     656.2428285523683371       0.9306022599339485
     656.2430286857905912       1.0727073326706886
     656.2432288192128453       1.0492948964238167
     656.2434289526350994       0.9843427687883377
     656.2436290860574672       1.0358013138175011
     656.2438292194797214       0.9437464363873005
     656.2440293529019755       1.0057950648479164
     656.2442294863242296       1.0346954315900803
     656.2444296197464837       0.9913472030311823
     656.2446297531688515       0.8884902670979500
     656.2448298865911056       1.0217652115970850
     656.2450300200133597       1.1156749501824379
     656.2452301534356138       0.9935123152099550
     656.2454302868579816       0.9231441989541054
     656.2456304202802357       1.0214299298822880
     656.2458305537024899       1.0137370591983199
     656.2460306871247440       1.0381374433636665
     656.2462308205471118       0.9456465169787407
     656.2464309539693659       0.9868158148601651
     656.2466310873916200       1.0129323108121753
     656.2468312208138741       1.0191172864288092
     656.2470313542362419       0.9532095491886139
     656.2472314876584960       1.0250261127948761
     656.2474316210807501       0.9729954991489649
     656.2476317545030042       1.0101595604792237
     656.2478318879253720       0.9302986040711403
     656.2480320213476261       0.9956515077501535
     656.2482321547698803       0.9677244387567043
     656.2484322881921344       0.9623482227325439
     656.2486324216145022       1.0940952226519585
     656.2488325550367563       1.0406768321990967
     656.2490326884590104       0.9559393674135208
     656.2492328218812645       0.9512159749865532
     656.2494329553035186       0.9581195786595345
     656.2496330887258864       1.0534374378621578
     656.2498332221481405       0.9432632811367512
     656.2500333555703946       1.0470058061182499
     656.2502334889926487       0.9957328098826110
     656.2504336224150165       1.0467130541801453
     656.2506337558372707       1.0214262828230858
     656.2508338892595248       1.0310010947287083
     656.2510340226817789       1.0144943688064814
     656.2512341561041467       1.0199219975620508
     656.2514342895264008       0.9610425569117069
     656.2516344229486549       1.0162094142287970
     656.2518345563709090       0.9910953408107162
     656.2520346897932768       1.0494481436908245
     656.2522348232155309       0.9744418468326330
     656.2524349566377850       0.9852739572525024
     656.2526350900600391       0.9709599725902081
     656.2528352234824069       0.9622463174164295
     656.2530353569046611       1.0023246018681675
     656.2532354903269152       1.0433793403208256
     656.2534356237491693       1.0935394242405891
     656.2536357571715371       1.1282256841659546
     656.2538358905937912       0.9936254909262061
     656.2540360240160453       0.9930708869360387
     656.2542361574382994       1.0668617039918900
     656.2544362908606672       1.0120091242715716
     656.2546364242829213       0.9342568591237068
     656.2548365577051754       1.0282052345573902
     656.2550366911274295       1.1146811246871948
     656.2552368245496837       1.0659648999571800
     656.2554369579720515       1.0379121415317059
     656.2556370913943056       0.9506540261209011
     656.2558372248165597       1.1114914640784264
     656.2560373582388138       1.0635138303041458
     656.2562374916611816       1.0542958043515682
     656.2564376250834357       0.9346534758806229
     656.2566377585056898       1.0202393941581249
     656.2568378919279439       0.9417932815849781
     656.2570380253503117       0.9609149694442749
     656.2572381587725658       1.0209420882165432
     656.2574382921948200       0.9629593081772327
     656.2576384256170741       1.0117797218263149
     656.2578385590394419       1.0646509453654289
     656.2580386924616960       1.1340064257383347
     656.2582388258839501       1.0038625882007182
     656.2584389593062042       0.9721666276454926
     656.2586390927285720       1.0104406271129847
     656.2588392261508261       1.0263757854700089
     656.2590393595730802       0.9564276002347469
     656.2592394929953343       1.0991616025567055
     656.2594396264177021       0.9364482313394547
     656.2596397598399562       0.9772296436131001
     656.2598398932622104       1.0076271868310869
     656.2600400266844645       1.0992050394415855
     656.2602401601067186       0.9808247014880180
     656.2604402935290864       1.0141080040484667
     656.2606404269513405       0.9703029748052359
     656.2608405603735946       0.9788910467177629
     656.2610406937958487       1.0394270159304142
     656.2612408272182165       1.0459852516651154
     656.2614409606404706       1.0601398125290871
     656.2616410940627247       1.0979490578174591
     656.2618412274849788       1.1038185954093933
     656.2620413609073466       1.0232038591057062
     656.2622414943296008       0.8900100439786911
     656.2624416277518549       0.9783693198114634
     656.2626417611741090       0.9737465027719736
     656.2628418945964768       0.9656616635620594
     656.2630420280187309       1.0695382207632065
     656.2632421614409850       0.9837847258895636
     656.2634422948632391       1.0333142280578613
     656.2636424282856069       1.0022733823861927
     656.2638425617078610       0.9491747952997684
     656.2640426951301151       0.9604843817651272
     656.2642428285523692       0.9634308852255344
     656.2644429619747370       1.1108670607209206
     656.2646430953969912       0.9620859064161777
     656.2648432288192453       0.9617308825254440
     656.2650433622414994       0.9413986131548882
     656.2652434956638672       1.0190787669271231
     656.2654436290861213       1.0017059299862012
     656.2656437625083754       1.0081477789208293
     656.2658438959306295       0.9616833515465260
     656.2660440293528836       1.0186701565980911
     656.2662441627752514       0.9173053875565529
     656.2664442961975055       1.0454056374728680
     656.2666444296197596       1.0251708682626486
     656.2668445630420138       0.9845362231135368
     656.2670446964643816       0.9509344808757305
     656.2672448298866357       0.9122236445546150
     656.2674449633088898       0.9554827585816383
     656.2676450967311439       0.9013680219650269
     656.2678452301535117       1.0543064288794994
     656.2680453635757658       0.9646119177341461
     656.2682454969980199       1.0347902253270149
     656.2684456304202740       0.9526870101690292
     656.2686457638426418       1.0422530472278595
     656.2688458972648959       0.9943967205472291
     656.2690460306871501       0.9615618363022804
     656.2692461641094042       0.9963679730426520
     656.2694462975317720       1.0271092262119055
     656.2696464309540261       1.0714253112673759
     656.2698465643762802       0.9256794154644012
     656.2700466977985343       0.9758243728429079
     656.2702468312209021       1.0042947335168719
     656.2704469646431562       0.9970704766456038
     656.2706470980654103       0.9400942251086235
     656.2708472314876644       0.9780934303998947
     656.2710473649099185       1.0189598929136992
     656.2712474983322863       0.9283755645155907
     656.2714476317545405       1.0356604047119617
     656.2716477651767946       1.0603697113692760
     656.2718478985990487       1.0164253097027540
     656.2720480320214165       1.0489425249397755
     656.2722481654436706       0.9262163415551186
     656.2724482988659247       0.9874746752902865
     656.2726484322881788       1.0104056941345334
     656.2728485657105466       1.0716876387596130
     656.2730486991328007       0.9533407986164093
     656.2732488325550548       1.0171290803700686
     656.2734489659773089       0.9430880732834339
     656.2736490993996767       0.9420480430126190
     656.2738492328219309       0.9754267577081919
     656.2740493662441850       0.9527318030595779
     656.2742494996664391       0.9531930573284626
     656.2744496330888069       0.9303030967712402
     656.2746497665110610       1.0119933290407062
     656.2748498999333151       1.0773854479193687
     656.2750500333555692       0.9848577054217458
     656.2752501667779370       0.8729576617479324
     656.2754503002001911       1.0779281556606293
     656.2756504336224452       0.9579964540898800
     656.2758505670446993       1.0756105706095695
     656.2760507004670671       1.0785635337233543
     656.2762508338893213       0.9805382601916790
     656.2764509673115754       0.9561812654137611
     656.2766511007338295       1.0176676642149687
     656.2768512341560836       1.0037944118957967
     656.2770513675784514       1.0188530981540680
     656.2772515010007055       1.0698995888233185
     656.2774516344229596       1.0490900054574013
     656.2776517678452137       0.9435247220098972
     656.2778519012675815       1.0859744176268578
     656.2780520346898356       1.0397150032222271
     656.2782521681120897       0.9871629253029823
     656.2784523015343439       1.0533261075615883
     656.2786524349567117       1.0658586323261261
     656.2788525683789658       1.0268965419381857
     656.2790527018012199       1.0753429681062698
     656.2792528352234740       1.0055152880959213
     656.2794529686458418       0.9812458958476782
     656.2796531020680959       0.9205748215317726
     656.2798532354903500       0.9806512016803026
     656.2800533689126041       1.0574013553559780
     656.2802535023349719       0.9993243628414348
     656.2804536357572260       0.9932971536181867
     656.2806537691794802       1.0409272052347660
     656.2808539026017343       1.0671204254031181
     656.2810540360241021       1.1584043502807617
     656.2812541694463562       0.8846785873174667
     656.2814543028686103       0.9878124678507447
     656.2816544362908644       1.0655979812145233
     656.2818545697131185       0.9751394856721163
     656.2820547031354863       1.0051583661697805
     656.2822548365577404       0.9892100971192122
     656.2824549699799945       0.9654787331819534
     656.2826551034022486       0.9176320731639862
     656.2828552368246164       1.0272699948400259
     656.2830553702468706       0.9648841060698032
     656.2832555036691247       1.0691714137792587
     656.2834556370913788       1.0081849275156856
     656.2836557705137466       0.9114579632878304
     656.2838559039360007       0.9990870252368040
     656.2840560373582548       1.0638367459177971
     656.2842561707805089       1.0533583275973797
     656.2844563042028767       0.9946478758938611
     656.2846564376251308       0.9270076528191566
     656.2848565710473849       0.9298767149448395
     656.2850567044696390       1.0989275053143501
     656.2852568378920068       0.9113451167941093
     656.2854569713142610       0.9054041653871536
     656.2856571047365151       0.9017470106482506
     656.2858572381587692       1.0092277973890305
     656.2860573715811370       1.0480001457035542
     656.2862575050033911       1.0301224775612354
     656.2864576384256452       0.9692296888679266
     656.2866577718478993       1.0415351949632168
     656.2868579052702671       0.9646366089582443
     656.2870580386925212       0.9894567029550672
     656.2872581721147753       0.9726707190275192
     656.2874583055370294       1.0075780451297760
     656.2876584389592836       0.9822751730680466
     656.2878585723816514       1.0603844597935677
     656.2880587058039055       1.0151553675532341
     656.2882588392261596       1.0246940832585096
     656.2884589726484137       1.0772663280367851
     656.2886591060707815       1.0406591743230820
     656.2888592394930356       1.0342710465192795
     656.2890593729152897       0.9753828942775726
     656.2892595063375438       1.0936612710356712
     656.2894596397599116       1.0191063452512026
     656.2896597731821657       1.0609662830829620
     656.2898599066044198       0.9873743401840329
     656.2900600400266740       0.9538449421525002
     656.2902601734490418       0.9979859932791442
     656.2904603068712959       1.0178854633122683
     656.2906604402935500       1.0527272894978523
     656.2908605737158041       1.1268405020236969
     656.2910607071381719       1.0136976391077042
     656.2912608405604260       1.0591914318501949
     656.2914609739826801       1.0090656001120806
     656.2916611074049342       0.9751260224729776
     656.2918612408273020       0.9340884685516357
     656.2920613742495561       0.9720696173608303
     656.2922615076718103       1.0416605658829212
     656.2924616410940644       1.0845871716737747
     656.2926617745164322       1.0292668975889683
     656.2928619079386863       0.9719029776751995
     656.2930620413609404       1.0522911362349987
     656.2932621747831945       1.0516123734414577
     656.2934623082054486       1.0008231619722210
     656.2936624416278164       1.0004164243582636
     656.2938625750500705       0.9681291803717613
     656.2940627084723246       0.9734889324754477
     656.2942628418945787       1.0056559545919299
     656.2944629753169465       0.9772518686950207
     656.2946631087392007       1.1456445902585983
     656.2948632421614548       0.9619635157287121
     656.2950633755837089       1.0116221662610769
     656.2952635090060767       1.1909819692373276
     656.2954636424283308       0.9495728611946106
     656.2956637758505849       0.9970918234903365
     656.2958639092728390       0.9961236137896776
     656.2960640426952068       1.0690715461969376
     656.2962641761174609       0.9713026881217957
     656.2964643095397150       0.9865874769166112
     656.2966644429619691       1.0184818599373102
     656.2968645763843369       0.9246391132473946
     656.2970647098065911       0.9559153057634830
     656.2972648432288452       0.9341539219021797
     656.2974649766510993       1.0255419891327620
     656.2976651100734671       1.0167267303913832
     656.2978652434957212       1.0799232125282288
     656.2980653769179753       1.0293042864650488
     656.2982655103402294       1.0401651188731194
     656.2984656437624835       0.9980476200580597
     656.2986657771848513       0.9828591663390398
     656.2988659106071054       0.9652708359062672
     656.2990660440293595       1.0245256889611483
     656.2992661774516137       0.9994446033961140
     656.2994663108739815       1.0561635978519917
     656.2996664442962356       0.9689215477555990
     656.2998665777184897       1.0747191831469536
     656.3000667111407438       1.0263709221035242
     656.3002668445631116       0.9442986845970154
     656.3004669779853657       0.9137018546462059
     656.3006671114076198       1.1565736979246140
     656.3008672448298739       1.0916433259844780
     656.3010673782522417       1.0070567610673606
     656.3012675116744958       1.0759381279349327
     656.3014676450967499       0.9115198031067848
     656.3016677785190041       1.0027581001631916
     656.3018679119413719       0.9492372907698154
     656.3020680453636260       1.1074261441826820
     656.3022681787858801       0.9994981718482450
     656.3024683122081342       0.9539208561182022
     656.3026684456305020       1.0395428203046322
     656.3028685790527561       1.0104400645941496
     656.3030687124750102       0.9911452149972320
     656.3032688458972643       1.0374777279794216
     656.3034689793196321       0.9402413703501225
     656.3036691127418862       0.9897958198562264
     656.3038692461641403       0.9894830612465739
     656.3040693795863945       1.0281427893787622
     656.3042695130086486       0.9340845718979836
     656.3044696464310164       0.9970806976780295
     656.3046697798532705       1.0359112210571766
     656.3048699132755246       1.0476439706981182
     656.3050700466977787       1.0043612373992801
     656.3052701801201465       1.0577166378498077
     656.3054703135424006       0.9486157409846783
     656.3056704469646547       1.0611408837139606
     656.3058705803869088       1.0133379520848393
     656.3060707138092766       0.9915827754884958
     656.3062708472315308       1.0362258851528168
     656.3064709806537849       1.0362595282495022
     656.3066711140760390       0.9943639957346022
     656.3068712474984068       0.9916156651452184
     656.3070713809206609       0.9763556215912104
     656.3072715143429150       1.0296546816825867
     656.3074716477651691       0.9879831718280911
     656.3076717811875369       0.9991554238949902
     656.3078719146097910       0.9695673491805792
     656.3080720480320451       1.0370935611426830
     656.3082721814542992       1.0305520147085190
     656.3084723148766670       1.0490368865430355
     656.3086724482989212       0.9250844344496727
     656.3088725817211753       0.9489282295107841
     656.3090727151434294       0.9668260738253593
     656.3092728485656835       1.0295062847435474
     656.3094729819880513       1.0126866595819592
     656.3096731154103054       1.0006785988225602
     656.3098732488325595       1.0075371102429926
     656.3100733822548136       1.0676214247941971
     656.3102735156771814       1.0201351456344128
     656.3104736490994355       0.9417023770511150
     656.3106737825216896       0.9630235694348812
     656.3108739159439438       0.9428689070045948
     656.3110740493663116       1.0124324057251215
     656.3112741827885657       1.0588929466903210
     656.3114743162108198       0.9907424626871943
     656.3116744496330739       0.8926052525639534
     656.3118745830554417       1.0632394254207611
     656.3120747164776958       0.9577698335051537
     656.3122748498999499       1.0569210238754749
     656.3124749833222040       0.9095116555690765
     656.3126751167445718       1.0514017753303051
     656.3128752501668259       0.9730350077152252
     656.3130753835890800       0.9923442979343235
     656.3132755170113342       0.9820633064955473
     656.3134756504337020       0.9831848051398993
     656.3136757838559561       1.0147748161107302
     656.3138759172782102       1.0323739163577557
     656.3140760507004643       1.0188048891723156
     656.3142761841228321       0.9803010318428278
     656.3144763175450862       0.9151248261332512
     656.3146764509673403       0.9899863852187991
     656.3148765843895944       1.0034566428512335
     656.3150767178118485       0.9990681040799245
     656.3152768512342163       0.9693596474826336
     656.3154769846564704       0.9991610854631290
     656.3156771180787246       0.9745934326201677
     656.3158772515009787       0.8538608998060226
     656.3160773849233465       1.0352976247668266
     656.3162775183456006       1.0915379896759987
     656.3164776517678547       0.9971243080217391
     656.3166777851901088       1.0024813374038786
     656.3168779186124766       1.0593087077140808
     656.3170780520347307       0.9400880672037601
     656.3172781854569848       0.9030893668532372
     656.3174783188792389       0.9467519149184227
     656.3176784523016067       1.0697864517569542
     656.3178785857238609       1.0984951406717300
     656.3180787191461150       0.9333590418100357
     656.3182788525683691       0.9519878923892975
     656.3184789859907369       0.9536178857088089
     656.3186791194129910       1.0579448342323303
     656.3188792528352451       1.0375908948481083
     656.3190793862574992       1.0370806939899921
     656.3192795196798670       1.0327432304620743
     656.3194796531021211       1.0480747520923615
     656.3196797865243752       1.0175872948020697
     656.3198799199466293       0.9756743889302015
     656.3200800533688835       0.9857846405357122
     656.3202801867912513       0.9716973770409822
     656.3204803202135054       0.9609437994658947
     656.3206804536357595       1.0197126548737288
     656.3208805870580136       1.1024206057190895
     656.3210807204803814       1.0173518825322390
     656.3212808539026355       1.0460004732012749
     656.3214809873248896       0.9905424546450377
     656.3216811207471437       1.0316609553992748
     656.3218812541695115       1.0106512112542987
     656.3220813875917656       0.9035858735442162
     656.3222815210140197       1.0376974716782570
     656.3224816544362739       1.0345966853201389
     656.3226817878586417       0.9661193229258060
     656.3228819212808958       1.0564760938286781
     656.3230820547031499       1.0116611374542117
     656.3232821881254040       0.9270903915166855
     656.3234823215477718       0.9550599940121174
     656.3236824549700259       1.0147094028070569
     656.3238825883922800       0.9509249292314053
     656.3240827218145341       1.1203087344765663
     656.3242828552369019       0.9547682404518127
     656.3244829886591560       1.0277178324759007
     656.3246831220814101       1.0247659794986248
     656.3248832555036643       1.0453108213841915
     656.3250833889260321       1.0422539077699184
     656.3252835223482862       0.9572151526808739
     656.3254836557705403       1.0254570823162794
     656.3256837891927944       1.0475834272801876
     656.3258839226150485       0.9833486378192902
     656.3260840560374163       1.0391146093606949
     656.3262841894596704       1.0492838472127914
     656.3264843228819245       0.9843850256875157
     656.3266844563041786       1.0562693551182747
     656.3268845897265464       0.9369588345289230
     656.3270847231488005       1.0125966621562839
     656.3272848565710547       0.9811804369091988
     656.3274849899933088       0.9020452871918678
     656.3276851234156766       1.0811216607689857
     656.3278852568379307       1.0337338186800480
     656.3280853902601848       1.0246089864522219
     656.3282855236824389       1.0115118706598878
     656.3284856571048067       0.9857556531205773
     656.3286857905270608       0.9478592760860920
     656.3288859239493149       1.0096734240651131
     656.3290860573715690       0.9894407512620091
     656.3292861907939368       1.0748692825436592
     656.3294863242161910       1.0024343512486666
     656.3296864576384451       0.9428424239158630
     656.3298865910606992       0.9687344022095203
     656.3300867244830670       1.0032718253787607
     656.3302868579053211       1.0064492425881326
     656.3304869913275752       0.9065205678343773
     656.3306871247498293       1.0287901796400547
     656.3308872581721971       0.9981994539266452
     656.3310873915944512       1.0008545024320483
     656.3312875250167053       0.9632037989795208
     656.3314876584389594       1.0101257190108299
     656.3316877918612136       0.9730697590857744
     656.3318879252835814       1.0009628897532821
     656.3320880587058355       1.0801546946167946
     656.3322881921280896       0.9966941091697663
     656.3324883255503437       1.0487604774534702
     656.3326884589727115       0.9855947988107800
     656.3328885923949656       1.0952938944101334
     656.3330887258172197       0.9672532714903355
     656.3332888592394738       0.9897180730476975
     656.3334889926618416       1.0306377541273832
     656.3336891260840957       0.9894322641193867
     656.3338892595063498       1.0636211931705475
     656.3340893929286040       1.0216449759900570
     656.3342895263509718       0.9289298430085182
     656.3344896597732259       1.0483282245695591
     656.3346897931954800       0.9830480981618166
     656.3348899266177341       1.0465114079415798
     656.3350900600401019       1.0281182527542114
     656.3352901934623560       0.8749789148569107
     656.3354903268846101       0.9886188702657819
     656.3356904603068642       1.0340722016990185
     656.3358905937292320       0.9839444831013680
     656.3360907271514861       1.0585305392742157
     656.3362908605737402       0.9518095217645168
     656.3364909939959944       1.0305571015924215
     656.3366911274182485       1.0529964976012707
     656.3368912608406163       1.1006809473037720
     656.3370913942628704       1.0062604048289359
     656.3372915276851245       1.0578256249427795
     656.3374916611073786       0.9785435199737549
     656.3376917945297464       0.9432471208274364
     656.3378919279520005       1.0319183990359306
     656.3380920613742546       1.0069818156771362
     656.3382921947965087       1.1174538880586624
     656.3384923282188765       1.0220065768808126
     656.3386924616411306       1.0436426214873791
     656.3388925950633848       0.9405144490301609
     656.3390927284856389       1.0203964207321405
     656.3392928619080067       1.0744544938206673
     656.3394929953302608       0.9644602462649345
     656.3396931287525149       1.0307531394064426
     656.3398932621747690       1.0343124493956566
     656.3400933955971368       0.9429832920432091
     656.3402935290193909       1.0119774490594864
     656.3404936624416450       0.9669291302561760
     656.3406937958638991       0.9798169862478971
     656.3408939292862669       0.9406103007495403
     656.3410940627085211       0.9787796866148710
     656.3412941961307752       1.0657412335276604
     656.3414943295530293       0.9310031011700630
     656.3416944629753971       0.9546942785382271
     656.3418945963976512       0.9931873059831560
     656.3420947298199053       1.0270633790642023
     656.3422948632421594       0.9541968740522861
     656.3424949966644135       0.9624606259167194
     656.3426951300867813       1.0294998083263636
     656.3428952635090354       1.0329182706773281
     656.3430953969312895       1.0127586573362350
     656.3432955303535437       1.0291573535650969
     656.3434956637759115       0.9542452432215214
     656.3436957971981656       0.9955728347413242
     656.3438959306204197       1.0556845031678677
     656.3440960640426738       1.0470309592783451
     656.3442961974650416       1.0275483224540949
     656.3444963308872957       0.9655956737697124
     656.3446964643095498       1.0141434399411082
     656.3448965977318039       0.9399497210979462
     656.3450967311541717       1.0175873413681984
     656.3452968645764258       1.0016641126712784
     656.3454969979986799       1.1062611937522888
     656.3456971314209341       1.0301163848489523
     656.3458972648433019       0.9853730723261833
     656.3460973982655560       1.0339885763823986
     656.3462975316878101       0.9165268987417221
     656.3464976651100642       1.0631098002195358
     656.3466977985324320       0.9763574115931988
     656.3468979319546861       1.0231007002294064
     656.3470980653769402       1.0009949704399332
     656.3472981987991943       0.9660056419670582
     656.3474983322214484       0.9795103855431080
     656.3476984656438162       0.9752662330865860
     656.3478985990660703       0.8961259797215462
     656.3480987324883245       1.0573742054402828
     656.3482988659105786       0.9934781868942082
     656.3484989993329464       1.0096377581357956
     656.3486991327552005       0.9523740522563457
     656.3488992661774546       1.0040972451679409
     656.3490993995997087       1.0149698182940483
     656.3492995330220765       0.9632135145366192
     656.3494996664443306       1.0455341599881649
     656.3496997998665847       0.9340651109814644
     656.3498999332888388       0.9856637772172689
     656.3501000667112066       1.0042962967418134
     656.3503002001334607       0.9513936638832092
     656.3505003335557149       1.0086507443338633
     656.3507004669779690       0.9381587989628315
     656.3509006004003368       0.9937347699888051
     656.3511007338225909       0.9985707778250799
     656.3513008672448450       0.9797167126089334
     656.3515010006670991       1.0533630326390266
     656.3517011340894669       0.9604433923959732
     656.3519012675117210       1.0215496569871902
     656.3521014009339751       1.0446464270353317
     656.3523015343562292       1.0492320992052555
     656.3525016677785970       0.9909328902140260
     656.3527018012008512       0.9398730285465717
     656.3529019346231053       0.9766596257686615
     656.3531020680453594       1.0395904481410980
     656.3533022014676135       0.9051995947957039
     656.3535023348899813       1.0564281046390533
     656.3537024683122354       1.0462645813822746
     656.3539026017344895       0.9616360925137997
     656.3541027351567436       1.0029724000487477
     656.3543028685791114       0.9782592169940472
     656.3545030020013655       1.0297569483518600
     656.3547031354236196       0.9948050170205534
     656.3549032688458738       1.0827427953481674
     656.3551034022682416       0.9449401684105396
     656.3553035356904957       0.9545564986765385
     656.3555036691127498       1.0676490291953087
     656.3557038025350039       0.9600933417677879
     656.3559039359573717       1.1327362060546875
     656.3561040693796258       0.9152485430240631
     656.3563042028018799       0.9360317960381508
     656.3565043362241340       0.9264284372329712
     656.3567044696465018       1.0065282001160085
     656.3569046030687559       1.0550807416439056
     656.3571047364910100       0.9380129501223564
     656.3573048699132642       1.0055893096141517
     656.3575050033356320       0.9621428325772285
     656.3577051367578861       1.0424292273819447
     656.3579052701801402       1.0061423769220710
     656.3581054036023943       1.0882613435387611
     656.3583055370246484       0.9333480820059776
     656.3585056704470162       0.9704102668911219
     656.3587058038692703       1.0066074640490115
     656.3589059372915244       1.0814752057194710
     656.3591060707137785       0.9438985325396061
     656.3593062041361463       1.0044722137972713
     656.3595063375584004       1.0449093244969845
     656.3597064709806546       0.9329550415277481
     656.3599066044029087       0.9927285392768681
     656.3601067378252765       1.0053570899181068
     656.3603068712475306       0.9980251824017614
     656.3605070046697847       0.9010641500353813
     656.3607071380920388       0.9821788687258959
     656.3609072715144066       1.0755470469594002
     656.3611074049366607       1.0133929466828704
     656.3613075383589148       1.0957542881369591
     656.3615076717811689       1.0197739675641060
     656.3617078052035367       1.0243613105267286
     656.3619079386257908       0.9590119719505310
     656.3621080720480450       0.9816835243254900
     656.3623082054702991       0.9634091891348362
     656.3625083388926669       0.9859393490478396
     656.3627084723149210       1.0615133531391621
     656.3629086057371751       1.0389924235641956
     656.3631087391594292       1.0582778565585613
     656.3633088725817970       0.9551773145794868
     656.3635090060040511       0.8915932625532150
     656.3637091394263052       1.0259444415569305
     656.3639092728485593       1.0663729459047318
     656.3641094062708135       0.9713382571935654
     656.3643095396931813       1.0206858813762665
     656.3645096731154354       0.9326843544840813
     656.3647098065376895       0.9453412033617496
     656.3649099399599436       0.9525391124188900
     656.3651100733823114       1.0006012354278937
     656.3653102068045655       0.9642478935420513
     656.3655103402268196       0.9594159163534641
     656.3657104736490737       1.0529467128217220
     656.3659106070714415       0.9940662519074976
     656.3661107404936956       1.0764882937073708
     656.3663108739159497       1.0059681227430701
     656.3665110073382039       0.9864999353885651
     656.3667111407605717       0.9724213276058435
     656.3669112741828258       0.9992050369037315
     656.3671114076050799       0.9956107907928526
     656.3673115410273340       1.0634706392884254
     656.3675116744497018       1.0219615343958139
     656.3677118078719559       0.9685591123998165
     656.3679119412942100       0.9805421996861696
     656.3681120747164641       1.0237953308969736
     656.3683122081388319       0.9721771683543921
     656.3685123415610860       1.0562393255531788
     656.3687124749833401       1.0519965477287769
     656.3689126084055943       1.0224142000079155
     656.3691127418278484       0.9394381344318390
     656.3693128752502162       1.0164095200598240
     656.3695130086724703       1.0375032573938370
     656.3697131420947244       1.0094962008297443
     656.3699132755169785       0.9938054862432182
     656.3701134089393463       0.9752244036644697
     656.3703135423616004       0.9732054937630892
     656.3705136757838545       1.0622551925480366
     656.3707138092061086       1.0161448903381824
     656.3709139426284764       0.9351413920521736
     656.3711140760507305       0.9993381295353174
     656.3713142094729847       0.9938411288894713
     656.3715143428952388       1.0342659726738930
     656.3717144763176066       0.9509840607643127
     656.3719146097398607       1.0434115268290043
     656.3721147431621148       1.0225825142115355
     656.3723148765843689       1.0127880200743675
     656.3725150100067367       1.0537073574960232
     656.3727151434289908       1.0586856603622437
     656.3729152768512449       1.0048224530182779
     656.3731154102734990       1.0449406839907167
     656.3733155436958668       1.0018548065563662
     656.3735156771181209       1.1024867817759509
     656.3737158105403751       1.0581276416778560
     656.3739159439626292       0.9943889547139397
     656.3741160773849970       1.0569919459521757
     656.3743162108072511       0.9691513683646897
     656.3745163442295052       0.9573981426656216
     656.3747164776517593       1.0275681708008007
     656.3749166110740134       1.0137861166149311
     656.3751167444963812       1.0022770182695142
     656.3753168779186353       0.9662039130925989
     656.3755170113408894       0.9833695553242949
     656.3757171447631436       0.9696056358515905
     656.3759172781855113       0.9985721718985131
     656.3761174116077655       0.9886181196197200
     656.3763175450300196       1.0028408886863809
     656.3765176784522737       0.9056251421569360
     656.3767178118746415       0.9785710517314998
     656.3769179452968956       0.9750904049721359
     656.3771180787191497       0.9434119164939389
     656.3773182121414038       1.0575219988816729
     656.3775183455637716       1.0011507406589035
     656.3777184789860257       1.0282420851277430
     656.3779186124082798       1.0342542491834932
     656.3781187458305340       1.0123892528910150
     656.3783188792529018       1.0845267102085134
     656.3785190126751559       0.9782288130319987
     656.3787191460974100       1.0408112965449456
     656.3789192795196641       1.0089953048049130
     656.3791194129420319       0.9466242603808878
     656.3793195463642860       1.0546725950926041
     656.3795196797865401       0.9786266907756386
     656.3797198132087942       0.9719075113124870
     656.3799199466311620       1.0107935433635262
     656.3801200800534161       0.9811190887489568
     656.3803202134756702       0.9364058821288390
     656.3805203468979244       1.0023366909806719
     656.3807204803201785       1.0322603208693570
     656.3809206137425463       0.8940936696598120
     656.3811207471648004       1.0322569157652315
     656.3813208805870545       1.0840846443651730
     656.3815210140093086       1.0583154030094537
     656.3817211474316764       1.0062598263859099
     656.3819212808539305       1.0007986441538126
     656.3821214142761846       0.9968740420617295
     656.3823215476984387       0.9746058855708657
     656.3825216811208065       1.1380227024590499
     656.3827218145430606       1.0679377494425912
     656.3829219479653148       0.9907509622055558
     656.3831220813875689       0.9670670097734586
     656.3833222148099367       1.0737555064012501
     656.3835223482321908       0.8770380541320483
     656.3837224816544449       1.0077513108625897
     656.3839226150766990       0.9709047523218030
     656.3841227484990668       1.0721276500502857
     656.3843228819213209       0.9733294923996235
     656.3845230153435750       0.9627190258697068
     656.3847231487658291       0.9444705642699930
     656.3849232821881969       0.9949741729702146
     656.3851234156104510       0.9829025057700475
     656.3853235490327052       1.0078148746829592
     656.3855236824549593       1.0002144050680810
     656.3857238158772134       1.0986978983122442
     656.3859239492995812       1.0748370349939647
     656.3861240827218353       0.8586099641325659
     656.3863242161440894       0.9031480568762991
     656.3865243495663435       1.0501420055515971
     656.3867244829887113       1.0118305392279197
     656.3869246164109654       1.0914007911282815
     656.3871247498332195       1.0064522050827993
     656.3873248832554737       1.0785186825168076
     656.3875250166778414       0.9267940949595123
     656.3877251501000956       1.0140830246137096
     656.3879252835223497       0.9845338769139789
     656.3881254169446038       0.9779129458001847
     656.3883255503669716       0.9298232755724293
     656.3885256837892257       0.9716773167325649
     656.3887258172114798       0.9880072610396767
     656.3889259506337339       1.0465064034011522
     656.3891260840561017       0.9376751702985830
     656.3893262174783558       1.0049314735632537
     656.3895263509006099       0.9447561490913839
     656.3897264843228641       0.9866539548186946
     656.3899266177452319       0.9317640733588993
     656.3901267511674860       0.9390650598815715
     656.3903268845897401       1.0072955225556695
     656.3905270180119942       0.9919109813889999
     656.3907271514343620       1.0499580944027072
     656.3909272848566161       0.9702404191691838
     656.3911274182788702       0.9842825793736620
     656.3913275517011243       0.9348441153371115
     656.3915276851233784       0.9111150806322200
     656.3917278185457462       0.9594664386778747
     656.3919279519680003       1.0123692290367816
     656.3921280853902545       1.0134832057525718
     656.3923282188125086       1.0224820429254091
     656.3925283522348764       1.0410319157937555
     656.3927284856571305       1.0008631136303072
     656.3929286190793846       0.8976059146000402
     656.3931287525016387       0.9882164288091450
     656.3933288859240065       1.0240488561103356
     656.3935290193462606       1.0172373553248439
     656.3937291527685147       1.0073179641793844
     656.3939292861907688       1.0064377800181448
     656.3941294196131366       0.9887189566550476
     656.3943295530353907       0.9791562137894926
     656.3945296864576449       1.1021467281214801
     656.3947298198798990       1.0037390172993212
     656.3949299533022668       0.9852382562408779
     656.3951300867245209       0.9899491778120818
     656.3953302201467750       1.0323082528558745
     656.3955303535690291       1.0055853088539348
     656.3957304869913969       1.0122987374939014
     656.3959306204136510       1.0291422470056806
     656.3961307538359051       0.9856672269988137
     656.3963308872581592       1.0096939044949003
     656.3965310206804133       1.0187081189571474
     656.3967311541027811       0.9849096415133208
     656.3969312875250353       1.0994683524445814
     656.3971314209472894       1.0139690789129046
     656.3973315543695435       0.9845167372263468
     656.3975316877919113       0.9167192527342802
     656.3977318212141654       1.0147859170022029
     656.3979319546364195       0.9663464110698575
     656.3981320880586736       0.9131198001225626
     656.3983322214810414       0.9701983136401287
     656.3985323549032955       1.0379199296244492
     656.3987324883255496       0.9812338963914792
     656.3989326217478038       1.0224177163564581
     656.3991327551701715       1.0449777939083598
     656.3993328885924257       1.0042231663411085
     656.3995330220146798       0.9467780719824207
     656.3997331554369339       1.0812831070081450
     656.3999332888593017       0.9940914491892522
     656.4001334222815558       0.9220478842564982
     656.4003335557038099       0.9648642360195742
     656.4005336891260640       1.0120762005776824
     656.4007338225484318       0.9252777364151077
     656.4009339559706859       0.9261532568252400
     656.4011340893929400       0.8688543106086631
     656.4013342228151942       0.9293979875942325
     656.4015343562375620       0.9680912267300110
     656.4017344896598161       0.8671156483795462
     656.4019346230820702       0.9001957643528486
     656.4021347565043243       0.9528773796252458
     656.4023348899265784       0.8629140097815835
     656.4025350233489462       0.9057187275727576
     656.4027351567712003       0.8342667194694309
     656.4029352901934544       0.8315696165234859
     656.4031354236157085       0.8554224040921603
     656.4033355570380763       0.8228571843351464
     656.4035356904603304       0.8674862605255343
     656.4037358238825846       0.7621708681061561
     656.4039359573048387       0.8934978753710393
     656.4041360907272065       0.7760757009385225
     656.4043362241494606       0.7151922946791511
     656.4045363575717147       0.8109052774771609
     656.4047364909939688       0.7955597587870373
     656.4049366244163366       0.8132917492190677
     656.4051367578385907       0.8038131637664376
     656.4053368912608448       0.7549372233337411
     656.4055370246830989       0.8429092691817411
     656.4057371581054667       0.8085992470908615
     656.4059372915277208       0.7354345518736460
     656.4061374249499750       0.8690738173069228
     656.4063375583722291       0.8463667194503994
     656.4065376917945969       0.7918717149951298
     656.4067378252168510       0.8012316037916153
     656.4069379586391051       0.7579113052516806
     656.4071380920613592       0.7837774387610204
     656.4073382254836133       0.9281255316818031
     656.4075383589059811       0.6864453564340367
     656.4077384923282352       0.8276810947392852
     656.4079386257504893       0.8524440912511211
     656.4081387591727434       0.7592035701627888
     656.4083388925951112       0.8329395942314202
     656.4085390260173654       0.7442943787775769
     656.4087391594396195       0.8994647489946080
     656.4089392928618736       0.8120361331362677
     656.4091394262842414       0.7670561480000034
     656.4093395597064955       0.9331848711295507
     656.4095396931287496       0.8939097810920485
     656.4097398265510037       0.8396437345106068
     656.4099399599733715       0.8578123854067670
     656.4101400933956256       0.8828019826792163
     656.4103402268178797       0.7642655263887791
     656.4105403602401339       0.9588149797906150
     656.4107404936625016       0.8992215633942769
     656.4109406270847558       0.9511482038006100
     656.4111407605070099       0.8868723135899664
     656.4113408939292640       0.9314950436354538
     656.4115410273516318       0.9108145146893230
     656.4117411607738859       0.9463870720771878
     656.4119412941961400       0.9436748586185862
     656.4121414276183941       0.8662095600685968
     656.4123415610407619       0.9607751858736054
     656.4125416944630160       0.9338005129635405
     656.4127418278852701       0.9137580032627888
     656.4129419613075243       0.9727526700394675
     656.4131420947297784       1.0080999474295267
     656.4133422281521462       0.9333504347256941
     656.4135423615744003       1.0255084564729970
     656.4137424949966544       0.9631890722014649
     656.4139426284189085       0.8239013998936394
     656.4141427618412763       0.9709246034520238
     656.4143428952635304       1.0021578054232632
     656.4145430286857845       0.8840809452482205
     656.4147431621080386       1.0137894094968023
     656.4149432955304064       0.9307719732050259
     656.4151434289526605       0.9556122946026852
     656.4153435623749147       0.9752856123334727
     656.4155436957971688       0.9692399266000382
     656.4157438292195366       0.9099931794830564
     656.4159439626417907       0.9975988362593341
     656.4161440960640448       0.9787690942734081
     656.4163442294862989       1.0070185901426023
     656.4165443629086667       1.0105560158197400
     656.4167444963309208       1.0068783562054098
     656.4169446297531749       1.0820331013137920
     656.4171447631754290       0.9789072619617959
     656.4173448965977968       1.0044009884929952
     656.4175450300200509       0.9803970532458521
     656.4177451634423051       1.0271284085137120
     656.4179452968645592       0.8856040396380639
     656.4181454302869270       0.9644511375978571
     656.4183455637091811       1.0255523832835163
     656.4185456971314352       1.0834073202068004
     656.4187458305536893       0.9852700855406568
     656.4189459639759434       0.9216093430369754
     656.4191460973983112       0.9208220091663745
     656.4193462308205653       1.1161568382702645
     656.4195463642428194       0.9958241932120105
     656.4197464976650735       1.0162464510601570
     656.4199466310874413       0.9158469290753151
     656.4201467645096955       0.9775946425060140
     656.4203468979319496       1.0507391540101911
     656.4205470313542037       0.9673508844020048
     656.4207471647765715       1.0394856029880049
     656.4209472981988256       1.0940146698364588
     656.4211474316210797       0.8899566930370592
     656.4213475650433338       0.9691733229315895
     656.4215476984657016       0.9951075315931281
     656.4217478318879557       0.9999994039512456
     656.4219479653102098       1.0320531011554230
     656.4221480987324640       0.9804142924619161
     656.4223482321548317       1.0882358438033033
     656.4225483655770859       1.0071454955158199
     656.4227484989993400       1.0112332369504391
     656.4229486324215941       1.0594403580015563
     656.4231487658439619       1.0075502935083227
     656.4233488992662160       1.0213378734250822
     656.4235490326884701       0.9335098647583251
     656.4237491661107242       0.9158918298010011
     656.4239492995329783       0.9839386046894112
     656.4241494329553461       0.9543390175996068
     656.4243495663776002       0.9916291071682586
     656.4245496997998544       1.0063096751128833
     656.4247498332221085       1.0209458334769255
     656.4249499666444763       1.0658013705389702
     656.4251501000667304       1.0194058844854370
     656.4253502334889845       0.9847888887025686
     656.4255503669112386       1.0524161348875554
     656.4257505003336064       1.0098890560477833
     656.4259506337558605       0.9123871805954977
     656.4261507671781146       1.0616017777665205
     656.4263509006003687       0.9526718818277945
     656.4265510340227365       0.9410203374849183
     656.4267511674449906       1.0618457055887220
     656.4269513008672448       0.9541001862365749
     656.4271514342894989       0.9464929189494443
     656.4273515677118667       1.0816187031447011
     656.4275517011341208       0.8828817016426578
     656.4277518345563749       1.0313212250205863
     656.4279519679786290       1.0101209643847326
     656.4281521014009968       0.9957280488202925
     656.4283522348232509       1.0032220606711086
     656.4285523682455050       1.0034052566583227
     656.4287525016677591       0.9971855820673002
     656.4289526350901269       0.9467431937090528
     656.4291527685123810       1.0388814310097834
     656.4293529019346352       1.0902412905843906
     656.4295530353568893       0.9672279394851491
     656.4297531687791434       0.9475904917337624
     656.4299533022015112       0.9726823449921808
     656.4301534356237653       1.0042416788656778
     656.4303535690460194       0.9000594953909776
     656.4305537024682735       0.9780125592391774
     656.4307538358906413       1.0076831611529102
     656.4309539693128954       1.0175773934503536
     656.4311541027351495       1.0157313131735366
     656.4313542361574036       0.9268738619928965
     656.4315543695797714       0.9671378055686984
     656.4317545030020256       1.0754586379696698
     656.4319546364242797       0.9783676133371755
     656.4321547698465338       1.0398575773210696
     656.4323549032689016       1.0078657444898109
     656.4325550366911557       1.0187178495165641
     656.4327551701134098       0.9784723389097191
     656.4329553035356639       0.9084911122345700
     656.4331554369580317       1.0282232220805638
     656.4333555703802858       0.9026996567551955
     656.4335557038025399       0.9512025676458435
     656.4337558372247940       1.0258056409508127
     656.4339559706471618       0.9838877245678154
     656.4341561040694160       1.0458178073093012
     656.4343562374916701       0.9778882432676195
     656.4345563709139242       0.9427300579808707
     656.4347565043361783       0.9998297295652504
     656.4349566377585461       1.0017395423474100
     656.4351567711808002       0.9905038522543619
     656.4353569046030543       1.1183448657384525
     656.4355570380253084       1.0841361209743963
     656.4357571714476762       0.9708322901274424
     656.4359573048699303       1.0337985940274592
     656.4361574382921845       0.9662957377729741
     656.4363575717144386       1.0162060260771288
     656.4365577051368064       0.9910117024554828
     656.4367578385590605       0.9993991792434159
     656.4369579719813146       1.0078938817604919
     656.4371581054035687       0.9696040153503107
     656.4373582388259365       0.9707690421491649
     656.4375583722481906       1.0329797305166579
     656.4377585056704447       0.9847486959770225
     656.4379586390926988       1.0668440014123850
     656.4381587725150666       1.0293109752237752
     656.4383589059373207       1.0274921897798746
     656.4385590393595749       0.9976009421516190
     656.4387591727818290       1.0792388021945940
     656.4389593062041968       1.0469233654439440
     656.4391594396264509       0.9892256660386914
     656.4393595730487050       1.0001405981893181
     656.4395597064709591       1.0013147029094396
     656.4397598398933269       0.9419593140482900
     656.4399599733155810       0.9862607205286621
     656.4401601067378351       1.0800962448120117
     656.4403602401600892       1.0483883768320084
     656.4405603735823433       0.9492300078272820
     656.4407605070047111       0.9490569233894348
     656.4409606404269653       1.0559314787387848
     656.4411607738492194       0.9844766110181808
     656.4413609072714735       0.9219655171036720
     656.4415610406938413       1.0307637397199869
     656.4417611741160954       0.9762261714786291
     656.4419613075383495       0.9686671681702137
     656.4421614409606036       1.0346907898783684
     656.4423615743829714       0.9735358674079180
     656.4425617078052255       0.9961567770224065
     656.4427618412274796       1.0600517280399799
     656.4429619746497337       0.9737378619611263
     656.4431621080721015       1.0140956612303853
     656.4433622414943557       0.9663895405828953
     656.4435623749166098       1.0202733706682920
     656.4437625083388639       1.1331698149442673
     656.4439626417612317       1.0908375903964043
     656.4441627751834858       0.9744086470454931
     656.4443629086057399       0.9896167023107409
     656.4445630420279940       0.9561416991055012
     656.4447631754503618       0.9967894062865525
     656.4449633088726159       1.1000805646181107
     656.4451634422948700       1.0360000617802143
     656.4453635757171241       0.9945169170387089
     656.4455637091393783       0.9949661274440587
     656.4457638425617461       0.9882181882858276
     656.4459639759840002       1.0369865857064724
     656.4461641094062543       1.0105866072699428
     656.4463642428285084       1.0259944293648005
     656.4465643762508762       1.0534924454987049
     656.4467645096731303       1.0178732462227345
     656.4469646430953844       0.9621104784309864
     656.4471647765176385       0.9738668072968721
     656.4473649099400063       1.0006389447371475
     656.4475650433622604       1.1529903411865234
     656.4477651767845146       1.0218718331307173
     656.4479653102067687       1.0332380495965481
     656.4481654436291365       1.0640932992100716
     656.4483655770513906       1.0685603320598602
     656.4485657104736447       1.0094620017334819
     656.4487658438958988       0.9901885921135545
     656.4489659773182666       1.0257561057806015
     656.4491661107405207       0.9146258234977722
     656.4493662441627748       1.0367277637124062
     656.4495663775850289       1.0779068171977997
     656.4497665110073967       1.0574682354927063
     656.4499666444296508       0.9204177185893059
     656.4501667778519050       1.0291853379458189
     656.4503669112741591       1.0548068657517433
     656.4505670446965269       0.9300453364849091
     656.4507671781187810       0.9715263545513153
     656.4509673115410351       1.0047258390113711
     656.4511674449632892       0.9869860643520951
     656.4513675783855433       0.9559201411902905
     656.4515677118079111       1.0058458698913455
     656.4517678452301652       0.9605238102376461
     656.4519679786524193       1.0557118132710457
     656.4521681120746734       0.9668700397014618
     656.4523682454970412       0.9471652135252953
     656.4525683789192954       0.9992098769871518
     656.4527685123415495       0.9956109733320773
     656.4529686457638036       0.9815106950700283
     656.4531687791861714       0.9810696579515934
     656.4533689126084255       0.9523569047451019
     656.4535690460306796       1.0867156386375427
     656.4537691794529337       0.9728896711021662
     656.4539693128753015       0.9888730878010392
     656.4541694462975556       0.9781761560589075
     656.4543695797198097       1.0587565414607525
     656.4545697131420638       1.0382806360721588
     656.4547698465644316       1.1195383816957474
     656.4549699799866858       1.0190357677638531
     656.4551701134089399       0.9931407426483929
     656.4553702468311940       1.0848781839013100
     656.4555703802535618       0.9609992690384388
     656.4557705136758159       0.9180307760834694
     656.4559706470980700       1.0246207863092422
     656.4561707805203241       1.0034844726324081
     656.4563709139425782       1.0203014034777880
     656.4565710473649460       1.0467421524226665
     656.4567711807872001       0.9822093062102795
     656.4569713142094542       1.0591048896312714
     656.4571714476317084       1.0004374920972623
     656.4573715810540762       0.9873089622706175
     656.4575717144763303       1.0388492345809937
     656.4577718478985844       1.0141936009749770
     656.4579719813208385       0.9947930038906634
     656.4581721147432063       0.9672102034091949
     656.4583722481654604       0.9098112061619759
     656.4585723815877145       1.1152601838111877
     656.4587725150099686       0.9801529031246901
     656.4589726484323364       1.0469226166605949
     656.4591727818545905       1.0231506172567606
     656.4593729152768447       0.9553267695009708
     656.4595730486990988       0.9786943215876818
     656.4597731821214666       0.9825112074613571
     656.4599733155437207       1.0866103321313858
     656.4601734489659748       1.0684331655502319
     656.4603735823882289       0.9900316307321191
     656.4605737158105967       1.0441630296409130
     656.4607738492328508       0.9779382348060608
     656.4609739826551049       0.9880958413705230
     656.4611741160773590       1.0001481007348048
     656.4613742494997268       0.9989077082136646
     656.4615743829219809       1.0191885363310575
     656.4617745163442351       1.0155122717842460
     656.4619746497664892       1.0327807255089283
     656.4621747831887433       0.9649944864213467
     656.4623749166111111       0.9946159892715514
     656.4625750500333652       1.0692040920257568
     656.4627751834556193       1.0258390959352255
     656.4629753168778734       1.0378778986632824
     656.4631754503002412       0.9068439453840256
     656.4633755837224953       1.0706119090318680
     656.4635757171447494       1.0478501096367836
     656.4637758505670035       0.9620071649551392
     656.4639759839893713       0.9507133997976780
     656.4641761174116255       1.0014198448043317
     656.4643762508338796       0.9823494721204042
     656.4645763842561337       1.0668112635612488
     656.4647765176785015       1.1385881453752518
     656.4649766511007556       1.0568308345973492
     656.4651767845230097       0.9540174789726734
     656.4653769179452638       0.9979798204731196
     656.4655770513676316       1.0042238454334438
     656.4657771847898857       0.9786255750805140
     656.4659773182121398       1.0506848171353340
     656.4661774516343939       0.9606482274830341
     656.4663775850567617       0.9784002937376499
     656.4665777184790159       1.0434791296720505
     656.4667778519012700       0.9301920011639595
     656.4669779853235241       0.9267228469252586
     656.4671781187458919       0.9837186094373465
     656.4673782521681460       1.0072272899560630
     656.4675783855904001       1.0482116118073463
     656.4677785190126542       0.9974265052005649
     656.4679786524349083       0.9795408044010401
     656.4681787858572761       0.9804038442671299
     656.4683789192795302       0.9841117281466722
     656.4685790527017843       0.9998813927377341
     656.4687791861240385       0.9829805251210928
     656.4689793195464063       0.9765260033309460
     656.4691794529686604       0.9854855695739388
     656.4693795863909145       0.9969432430807501
     656.4695797198131686       0.9221398308873177
     656.4697798532355364       0.9970641641411930
     656.4699799866577905       0.8905188664793968
     656.4701801200800446       0.9921399410814047
     656.4703802535022987       1.0331698507070541
     656.4705803869246665       0.9548973739147186
     656.4707805203469206       1.0385870672762394
     656.4709806537691748       1.0084304884076118
     656.4711807871914289       1.0686731263995171
     656.4713809206137967       1.0032556881196797
     656.4715810540360508       0.9497590661048889
     656.4717811874583049       1.0368667207658291
     656.4719813208805590       0.9997380124987103
     656.4721814543029268       0.9707774687558413
     656.4723815877251809       1.0057661519385874
     656.4725817211474350       1.0250610802322626
     656.4727818545696891       1.0610131137073040
     656.4729819879919432       0.9941575867123902
     656.4731821214143110       1.0816727355122566
     656.4733822548365652       0.9850227218121290
     656.4735823882588193       1.0640091672539711
     656.4737825216810734       1.0811441987752914
     656.4739826551034412       0.9348303228616714
     656.4741827885256953       0.9331662431359291
     656.4743829219479494       1.0073908879421651
     656.4745830553702035       1.0105133345350623
     656.4747831887925713       0.9510077275335789
     656.4749833222148254       0.9701517689973116
     656.4751834556370795       1.0438023507595062
     656.4753835890593336       1.0635180398821831
     656.4755837224817014       0.9954203399829566
     656.4757838559039556       1.0197349879890680
     656.4759839893262097       1.0331946015357971
     656.4761841227484638       1.0077894777059555
     656.4763842561708316       0.8974453061819077
     656.4765843895930857       0.9521742947399616
     656.4767845230153398       1.0659322068095207
     656.4769846564375939       0.9986677535343915
     656.4771847898599617       1.0964988917112350
     656.4773849232822158       1.0090355193242431
     656.4775850567044699       1.0068610101006925
     656.4777851901267240       0.9823045376688242
     656.4779853235490918       1.0422409623861313
     656.4781854569713460       1.0865891426801682
     656.4783855903936001       0.9719021115452051
     656.4785857238158542       0.9786839131265879
     656.4787858572381083       1.0353629775345325
     656.4789859906604761       0.9131257012486458
     656.4791861240827302       0.9465438127517700
     656.4793862575049843       0.9520465992391109
     656.4795863909272384       1.0222425665706396
     656.4797865243496062       0.8571377694606781
     656.4799866577718603       0.9553389362990856
     656.4801867911941144       0.9664406962692738
     656.4803869246163686       0.9609268195927143
     656.4805870580387364       1.0165321864187717
     656.4807871914609905       0.9648405089974403
     656.4809873248832446       0.9491571485996246
     656.4811874583054987       1.0620763301849365
     656.4813875917278665       1.0479992739856243
     656.4815877251501206       1.0374810807406902
     656.4817878585723747       1.0379939340054989
     656.4819879919946288       0.9827884957194328
     656.4821881254169966       1.0104589266702533
     656.4823882588392507       0.9920891746878624
     656.4825883922615049       1.0806871652603149
     656.4827885256837590       1.0166773777455091
     656.4829886591061268       1.0336096100509167
     656.4831887925283809       1.0608447082340717
     656.4833889259506350       1.1080341860651970
     656.4835890593728891       1.0551211833953857
     656.4837891927951432       1.0326532907783985
     656.4839893262175110       1.0464333780109882
     656.4841894596397651       0.9663790613412857
     656.4843895930620192       1.0901057645678520
     656.4845897264842733       0.9395595230162144
     656.4847898599066411       0.9749873280525208
     656.4849899933288953       0.9813218060880899
     656.4851901267511494       0.9997848842031090
     656.4853902601734035       1.0524836666882038
     656.4855903935957713       0.9979516540188342
     656.4857905270180254       0.9896801346912980
     656.4859906604402795       1.0072182156145573
     656.4861907938625336       0.9862206801772118
     656.4863909272849014       0.9798325952142477
     656.4865910607071555       0.9729155451059341
     656.4867911941294096       1.0031355996616185
     656.4869913275516637       0.9989248831989244
     656.4871914609740315       1.0609342530369759
     656.4873915943962857       1.0691954344511032
     656.4875917278185398       0.9708530995994806
     656.4877918612407939       0.9735460132360458
     656.4879919946631617       1.0217429008334875
     656.4881921280854158       0.9802776351571083
     656.4883922615076699       0.9844297096133232
     656.4885923949299240       0.9873387394472957
     656.4887925283522918       1.0372643917798996
     656.4889926617745459       1.0181961394846439
     656.4891927951968000       0.9756896328181028
     656.4893929286190541       0.9825990851968527
     656.4895930620413083       1.0168315228074789
     656.4897931954636761       0.9612054117023945
     656.4899933288859302       1.0217725001275539
     656.4901934623081843       0.9761707931756973
     656.4903935957304384       1.0218082424253225
     656.4905937291528062       1.0888864621520042
     656.4907938625750603       1.0864388272166252
     656.4909939959973144       1.0104329222813249
     656.4911941294195685       0.9645535796880722
     656.4913942628419363       1.0219260398298502
     656.4915943962641904       0.9956431733444333
     656.4917945296864445       1.0726746171712875
     656.4919946631086987       0.9344929978251457
     656.4921947965310665       1.0064157447777689
     656.4923949299533206       1.0853317379951477
     656.4925950633755747       0.9881012784317136
     656.4927951967978288       1.0275984089821577
     656.4929953302201966       0.9270551651716232
     656.4931954636424507       0.9170207455754280
     656.4933955970647048       0.9234243482351303
     656.4935957304869589       0.9863674025982618
     656.4937958639093267       1.0034304086584598
     656.4939959973315808       1.0373168997466564
     656.4941961307538350       1.0414335094392300
     656.4943962641760891       0.9659248031675816
     656.4945963975983432       0.9580224938690662
     656.4947965310207110       0.9357217028737068
     656.4949966644429651       1.0006217438494787
     656.4951967978652192       1.0298231150954962
     656.4953969312874733       1.0159054603427649
     656.4955970647098411       0.8980656713247299
     656.4957971981320952       0.9928954294882715
     656.4959973315543493       1.0204694140702486
     656.4961974649766034       0.9881024062633514
     656.4963975983989712       0.9316939041018486
     656.4965977318212254       0.9779393598437309
     656.4967978652434795       0.9459975995123386
     656.4969979986657336       1.0119511410593987
     656.4971981320881014       1.0078947404399514
     656.4973982655103555       0.9796263966709375
     656.4975983989326096       1.0958706066012383
     656.4977985323548637       1.0215137656778097
     656.4979986657772315       1.0404191687703133
     656.4981987991994856       0.9979524554219097
     656.4983989326217397       0.8886702060699463
     656.4985990660439938       0.9425403811037540
     656.4987991994663616       0.9971474222838879
     656.4989993328886158       0.9558400101959705
     656.4991994663108699       0.9085775911808014
     656.4993995997331240       0.9600612111389637
     656.4995997331554918       1.0493860691785812
     656.4997998665777459       1.0119887068867683
     656.5000000000000000       1.0628500878810883
