     656.2000000000000455       0.9510201513767242
     656.2002001334222996       1.0895208641886711
     656.2004002668445537       0.9630188234150410
     656.2006004002669215       1.0555449016392231
     656.2008005336891756       0.9287888407707214
     656.2010006671114297       0.9371783435344696
     656.2012008005336838       0.9378519542515278
     656.2014009339560516       0.8977972343564034
     656.2016010673783057       0.9836926516145468
     656.2018012008005599       0.9453331939876080
     656.2020013342228140       1.0501613318920135
     656.2022014676451818       1.0670658424496651
     656.2024016010674359       0.9943739254958928
     656.2026017344896900       1.0336904935538769
     656.2028018679119441       1.0400995798408985
     656.2030020013343119       1.0234563816338778
     656.2032021347565660       1.0326970405876637
     656.2034022681788201       1.0568900592625141
     656.2036024016010742       0.9776568636298180
     656.2038025350234420       1.0242146030068398
     656.2040026684456961       0.9483138024806976
     656.2042028018679503       1.0140281245112419
     656.2044029352902044       1.0030629967804998
     656.2046030687125722       1.0196289848536253
     656.2048032021348263       0.9631444700062275
     656.2050033355570804       0.9768569655716419
     656.2052034689793345       0.9717501755803823
     656.2054036024017023       0.9734773151576519
     656.2056037358239564       1.0337444879114628
     656.2058038692462105       0.9308263137936592
     656.2060040026684646       1.0519782006740570
     656.2062041360907187       0.9865167317911983
     656.2064042695130865       1.0205478649586439
     656.2066044029353407       1.0635320097208023
     656.2068045363575948       0.9956065951846540
     656.2070046697798489       1.1204881891608238
     656.2072048032022167       0.9417229928076267
     656.2074049366244708       1.0470652692019939
     656.2076050700467249       1.0617093257606030
     656.2078052034689790       1.0172512773424387
     656.2080053368913468       0.9930449984967709
     656.2082054703136009       1.0539715960621834
     656.2084056037358550       1.0516349561512470
     656.2086057371581092       0.9077700152993202
     656.2088058705804769       0.9463348127901554
     656.2090060040027311       0.9843380395323038
     656.2092061374249852       1.0254133772104979
     656.2094062708472393       1.0326972156763077
     656.2096064042696071       0.9360585212707520
     656.2098065376918612       0.9620444141328335
     656.2100066711141153       1.0689425766468048
     656.2102068045363694       1.0449353605508804
     656.2104069379587372       0.9747615773230791
     656.2106070713809913       1.0046130735427141
     656.2108072048032454       1.0223480649292469
     656.2110073382254996       0.9167920798063278
     656.2112074716477537       1.0145553648471832
     656.2114076050701215       1.0417741239070892
     656.2116077384923756       0.9552341140806675
     656.2118078719146297       1.0230784714221954
     656.2120080053368838       0.9140015244483948
     656.2122081387592516       1.0572566576302052
     656.2124082721815057       0.9885870711877942
     656.2126084056037598       0.9817679803818464
     656.2128085390260139       1.0529422871768475
     656.2130086724483817       1.0265728980302811
     656.2132088058706358       1.0275281406939030
     656.2134089392928900       1.0728793442249298
     656.2136090727151441       0.9338052272796631
     656.2138092061375119       0.9162196293473244
     656.2140093395597660       1.0332639999687672
     656.2142094729820201       1.0362349003553391
     656.2144096064042742       0.9441542960703373
     656.2146097398266420       0.9543516747653484
     656.2148098732488961       1.0413952171802521
     656.2150100066711502       1.0248281937092543
     656.2152101400934043       1.0020132162608206
     656.2154102735157721       1.0087370127439499
     656.2156104069380262       0.9239281862974167
     656.2158105403602804       1.0263129267841578
     656.2160106737825345       0.8684137016534805
     656.2162108072049023       0.9109044149518013
     656.2164109406271564       0.9236910417675972
     656.2166110740494105       0.9664081744849682
     656.2168112074716646       1.0004543601244222
     656.2170113408939187       0.9928976856172085
     656.2172114743162865       0.9525717981159687
     656.2174116077385406       1.0163107924163342
     656.2176117411607947       1.0146649079397321
     656.2178118745830488       1.0184335242956877
     656.2180120080054166       1.0386205799877644
     656.2182121414276708       1.0014999061822891
     656.2184122748499249       1.0639576315879822
     656.2186124082721790       1.0902775079011917
     656.2188125416945468       0.9703615773469210
     656.2190126751168009       1.0193723514676094
     656.2192128085390550       1.0042093764059246
     656.2194129419613091       0.9274185672402382
     656.2196130753836769       0.9731079936027527
     656.2198132088059310       0.9550101831555367
     656.2200133422281851       1.0161758866161108
     656.2202134756504392       0.9804720543324947
     656.2204136090728070       1.0864186286926270
     656.2206137424950612       0.9869000045582652
     656.2208138759173153       1.0349398776888847
     656.2210140093395694       0.9528193622827530
     656.2212141427619372       0.9242599830031395
     656.2214142761841913       1.0258223954588175
     656.2216144096064454       1.0347123444080353
     656.2218145430286995       1.0134800374507904
     656.2220146764509536       1.0100626060739160
     656.2222148098733214       1.0063597457483411
     656.2224149432955755       1.0088211921975017
     656.2226150767178297       1.0376514978706837
     656.2228152101400838       0.9887679861858487
     656.2230153435624516       0.9557164497673512
     656.2232154769847057       0.9354324415326118
     656.2234156104069598       0.9473540410399437
     656.2236157438292139       1.0201837178319693
     656.2238158772515817       1.0066332779824734
     656.2240160106738358       0.9914239039644599
     656.2242161440960899       1.0033397767692804
     656.2244162775183440       1.0656371712684631
     656.2246164109407118       1.0324493199586868
     656.2248165443629659       1.0483136363327503
     656.2250166777852201       1.0044365869835019
     656.2252168112074742       0.9882820630446076
     656.2254169446298420       1.0005828180583194
     656.2256170780520961       0.9531699754297733
     656.2258172114743502       0.9607669338583946
     656.2260173448966043       0.9485678970813751
     656.2262174783189721       1.0479477271437645
     656.2264176117412262       0.9522958733141422
     656.2266177451634803       0.9634183086454868
     656.2268178785857344       0.9756713323295116
     656.2270180120081022       0.9973900374025106
     656.2272181454303563       0.9689684957265854
     656.2274182788526105       1.0453190356492996
     656.2276184122748646       1.0338408872485161
     656.2278185456971187       0.9585659578442574
     656.2280186791194865       0.9741616640239954
     656.2282188125417406       0.9394408650696278
     656.2284189459639947       0.9802927095443010
     656.2286190793862488       1.0093954158946872
     656.2288192128086166       0.9552301615476608
     656.2290193462308707       1.0167196504771709
     656.2292194796531248       0.9331815317273140
     656.2294196130753789       1.0459853075444698
     656.2296197464977467       1.0239162016659975
     656.2298198799200009       1.0485448651015759
     656.2300200133422550       0.9533332288265228
     656.2302201467645091       1.0165911260992289
     656.2304202801868769       1.0689204558730125
     656.2306204136091310       0.9844695460051298
     656.2308205470313851       1.0072836461476982
     656.2310206804536392       1.0013006774242967
     656.2312208138760070       1.0637503191828728
     656.2314209472982611       1.0165674909949303
     656.2316210807205152       0.9258313775062561
     656.2318212141427693       0.9196124598383904
     656.2320213475651371       0.9491959549486637
     656.2322214809873913       1.0144996438175440
     656.2324216144096454       1.0012948926305398
     656.2326217478318995       1.0354923643171787
     656.2328218812541536       1.0199270639568567
     656.2330220146765214       0.9417671971023083
     656.2332221480987755       0.9752646293491125
     656.2334222815210296       1.0396441593766212
     656.2336224149432837       1.0294562187045813
     656.2338225483656515       1.0183821972459555
     656.2340226817879056       1.0160329118371010
     656.2342228152101598       1.0383105948567390
     656.2344229486324139       0.9979687861632556
     656.2346230820547817       0.9692484699189663
     656.2348232154770358       1.0607473440468311
     656.2350233488992899       0.9361865073442459
     656.2352234823215440       0.9650133401155472
     656.2354236157439118       0.9873702647164464
     656.2356237491661659       1.0119342980906367
     656.2358238825884200       1.0082498332485557
     656.2360240160106741       0.9581174142658710
     656.2362241494330419       0.9570355638861656
     656.2364242828552960       1.0662554651498795
     656.2366244162775502       1.0043937433511019
     656.2368245496998043       1.0450206585228443
     656.2370246831221721       1.0628441795706749
     656.2372248165444262       0.9404158629477024
     656.2374249499666803       1.0339666530489922
     656.2376250833889344       0.9793690089136362
     656.2378252168113022       1.0542626567184925
     656.2380253502335563       1.0824383050203323
     656.2382254836558104       0.9903165213763714
     656.2384256170780645       1.0226224251091480
     656.2386257505003186       0.9043345674872398
     656.2388258839226864       0.8467521369457245
     656.2390260173449406       1.0363454930484295
     656.2392261507671947       0.9876014012843370
     656.2394262841894488       0.9968255490530282
     656.2396264176118166       1.0352776646614075
     656.2398265510340707       1.0733405798673630
     656.2400266844563248       0.9328824132680893
     656.2402268178785789       0.8738440573215485
     656.2404269513009467       0.9939040583558381
     656.2406270847232008       0.9562310427427292
     656.2408272181454549       0.9403736926615238
     656.2410273515677090       0.8950373008847237
     656.2412274849900768       0.9761397559195757
     656.2414276184123310       1.0373864583671093
     656.2416277518345851       1.0231223665177822
     656.2418278852568392       0.9674693122506142
     656.2420280186792070       1.0254865046590567
     656.2422281521014611       0.9688338246196508
     656.2424282855237152       1.0350188016891479
     656.2426284189459693       0.9867500169202685
     656.2428285523683371       1.0629014894366264
     656.2430286857905912       1.0411160998046398
     656.2432288192128453       0.9415098652243614
     656.2434289526350994       1.0329623930156231
     656.2436290860574672       0.9733184669166803
     656.2438292194797214       1.1140255853533745
     656.2440293529019755       0.9552903398871422
     656.2442294863242296       0.9785352572798729
     656.2444296197464837       0.9635568000376225
     656.2446297531688515       0.9713701661676168
     656.2448298865911056       0.9520367123186588
     656.2450300200133597       1.0186251346021891
     656.2452301534356138       1.0038151484914124
     656.2454302868579816       1.0071063651703298
     656.2456304202802357       0.9567374587059021
     656.2458305537024899       1.0436167418956757
     656.2460306871247440       0.9315383508801460
     656.2462308205471118       0.9711871296167374
     656.2464309539693659       0.9992695453693159
     656.2466310873916200       1.0429256223142147
     656.2468312208138741       0.9858706127852201
     656.2470313542362419       1.0028842648025602
     656.2472314876584960       1.0356394313275814
     656.2474316210807501       0.9881185302510858
     656.2476317545030042       0.9438996948301792
     656.2478318879253720       0.8804377689957619
     656.2480320213476261       1.0120692653581500
     656.2482321547698803       1.0525581128895283
     656.2484322881921344       1.0590083561837673
     656.2486324216145022       1.0822638347744942
     656.2488325550367563       1.0550205372273922
     656.2490326884590104       0.9435788504779339
     656.2492328218812645       1.0542119853198528
     656.2494329553035186       1.0526114478707314
     656.2496330887258864       1.0393405891954899
     656.2498332221481405       0.9477433860301971
     656.2500333555703946       1.0758770927786827
     656.2502334889926487       1.0204122569411993
     656.2504336224150165       1.0773398578166962
     656.2506337558372707       1.1084078773856163
     656.2508338892595248       1.0464121773838997
     656.2510340226817789       0.8922358527779579
     656.2512341561041467       1.0069373482838273
     656.2514342895264008       1.0055877505801618
     656.2516344229486549       1.0184233691543341
     656.2518345563709090       0.9929688968695700
     656.2520346897932768       0.9912915043532848
     656.2522348232155309       1.0280595663934946
     656.2524349566377850       1.0148337548598647
     656.2526350900600391       1.0054317074827850
     656.2528352234824069       0.9600066952407360
     656.2530353569046611       0.9212357476353645
     656.2532354903269152       0.9724559132009745
     656.2534356237491693       0.9624700509011745
     656.2536357571715371       1.0284813176840544
     656.2538358905937912       0.9791994076222181
     656.2540360240160453       0.9153758883476257
     656.2542361574382994       1.0383740998804569
     656.2544362908606672       0.9612118788063526
     656.2546364242829213       0.9994514127029106
     656.2548365577051754       1.0592741258442402
     656.2550366911274295       1.0869134590029716
     656.2552368245496837       1.0087135378271341
     656.2554369579720515       1.0013571557356045
     656.2556370913943056       1.0080248741433024
     656.2558372248165597       1.0304588507860899
     656.2560373582388138       1.0384717099368572
     656.2562374916611816       0.9467368647456169
     656.2564376250834357       1.0517567954957485
     656.2566377585056898       0.9885337697342038
     656.2568378919279439       0.8779155462980270
     656.2570380253503117       0.9747756291180849
     656.2572381587725658       0.9915329627692699
     656.2574382921948200       0.9166991263628006
     656.2576384256170741       1.1007746383547783
     656.2578385590394419       1.0115993851795793
     656.2580386924616960       1.0613580159842968
     656.2582388258839501       1.0583101697266102
     656.2584389593062042       0.9571976475417614
     656.2586390927285720       1.0435401536524296
     656.2588392261508261       0.9737124983221292
     656.2590393595730802       0.9377003908157349
     656.2592394929953343       0.9773483127355576
     656.2594396264177021       0.9991470993263647
     656.2596397598399562       0.9577388875186443
     656.2598398932622104       1.0318198315799236
     656.2600400266844645       1.0297704078257084
     656.2602401601067186       0.9395152144134045
     656.2604402935290864       1.0232564900070429
     656.2606404269513405       1.0312835499644279
     656.2608405603735946       1.0160223226994276
     656.2610406937958487       0.9898679060861468
     656.2612408272182165       1.0756587535142899
     656.2614409606404706       0.9686389006674290
     656.2616410940627247       0.9243208840489388
     656.2618412274849788       0.8783977627754211
     656.2620413609073466       0.9262871518731117
     656.2622414943296008       0.9765524864196777
     656.2624416277518549       1.1044682413339615
     656.2626417611741090       0.9622603394091129
     656.2628418945964768       0.9577374495565891
     656.2630420280187309       1.0724655538797379
     656.2632421614409850       1.0225602239370346
     656.2634422948632391       0.9496510922908783
     656.2636424282856069       0.9990600322489627
     656.2638425617078610       0.9563611485064030
     656.2640426951301151       0.9711877312511206
     656.2642428285523692       0.9705412629991770
     656.2644429619747370       1.0172137487679720
     656.2646430953969912       1.0253673139959574
     656.2648432288192453       1.1083515807986259
     656.2650433622414994       0.9816156476736069
     656.2652434956638672       1.1521952003240585
     656.2654436290861213       0.9881100850179791
     656.2656437625083754       0.9870851086452603
     656.2658438959306295       1.0498871393501759
     656.2660440293528836       1.0042776349000633
     656.2662441627752514       1.0509811304509640
     656.2664442961975055       0.9517325535416603
     656.2666444296197596       1.0187122803181410
     656.2668445630420138       0.9527035392820835
     656.2670446964643816       0.9138487204909325
     656.2672448298866357       0.9973731837235391
     656.2674449633088898       1.0390560738742352
     656.2676450967311439       0.9977906928397715
     656.2678452301535117       0.9395862631499767
     656.2680453635757658       1.0871060639619827
     656.2682454969980199       0.9926043679006398
     656.2684456304202740       1.0658104494214058
     656.2686457638426418       1.0731923803687096
     656.2688458972648959       0.9687020033597946
     656.2690460306871501       1.0012221697252244
     656.2692461641094042       1.0188472792506218
     656.2694462975317720       0.9472847692668438
     656.2696464309540261       1.0373862609267235
     656.2698465643762802       1.0126310214400291
     656.2700466977985343       1.0113897854462266
     656.2702468312209021       0.9854676695540547
     656.2704469646431562       0.9695207979530096
     656.2706470980654103       0.9590351581573486
     656.2708472314876644       0.9169539287686348
     656.2710473649099185       1.0333979316055775
     656.2712474983322863       0.9954358953982592
     656.2714476317545405       0.9010300710797310
     656.2716477651767946       1.0251680221408606
     656.2718478985990487       0.9887430118396878
     656.2720480320214165       1.0241565424948931
     656.2722481654436706       0.9369796141982079
     656.2724482988659247       0.9531914629042149
     656.2726484322881788       1.0544909909367561
     656.2728485657105466       1.0658483132719994
     656.2730486991328007       0.9955181479454041
     656.2732488325550548       1.0429393313825130
     656.2734489659773089       0.9423954002559185
     656.2736490993996767       0.9885898744687438
     656.2738492328219309       0.9828673247247934
     656.2740493662441850       0.9764435030519962
     656.2742494996664391       0.9512116461992264
     656.2744496330888069       0.9884415427222848
     656.2746497665110610       1.0212995298206806
     656.2748498999333151       1.0026401351206005
     656.2750500333555692       1.0269852131605148
     656.2752501667779370       0.9462137855589390
     656.2754503002001911       0.9585173912346363
     656.2756504336224452       1.0048288214020431
     656.2758505670446993       1.0415672659873962
     656.2760507004670671       0.9523175209760666
     656.2762508338893213       1.0909858942031860
     656.2764509673115754       1.0203247647732496
     656.2766511007338295       0.9052620008587837
     656.2768512341560836       1.0627296790480614
     656.2770513675784514       0.8719652444124222
     656.2772515010007055       0.9765333477407694
     656.2774516344229596       0.9784288723021746
     656.2776517678452137       1.0031905209179968
     656.2778519012675815       1.0549711398780346
     656.2780520346898356       0.9936982099898160
     656.2782521681120897       1.0016779160359874
     656.2784523015343439       0.9488990008831024
     656.2786524349567117       0.9770695343613625
     656.2788525683789658       0.9153292030096054
     656.2790527018012199       0.9900392489507794
     656.2792528352234740       1.0045858197845519
     656.2794529686458418       1.0729255601763725
     656.2796531020680959       0.9865064397454262
     656.2798532354903500       0.9855255978181958
     656.2800533689126041       0.9325221031904221
     656.2802535023349719       0.9948571552522480
     656.2804536357572260       0.8863036856055260
     656.2806537691794802       0.9988207264104858
     656.2808539026017343       0.9796783663332462
     656.2810540360241021       1.1045004352927208
     656.2812541694463562       0.9951882329769433
     656.2814543028686103       0.9798075389117002
     656.2816544362908644       0.9896039450541139
     656.2818545697131185       1.0137354433536530
     656.2820547031354863       0.9206134080886841
     656.2822548365577404       1.0468588136136532
     656.2824549699799945       0.8839453086256981
     656.2826551034022486       0.9455420188605785
     656.2828552368246164       0.9626129008829594
     656.2830553702468706       1.0434193946421146
     656.2832555036691247       0.9240036010742188
     656.2834556370913788       1.0225469861179590
     656.2836557705137466       0.9819521326571703
     656.2838559039360007       1.0704286694526672
     656.2840560373582548       1.0018341569229960
     656.2842561707805089       1.0047602322883904
     656.2844563042028767       1.0345951542258263
     656.2846564376251308       1.0674177333712578
     656.2848565710473849       1.0358436331152916
     656.2850567044696390       1.0235341303050518
     656.2852568378920068       1.0386199615895748
     656.2854569713142610       0.9814568925648928
     656.2856571047365151       0.9330423399806023
     656.2858572381587692       0.9529343135654926
     656.2860573715811370       1.0631515756249428
     656.2862575050033911       1.0281145703047514
     656.2864576384256452       0.9196861162781715
     656.2866577718478993       0.9913603197783232
     656.2868579052702671       1.0499937050044537
     656.2870580386925212       1.0217785537242889
     656.2872581721147753       1.0017147500766441
     656.2874583055370294       0.9273191913962364
     656.2876584389592836       0.9661889933049679
     656.2878585723816514       1.0404000580310822
     656.2880587058039055       0.9014395996928215
     656.2882588392261596       1.0846709832549095
     656.2884589726484137       0.9738838970661163
     656.2886591060707815       0.9935587090440094
     656.2888592394930356       1.0384181812405586
     656.2890593729152897       0.9633794911205769
     656.2892595063375438       1.0571208670735359
     656.2894596397599116       0.9561419636011124
     656.2896597731821657       1.0473353229463100
     656.2898599066044198       1.0352176353335381
     656.2900600400266740       1.0129275200888515
     656.2902601734490418       0.9228758439421654
     656.2904603068712959       0.9948086482472718
     656.2906604402935500       0.9714495446532965
     656.2908605737158041       0.9692309200763702
     656.2910607071381719       0.9455319531261921
     656.2912608405604260       0.9731661174446344
     656.2914609739826801       0.9614926911890507
     656.2916611074049342       0.9038336053490639
     656.2918612408273020       0.9766460377722979
     656.2920613742495561       1.0066971476189792
     656.2922615076718103       0.9656810946762562
     656.2924616410940644       1.1214789152145386
     656.2926617745164322       0.9641743637621403
     656.2928619079386863       0.9961261528078467
     656.2930620413609404       0.9938736543990672
     656.2932621747831945       1.0180584248155355
     656.2934623082054486       0.9682941362261772
     656.2936624416278164       1.1236534640192986
     656.2938625750500705       1.0180120635777712
     656.2940627084723246       1.0234688352793455
     656.2942628418945787       0.9842922426760197
     656.2944629753169465       0.9743346218019724
     656.2946631087392007       0.9539149738848209
     656.2948632421614548       1.0086768511682749
     656.2950633755837089       1.0314227305352688
     656.2952635090060767       0.9246311858296394
     656.2954636424283308       1.0180715229362249
     656.2956637758505849       1.0104876020923257
     656.2958639092728390       0.9904896402731538
     656.2960640426952068       0.9819435533136129
     656.2962641761174609       1.0391057357192039
     656.2964643095397150       0.8661368787288666
     656.2966644429619691       0.9869260117411613
     656.2968645763843369       1.0283775534480810
     656.2970647098065911       1.0256115105003119
     656.2972648432288452       0.9393585212528706
     656.2974649766510993       1.0687330439686775
     656.2976651100734671       1.0849679335951805
     656.2978652434957212       0.9533564932644367
     656.2980653769179753       1.0523719899356365
     656.2982655103402294       1.0540464296936989
     656.2984656437624835       0.9981810139724985
     656.2986657771848513       1.0166159775108099
     656.2988659106071054       0.9361954405903816
     656.2990660440293595       0.8597188144922256
     656.2992661774516137       0.9748875517398119
     656.2994663108739815       1.0679317787289619
     656.2996664442962356       0.9829639773815870
     656.2998665777184897       1.0313682444393635
     656.3000667111407438       1.0582106672227383
     656.3002668445631116       0.9788184762001038
     656.3004669779853657       1.0131049556657672
     656.3006671114076198       0.9534264467656612
     656.3008672448298739       0.9600702002644539
     656.3010673782522417       1.0137224150821567
     656.3012675116744958       0.9712797161191702
     656.3014676450967499       0.9680147767066956
     656.3016677785190041       1.0076915472745895
     656.3018679119413719       0.9843310508877039
     656.3020680453636260       1.0003499661979731
     656.3022681787858801       1.0063500376418233
     656.3024683122081342       1.0308652818202972
     656.3026684456305020       0.9611298628151417
     656.3028685790527561       0.9979818200226873
     656.3030687124750102       1.0859111174941063
     656.3032688458972643       1.0238703545182943
     656.3034689793196321       1.0295862443745136
     656.3036691127418862       0.9960585515946150
     656.3038692461641403       1.0306313689798117
     656.3040693795863945       1.0182812679558992
     656.3042695130086486       0.9801217783242464
     656.3044696464310164       0.9866752112284303
     656.3046697798532705       0.9755640774965286
     656.3048699132755246       0.9416508711874485
     656.3050700466977787       1.0752022340893745
     656.3052701801201465       1.0816948339343071
     656.3054703135424006       0.9888407113030553
     656.3056704469646547       0.9526269361376762
     656.3058705803869088       1.0337024256587029
     656.3060707138092766       1.0018692369339988
     656.3062708472315308       1.0535716488957405
     656.3064709806537849       0.9710585493594408
     656.3066711140760390       1.0166803412139416
     656.3068712474984068       0.9125060811638832
     656.3070713809206609       1.1560843139886856
     656.3072715143429150       1.0836480408906937
     656.3074716477651691       0.9615621455013752
     656.3076717811875369       0.9607560262084007
     656.3078719146097910       1.0490579791367054
     656.3080720480320451       0.9154678881168365
     656.3082721814542992       1.0562457330524921
     656.3084723148766670       0.9967918968759477
     656.3086724482989212       0.9835249427706003
     656.3088725817211753       1.0749515965580940
     656.3090727151434294       0.9459354095160961
     656.3092728485656835       1.0031462286133319
     656.3094729819880513       1.0412390790879726
     656.3096731154103054       1.0349905304610729
     656.3098732488325595       1.0769623368978500
     656.3100733822548136       0.9601674862205982
     656.3102735156771814       0.9786751437932253
     656.3104736490994355       1.0219578817486763
     656.3106737825216896       1.0710329711437225
     656.3108739159439438       0.9176313355565071
     656.3110740493663116       1.0088457232341170
     656.3112741827885657       0.8357434719800949
     656.3114743162108198       1.0960355326533318
     656.3116744496330739       1.0051113753579557
     656.3118745830554417       0.9713779650628567
     656.3120747164776958       0.9558125026524067
     656.3122748498999499       0.9658046774566174
     656.3124749833222040       0.9093142524361610
     656.3126751167445718       0.9845554167404771
     656.3128752501668259       0.9777331985533237
     656.3130753835890800       1.0450935326516628
     656.3132755170113342       1.1151719912886620
     656.3134756504337020       1.0005379578215070
     656.3136757838559561       0.9787181857973337
     656.3138759172782102       0.9624749906361103
     656.3140760507004643       0.9856889797374606
     656.3142761841228321       0.9999023336931714
     656.3144763175450862       0.9910464063286781
     656.3146764509673403       1.0926837325096130
     656.3148765843895944       1.0066886371932924
     656.3150767178118485       0.9718044660985470
     656.3152768512342163       1.0919176563620567
     656.3154769846564704       0.9137827232480049
     656.3156771180787246       1.0278122182935476
     656.3158772515009787       1.0107855154201388
     656.3160773849233465       0.9822371266782284
     656.3162775183456006       0.9137115478515625
     656.3164776517678547       1.0306813698261976
     656.3166777851901088       1.0057580596767366
     656.3168779186124766       1.0044658384285867
     656.3170780520347307       0.9779382497072220
     656.3172781854569848       1.0992742031812668
     656.3174783188792389       0.9777099583297968
     656.3176784523016067       0.9264723956584930
     656.3178785857238609       1.0281482879072428
     656.3180787191461150       0.9438052587211132
     656.3182788525683691       0.9800524692982435
     656.3184789859907369       1.0234503466635942
     656.3186791194129910       0.9517550244927406
     656.3188792528352451       1.0085915243253112
     656.3190793862574992       1.0444385595619678
     656.3192795196798670       0.9762240070849657
     656.3194796531021211       0.9539357870817184
     656.3196797865243752       1.0312432982027531
     656.3198799199466293       0.9755770899355412
     656.3200800533688835       0.9469750635325909
     656.3202801867912513       0.9992809955147095
     656.3204803202135054       1.0055981301702559
     656.3206804536357595       1.0007201922708191
     656.3208805870580136       1.1573411971330643
     656.3210807204803814       1.0434584207832813
     656.3212808539026355       1.0328784510493279
     656.3214809873248896       0.9688742067664862
     656.3216811207471437       0.9580001011490822
     656.3218812541695115       1.0381840802729130
     656.3220813875917656       1.0260848291218281
     656.3222815210140197       0.9744835644960403
     656.3224816544362739       0.9714844394475222
     656.3226817878586417       1.0347277894616127
     656.3228819212808958       1.0362822525203228
     656.3230820547031499       1.0066493707709014
     656.3232821881254040       0.9874606709927320
     656.3234823215477718       0.9658168554306030
     656.3236824549700259       1.0526826195418835
     656.3238825883922800       1.0037027026992291
     656.3240827218145341       1.0362574122846127
     656.3242828552369019       1.0431958250701427
     656.3244829886591560       1.0050941314548254
     656.3246831220814101       1.0274645425379276
     656.3248832555036643       0.9861181750893593
     656.3250833889260321       0.9895570110529661
     656.3252835223482862       0.9566643610596657
     656.3254836557705403       0.9586800374090672
     656.3256837891927944       0.9513053968548775
     656.3258839226150485       1.0508364029228687
     656.3260840560374163       1.1019836440682411
     656.3262841894596704       1.0478916950523853
     656.3264843228819245       1.0539690740406513
     656.3266844563041786       0.9812842141836882
     656.3268845897265464       0.9768904093652964
     656.3270847231488005       1.0462989173829556
     656.3272848565710547       1.0952580422163010
     656.3274849899933088       1.0999196022748947
     656.3276851234156766       1.0986682027578354
     656.3278852568379307       0.9727102089673281
     656.3280853902601848       0.9893226614221931
     656.3282855236824389       1.0180222857743502
     656.3284856571048067       1.0072703133337200
     656.3286857905270608       0.9864783296361566
     656.3288859239493149       0.9792952146381140
     656.3290860573715690       1.0050978297367692
     656.3292861907939368       1.0400057993829250
     656.3294863242161910       0.9404602460563183
     656.3296864576384451       1.0151569023728371
     656.3298865910606992       1.0791132003068924
     656.3300867244830670       0.9704182147979736
     656.3302868579053211       1.0686172693967819
     656.3304869913275752       0.9778820052742958
     656.3306871247498293       1.0345435924828053
     656.3308872581721971       0.9162076264619827
     656.3310873915944512       0.9996948896150570
     656.3312875250167053       0.9779273811727762
     656.3314876584389594       0.9772420916706324
     656.3316877918612136       1.1170405074954033
     656.3318879252835814       0.9763410612940788
     656.3320880587058355       1.0956637561321259
     656.3322881921280896       0.9833320863544941
     656.3324883255503437       1.0637822076678276
     656.3326884589727115       1.0236197244375944
     656.3328885923949656       0.9594122357666492
     656.3330887258172197       0.9761974457651377
     656.3332888592394738       0.9406082220375538
     656.3334889926618416       0.9429590441286564
     656.3336891260840957       0.9569837488234043
     656.3338892595063498       0.8875998705625534
     656.3340893929286040       1.0030010277405381
     656.3342895263509718       0.8335867524147034
     656.3344896597732259       1.0228595416992903
     656.3346897931954800       0.9257235080003738
     656.3348899266177341       0.9606472589075565
     656.3350900600401019       0.9989522529067472
     656.3352901934623560       1.0527060627937317
     656.3354903268846101       1.0042694355361164
     656.3356904603068642       1.0214771907776594
     656.3358905937292320       1.0213158335536718
     656.3360907271514861       1.0864714235067368
     656.3362908605737402       0.9931083437986672
     656.3364909939959944       0.9685379751026630
     656.3366911274182485       1.0555721707642078
     656.3368912608406163       0.9542578905820847
     656.3370913942628704       1.0288706626743078
     656.3372915276851245       0.9923342545516789
     656.3374916611073786       0.9575964957475662
     656.3376917945297464       0.9530338533222675
     656.3378919279520005       1.0457448065280914
     656.3380920613742546       1.0194241087883711
     656.3382921947965087       0.9526713900268078
     656.3384923282188765       1.0342742539942265
     656.3386924616411306       1.0654174834489822
     656.3388925950633848       1.0220147278159857
     656.3390927284856389       1.0742873996496201
     656.3392928619080067       1.0670588761568069
     656.3394929953302608       1.0153583213686943
     656.3396931287525149       1.0825283750891685
     656.3398932621747690       1.0010464676888660
     656.3400933955971368       0.9170831590890884
     656.3402935290193909       1.0311993546783924
     656.3404936624416450       0.9892020532861352
     656.3406937958638991       1.0935225710272789
     656.3408939292862669       1.0328107178211212
     656.3410940627085211       0.9906850839033723
     656.3412941961307752       0.9424474723637104
     656.3414943295530293       0.9668566174805164
     656.3416944629753971       0.9827748518437147
     656.3418945963976512       1.0301797725260258
     656.3420947298199053       0.9241904541850090
     656.3422948632421594       0.8962743356823921
     656.3424949966644135       0.9647375382483006
     656.3426951300867813       0.9517467096447945
     656.3428952635090354       1.0834560468792915
     656.3430953969312895       0.9725631829351187
     656.3432955303535437       1.0530770421028137
     656.3434956637759115       0.9120390191674232
     656.3436957971981656       1.0218325834721327
     656.3438959306204197       1.0064902263693511
     656.3440960640426738       0.9690619129687548
     656.3442961974650416       0.8929133489727974
     656.3444963308872957       0.9731141291558743
     656.3446964643095498       1.0435793586075306
     656.3448965977318039       1.0238556358963251
     656.3450967311541717       1.0460414290428162
     656.3452968645764258       1.1503367871046066
     656.3454969979986799       0.9864963246509433
     656.3456971314209341       1.0655879601836205
     656.3458972648433019       0.9591292589902878
     656.3460973982655560       1.0309583675116301
     656.3462975316878101       1.0186412129551172
     656.3464976651100642       1.0063416110351682
     656.3466977985324320       1.0295311491936445
     656.3468979319546861       1.0543974302709103
     656.3470980653769402       1.0022942160721868
     656.3472981987991943       1.0058937976136804
     656.3474983322214484       1.0568611994385719
     656.3476984656438162       1.0596894323825836
     656.3478985990660703       1.0250906776636839
     656.3480987324883245       1.0599217079579830
     656.3482988659105786       0.9581939354538918
     656.3484989993329464       1.0262828469276428
     656.3486991327552005       0.9992950892192310
     656.3488992661774546       0.9551776722073554
     656.3490993995997087       1.0211164280772209
     656.3492995330220765       0.9709810912609098
     656.3494996664443306       0.9379984848201272
     656.3496997998665847       1.0428109876811500
     656.3498999332888388       1.0272287167608729
     656.3501000667112066       1.0457890555262555
     656.3503002001334607       0.8909896239638311
     656.3505003335557149       1.0223639924079153
     656.3507004669779690       1.0580558478832205
     656.3509006004003368       1.0130924796685519
     656.3511007338225909       0.9823178183287297
     656.3513008672448450       0.9809254650026433
     656.3515010006670991       1.0073701157234423
     656.3517011340894669       0.9846003437414491
     656.3519012675117210       0.9821181576698617
     656.3521014009339751       1.0594689846038228
     656.3523015343562292       1.0447442531584832
     656.3525016677785970       1.0006865153553575
     656.3527018012008512       1.0191672071812716
     656.3529019346231053       0.9660682901737433
     656.3531020680453594       1.0048404964614566
     656.3533022014676135       1.0819049179548479
     656.3535023348899813       0.9440722353748503
     656.3537024683122354       0.9889351623121451
     656.3539026017344895       1.0819052159769942
     656.3541027351567436       1.0410082079446905
     656.3543028685791114       0.9761235285517234
     656.3545030020013655       1.0899197608185434
     656.3547031354236196       1.0569192953341058
     656.3549032688458738       1.0140431374217140
     656.3551034022682416       1.0506145059929408
     656.3553035356904957       1.0456184856406514
     656.3555036691127498       1.0485573969518862
     656.3557038025350039       0.9874213989456578
     656.3559039359573717       1.0081938923754810
     656.3561040693796258       0.9657620935917578
     656.3563042028018799       1.0526404379805614
     656.3565043362241340       1.0035992826822089
     656.3567044696465018       0.9614082423931126
     656.3569046030687559       0.9511750337839679
     656.3571047364910100       0.9367507469027939
     656.3573048699132642       1.0411298344551887
     656.3575050033356320       0.9694971994244886
     656.3577051367578861       0.9758881824160784
     656.3579052701801402       0.9913400091682497
     656.3581054036023943       1.0859388542959989
     656.3583055370246484       0.9202554128251537
     656.3585056704470162       0.9915053710699637
     656.3587058038692703       0.9903939594218515
     656.3589059372915244       1.0084317344294980
     656.3591060707137785       1.0620724557202905
     656.3593062041361463       0.9413510943407510
     656.3595063375584004       0.9059394015007025
     656.3597064709806546       1.0182770495891689
     656.3599066044029087       0.8938464878008557
     656.3601067378252765       1.0136844299785257
     656.3603068712475306       0.9451280038947127
     656.3605070046697847       1.0303280152774041
     656.3607071380920388       1.0156213880454596
     656.3609072715144066       1.0155872565690802
     656.3611074049366607       1.0443188153614211
     656.3613075383589148       0.9536118886151352
     656.3615076717811689       0.9693837033325027
     656.3617078052035367       0.9908951703998951
     656.3619079386257908       1.0129548107994228
     656.3621080720480450       0.9727403932392832
     656.3623082054702991       1.0426986971282139
     656.3625083388926669       1.0182680343066453
     656.3627084723149210       1.0255334382540982
     656.3629086057371751       1.0475090821827431
     656.3631087391594292       0.9437770739291708
     656.3633088725817970       0.9942380445840623
     656.3635090060040511       1.0218211973692730
     656.3637091394263052       0.9521457202956999
     656.3639092728485593       0.9310595809163343
     656.3641094062708135       0.9137515735800110
     656.3643095396931813       1.0440450563540058
     656.3645096731154354       1.0100583254253754
     656.3647098065376895       0.9630278897095564
     656.3649099399599436       0.9297444713350762
     656.3651100733823114       0.9463745927453053
     656.3653102068045655       0.9691880194546721
     656.3655103402268196       0.9929697885992280
     656.3657104736490737       0.9532334293501215
     656.3659106070714415       0.9460488605376077
     656.3661107404936956       0.9781628525955470
     656.3663108739159497       0.9120378823789111
     656.3665110073382039       1.0368487490538696
     656.3667111407605717       0.9515775250410855
     656.3669112741828258       1.0426339642962219
     656.3671114076050799       1.0064857358829666
     656.3673115410273340       0.9364023590961205
     656.3675116744497018       1.1010197691951036
     656.3677118078719559       1.0231019394005565
     656.3679119412942100       0.8673396758018004
     656.3681120747164641       1.0011425408886974
     656.3683122081388319       0.9935257117506621
     656.3685123415610860       0.9727400160294966
     656.3687124749833401       0.9523324840467240
     656.3689126084055943       1.0038268736276401
     656.3691127418278484       1.0233420991475453
     656.3693128752502162       1.0764548685387392
     656.3695130086724703       1.0114966078820364
     656.3697131420947244       0.9990980398161632
     656.3699132755169785       1.0335580829562918
     656.3701134089393463       0.9355614868556872
     656.3703135423616004       1.0030526116525520
     656.3705136757838545       0.9735592526171135
     656.3707138092061086       1.0303171659717147
     656.3709139426284764       1.0615719990088635
     656.3711140760507305       1.0495469606990988
     656.3713142094729847       0.9937679273387082
     656.3715143428952388       1.0192013745607826
     656.3717144763176066       0.9692216975374748
     656.3719146097398607       1.0227273892907289
     656.3721147431621148       1.0172836308847550
     656.3723148765843689       0.9322343601023011
     656.3725150100067367       0.9178960114992579
     656.3727151434289908       0.9492281587328927
     656.3729152768512449       0.9884110401481812
     656.3731154102734990       0.9958516196072996
     656.3733155436958668       0.9218213575264248
     656.3735156771181209       0.9877230007937355
     656.3737158105403751       1.0014997801592691
     656.3739159439626292       0.9195026077079498
     656.3741160773849970       0.9304865626927388
     656.3743162108072511       0.9223718505684303
     656.3745163442295052       0.9550314648193935
     656.3747164776517593       0.9207510753361420
     656.3749166110740134       0.9368218159096030
     656.3751167444963812       0.9452063678264128
     656.3753168779186353       0.8804216695591305
     656.3755170113408894       0.9709631965928786
     656.3757171447631436       0.9068184339326438
     656.3759172781855113       1.0070958303863133
     656.3761174116077655       0.8798694957820650
     656.3763175450300196       0.8470378047673274
     656.3765176784522737       0.8578759077948244
     656.3767178118746415       0.9044760991153084
     656.3769179452968956       0.9216314918380398
     656.3771180787191497       0.9408175275317155
     656.3773182121414038       0.9705169236922958
     656.3775183455637716       0.8586230556305392
     656.3777184789860257       0.8681798834792130
     656.3779186124082798       0.8851549739703315
     656.3781187458305340       0.8058895546505191
     656.3783188792529018       0.9480377802427198
     656.3785190126751559       0.9151514857549682
     656.3787191460974100       0.8191543085463021
     656.3789192795196641       0.9680117717172811
     656.3791194129420319       0.8510196912365575
     656.3793195463642860       0.8276736594711038
     656.3795196797865401       0.8320452697336137
     656.3797198132087942       0.8203670017668502
     656.3799199466311620       0.9947797320227927
     656.3801200800534161       0.8076435670779867
     656.3803202134756702       0.8358389257737247
     656.3805203468979244       0.8055841697144599
     656.3807204803201785       0.8657552600250233
     656.3809206137425463       0.8179816394867934
     656.3811207471648004       0.9232666627682230
     656.3813208805870545       0.8018957215246676
     656.3815210140093086       0.7199600475012213
     656.3817211474316764       0.8004114292138864
     656.3819212808539305       0.7579275567688462
     656.3821214142761846       0.8110042039164438
     656.3823215476984387       0.8211668810956421
     656.3825216811208065       0.8218852801391550
     656.3827218145430606       0.7649377350181158
     656.3829219479653148       0.8282135743923286
     656.3831220813875689       0.8402517877690201
     656.3833222148099367       0.8257465021249371
     656.3835223482321908       0.8275789284979953
     656.3837224816544449       0.8515578880843702
     656.3839226150766990       0.8279528134762446
     656.3841227484990668       0.7312546155973271
     656.3843228819213209       0.8732178763073069
     656.3845230153435750       0.7849782913485273
     656.3847231487658291       0.8031433473253741
     656.3849232821881969       0.8334744066917532
     656.3851234156104510       0.9135807075945488
     656.3853235490327052       0.9075977742724719
     656.3855236824549593       0.7934774306996121
     656.3857238158772134       0.8510413599329838
     656.3859239492995812       0.8999799962984912
     656.3861240827218353       0.9434164426242360
     656.3863242161440894       0.9620016663827360
     656.3865243495663435       0.7963267001286166
     656.3867244829887113       0.8478954061717645
     656.3869246164109654       0.8341168151779641
     656.3871247498332195       0.8814773931561442
     656.3873248832554737       0.9330740997875346
     656.3875250166778414       0.9416863722034503
     656.3877251501000956       0.9359830126776858
     656.3879252835223497       0.9336053452830526
     656.3881254169446038       0.8860567107567713
     656.3883255503669716       0.9430546454585816
     656.3885256837892257       0.8802650270914131
     656.3887258172114798       0.9758060630411541
     656.3889259506337339       0.9716886609212915
     656.3891260840561017       1.0059640227749616
     656.3893262174783558       0.8851167282534945
     656.3895263509006099       0.8966223947927611
     656.3897264843228641       1.0024993488160314
     656.3899266177452319       1.0060001879337688
     656.3901267511674860       0.9303418514277628
     656.3903268845897401       0.9955311446792526
     656.3905270180119942       0.8803511053766920
     656.3907271514343620       0.9513752005980717
     656.3909272848566161       0.9735969659995555
     656.3911274182788702       1.0216338859702403
     656.3913275517011243       0.9035118576559934
     656.3915276851233784       0.9617005988416172
     656.3917278185457462       0.9537174286268658
     656.3919279519680003       0.9751065117510807
     656.3921280853902545       1.0268232753804134
     656.3923282188125086       0.9885474839886451
     656.3925283522348764       0.9883503858376967
     656.3927284856571305       0.9701489441555453
     656.3929286190793846       1.0127348046079163
     656.3931287525016387       0.9407402991351195
     656.3933288859240065       0.8552995226066737
     656.3935290193462606       0.9326579535737962
     656.3937291527685147       0.9652749835190174
     656.3939292861907688       0.9944388978240148
     656.3941294196131366       0.8936218648928322
     656.3943295530353907       1.0057161608440239
     656.3945296864576449       0.9551304374886587
     656.3947298198798990       1.1150159058709050
     656.3949299533022668       1.0116678358032614
     656.3951300867245209       0.9750337023088402
     656.3953302201467750       0.9343207975638366
     656.3955303535690291       0.9929993370738998
     656.3957304869913969       1.0371076853269814
     656.3959306204136510       1.0102889254987142
     656.3961307538359051       1.0591590113216891
     656.3963308872581592       0.9780536107660890
     656.3965310206804133       1.0410215535835778
     656.3967311541027811       1.0138591170317794
     656.3969312875250353       0.9796240268573433
     656.3971314209472894       1.0064397811014127
     656.3973315543695435       1.0470057679454321
     656.3975316877919113       0.9958450641048952
     656.3977318212141654       1.0346116352569124
     656.3979319546364195       1.0337170933434152
     656.3981320880586736       0.9838129265789221
     656.3983322214810414       0.9480575878232578
     656.3985323549032955       0.9155827503285956
     656.3987324883255496       0.9606082194055463
     656.3989326217478038       1.0199403605219128
     656.3991327551701715       1.0213251858583570
     656.3993328885924257       1.0175629813588249
     656.3995330220146798       0.9826727517012455
     656.3997331554369339       1.0725161936196601
     656.3999332888593017       1.0019371009841032
     656.4001334222815558       0.9907240611406899
     656.4003335557038099       0.9643327501109228
     656.4005336891260640       0.9593519729935197
     656.4007338225484318       1.0231740285598234
     656.4009339559706859       0.9608244246485783
     656.4011340893929400       1.0653271092632819
     656.4013342228151942       0.9313618568683161
     656.4015343562375620       1.0131019202126614
     656.4017344896598161       1.0492613622828304
     656.4019346230820702       1.0296750293167105
     656.4021347565043243       1.0468335386648455
     656.4023348899265784       1.0368179905731825
     656.4025350233489462       0.9800793621949854
     656.4027351567712003       0.9993885969045981
     656.4029352901934544       0.9988655734763331
     656.4031354236157085       1.0030719471566640
     656.4033355570380763       0.9474304588110349
     656.4035356904603304       0.9814171804442426
     656.4037358238825846       1.0147426500103811
     656.4039359573048387       0.9657930298053751
     656.4041360907272065       1.0232992529767460
     656.4043362241494606       0.9901375041204095
     656.4045363575717147       1.0620110796824758
     656.4047364909939688       0.9518453282493279
     656.4049366244163366       1.0015339216344974
     656.4051367578385907       1.0027211087965888
     656.4053368912608448       1.0426998831093606
     656.4055370246830989       1.0662549759937563
     656.4057371581054667       1.0943387803604037
     656.4059372915277208       0.9852620350253628
     656.4061374249499750       0.9477774337796819
     656.4063375583722291       0.9863071748130861
     656.4065376917945969       1.0186710012772662
     656.4067378252168510       1.0779989042859843
     656.4069379586391051       0.9854671716193740
     656.4071380920613592       1.0034852475243259
     656.4073382254836133       0.9281030661497842
     656.4075383589059811       1.0029894940991761
     656.4077384923282352       1.0142147974326958
     656.4079386257504893       1.0174826138212789
     656.4081387591727434       0.8915916082893901
     656.4083388925951112       0.9046304596748294
     656.4085390260173654       1.1062764151653997
     656.4087391594396195       1.0661960764832232
     656.4089392928618736       1.0263285133349607
     656.4091394262842414       0.9526627212305089
     656.4093395597064955       1.0459465719431900
     656.4095396931287496       1.0224794577573366
     656.4097398265510037       1.0254855546933817
     656.4099399599733715       1.0722594559074410
     656.4101400933956256       0.9472374729728369
     656.4103402268178797       1.0320226512790125
     656.4105403602401339       0.9587855488020168
     656.4107404936625016       0.9453155100316264
     656.4109406270847558       1.0301193129250685
     656.4111407605070099       0.9844951117396853
     656.4113408939292640       0.9698567241420231
     656.4115410273516318       1.1115525960915242
     656.4117411607738859       1.0876947641367822
     656.4119412941961400       0.9952941974621625
     656.4121414276183941       1.0388833880422172
     656.4123415610407619       1.0381748303769416
     656.4125416944630160       0.9937848006374032
     656.4127418278852701       0.9727798867969949
     656.4129419613075243       0.8864782899617631
     656.4131420947297784       0.9840434584766273
     656.4133422281521462       0.9897537594660877
     656.4135423615744003       0.9155950322747067
     656.4137424949966544       0.9233051538467297
     656.4139426284189085       1.0117109874263330
     656.4141427618412763       1.0309816095977973
     656.4143428952635304       0.9705282002687421
     656.4145430286857845       0.9664150290191151
     656.4147431621080386       1.0835072696208938
     656.4149432955304064       0.9892918905243268
     656.4151434289526605       1.0904292091727250
     656.4153435623749147       1.0055833961814638
     656.4155436957971688       1.0496420525014396
     656.4157438292195366       0.9902785737067459
     656.4159439626417907       1.0775622501969337
     656.4161440960640448       1.0079987337812781
     656.4163442294862989       1.0810937210917473
     656.4165443629086667       1.0062957182526588
     656.4167444963309208       1.0152981299906969
     656.4169446297531749       0.9825596474111080
     656.4171447631754290       0.9928700742311776
     656.4173448965977968       0.9667267091572285
     656.4175450300200509       0.9093081951141357
     656.4177451634423051       1.0417956300079823
     656.4179452968645592       0.9873252045363188
     656.4181454302869270       0.9428860768675804
     656.4183455637091811       1.0491110011935234
     656.4185456971314352       1.0474215857684612
     656.4187458305536893       1.0190447587519884
     656.4189459639759434       0.9793896097689867
     656.4191460973983112       1.0278285630047321
     656.4193462308205653       0.9982025887584314
     656.4195463642428194       0.9223235026001930
     656.4197464976650735       0.9793620388954878
     656.4199466310874413       1.0281097292900085
     656.4201467645096955       1.0438420251011848
     656.4203468979319496       0.9898399859666824
     656.4205470313542037       0.9805002696812153
     656.4207471647765715       0.9646701365709305
     656.4209472981988256       0.9821437466889620
     656.4211474316210797       0.9795400388538837
     656.4213475650433338       1.1264877915382385
     656.4215476984657016       1.0358577407896519
     656.4217478318879557       1.0380014218389988
     656.4219479653102098       0.9997344304865692
     656.4221480987324640       1.0182811338454485
     656.4223482321548317       0.9642287343740463
     656.4225483655770859       1.0130349770188332
     656.4227484989993400       1.0434539541602135
     656.4229486324215941       1.0196735635399818
     656.4231487658439619       1.0003683764662128
     656.4233488992662160       1.0166331306099892
     656.4235490326884701       1.0261022243648767
     656.4237491661107242       0.9693909753113985
     656.4239492995329783       0.8919647783041000
     656.4241494329553461       0.9757094513624907
     656.4243495663776002       1.0316928438842297
     656.4245496997998544       0.9621878676116467
     656.4247498332221085       1.0567366257309914
     656.4249499666444763       0.8871245831251144
     656.4251501000667304       0.9191551730036736
     656.4253502334889845       1.0540066771209240
     656.4255503669112386       0.9239621236920357
     656.4257505003336064       0.9176649078726768
     656.4259506337558605       0.9685841165482998
     656.4261507671781146       1.0082763368263841
     656.4263509006003687       1.0124657731503248
     656.4265510340227365       1.0734575167298317
     656.4267511674449906       1.0086918510496616
     656.4269513008672448       1.0174581017345190
     656.4271514342894989       0.9076223298907280
     656.4273515677118667       0.9976278010290116
     656.4275517011341208       0.9998986260470701
     656.4277518345563749       1.0008581596775912
     656.4279519679786290       0.9966780103277415
     656.4281521014009968       1.0250405557453632
     656.4283522348232509       0.9498503133654594
     656.4285523682455050       1.0333515927195549
     656.4287525016677591       1.1111588254570961
     656.4289526350901269       0.9705198761075735
     656.4291527685123810       1.0281678233295679
     656.4293529019346352       1.0248084254562855
     656.4295530353568893       1.0302811898291111
     656.4297531687791434       1.0021621268242598
     656.4299533022015112       1.1095459088683128
     656.4301534356237653       1.0247667692601681
     656.4303535690460194       1.0099320355802774
     656.4305537024682735       0.9855821114033461
     656.4307538358906413       1.0060055679641664
     656.4309539693128954       0.8795450180768967
     656.4311541027351495       0.9412355124950409
     656.4313542361574036       1.0516236387193203
     656.4315543695797714       1.0182604324072599
     656.4317545030020256       0.9859261270612478
     656.4319546364242797       0.9232783168554306
     656.4321547698465338       0.9873536927625537
     656.4323549032689016       1.0349801667034626
     656.4325550366911557       1.0410590246319771
     656.4327551701134098       0.9240729063749313
     656.4329553035356639       1.0857478976249695
     656.4331554369580317       0.9873228650540113
     656.4333555703802858       1.0065606096759439
     656.4335557038025399       1.0174431055784225
     656.4337558372247940       0.9753057640045881
     656.4339559706471618       1.0171118676662445
     656.4341561040694160       1.0018157083541155
     656.4343562374916701       0.9967939599882811
     656.4345563709139242       0.9364045932888985
     656.4347565043361783       0.9849965600296855
     656.4349566377585461       1.0281566325575113
     656.4351567711808002       1.0078068734146655
     656.4353569046030543       0.9934962582774460
     656.4355570380253084       0.9734400566667318
     656.4357571714476762       0.9474494196474552
     656.4359573048699303       0.9234241321682930
     656.4361574382921845       0.9896572977304459
     656.4363575717144386       1.0224280674010515
     656.4365577051368064       1.0066014169715345
     656.4367578385590605       0.9586606062948704
     656.4369579719813146       1.0207604207098484
     656.4371581054035687       1.0730016753077507
     656.4373582388259365       0.8551702201366425
     656.4375583722481906       1.0259362850338221
     656.4377585056704447       1.0063491584733129
     656.4379586390926988       0.9286260902881622
     656.4381587725150666       0.9708857629448175
     656.4383589059373207       0.9528526104986668
     656.4385590393595749       0.9319381788372993
     656.4387591727818290       0.9983495102496818
     656.4389593062041968       0.9989125564461574
     656.4391594396264509       1.0227628294378519
     656.4393595730487050       1.0268118325620890
     656.4395597064709591       0.9843817250803113
     656.4397598398933269       0.9613401778042316
     656.4399599733155810       1.0314485281705856
     656.4401601067378351       0.9349357038736343
     656.4403602401600892       1.0083854934200644
     656.4405603735823433       1.0387322120368481
     656.4407605070047111       0.9921674272045493
     656.4409606404269653       0.9689293764531612
     656.4411607738492194       0.9885841114446521
     656.4413609072714735       1.0113080358132720
     656.4415610406938413       0.9609048329293728
     656.4417611741160954       0.9689225610345602
     656.4419613075383495       0.8939489126205444
     656.4421614409606036       1.0791409015655518
     656.4423615743829714       1.0128622567281127
     656.4425617078052255       0.9614503569900990
     656.4427618412274796       1.0144501477479935
     656.4429619746497337       1.0439060442149639
     656.4431621080721015       1.0359260104596615
     656.4433622414943557       0.9140886813402176
     656.4435623749166098       0.9714389704167843
     656.4437625083388639       0.9451349787414074
     656.4439626417612317       0.9558948017656803
     656.4441627751834858       0.9654088616371155
     656.4443629086057399       1.0264569763094187
     656.4445630420279940       1.0391260497272015
     656.4447631754503618       1.0480908304452896
     656.4449633088726159       0.9842424727976322
     656.4451634422948700       1.0244267284870148
     656.4453635757171241       1.0545448064804077
     656.4455637091393783       0.9498896338045597
     656.4457638425617461       0.8968427032232285
     656.4459639759840002       0.9738236609846354
     656.4461641094062543       1.0280646365135908
     656.4463642428285084       1.0599033311009407
     656.4465643762508762       0.9966396261006594
     656.4467645096731303       1.0638761520385742
     656.4469646430953844       1.0194756109267473
     656.4471647765176385       0.9851362304762006
     656.4473649099400063       0.9871950494125485
     656.4475650433622604       0.9960147365927696
     656.4477651767845146       0.9421387650072575
     656.4479653102067687       0.9861979437991977
     656.4481654436291365       1.0393001288175583
     656.4483655770513906       1.0417134054005146
     656.4485657104736447       1.0295486431568861
     656.4487658438958988       0.9732888843864202
     656.4489659773182666       0.9983952144393697
     656.4491661107405207       1.0513272881507874
     656.4493662441627748       0.9890975700691342
     656.4495663775850289       1.0136342244222760
     656.4497665110073967       1.0656764507293701
     656.4499666444296508       0.9827445931732655
     656.4501667778519050       0.9466394409537315
     656.4503669112741591       1.0324929915368557
     656.4505670446965269       1.0264421533793211
     656.4507671781187810       0.9846947910264134
     656.4509673115410351       0.9242020323872566
     656.4511674449632892       0.9790662080049515
     656.4513675783855433       0.9581653736531734
     656.4515677118079111       0.9639223217964172
     656.4517678452301652       1.0007226795423776
     656.4519679786524193       0.9277960807085037
     656.4521681120746734       1.0065099052153528
     656.4523682454970412       0.9695636443793774
     656.4525683789192954       1.0584866292774677
     656.4527685123415495       1.0062432996928692
     656.4529686457638036       0.9638491980731487
     656.4531687791861714       1.0787182971835136
     656.4533689126084255       1.0360254421830177
     656.4535690460306796       1.0262369848787785
     656.4537691794529337       1.0152650875970721
     656.4539693128753015       0.9221447333693504
     656.4541694462975556       1.0374570786952972
     656.4543695797198097       0.9897775761783123
     656.4545697131420638       1.0215802527964115
     656.4547698465644316       0.9949175002984703
     656.4549699799866858       1.0333234481513500
     656.4551701134089399       1.0064225518144667
     656.4553702468311940       0.9370789155364037
     656.4555703802535618       0.9467717036604881
     656.4557705136758159       0.9193573370575905
     656.4559706470980700       1.0219574980437756
     656.4561707805203241       0.9699582215398550
     656.4563709139425782       1.0216918047517538
     656.4565710473649460       1.0073750126175582
     656.4567711807872001       0.9888201775029302
     656.4569713142094542       1.0345163308084011
     656.4571714476317084       0.8685096353292465
     656.4573715810540762       1.0283485241234303
     656.4575717144763303       0.9861806882545352
     656.4577718478985844       1.0358900018036366
     656.4579719813208385       0.9656954929232597
     656.4581721147432063       1.0250978749245405
     656.4583722481654604       1.0081224218010902
     656.4585723815877145       0.9954446312040091
     656.4587725150099686       1.0055291447788477
     656.4589726484323364       1.1124350056052208
     656.4591727818545905       1.0926047116518021
     656.4593729152768447       1.0242662783712149
     656.4595730486990988       0.9885625801980495
     656.4597731821214666       1.0315308384597301
     656.4599733155437207       1.0032418218906969
     656.4601734489659748       0.9611768797039986
     656.4603735823882289       0.9598073884844780
     656.4605737158105967       1.0422749407589436
     656.4607738492328508       1.0054756263270974
     656.4609739826551049       0.9982149024726823
     656.4611741160773590       1.0545050166547298
     656.4613742494997268       0.9541352167725563
     656.4615743829219809       0.9706135112792253
     656.4617745163442351       1.0198434200137854
     656.4619746497664892       1.0166122000664473
     656.4621747831887433       0.8922971338033676
     656.4623749166111111       1.1019179746508598
     656.4625750500333652       1.0543156526982784
     656.4627751834556193       1.0614195838570595
     656.4629753168778734       1.0067833811044693
     656.4631754503002412       1.0037136327009648
     656.4633755837224953       1.0664307773113251
     656.4635757171447494       1.0040771486237645
     656.4637758505670035       0.9776326585561037
     656.4639759839893713       1.0277570523321629
     656.4641761174116255       1.1160778179764748
     656.4643762508338796       0.9839829821139574
     656.4645763842561337       0.9892743239179254
     656.4647765176785015       1.0751317813992500
     656.4649766511007556       1.0832321494817734
     656.4651767845230097       0.9898513564839959
     656.4653769179452638       1.0967666059732437
     656.4655770513676316       1.0244026277214289
     656.4657771847898857       1.0402938537299633
     656.4659773182121398       1.0246822275221348
     656.4661774516343939       0.9546587765216827
     656.4663775850567617       0.9344435110688210
     656.4665777184790159       1.0577151849865913
     656.4667778519012700       0.9983817497268319
     656.4669779853235241       0.9050160199403763
     656.4671781187458919       0.9825028516352177
     656.4673782521681460       1.1290408819913864
     656.4675783855904001       0.9287413135170937
     656.4677785190126542       1.0085458727553487
     656.4679786524349083       0.9683149345219135
     656.4681787858572761       0.9961895304732025
     656.4683789192795302       0.9481022581458092
     656.4685790527017843       0.9738184530287981
     656.4687791861240385       0.9039870277047157
     656.4689793195464063       0.9237902089953423
     656.4691794529686604       1.0563526637852192
     656.4693795863909145       0.9839536771178246
     656.4695797198131686       0.9692069403827190
     656.4697798532355364       1.0067070932127535
     656.4699799866577905       1.0474374704062939
     656.4701801200800446       1.0999860987067223
     656.4703802535022987       1.0893374606966972
     656.4705803869246665       1.0909991860389709
     656.4707805203469206       1.0088678197935224
     656.4709806537691748       1.0020320927724242
     656.4711807871914289       1.0041745090857148
     656.4713809206137967       0.8473205715417862
     656.4715810540360508       1.0090202149003744
     656.4717811874583049       0.9431418292224407
     656.4719813208805590       1.0497845970094204
     656.4721814543029268       1.0032243651803583
     656.4723815877251809       1.0603139959275723
     656.4725817211474350       0.9338886886835098
     656.4727818545696891       0.9526174701750278
     656.4729819879919432       0.9727506153285503
     656.4731821214143110       1.0085803335532546
     656.4733822548365652       0.9580926522612572
     656.4735823882588193       1.0521080903708935
     656.4737825216810734       1.0545504800975323
     656.4739826551034412       1.0737937912344933
     656.4741827885256953       0.9440274275839329
     656.4743829219479494       1.0188134331256151
     656.4745830553702035       1.0276787914335728
     656.4747831887925713       0.9937409944832325
     656.4749833222148254       1.0193723496049643
     656.4751834556370795       0.9784084875136614
     656.4753835890593336       0.9776181951165199
     656.4755837224817014       0.9823102559894323
     656.4757838559039556       1.0058678020723164
     656.4759839893262097       0.9936300157569349
     656.4761841227484638       0.9253720119595528
     656.4763842561708316       1.1099474206566811
     656.4765843895930857       1.0008009532466531
     656.4767845230153398       1.0575613379478455
     656.4769846564375939       0.9220529869198799
     656.4771847898599617       1.0637857764959335
     656.4773849232822158       0.9694174490869045
     656.4775850567044699       0.9669310487806797
     656.4777851901267240       1.0065311766229570
     656.4779853235490918       0.9777828790247440
     656.4781854569713460       0.9227913394570351
     656.4783855903936001       0.8998463973402977
     656.4785857238158542       1.0355449952185154
     656.4787858572381083       0.9835051391273737
     656.4789859906604761       1.0735266357660294
     656.4791861240827302       0.9797070398926735
     656.4793862575049843       0.9780177492648363
     656.4795863909272384       0.9912782665342093
     656.4797865243496062       0.9624620117247105
     656.4799866577718603       1.0669789835810661
     656.4801867911941144       1.0033879473339766
     656.4803869246163686       1.0655906498432159
     656.4805870580387364       0.9828049670904875
     656.4807871914609905       1.0710771009325981
     656.4809873248832446       1.0611110217869282
     656.4811874583054987       0.9793107286095619
     656.4813875917278665       0.9525051973760128
     656.4815877251501206       0.9852196881547570
     656.4817878585723747       1.0604638122022152
     656.4819879919946288       1.0594503656029701
     656.4821881254169966       0.9884773641824722
     656.4823882588392507       1.0163685157895088
     656.4825883922615049       1.0146552398800850
     656.4827885256837590       1.0713581740856171
     656.4829886591061268       0.9728431962430477
     656.4831887925283809       0.9345701560378075
     656.4833889259506350       1.0695133656263351
     656.4835890593728891       0.9461069330573082
     656.4837891927951432       1.1065976843237877
     656.4839893262175110       0.9322281181812286
     656.4841894596397651       1.0186082255095243
     656.4843895930620192       1.0169966258108616
     656.4845897264842733       0.9558372832834721
     656.4847898599066411       1.0218950342386961
     656.4849899933288953       1.0323814488947392
     656.4851901267511494       0.9872386511415243
     656.4853902601734035       1.0617344155907631
     656.4855903935957713       0.9749480597674847
     656.4857905270180254       0.9617175906896591
     656.4859906604402795       1.0404300726950169
     656.4861907938625336       0.9211556911468506
     656.4863909272849014       0.9937834735028446
     656.4865910607071555       1.0656526759266853
     656.4867911941294096       0.9203717783093452
     656.4869913275516637       1.0113640539348125
     656.4871914609740315       0.9876798251643777
     656.4873915943962857       1.0556807219982147
     656.4875917278185398       0.9811552781611681
     656.4877918612407939       0.9516209959983826
     656.4879919946631617       0.9469599612057209
     656.4881921280854158       0.9811797533184290
     656.4883922615076699       1.0180351492017508
     656.4885923949299240       1.0318330787122250
     656.4887925283522918       1.0895187556743622
     656.4889926617745459       1.0377947501838207
     656.4891927951968000       0.9060990661382675
     656.4893929286190541       0.9796090517193079
     656.4895930620413083       1.0439263544976711
     656.4897931954636761       0.9829799830913544
     656.4899933288859302       1.1125066801905632
     656.4901934623081843       0.9639394618570805
     656.4903935957304384       0.9630764760077000
     656.4905937291528062       1.0213891565799713
     656.4907938625750603       0.9421399645507336
     656.4909939959973144       1.0204118452966213
     656.4911941294195685       1.0625289604067802
     656.4913942628419363       1.0546773150563240
     656.4915943962641904       1.0118067767471075
     656.4917945296864445       0.9918934525921941
     656.4919946631086987       0.9684765748679638
     656.4921947965310665       1.0217356774955988
     656.4923949299533206       1.0353160426020622
     656.4925950633755747       0.9964803031180054
     656.4927951967978288       0.9990623775520362
     656.4929953302201966       1.0406765080988407
     656.4931954636424507       1.0062585915438831
     656.4933955970647048       0.9992061569937505
     656.4935957304869589       1.0483936406672001
     656.4937958639093267       0.9693790636956692
     656.4939959973315808       0.9217677488923073
     656.4941961307538350       0.9643477797508240
     656.4943962641760891       1.0886713787913322
     656.4945963975983432       0.9499612748622894
     656.4947965310207110       1.0592768900096416
     656.4949966644429651       1.0160538535565138
     656.4951967978652192       0.9079823270440102
     656.4953969312874733       0.9529506601393223
     656.4955970647098411       0.9731512684375048
     656.4957971981320952       0.9989967570872977
     656.4959973315543493       0.9273648634552956
     656.4961974649766034       0.9370653480291367
     656.4963975983989712       0.9109036773443222
     656.4965977318212254       0.9581253118813038
     656.4967978652434795       0.9968457496725023
     656.4969979986657336       0.9793057646602392
     656.4971981320881014       1.0253037940710783
     656.4973982655103555       1.0092729348689318
     656.4975983989326096       0.9408278167247772
     656.4977985323548637       1.0260220654308796
     656.4979986657772315       1.0500846579670906
     656.4981987991994856       0.9961741338483989
     656.4983989326217397       1.0401985794305801
     656.4985990660439938       1.0703253373503685
     656.4987991994663616       0.8842205181717873
     656.4989993328886158       1.0039414833299816
     656.4991994663108699       0.9592362679541111
     656.4993995997331240       0.9610687009990215
     656.4995997331554918       1.0043445453047752
     656.4997998665777459       1.0628832802176476
     656.5000000000000000       1.0259435921907425
