     656.2000000000000455       0.9804371763020754
     656.2002001334222996       0.9708203524351120
     656.2004002668445537       1.0106717897579074
     656.2006004002669215       1.0056195640936494
     656.2008005336891756       0.9903371827676892
     656.2010006671114297       0.9524283073842525
     656.2012008005336838       1.0811853706836700
     656.2014009339560516       0.9775582198053598
     656.2016010673783057       1.0367942713201046
     656.2018012008005599       0.9979438229929656
     656.2020013342228140       0.9417042657732964
     656.2022014676451818       1.0618723593652248
     656.2024016010674359       0.9951557889580727
     656.2026017344896900       1.0360415391623974
     656.2028018679119441       0.9446856565773487
     656.2030020013343119       1.0400205962359905
     656.2032021347565660       1.0436851419508457
     656.2034022681788201       1.0078128026798368
     656.2036024016010742       0.9651787839829922
     656.2038025350234420       1.0500223822891712
     656.2040026684456961       0.9928381149657071
     656.2042028018679503       1.0208901651203632
     656.2044029352902044       0.9506033360958099
     656.2046030687125722       1.0299752801656723
     656.2048032021348263       0.9916400555521250
     656.2050033355570804       0.9815904051065445
     656.2052034689793345       0.9449017532169819
     656.2054036024017023       1.0199041776359081
     656.2056037358239564       1.0277428682893515
     656.2058038692462105       0.9221737161278725
     656.2060040026684646       0.9518139362335205
     656.2062041360907187       1.0760434493422508
     656.2064042695130865       1.0565924160182476
     656.2066044029353407       1.0139460861682892
     656.2068045363575948       0.9828403182327747
     656.2070046697798489       0.9913124609738588
     656.2072048032022167       0.8935999721288681
     656.2074049366244708       0.8947883471846581
     656.2076050700467249       0.9911767942830920
     656.2078052034689790       0.9341858997941017
     656.2080053368913468       1.0759298652410507
     656.2082054703136009       1.0083679324015975
     656.2084056037358550       0.9410294033586979
     656.2086057371581092       1.0771720036864281
     656.2088058705804769       1.0400432012975216
     656.2090060040027311       1.0228065457195044
     656.2092061374249852       1.0646841749548912
     656.2094062708472393       0.9537097848951817
     656.2096064042696071       0.9511136151850224
     656.2098065376918612       1.0037636419292539
     656.2100066711141153       1.0268952678889036
     656.2102068045363694       1.0193731058388948
     656.2104069379587372       1.0348023287951946
     656.2106070713809913       0.9919341439381242
     656.2108072048032454       0.9736173357814550
     656.2110073382254996       1.0365713015198708
     656.2112074716477537       0.9635187648236752
     656.2114076050701215       1.0556966327130795
     656.2116077384923756       1.0333020202815533
     656.2118078719146297       1.0351519584655762
     656.2120080053368838       0.9893529899418354
     656.2122081387592516       1.0433494299650192
     656.2124082721815057       1.0391722954809666
     656.2126084056037598       0.9600451700389385
     656.2128085390260139       1.0690063685178757
     656.2130086724483817       1.0506978519260883
     656.2132088058706358       1.0620190203189850
     656.2134089392928900       0.9468972720205784
     656.2136090727151441       1.0386501997709274
     656.2138092061375119       0.9882571445778012
     656.2140093395597660       0.9825412966310978
     656.2142094729820201       1.0803438052535057
     656.2144096064042742       0.9825968090444803
     656.2146097398266420       0.9569819606840611
     656.2148098732488961       0.9394995495676994
     656.2150100066711502       0.9819073565304279
     656.2152101400934043       0.9512425959110260
     656.2154102735157721       1.0934058055281639
     656.2156104069380262       0.9665075950324535
     656.2158105403602804       0.9444847218692303
     656.2160106737825345       1.0304171834141016
     656.2162108072049023       1.0653923973441124
     656.2164109406271564       0.9866257440298796
     656.2166110740494105       0.9804559741169214
     656.2168112074716646       0.9849608270451427
     656.2170113408939187       0.9884118698537350
     656.2172114743162865       1.0052875927649438
     656.2174116077385406       1.0174265857785940
     656.2176117411607947       0.9550868496298790
     656.2178118745830488       0.9639745764434338
     656.2180120080054166       1.0040930258110166
     656.2182121414276708       0.9677213095128536
     656.2184122748499249       1.0979856476187706
     656.2186124082721790       0.9558285772800446
     656.2188125416945468       0.9648240506649017
     656.2190126751168009       1.0871821343898773
     656.2192128085390550       0.9712271112948656
     656.2194129419613091       1.0501491986215115
     656.2196130753836769       0.9570924080908298
     656.2198132088059310       0.9973037936724722
     656.2200133422281851       0.9692252222448587
     656.2202134756504392       0.9658283479511738
     656.2204136090728070       1.0185437873005867
     656.2206137424950612       0.8870964273810387
     656.2208138759173153       0.9881618479266763
     656.2210140093395694       0.9826762210577726
     656.2212141427619372       0.9532533176243305
     656.2214142761841913       1.0932063460350037
     656.2216144096064454       1.0267267469316721
     656.2218145430286995       0.9866978805512190
     656.2220146764509536       0.9669800363481045
     656.2222148098733214       1.1407973915338516
     656.2224149432955755       1.0829597115516663
     656.2226150767178297       1.0445955507457256
     656.2228152101400838       0.9487125501036644
     656.2230153435624516       0.9702239688485861
     656.2232154769847057       1.0249548200517893
     656.2234156104069598       1.0522099323570728
     656.2236157438292139       1.0201592668890953
     656.2238158772515817       1.0159668400883675
     656.2240160106738358       0.9628071784973145
     656.2242161440960899       0.9379082843661308
     656.2244162775183440       1.0244203284382820
     656.2246164109407118       0.8965429067611694
     656.2248165443629659       0.9370890930294991
     656.2250166777852201       1.0502971373498440
     656.2252168112074742       1.0388130359351635
     656.2254169446298420       0.9593387283384800
     656.2256170780520961       1.0825852081179619
     656.2258172114743502       0.9412319771945477
     656.2260173448966043       0.9728960264474154
     656.2262174783189721       0.9581462666392326
     656.2264176117412262       0.9840402472764254
     656.2266177451634803       1.0684816613793373
     656.2268178785857344       0.9569412507116795
     656.2270180120081022       1.0822889134287834
     656.2272181454303563       1.0285061895847321
     656.2274182788526105       0.9960461654700339
     656.2276184122748646       1.0518223419785500
     656.2278185456971187       1.0699582695960999
     656.2280186791194865       0.9790987316519022
     656.2282188125417406       0.9254611507058144
     656.2284189459639947       1.0313857346773148
     656.2286190793862488       1.0508492253720760
     656.2288192128086166       1.0437557809054852
     656.2290193462308707       1.0232454743236303
     656.2292194796531248       0.9697277750819921
     656.2294196130753789       0.8904059901833534
     656.2296197464977467       0.8813993781805038
     656.2298198799200009       0.9703451003879309
     656.2300200133422550       1.0057275383733213
     656.2302201467645091       1.0431803129613400
     656.2304202801868769       0.9877478703856468
     656.2306204136091310       1.0178880710154772
     656.2308205470313851       1.0735486745834351
     656.2310206804536392       1.0357024222612381
     656.2312208138760070       0.9658456034958363
     656.2314209472982611       1.0342293418943882
     656.2316210807205152       1.0675217285752296
     656.2318212141427693       0.9900310412049294
     656.2320213475651371       1.0390001460909843
     656.2322214809873913       0.9924121899530292
     656.2324216144096454       0.9519275166094303
     656.2326217478318995       1.0352497063577175
     656.2328218812541536       0.9793615136295557
     656.2330220146765214       1.0405777059495449
     656.2332221480987755       0.9615540355443954
     656.2334222815210296       1.0008951546042226
     656.2336224149432837       1.0411852113902569
     656.2338225483656515       0.9930853052064776
     656.2340226817879056       1.0320028327405453
     656.2342228152101598       1.0105950189754367
     656.2344229486324139       1.0921794027090073
     656.2346230820547817       0.9787659645080566
     656.2348232154770358       0.9957878841087222
     656.2350233488992899       1.0003633819869719
     656.2352234823215440       1.0199119579046965
     656.2354236157439118       1.0187732446938753
     656.2356237491661659       0.9589624516665936
     656.2358238825884200       0.9852900626137853
     656.2360240160106741       0.9682152308523655
     656.2362241494330419       0.8939143642783165
     656.2364242828552960       1.0684870108962059
     656.2366244162775502       1.0472063571214676
     656.2368245496998043       0.9948395290412009
     656.2370246831221721       1.0028361598961055
     656.2372248165444262       1.0105450423434377
     656.2374249499666803       0.9669560119509697
     656.2376250833889344       1.0081927264109254
     656.2378252168113022       1.0280479025095701
     656.2380253502335563       0.9647785983979702
     656.2382254836558104       1.0260637290775776
     656.2384256170780645       0.9524067714810371
     656.2386257505003186       1.0612145140767097
     656.2388258839226864       1.0047393906861544
     656.2390260173449406       0.9851324195042253
     656.2392261507671947       1.0285149514675140
     656.2394262841894488       0.9731258470565081
     656.2396264176118166       0.9836844969540834
     656.2398265510340707       1.0308714304119349
     656.2400266844563248       0.9717323426157236
     656.2402268178785789       0.9802264515310526
     656.2404269513009467       0.9186208769679070
     656.2406270847232008       0.9660917967557907
     656.2408272181454549       0.9947710577398539
     656.2410273515677090       0.9244542345404625
     656.2412274849900768       1.0872912630438805
     656.2414276184123310       0.9688426107168198
     656.2416277518345851       1.0811911821365356
     656.2418278852568392       1.0457099303603172
     656.2420280186792070       1.0232546795159578
     656.2422281521014611       0.9678648449480534
     656.2424282855237152       0.9371175095438957
     656.2426284189459693       0.9274933487176895
     656.2428285523683371       0.9105092361569405
     656.2430286857905912       0.9465061016380787
     656.2432288192128453       1.0008519361144863
     656.2434289526350994       0.9795842729508877
     656.2436290860574672       1.0819974243640900
     656.2438292194797214       0.8844228386878967
     656.2440293529019755       1.0298240780830383
     656.2442294863242296       0.9754755999892950
     656.2444296197464837       1.0232562515884638
     656.2446297531688515       0.9311527460813522
     656.2448298865911056       0.9735354743897915
     656.2450300200133597       1.0379518717527390
     656.2452301534356138       0.9861897164955735
     656.2454302868579816       1.0093535585328937
     656.2456304202802357       0.9694803301244974
     656.2458305537024899       0.9481805898249149
     656.2460306871247440       0.9266819581389427
     656.2462308205471118       0.9600000716745853
     656.2464309539693659       1.0642537251114845
     656.2466310873916200       0.9939113729633391
     656.2468312208138741       0.9326566159725189
     656.2470313542362419       0.9911698065698147
     656.2472314876584960       1.0170571561902761
     656.2474316210807501       0.9211528077721596
     656.2476317545030042       0.9597947448492050
     656.2478318879253720       0.9442768804728985
     656.2480320213476261       0.9834573529660702
     656.2482321547698803       1.1047437191009521
     656.2484322881921344       0.9551312737166882
     656.2486324216145022       0.9025839939713478
     656.2488325550367563       0.9940046337433159
     656.2490326884590104       0.9334456101059914
     656.2492328218812645       0.9941851925104856
     656.2494329553035186       1.0210309661924839
     656.2496330887258864       0.9864391312003136
     656.2498332221481405       1.0039785960689187
     656.2500333555703946       0.9212774634361267
     656.2502334889926487       0.9685125462710857
     656.2504336224150165       1.0394329093396664
     656.2506337558372707       0.9452296197414398
     656.2508338892595248       0.9632062949240208
     656.2510340226817789       0.9247859939932823
     656.2512341561041467       1.0107219824567437
     656.2514342895264008       0.9495190195739269
     656.2516344229486549       0.9998096745839575
     656.2518345563709090       0.9403852559626102
     656.2520346897932768       1.0038246524054557
     656.2522348232155309       0.9760519284754992
     656.2524349566377850       1.0069489679299295
     656.2526350900600391       1.0250581987202168
     656.2528352234824069       1.0818255916237831
     656.2530353569046611       1.0120990984141827
     656.2532354903269152       1.0122123090550303
     656.2534356237491693       0.9637442380189896
     656.2536357571715371       1.0359968878328800
     656.2538358905937912       0.9577665105462074
     656.2540360240160453       1.0097992336377501
     656.2542361574382994       1.0106064993888140
     656.2544362908606672       0.9472401179373264
     656.2546364242829213       1.0002341772051295
     656.2548365577051754       0.9448456168174744
     656.2550366911274295       1.0685980096459389
     656.2552368245496837       1.0402534529566765
     656.2554369579720515       0.9543068259954453
     656.2556370913943056       0.9512085318565369
     656.2558372248165597       0.9592654258012772
     656.2560373582388138       1.0371502004563808
     656.2562374916611816       0.9766385536640882
     656.2564376250834357       0.9612923003733158
     656.2566377585056898       0.9195697382092476
     656.2568378919279439       0.9981567446375266
     656.2570380253503117       1.0545620284974575
     656.2572381587725658       0.9685235172510147
     656.2574382921948200       0.9158803224563599
     656.2576384256170741       1.0562492273747921
     656.2578385590394419       0.9359911829233170
     656.2580386924616960       0.9830869548022747
     656.2582388258839501       1.0249254312366247
     656.2584389593062042       1.0175936669111252
     656.2586390927285720       0.9594732113182545
     656.2588392261508261       0.9807629138231277
     656.2590393595730802       1.0110864071175456
     656.2592394929953343       0.9130222797393799
     656.2594396264177021       1.0511787123978138
     656.2596397598399562       0.9255348518490791
     656.2598398932622104       1.0558287613093853
     656.2600400266844645       0.9803359005600214
     656.2602401601067186       1.0769170522689819
     656.2604402935290864       1.0011508570751175
     656.2606404269513405       1.0813263878226280
     656.2608405603735946       0.9341264963150024
     656.2610406937958487       1.0371561758220196
     656.2612408272182165       1.0255220811814070
     656.2614409606404706       0.9234682172536850
     656.2616410940627247       1.0003629664424807
     656.2618412274849788       1.0640426650643349
     656.2620413609073466       0.9272868707776070
     656.2622414943296008       0.9338284954428673
     656.2624416277518549       1.0863230451941490
     656.2626417611741090       1.0929082855582237
     656.2628418945964768       1.0256622638553381
     656.2630420280187309       0.9367161914706230
     656.2632421614409850       1.0320393331348896
     656.2634422948632391       0.9956240807659924
     656.2636424282856069       0.9665970578789711
     656.2638425617078610       1.0301512032747269
     656.2640426951301151       0.9423170797526836
     656.2642428285523692       0.9697653967887163
     656.2644429619747370       0.9780506230890751
     656.2646430953969912       0.9935799045488238
     656.2648432288192453       1.0795181989669800
     656.2650433622414994       0.9832035470753908
     656.2652434956638672       0.9633588567376137
     656.2654436290861213       1.0747914388775826
     656.2656437625083754       0.9030665233731270
     656.2658438959306295       0.9647191539406776
     656.2660440293528836       1.0104065630584955
     656.2662441627752514       0.9172384813427925
     656.2664442961975055       0.9845447512343526
     656.2666444296197596       1.0214163754135370
     656.2668445630420138       1.0287270154803991
     656.2670446964643816       1.0010730222566053
     656.2672448298866357       1.0215238500386477
     656.2674449633088898       1.0042703044600785
     656.2676450967311439       0.9765345584601164
     656.2678452301535117       1.0725864842534065
     656.2680453635757658       0.9876178521662951
     656.2682454969980199       1.0284946300089359
     656.2684456304202740       1.0300175994634628
     656.2686457638426418       1.0114962207153440
     656.2688458972648959       1.0020192421507090
     656.2690460306871501       1.0341753549873829
     656.2692461641094042       1.0092394603416324
     656.2694462975317720       1.1299667358398438
     656.2696464309540261       0.9239908531308174
     656.2698465643762802       0.9973709920886904
     656.2700466977985343       0.9124883711338043
     656.2702468312209021       0.9931513471528888
     656.2704469646431562       0.9449903108179569
     656.2706470980654103       0.9424251243472099
     656.2708472314876644       0.9393081404268742
     656.2710473649099185       0.9902744600549340
     656.2712474983322863       1.0480581894516945
     656.2714476317545405       0.9907477106899023
     656.2716477651767946       0.9728666245937347
     656.2718478985990487       0.9733785595744848
     656.2720480320214165       0.9533326104283333
     656.2722481654436706       1.0662994533777237
     656.2724482988659247       0.9796547535806894
     656.2726484322881788       1.0819746032357216
     656.2728485657105466       1.0228057913482189
     656.2730486991328007       1.0437245778739452
     656.2732488325550548       1.0387328080832958
     656.2734489659773089       1.0019916309975088
     656.2736490993996767       1.0129471858963370
     656.2738492328219309       0.9054265692830086
     656.2740493662441850       1.0851795226335526
     656.2742494996664391       0.9561985880136490
     656.2744496330888069       1.0417085625231266
     656.2746497665110610       1.0034454334527254
     656.2748498999333151       0.9574177674949169
     656.2750500333555692       0.9907741006463766
     656.2752501667779370       0.9202588275074959
     656.2754503002001911       1.0631123185157776
     656.2756504336224452       0.9894899604842067
     656.2758505670446993       0.9959405031986535
     656.2760507004670671       0.9948938312008977
     656.2762508338893213       0.9524412900209427
     656.2764509673115754       0.9905545460060239
     656.2766511007338295       0.9835438802838326
     656.2768512341560836       0.9637568630278111
     656.2770513675784514       1.0019840954337269
     656.2772515010007055       0.9717714935541153
     656.2774516344229596       1.0425180420279503
     656.2776517678452137       1.0950739905238152
     656.2778519012675815       1.0474987663328648
     656.2780520346898356       1.0117356870323420
     656.2782521681120897       0.9844042295590043
     656.2784523015343439       0.9281036034226418
     656.2786524349567117       1.0514840558171272
     656.2788525683789658       1.0092696659266949
     656.2790527018012199       0.9434865713119507
     656.2792528352234740       0.9994870795635507
     656.2794529686458418       1.0729761645197868
     656.2796531020680959       1.0407439619302750
     656.2798532354903500       1.0302317440509796
     656.2800533689126041       1.0695366859436035
     656.2802535023349719       1.0025718831457198
     656.2804536357572260       0.9601099230349064
     656.2806537691794802       0.9808576200157404
     656.2808539026017343       0.9531787857413292
     656.2810540360241021       0.9767271913588047
     656.2812541694463562       0.9883663021028042
     656.2814543028686103       0.8815572634339333
     656.2816544362908644       1.0086212763562799
     656.2818545697131185       0.9847602276131511
     656.2820547031354863       0.9536788202822208
     656.2822548365577404       1.0053652729839087
     656.2824549699799945       1.0161739271134138
     656.2826551034022486       1.0280834287405014
     656.2828552368246164       0.9242026805877686
     656.2830553702468706       1.0404018275439739
     656.2832555036691247       1.0016621021786705
     656.2834556370913788       1.0504789613187313
     656.2836557705137466       0.9479474164545536
     656.2838559039360007       1.0071024233475327
     656.2840560373582548       0.9169363901019096
     656.2842561707805089       1.0224721357226372
     656.2844563042028767       0.9917648816481233
     656.2846564376251308       0.9176800623536110
     656.2848565710473849       1.0322162546217442
     656.2850567044696390       0.9380557574331760
     656.2852568378920068       0.9140992239117622
     656.2854569713142610       1.0543152578175068
     656.2856571047365151       1.0330020301043987
     656.2858572381587692       0.9017577916383743
     656.2860573715811370       1.0605974197387695
     656.2862575050033911       0.9403275176882744
     656.2864576384256452       1.0057966369204223
     656.2866577718478993       1.0296279042959213
     656.2868579052702671       1.0208787824958563
     656.2870580386925212       0.9974371364805847
     656.2872581721147753       1.0416219793260098
     656.2874583055370294       0.9531967379152775
     656.2876584389592836       0.9408005811274052
     656.2878585723816514       1.0152898002415895
     656.2880587058039055       0.9827931672334671
     656.2882588392261596       0.9957369626499712
     656.2884589726484137       0.9781231861561537
     656.2886591060707815       1.0417661666870117
     656.2888592394930356       1.0126369660720229
     656.2890593729152897       0.9750614482909441
     656.2892595063375438       0.9592176005244255
     656.2894596397599116       1.0147775216028094
     656.2896597731821657       0.9724599588662386
     656.2898599066044198       0.9660700969398022
     656.2900600400266740       1.0036000104155391
     656.2902601734490418       1.0651036575436592
     656.2904603068712959       0.9321317374706268
     656.2906604402935500       0.9889318468049169
     656.2908605737158041       1.0346367210149765
     656.2910607071381719       0.9784620869904757
     656.2912608405604260       1.0589042864739895
     656.2914609739826801       0.9313059002161026
     656.2916611074049342       0.9371326491236687
     656.2918612408273020       0.9530814625322819
     656.2920613742495561       1.0404147505760193
     656.2922615076718103       1.0029389611445367
     656.2924616410940644       1.0853184685111046
     656.2926617745164322       1.0147622171789408
     656.2928619079386863       0.9397729337215424
     656.2930620413609404       0.9271327033638954
     656.2932621747831945       0.9874442601576447
     656.2934623082054486       0.9754926674067974
     656.2936624416278164       1.0476219318807125
     656.2938625750500705       0.9955971399322152
     656.2940627084723246       1.0482157133519650
     656.2942628418945787       1.0043991585262120
     656.2944629753169465       1.0051783449016511
     656.2946631087392007       0.9682551547884941
     656.2948632421614548       1.0913473516702652
     656.2950633755837089       1.0071510090492666
     656.2952635090060767       0.8647327125072479
     656.2954636424283308       0.9810260031372309
     656.2956637758505849       1.0020961242262274
     656.2958639092728390       0.9242914691567421
     656.2960640426952068       0.9808770567178726
     656.2962641761174609       0.9027812033891678
     656.2964643095397150       0.9042816013097763
     656.2966644429619691       0.9434009529650211
     656.2968645763843369       0.9675773791968822
     656.2970647098065911       1.0443644933402538
     656.2972648432288452       0.9719293024390936
     656.2974649766510993       1.0939159244298935
     656.2976651100734671       0.9204843267798424
     656.2978652434957212       1.0373229272663593
     656.2980653769179753       0.9387683011591434
     656.2982655103402294       1.0019095005700365
     656.2984656437624835       1.0199033226817846
     656.2986657771848513       0.9680607952177525
     656.2988659106071054       0.9558719508349895
     656.2990660440293595       0.9625506959855556
     656.2992661774516137       0.9571287706494331
     656.2994663108739815       0.9484376125037670
     656.2996664442962356       0.9663874208927155
     656.2998665777184897       0.9561063908040524
     656.3000667111407438       0.9565140493214130
     656.3002668445631116       0.9575001858174801
     656.3004669779853657       1.0174757260829210
     656.3006671114076198       1.0647136047482491
     656.3008672448298739       1.0170181971043348
     656.3010673782522417       0.9897894505411386
     656.3012675116744958       1.0872253254055977
     656.3014676450967499       1.0628562420606613
     656.3016677785190041       1.0069678733125329
     656.3018679119413719       0.9925395213067532
     656.3020680453636260       1.0368670895695686
     656.3022681787858801       1.0966779068112373
     656.3024683122081342       1.1173992082476616
     656.3026684456305020       1.0252198223024607
     656.3028685790527561       0.9799013715237379
     656.3030687124750102       0.9624112434685230
     656.3032688458972643       1.0127592207863927
     656.3034689793196321       1.0299722831696272
     656.3036691127418862       0.9041222110390663
     656.3038692461641403       1.0047771185636520
     656.3040693795863945       1.0146918687969446
     656.3042695130086486       1.0406730510294437
     656.3044696464310164       1.0145464977249503
     656.3046697798532705       1.0750877559185028
     656.3048699132755246       0.9730998296290636
     656.3050700466977787       0.9808489270508289
     656.3052701801201465       0.9509551599621773
     656.3054703135424006       1.0891700610518456
     656.3056704469646547       0.9862348791211843
     656.3058705803869088       1.0142063638195395
     656.3060707138092766       0.9816379472613335
     656.3062708472315308       1.0759332701563835
     656.3064709806537849       0.9586526788771152
     656.3066711140760390       0.9239199161529541
     656.3068712474984068       0.9949662149883807
     656.3070713809206609       0.9821330439299345
     656.3072715143429150       0.9927505874074996
     656.3074716477651691       0.9281290844082832
     656.3076717811875369       0.9460658729076385
     656.3078719146097910       1.0151464287191629
     656.3080720480320451       0.8685455471277237
     656.3082721814542992       1.0638177916407585
     656.3084723148766670       1.0634844377636909
     656.3086724482989212       0.9590602405369282
     656.3088725817211753       1.0046155885793269
     656.3090727151434294       0.9565922990441322
     656.3092728485656835       1.0388034619390965
     656.3094729819880513       0.8894377723336220
     656.3096731154103054       1.0151868388056755
     656.3098732488325595       0.9084717109799385
     656.3100733822548136       1.0131347170099616
     656.3102735156771814       0.9475537165999413
     656.3104736490994355       0.8983684033155441
     656.3106737825216896       0.9581874608993530
     656.3108739159439438       0.9096657559275627
     656.3110740493663116       1.0064070560038090
     656.3112741827885657       0.9727367665618658
     656.3114743162108198       0.9925570278428495
     656.3116744496330739       0.9868233976885676
     656.3118745830554417       1.0213436633348465
     656.3120747164776958       1.0410282276570797
     656.3122748498999499       0.9783340319991111
     656.3124749833222040       0.9715142510831355
     656.3126751167445718       0.9410529769957064
     656.3128752501668259       1.0025711348280308
     656.3130753835890800       0.9836791735142466
     656.3132755170113342       0.9480830654501909
     656.3134756504337020       0.9694582242518656
     656.3136757838559561       0.9748597238212812
     656.3138759172782102       1.0248729363083822
     656.3140760507004643       1.0702288076281521
     656.3142761841228321       0.9072833284735639
     656.3144763175450862       0.9487822093069492
     656.3146764509673403       1.0736659020185380
     656.3148765843895944       1.0435290895402298
     656.3150767178118485       0.9729000721126597
     656.3152768512342163       0.9787639230489440
     656.3154769846564704       0.9945566807873120
     656.3156771180787246       0.9730360526590914
     656.3158772515009787       1.0388772599398177
     656.3160773849233465       0.9635792039333445
     656.3162775183456006       1.0226138997821068
     656.3164776517678547       0.9215136840936724
     656.3166777851901088       0.9724794775243529
     656.3168779186124766       1.0309194754803310
     656.3170780520347307       1.0275211911640125
     656.3172781854569848       1.0446008443820367
     656.3174783188792389       0.9762804191542336
     656.3176784523016067       1.0443998537933092
     656.3178785857238609       1.0417946241761022
     656.3180787191461150       1.0253371428648594
     656.3182788525683691       0.9113856032420308
     656.3184789859907369       1.0711625069280282
     656.3186791194129910       1.0347480252244838
     656.3188792528352451       0.9297605156701207
     656.3190793862574992       0.9915698487034866
     656.3192795196798670       1.0017728590950601
     656.3194796531021211       0.8500953614171359
     656.3196797865243752       0.9820278323434464
     656.3198799199466293       0.9960575493870474
     656.3200800533688835       1.0828182695848891
     656.3202801867912513       1.0241953858968591
     656.3204803202135054       1.0163206529841249
     656.3206804536357595       1.0432209480489623
     656.3208805870580136       1.0605869586039045
     656.3210807204803814       1.0273404803468047
     656.3212808539026355       0.9447368857993748
     656.3214809873248896       0.9710356039759452
     656.3216811207471437       0.9192006048511626
     656.3218812541695115       0.9589963717316802
     656.3220813875917656       1.0486746658360482
     656.3222815210140197       1.0154357675955743
     656.3224816544362739       0.9306346193131014
     656.3226817878586417       1.0117531739581409
     656.3228819212808958       1.0131676109094445
     656.3230820547031499       0.9780646588012295
     656.3232821881254040       1.0043626429323034
     656.3234823215477718       1.0866633625927862
     656.3236824549700259       1.0209019838636304
     656.3238825883922800       0.9066845707749902
     656.3240827218145341       0.9498724097683631
     656.3242828552369019       0.9650761841733499
     656.3244829886591560       1.0603327945640721
     656.3246831220814101       0.9717492795730515
     656.3248832555036643       1.0366494704701019
     656.3250833889260321       1.0731966590829365
     656.3252835223482862       0.9859792081587098
     656.3254836557705403       1.0838711712972715
     656.3256837891927944       0.9779243618226225
     656.3258839226150485       0.9371979676841697
     656.3260840560374163       0.9478864947488123
     656.3262841894596704       1.0653891275740859
     656.3264843228819245       0.9824796673700567
     656.3266844563041786       1.0757391439341391
     656.3268845897265464       0.9726214432605580
     656.3270847231488005       1.0034761198060960
     656.3272848565710547       1.0334404102943842
     656.3274849899933088       0.9954623306518288
     656.3276851234156766       1.0009839189124485
     656.3278852568379307       1.0173287383089016
     656.3280853902601848       1.0476236629556062
     656.3282855236824389       1.0150513168759687
     656.3284856571048067       1.0070985493060771
     656.3286857905270608       1.0089065933218861
     656.3288859239493149       0.9443061996934904
     656.3290860573715690       1.0023562908648487
     656.3292861907939368       0.9188276636177587
     656.3294863242161910       0.9614474035161010
     656.3296864576384451       1.0594567709801812
     656.3298865910606992       1.0252347096304733
     656.3300867244830670       0.9897772257326723
     656.3302868579053211       0.9541320198767346
     656.3304869913275752       1.0019206325242713
     656.3306871247498293       1.0545846894020783
     656.3308872581721971       0.9545567345073863
     656.3310873915944512       0.9138423975842509
     656.3312875250167053       0.9157167030734273
     656.3314876584389594       1.0656671420560233
     656.3316877918612136       0.9573841088039362
     656.3318879252835814       0.9383038341693261
     656.3320880587058355       0.9954451553521888
     656.3322881921280896       0.9848868896028551
     656.3324883255503437       1.0277294991142969
     656.3326884589727115       0.9584909248104891
     656.3328885923949656       0.9976916922707422
     656.3330887258172197       1.1081193421059323
     656.3332888592394738       0.9846761585758456
     656.3334889926618416       0.9704761590403274
     656.3336891260840957       0.9094103890508357
     656.3338892595063498       0.9800100182115485
     656.3340893929286040       0.9349899415260191
     656.3342895263509718       1.0157372587530402
     656.3344896597732259       1.0077589971380578
     656.3346897931954800       0.9832409462634047
     656.3348899266177341       0.9462724987594885
     656.3350900600401019       1.0023246008607645
     656.3352901934623560       0.9874571469554201
     656.3354903268846101       0.8634244538195950
     656.3356904603068642       0.9927072344290730
     656.3358905937292320       0.9694706045234925
     656.3360907271514861       1.0428049173763214
     656.3362908605737402       0.9839384958647206
     656.3364909939959944       0.9747889871662166
     656.3366911274182485       1.0526402912321804
     656.3368912608406163       1.0483744081291717
     656.3370913942628704       1.0414413832895555
     656.3372915276851245       0.9473236788431070
     656.3374916611073786       0.9694276574509451
     656.3376917945297464       1.0380001128397742
     656.3378919279520005       0.9529327875010192
     656.3380920613742546       0.9991439809231486
     656.3382921947965087       0.9317335502712434
     656.3384923282188765       0.9258467368595314
     656.3386924616411306       0.8643198422701605
     656.3388925950633848       1.0007725818131541
     656.3390927284856389       0.9465853309524309
     656.3392928619080067       1.0257224760779007
     656.3394929953302608       0.9715001228231677
     656.3396931287525149       0.8975602965920815
     656.3398932621747690       0.9309874785130643
     656.3400933955971368       0.8564887494899647
     656.3402935290193909       0.9213620955237521
     656.3404936624416450       0.9471009015632401
     656.3406937958638991       0.8630513870492297
     656.3408939292862669       1.0183808494487852
     656.3410940627085211       0.9407800699826998
     656.3412941961307752       0.8903799262387914
     656.3414943295530293       0.9239509024933299
     656.3416944629753971       0.8069642905565166
     656.3418945963976512       0.9437724524248070
     656.3420947298199053       0.9339181042087504
     656.3422948632421594       0.8205526382035120
     656.3424949966644135       0.9263523994152896
     656.3426951300867813       0.8256503342383809
     656.3428952635090354       0.9314570436383849
     656.3430953969312895       0.7983762243052039
     656.3432955303535437       0.8539702414507466
     656.3434956637759115       0.8385825894138108
     656.3436957971981656       0.7761795282724098
     656.3438959306204197       0.7853078447119917
     656.3440960640426738       0.8767631827815757
     656.3442961974650416       0.7909535976166606
     656.3444963308872957       0.7493183088441684
     656.3446964643095498       0.8082790789397718
     656.3448965977318039       0.8512142770889143
     656.3450967311541717       0.8166578550080765
     656.3452968645764258       0.7963532580172397
     656.3454969979986799       0.7896666014015729
     656.3456971314209341       0.8260796116364554
     656.3458972648433019       0.6669537963773399
     656.3460973982655560       0.7749198994948263
     656.3462975316878101       0.8517337531905598
     656.3464976651100642       0.8776940508468680
     656.3466977985324320       0.7619934649336448
     656.3468979319546861       0.7946948802791992
     656.3470980653769402       0.8513778781373798
     656.3472981987991943       0.7700464355631493
     656.3474983322214484       0.8406652526881832
     656.3476984656438162       0.7997268316591265
     656.3478985990660703       0.7690572033476836
     656.3480987324883245       0.7710707902752856
     656.3482988659105786       0.8647774937584091
     656.3484989993329464       0.8640978143458540
     656.3486991327552005       0.7769028993913958
     656.3488992661774546       0.8020503327735571
     656.3490993995997087       0.9604171861446187
     656.3492995330220765       0.7311586506829287
     656.3494996664443306       0.8755830961564802
     656.3496997998665847       0.8279463281372431
     656.3498999332888388       0.8743886989936536
     656.3501000667112066       0.8562174904601719
     656.3503002001334607       0.7981327545885628
     656.3505003335557149       0.8341230495797333
     656.3507004669779690       0.8585541537782250
     656.3509006004003368       0.8459770549853811
     656.3511007338225909       0.8933046538588347
     656.3513008672448450       0.9736654024184758
     656.3515010006670991       0.9421049908760650
     656.3517011340894669       0.9315453882234178
     656.3519012675117210       0.9642410071540258
     656.3521014009339751       0.9590735174280307
     656.3523015343562292       1.0102702614343806
     656.3525016677785970       0.9503332379916201
     656.3527018012008512       0.9101120628511284
     656.3529019346231053       0.9572651169797913
     656.3531020680453594       0.9901353829773388
     656.3533022014676135       0.9778869163263564
     656.3535023348899813       0.9515910757177332
     656.3537024683122354       1.0055071414731012
     656.3539026017344895       0.9320262153851157
     656.3541027351567436       0.9753973583599759
     656.3543028685791114       0.9493211903095818
     656.3545030020013655       0.9915846913801527
     656.3547031354236196       0.9116740626215342
     656.3549032688458738       1.0627902359793793
     656.3551034022682416       0.9930176596080236
     656.3553035356904957       0.9959468861617071
     656.3555036691127498       0.9738325837186917
     656.3557038025350039       0.9631048624020425
     656.3559039359573717       0.9380607156311118
     656.3561040693796258       0.9959750141250862
     656.3563042028018799       1.0286066118618988
     656.3565043362241340       1.0482522187277494
     656.3567044696465018       1.0452721980035955
     656.3569046030687559       1.0118895152909895
     656.3571047364910100       0.9924061998852827
     656.3573048699132642       1.0128701375882097
     656.3575050033356320       1.0984110171778780
     656.3577051367578861       0.9771691485474553
     656.3579052701801402       0.9663744056787703
     656.3581054036023943       1.0002925801812452
     656.3583055370246484       1.0788980342296712
     656.3585056704470162       1.0393685090089571
     656.3587058038692703       0.9659910819226480
     656.3589059372915244       1.0881041105998674
     656.3591060707137785       1.0204287530395040
     656.3593062041361463       0.9436346156030879
     656.3595063375584004       1.0446428841442614
     656.3597064709806546       0.9831470801028582
     656.3599066044029087       0.9953851322883946
     656.3601067378252765       1.0554032836109513
     656.3603068712475306       1.0356591028540960
     656.3605070046697847       0.9225233761411521
     656.3607071380920388       0.9571538902570406
     656.3609072715144066       1.0989227564633270
     656.3611074049366607       1.0098146076732251
     656.3613075383589148       0.8719735291095976
     656.3615076717811689       0.9865333999025522
     656.3617078052035367       1.0101897889541525
     656.3619079386257908       1.0525676082905677
     656.3621080720480450       1.0277632520029232
     656.3623082054702991       0.9401455154604840
     656.3625083388926669       1.0021370995287051
     656.3627084723149210       0.9568217954351637
     656.3629086057371751       1.0137700441962374
     656.3631087391594292       1.0712755663868490
     656.3633088725817970       0.9355602977269428
     656.3635090060040511       0.9941549959799936
     656.3637091394263052       1.0119955150233368
     656.3639092728485593       0.9719042949972804
     656.3641094062708135       1.0135201321743108
     656.3643095396931813       1.0549860780278768
     656.3645096731154354       1.0134893324976662
     656.3647098065376895       1.0692831168738288
     656.3649099399599436       0.9204890284287759
     656.3651100733823114       1.1086332251013358
     656.3653102068045655       1.0134744843309733
     656.3655103402268196       0.9953833609851988
     656.3657104736490737       0.9693825262571256
     656.3659106070714415       0.9880757938799527
     656.3661107404936956       0.9436537129789833
     656.3663108739159497       0.9724938000781692
     656.3665110073382039       0.9664437803148220
     656.3667111407605717       0.9894599314216344
     656.3669112741828258       1.0346995366537424
     656.3671114076050799       1.0230284145479220
     656.3673115410273340       0.9426987566281617
     656.3675116744497018       0.9916184669931701
     656.3677118078719559       0.8819835989428486
     656.3679119412942100       1.0836420689393158
     656.3681120747164641       1.0183285587393329
     656.3683122081388319       1.0709847665095775
     656.3685123415610860       1.0096948428749515
     656.3687124749833401       1.0025042843417178
     656.3689126084055943       0.9715592070893903
     656.3691127418278484       0.9656148323372069
     656.3693128752502162       1.0599043690952830
     656.3695130086724703       0.9981215863370054
     656.3697131420947244       1.0282050471206885
     656.3699132755169785       0.9994243119442154
     656.3701134089393463       1.0319206389659916
     656.3703135423616004       0.9693404807353400
     656.3705136757838545       0.9910465818120580
     656.3707138092061086       0.9945154766003181
     656.3709139426284764       1.0176607213448361
     656.3711140760507305       0.9826518961955684
     656.3713142094729847       0.9441338214521581
     656.3715143428952388       0.9812523198030847
     656.3717144763176066       1.0080259002373331
     656.3719146097398607       1.0174762288352608
     656.3721147431621148       0.9779641478084355
     656.3723148765843689       0.9795917141339769
     656.3725150100067367       0.9749916958948039
     656.3727151434289908       0.9160588085216882
     656.3729152768512449       1.0276956595169622
     656.3731154102734990       0.9236453473346180
     656.3733155436958668       1.0672923102817036
     656.3735156771181209       1.0398530289418682
     656.3737158105403751       1.0031669770753735
     656.3739159439626292       1.0005955046452391
     656.3741160773849970       1.0203947126825876
     656.3743162108072511       1.0634174495907669
     656.3745163442295052       0.9656469710151750
     656.3747164776517593       1.0186829119907113
     656.3749166110740134       0.9846313493316805
     656.3751167444963812       1.0204389560961071
     656.3753168779186353       1.0170264970506608
     656.3755170113408894       0.9679917134341400
     656.3757171447631436       0.8974764719603251
     656.3759172781855113       1.0897934809325613
     656.3761174116077655       1.0199535638092909
     656.3763175450300196       0.9998089387226370
     656.3765176784522737       0.9040983170270432
     656.3767178118746415       1.0302085783332253
     656.3769179452968956       0.9131868034600985
     656.3771180787191497       1.0584385283291187
     656.3773182121414038       1.0333008058369055
     656.3775183455637716       0.9758767746388842
     656.3777184789860257       1.0432263724505852
     656.3779186124082798       0.9770479332655636
     656.3781187458305340       0.9581992030143717
     656.3783188792529018       1.0500679574906813
     656.3785190126751559       1.0124033065512767
     656.3787191460974100       0.9507204927504056
     656.3789192795196641       1.0402462407946582
     656.3791194129420319       0.9487989284098146
     656.3793195463642860       1.0134944692254064
     656.3795196797865401       0.9987096070544793
     656.3797198132087942       1.0263356864452362
     656.3799199466311620       1.0002308170078322
     656.3801200800534161       1.0534132122993469
     656.3803202134756702       0.9991578773478977
     656.3805203468979244       0.9737769328057766
     656.3807204803201785       1.0523712225258350
     656.3809206137425463       0.9568184353411198
     656.3811207471648004       1.0278927683830261
     656.3813208805870545       0.9871096387505531
     656.3815210140093086       0.9844191269949079
     656.3817211474316764       0.9867691220715642
     656.3819212808539305       0.8933233991265297
     656.3821214142761846       0.9773134514689445
     656.3823215476984387       1.0716290920972824
     656.3825216811208065       0.9404426813125610
     656.3827218145430606       0.9317489489912987
     656.3829219479653148       0.9653546437621117
     656.3831220813875689       1.0559460930526257
     656.3833222148099367       0.9878975190222263
     656.3835223482321908       0.9747643861919641
     656.3837224816544449       1.1109949350357056
     656.3839226150766990       0.9192248210310936
     656.3841227484990668       0.9784673508256674
     656.3843228819213209       0.9089547917246819
     656.3845230153435750       0.9978926391340792
     656.3847231487658291       0.9811494518071413
     656.3849232821881969       1.0368417613208294
     656.3851234156104510       1.0296844691038132
     656.3853235490327052       1.0004221709968988
     656.3855236824549593       0.9899549949914217
     656.3857238158772134       1.0675448849797249
     656.3859239492995812       1.0576312541961670
     656.3861240827218353       0.9676244147121906
     656.3863242161440894       1.0407910086214542
     656.3865243495663435       1.0864480286836624
     656.3867244829887113       0.9671347439289093
     656.3869246164109654       1.0328877717256546
     656.3871247498332195       1.0182358734309673
     656.3873248832554737       0.9570792987942696
     656.3875250166778414       0.9794906023889780
     656.3877251501000956       1.0373155437409878
     656.3879252835223497       1.0258221086114645
     656.3881254169446038       1.0108578037470579
     656.3883255503669716       0.8893845081329346
     656.3885256837892257       0.9972485885955393
     656.3887258172114798       0.8987556323409081
     656.3889259506337339       0.9622632153332233
     656.3891260840561017       0.9741380717605352
     656.3893262174783558       0.9979389272630215
     656.3895263509006099       0.9840066675096750
     656.3897264843228641       1.0288645923137665
     656.3899266177452319       0.9823475945740938
     656.3901267511674860       0.9328581914305687
     656.3903268845897401       1.1147137805819511
     656.3905270180119942       1.0658332929015160
     656.3907271514343620       0.9976128297857940
     656.3909272848566161       0.9368232041597366
     656.3911274182788702       0.9131780639290810
     656.3913275517011243       1.0426916927099228
     656.3915276851233784       1.0142907118424773
     656.3917278185457462       0.9980075492057949
     656.3919279519680003       0.9865731308236718
     656.3921280853902545       1.0169599317014217
     656.3923282188125086       1.0189349129796028
     656.3925283522348764       0.9991867328644730
     656.3927284856571305       1.0210398696362972
     656.3929286190793846       0.8996436595916748
     656.3931287525016387       1.0812690481543541
     656.3933288859240065       0.9610286615788937
     656.3935290193462606       0.9823899865150452
     656.3937291527685147       1.0105049358680844
     656.3939292861907688       0.9844781951978803
     656.3941294196131366       0.9583762325346470
     656.3943295530353907       0.9733191393315792
     656.3945296864576449       1.0440663173794746
     656.3947298198798990       1.0086620561778545
     656.3949299533022668       0.9460021257400513
     656.3951300867245209       1.0251878052949905
     656.3953302201467750       0.9537666440010071
     656.3955303535690291       0.9824345968663692
     656.3957304869913969       1.0386679656803608
     656.3959306204136510       0.9317045733332634
     656.3961307538359051       1.0028755487874150
     656.3963308872581592       0.9921680325642228
     656.3965310206804133       1.0422712564468384
     656.3967311541027811       0.9179290309548378
     656.3969312875250353       0.9009964019060135
     656.3971314209472894       0.9969885484315455
     656.3973315543695435       1.0131912752985954
     656.3975316877919113       0.9381028711795807
     656.3977318212141654       0.9181586802005768
     656.3979319546364195       0.9507839046418667
     656.3981320880586736       1.0366512648761272
     656.3983322214810414       0.9671392105519772
     656.3985323549032955       1.0366375111043453
     656.3987324883255496       0.9626691080629826
     656.3989326217478038       0.9548731036484241
     656.3991327551701715       0.9459943808615208
     656.3993328885924257       0.9628164805471897
     656.3995330220146798       1.0238505303859711
     656.3997331554369339       0.9904109584167600
     656.3999332888593017       0.9748741108924150
     656.4001334222815558       1.0334123782813549
     656.4003335557038099       0.9445716142654419
     656.4005336891260640       1.0082370927557349
     656.4007338225484318       0.9143211022019386
     656.4009339559706859       0.9662219434976578
     656.4011340893929400       0.9105803966522217
     656.4013342228151942       0.9293363913893700
     656.4015343562375620       1.0031089249532670
     656.4017344896598161       0.9983555563958362
     656.4019346230820702       1.0796859338879585
     656.4021347565043243       0.9770271778106689
     656.4023348899265784       0.9512619562447071
     656.4025350233489462       0.9049106836318970
     656.4027351567712003       1.0355210155248642
     656.4029352901934544       0.9835553877055645
     656.4031354236157085       0.9770598728209734
     656.4033355570380763       1.0365433357656002
     656.4035356904603304       1.0157917328178883
     656.4037358238825846       0.9538198560476303
     656.4039359573048387       0.9668112099170685
     656.4041360907272065       0.9878959162160754
     656.4043362241494606       1.0335103124380112
     656.4045363575717147       0.9240658655762672
     656.4047364909939688       1.0461854636669159
     656.4049366244163366       1.0427807718515396
     656.4051367578385907       1.0077528171241283
     656.4053368912608448       1.0044410498812795
     656.4055370246830989       0.8779426664113998
     656.4057371581054667       0.9581793546676636
     656.4059372915277208       1.0284308139234781
     656.4061374249499750       1.0376442968845367
     656.4063375583722291       1.0209528636187315
     656.4065376917945969       0.9253251478075981
     656.4067378252168510       0.9665307067334652
     656.4069379586391051       1.0365798249840736
     656.4071380920613592       0.9679765850305557
     656.4073382254836133       0.9986054348992184
     656.4075383589059811       0.9965522347483784
     656.4077384923282352       0.9849904486909509
     656.4079386257504893       1.0240307971835136
     656.4081387591727434       1.0415494292974472
     656.4083388925951112       0.9846997540444136
     656.4085390260173654       0.9253379404544830
     656.4087391594396195       1.0421737693250179
     656.4089392928618736       1.0524152517318726
     656.4091394262842414       0.9837170056998730
     656.4093395597064955       1.0600977726280689
     656.4095396931287496       1.0941451191902161
     656.4097398265510037       0.9693162646144629
     656.4099399599733715       1.0193805452436209
     656.4101400933956256       1.0443752892315388
     656.4103402268178797       1.0902659818530083
     656.4105403602401339       1.0031038308516145
     656.4107404936625016       0.9868804672732949
     656.4109406270847558       1.0120925372466445
     656.4111407605070099       1.0228953119367361
     656.4113408939292640       0.9153647199273109
     656.4115410273516318       0.9948318423703313
     656.4117411607738859       1.0503861904144287
     656.4119412941961400       0.9704185072332621
     656.4121414276183941       0.9324185922741890
     656.4123415610407619       0.9182132631540298
     656.4125416944630160       0.9966618481557816
     656.4127418278852701       1.0976980403065681
     656.4129419613075243       0.8889591097831726
     656.4131420947297784       1.0071858526207507
     656.4133422281521462       0.8890071958303452
     656.4135423615744003       0.9543921239674091
     656.4137424949966544       0.9730477035045624
     656.4139426284189085       0.9945599278435111
     656.4141427618412763       1.0222557876259089
     656.4143428952635304       1.0917739644646645
     656.4145430286857845       0.9234899207949638
     656.4147431621080386       1.0272049251943827
     656.4149432955304064       1.0376173779368401
     656.4151434289526605       0.9343823418021202
     656.4153435623749147       0.9997851313237334
     656.4155436957971688       0.9664970375597477
     656.4157438292195366       0.9192018285393715
     656.4159439626417907       0.9607687257230282
     656.4161440960640448       1.0340507961809635
     656.4163442294862989       1.0224877037107944
     656.4165443629086667       0.9671711921691895
     656.4167444963309208       1.0432925038039684
     656.4169446297531749       1.1065842732787132
     656.4171447631754290       0.9250474795699120
     656.4173448965977968       0.9386064335703850
     656.4175450300200509       1.0020975356455892
     656.4177451634423051       1.0116016799584031
     656.4179452968645592       1.0189853142946959
     656.4181454302869270       1.0208080690354109
     656.4183455637091811       0.9875999456271529
     656.4185456971314352       0.9446028508245945
     656.4187458305536893       1.0516646318137646
     656.4189459639759434       0.9983266593189910
     656.4191460973983112       1.0326628126204014
     656.4193462308205653       1.0061541781760752
     656.4195463642428194       0.9935745350085199
     656.4197464976650735       0.9888296658173203
     656.4199466310874413       1.0265186913311481
     656.4201467645096955       1.0445986166596413
     656.4203468979319496       0.8848119005560875
     656.4205470313542037       0.9484291300177574
     656.4207471647765715       1.0198529325425625
     656.4209472981988256       0.9617076553404331
     656.4211474316210797       1.0482312738895416
     656.4213475650433338       0.9452303647994995
     656.4215476984657016       0.9750516582280397
     656.4217478318879557       0.9779067821800709
     656.4219479653102098       1.0150317102670670
     656.4221480987324640       0.9330107048153877
     656.4223482321548317       1.0044779470190406
     656.4225483655770859       1.0107278386130929
     656.4227484989993400       0.9664206504821777
     656.4229486324215941       0.9881904078647494
     656.4231487658439619       0.9933622032403946
     656.4233488992662160       1.0183150433003902
     656.4235490326884701       1.0478931777179241
     656.4237491661107242       1.0001027562684612
     656.4239492995329783       0.9352898746728897
     656.4241494329553461       0.9223929420113564
     656.4243495663776002       0.9971841408405453
     656.4245496997998544       1.0303946025669575
     656.4247498332221085       0.9974054545164108
     656.4249499666444763       1.0421932153403759
     656.4251501000667304       1.0529783666133881
     656.4253502334889845       0.9630263559520245
     656.4255503669112386       1.0003095614665654
     656.4257505003336064       0.9927394217811525
     656.4259506337558605       1.0235246308147907
     656.4261507671781146       0.9067018702626228
     656.4263509006003687       0.9539502970874310
     656.4265510340227365       0.9348607063293457
     656.4267511674449906       0.8862279430031776
     656.4269513008672448       0.9778216127306223
     656.4271514342894989       0.9708348624408245
     656.4273515677118667       1.1127648353576660
     656.4275517011341208       0.9685991294682026
     656.4277518345563749       0.9844364225864410
     656.4279519679786290       1.0460396967828274
     656.4281521014009968       0.9426321275532246
     656.4283522348232509       0.9613741189241409
     656.4285523682455050       1.0939241051673889
     656.4287525016677591       1.0559111125767231
     656.4289526350901269       0.9748707432299852
     656.4291527685123810       1.0354657284915447
     656.4293529019346352       1.0159339290112257
     656.4295530353568893       0.9570128954946995
     656.4297531687791434       0.9215814545750618
     656.4299533022015112       1.0151287978515029
     656.4301534356237653       1.0080396840348840
     656.4303535690460194       0.9792934227734804
     656.4305537024682735       0.9859275827184319
     656.4307538358906413       1.0229746233671904
     656.4309539693128954       0.9613771177828312
     656.4311541027351495       0.9586125575006008
     656.4313542361574036       1.0248501226305962
     656.4315543695797714       1.0325677022337914
     656.4317545030020256       0.9138881489634514
     656.4319546364242797       0.9018472135066986
     656.4321547698465338       0.8757918253540993
     656.4323549032689016       1.0493627749383450
     656.4325550366911557       0.9255979433655739
     656.4327551701134098       0.9384560883045197
     656.4329553035356639       1.0451130196452141
     656.4331554369580317       1.0163648780435324
     656.4333555703802858       1.0769949853420258
     656.4335557038025399       0.9858886869624257
     656.4337558372247940       0.9275806918740273
     656.4339559706471618       0.9669493660330772
     656.4341561040694160       0.9236613437533379
     656.4343562374916701       0.9269813746213913
     656.4345563709139242       0.9354973435401917
     656.4347565043361783       1.0173231810331345
     656.4349566377585461       0.9412634260952473
     656.4351567711808002       1.0192877482622862
     656.4353569046030543       1.0616302490234375
     656.4355570380253084       0.9693690091371536
     656.4357571714476762       1.0122423376888037
     656.4359573048699303       0.9195660501718521
     656.4361574382921845       1.0193120371550322
     656.4363575717144386       1.0335582047700882
     656.4365577051368064       1.0395930297672749
     656.4367578385590605       1.1735511869192123
     656.4369579719813146       1.0273250322788954
     656.4371581054035687       1.0373485684394836
     656.4373582388259365       1.0303931180387735
     656.4375583722481906       1.0860915929079056
     656.4377585056704447       0.9463267959654331
     656.4379586390926988       1.0860213860869408
     656.4381587725150666       1.0065783993341029
     656.4383589059373207       1.0303427483886480
     656.4385590393595749       1.0181251373142004
     656.4387591727818290       1.0267594996839762
     656.4389593062041968       1.0266189221292734
     656.4391594396264509       1.0246454123407602
     656.4393595730487050       1.0379094108939171
     656.4395597064709591       1.0200007781386375
     656.4397598398933269       1.1280454993247986
     656.4399599733155810       0.9872211096808314
     656.4401601067378351       1.0093978876248002
     656.4403602401600892       0.9657293520867825
     656.4405603735823433       1.0167784541845322
     656.4407605070047111       0.9762150347232819
     656.4409606404269653       1.0205261763185263
     656.4411607738492194       0.9785323236137629
     656.4413609072714735       1.0022893729619682
     656.4415610406938413       0.9826754387468100
     656.4417611741160954       0.9604065977036953
     656.4419613075383495       0.9660836644470692
     656.4421614409606036       0.9258269071578979
     656.4423615743829714       0.8740318119525909
     656.4425617078052255       1.0322365500032902
     656.4427618412274796       1.0689428895711899
     656.4429619746497337       0.9633937217295170
     656.4431621080721015       0.9905059039592743
     656.4433622414943557       0.9754116386175156
     656.4435623749166098       1.0183973740786314
     656.4437625083388639       0.9749723318964243
     656.4439626417612317       1.0195660572499037
     656.4441627751834858       1.0135861067101359
     656.4443629086057399       0.9850967526435852
     656.4445630420279940       1.0320042185485363
     656.4447631754503618       1.0783359780907631
     656.4449633088726159       1.0217433553189039
     656.4451634422948700       0.8623715043067932
     656.4453635757171241       1.0642292425036430
     656.4455637091393783       0.9793458618223667
     656.4457638425617461       0.9847164526581764
     656.4459639759840002       0.9491542391479015
     656.4461641094062543       0.9475248977541924
     656.4463642428285084       1.0258086510002613
     656.4465643762508762       0.9899651752784848
     656.4467645096731303       0.9413032233715057
     656.4469646430953844       0.9718970563262701
     656.4471647765176385       1.0067046671174467
     656.4473649099400063       1.1323853582143784
     656.4475650433622604       1.0500336103141308
     656.4477651767845146       1.0684177204966545
     656.4479653102067687       1.0122750205919147
     656.4481654436291365       1.0265131723135710
     656.4483655770513906       0.9994490180397406
     656.4485657104736447       0.9243893772363663
     656.4487658438958988       1.0152677400037646
     656.4489659773182666       1.0338622927665710
     656.4491661107405207       1.0469405911862850
     656.4493662441627748       1.0479093715548515
     656.4495663775850289       0.9120091944932938
     656.4497665110073967       1.0702281072735786
     656.4499666444296508       0.9519377462565899
     656.4501667778519050       0.8688748031854630
     656.4503669112741591       1.0803100392222404
     656.4505670446965269       1.0373598150908947
     656.4507671781187810       1.0471849068999290
     656.4509673115410351       0.9690121561288834
     656.4511674449632892       1.0161001905798912
     656.4513675783855433       0.9569140709936619
     656.4515677118079111       0.9587901271879673
     656.4517678452301652       0.9957721084356308
     656.4519679786524193       1.0552877858281136
     656.4521681120746734       1.0240802597254515
     656.4523682454970412       1.0107231913134456
     656.4525683789192954       0.9693478643894196
     656.4527685123415495       0.9641277231276035
     656.4529686457638036       0.9739900846034288
     656.4531687791861714       0.9623545035719872
     656.4533689126084255       0.8939011096954346
     656.4535690460306796       1.0011878203367814
     656.4537691794529337       0.9036037325859070
     656.4539693128753015       1.0511663816869259
     656.4541694462975556       0.9768888801336288
     656.4543695797198097       0.9776207320392132
     656.4545697131420638       0.9415346384048462
     656.4547698465644316       0.9061506465077400
     656.4549699799866858       0.9409797973930836
     656.4551701134089399       1.0413863994181156
     656.4553702468311940       1.0239107143133879
     656.4555703802535618       0.9825282543897629
     656.4557705136758159       0.9504560120403767
     656.4559706470980700       0.9767165053635836
     656.4561707805203241       0.9491017796099186
     656.4563709139425782       0.9992203772417270
     656.4565710473649460       0.9467770680785179
     656.4567711807872001       1.0621613860130310
     656.4569713142094542       1.0098580149933696
     656.4571714476317084       1.0329100303351879
     656.4573715810540762       1.0037718203384429
     656.4575717144763303       1.0591150596737862
     656.4577718478985844       0.9932834506034851
     656.4579719813208385       0.9246606528759003
     656.4581721147432063       1.0111618647351861
     656.4583722481654604       1.0367396138608456
     656.4585723815877145       0.9736564699560404
     656.4587725150099686       0.9865846382454038
     656.4589726484323364       0.8962993025779724
     656.4591727818545905       0.9475417174398899
     656.4593729152768447       1.0356514565646648
     656.4595730486990988       1.0768984705209732
     656.4597731821214666       1.0258710123598576
     656.4599733155437207       0.9584466516971588
     656.4601734489659748       1.0620721243321896
     656.4603735823882289       0.9533606134355068
     656.4605737158105967       0.8850424140691757
     656.4607738492328508       0.9832789842039347
     656.4609739826551049       0.9465958699584007
     656.4611741160773590       1.0225902833044529
     656.4613742494997268       1.0363498702645302
     656.4615743829219809       1.0142264161258936
     656.4617745163442351       0.9578196331858635
     656.4619746497664892       0.9904001234099269
     656.4621747831887433       1.0323907248675823
     656.4623749166111111       1.0431833490729332
     656.4625750500333652       1.0248308964073658
     656.4627751834556193       0.9161160066723824
     656.4629753168778734       0.8894907608628273
     656.4631754503002412       1.0192082878202200
     656.4633755837224953       0.9996791080047842
     656.4635757171447494       0.9198395609855652
     656.4637758505670035       0.9892735285684466
     656.4639759839893713       1.0582169182598591
     656.4641761174116255       0.9488361217081547
     656.4643762508338796       0.9720929507166147
     656.4645763842561337       1.0620429813861847
     656.4647765176785015       0.9490208737552166
     656.4649766511007556       1.0504272244870663
     656.4651767845230097       0.9815006256103516
     656.4653769179452638       1.0045825117267668
     656.4655770513676316       0.9805672261863947
     656.4657771847898857       0.9889153121039271
     656.4659773182121398       1.0281260106712580
     656.4661774516343939       1.0648077055811882
     656.4663775850567617       1.0134394792839885
     656.4665777184790159       0.9558970257639885
     656.4667778519012700       1.0749797523021698
     656.4669779853235241       1.0159591324627399
     656.4671781187458919       0.9579079635441303
     656.4673782521681460       1.1032152697443962
     656.4675783855904001       0.9952321001328528
     656.4677785190126542       1.0228785779327154
     656.4679786524349083       1.0557315163314342
     656.4681787858572761       1.0391031801700592
     656.4683789192795302       1.0842064693570137
     656.4685790527017843       1.0562105253338814
     656.4687791861240385       1.0456309542059898
     656.4689793195464063       1.0015809414908290
     656.4691794529686604       0.9913721131160855
     656.4693795863909145       0.9664722047746181
     656.4695797198131686       0.9903316581621766
     656.4697798532355364       0.9803761988878250
     656.4699799866577905       1.0264411009848118
     656.4701801200800446       1.0711812898516655
     656.4703802535022987       0.9136524796485901
     656.4705803869246665       1.0033453851938248
     656.4707805203469206       0.8834308981895447
     656.4709806537691748       0.9949607881717384
     656.4711807871914289       0.9930129288695753
     656.4713809206137967       1.0833618715405464
     656.4715810540360508       1.0500010736286640
     656.4717811874583049       1.0441255979239941
     656.4719813208805590       0.9895929051563144
     656.4721814543029268       0.9246204644441605
     656.4723815877251809       1.0681842193007469
     656.4725817211474350       0.9204337373375893
     656.4727818545696891       0.9381059519946575
     656.4729819879919432       1.0705440789461136
     656.4731821214143110       0.9836488068103790
     656.4733822548365652       1.0209595356136560
     656.4735823882588193       1.0038821778725833
     656.4737825216810734       1.0393820405006409
     656.4739826551034412       1.0467300303280354
     656.4741827885256953       0.9829036537557840
     656.4743829219479494       1.0240412857383490
     656.4745830553702035       1.0553739257156849
     656.4747831887925713       1.0905512496829033
     656.4749833222148254       1.0854739770293236
     656.4751834556370795       0.9435923509299755
     656.4753835890593336       0.8972030058503151
     656.4755837224817014       1.0131855700165033
     656.4757838559039556       0.9688246510922909
     656.4759839893262097       0.9397244788706303
     656.4761841227484638       1.0840578377246857
     656.4763842561708316       1.0276061873883009
     656.4765843895930857       0.9775244034826756
     656.4767845230153398       1.0296428855508566
     656.4769846564375939       1.0102100512012839
     656.4771847898599617       0.9863497586920857
     656.4773849232822158       0.9257336854934692
     656.4775850567044699       0.9664220847189426
     656.4777851901267240       1.1348223537206650
     656.4779853235490918       0.9731014687567949
     656.4781854569713460       1.0289159566164017
     656.4783855903936001       0.9750028122216463
     656.4785857238158542       1.0083261774852872
     656.4787858572381083       1.0527915954589844
     656.4789859906604761       0.9888166598975658
     656.4791861240827302       1.0068025216460228
     656.4793862575049843       1.0544786527752876
     656.4795863909272384       0.8810683935880661
     656.4797865243496062       0.8601015359163284
     656.4799866577718603       1.0213283505290747
     656.4801867911941144       1.0480840764939785
     656.4803869246163686       0.9502538032829762
     656.4805870580387364       0.9324793368577957
     656.4807871914609905       0.9605553746223450
     656.4809873248832446       1.0395030044019222
     656.4811874583054987       1.0329434610903263
     656.4813875917278665       1.0107576167210937
     656.4815877251501206       0.9775136131793261
     656.4817878585723747       1.0327736325562000
     656.4819879919946288       1.0690138563513756
     656.4821881254169966       1.0650046542286873
     656.4823882588392507       0.9696168061345816
     656.4825883922615049       1.0588740669190884
     656.4827885256837590       1.0541166663169861
     656.4829886591061268       0.9515690803527832
     656.4831887925283809       0.9090279638767242
     656.4833889259506350       0.8780507668852806
     656.4835890593728891       1.0141962990164757
     656.4837891927951432       1.0507509112358093
     656.4839893262175110       0.9972436148673296
     656.4841894596397651       0.9554015249013901
     656.4843895930620192       1.0159092303365469
     656.4845897264842733       0.9834608826786280
     656.4847898599066411       1.0652874186635017
     656.4849899933288953       1.0025005706120282
     656.4851901267511494       0.9205096065998077
     656.4853902601734035       1.0697347521781921
     656.4855903935957713       1.0594499818980694
     656.4857905270180254       1.0028779541607946
     656.4859906604402795       0.8335245698690414
     656.4861907938625336       1.0123386988416314
     656.4863909272849014       0.9982862379401922
     656.4865910607071555       0.9091332927346230
     656.4867911941294096       0.9638610370457172
     656.4869913275516637       1.0513808690011501
     656.4871914609740315       1.0452092997729778
     656.4873915943962857       1.0365146361291409
     656.4875917278185398       1.0157057344913483
     656.4877918612407939       0.9483572281897068
     656.4879919946631617       1.0733474045991898
     656.4881921280854158       1.0545482896268368
     656.4883922615076699       0.9982704553985968
     656.4885923949299240       0.9940410009585321
     656.4887925283522918       0.9553730562329292
     656.4889926617745459       0.9866814911365509
     656.4891927951968000       0.9243159294128418
     656.4893929286190541       1.0180098395794630
     656.4895930620413083       1.0812391713261604
     656.4897931954636761       0.9878361457958817
     656.4899933288859302       1.0364956408739090
     656.4901934623081843       0.9222596809267998
     656.4903935957304384       0.9972488186322153
     656.4905937291528062       1.0020374055020511
     656.4907938625750603       0.9724939130246639
     656.4909939959973144       1.0536647215485573
     656.4911941294195685       0.9301694706082344
     656.4913942628419363       1.0189096685498953
     656.4915943962641904       1.0122770136222243
     656.4917945296864445       1.0270301159471273
     656.4919946631086987       0.9763379041105509
     656.4921947965310665       0.9665970839560032
     656.4923949299533206       0.9694591034203768
     656.4925950633755747       1.0145239969715476
     656.4927951967978288       0.9505832269787788
     656.4929953302201966       1.0878667235374451
     656.4931954636424507       0.9867311641573906
     656.4933955970647048       0.8986947387456894
     656.4935957304869589       1.0624570138752460
     656.4937958639093267       0.9487649016082287
     656.4939959973315808       0.9566461406648159
     656.4941961307538350       0.9477186426520348
     656.4943962641760891       0.9377606622874737
     656.4945963975983432       1.1073442623019218
     656.4947965310207110       0.9835110623389482
     656.4949966644429651       0.9997866484045517
     656.4951967978652192       0.9891361501067877
     656.4953969312874733       1.0449830405414104
     656.4955970647098411       0.9808345753699541
     656.4957971981320952       0.9800329077988863
     656.4959973315543493       1.0801219865679741
     656.4961974649766034       1.0772677809000015
     656.4963975983989712       1.0152552230283618
     656.4965977318212254       0.9684322699904442
     656.4967978652434795       0.9988728470634669
     656.4969979986657336       1.0324003361165524
     656.4971981320881014       0.9877706700935960
     656.4973982655103555       0.9577721171081066
     656.4975983989326096       0.9089535176753998
     656.4977985323548637       0.9710978679358959
     656.4979986657772315       0.9969011684879661
     656.4981987991994856       0.9915361749008298
     656.4983989326217397       0.9442241229116917
     656.4985990660439938       0.9661328978836536
     656.4987991994663616       1.0226104930043221
     656.4989993328886158       0.9888312583789229
     656.4991994663108699       1.0272237695753574
     656.4993995997331240       0.9940980263054371
     656.4995997331554918       1.0784301310777664
     656.4997998665777459       1.0103621575981379
     656.5000000000000000       0.9804561007767916
