     656.2000000000000455       0.9399526417255402
     656.2002001334222996       0.9720576722174883
     656.2004002668445537       0.9761842936277390
     656.2006004002669215       1.0164072718471289
     656.2008005336891756       1.0560461096465588
     656.2010006671114297       0.9039744809269905
     656.2012008005336838       0.9809461459517479
     656.2014009339560516       0.9157364219427109
     656.2016010673783057       1.0102349063381553
     656.2018012008005599       1.1003771051764488
     656.2020013342228140       1.0540721230208874
     656.2022014676451818       0.9450721256434917
     656.2024016010674359       1.0037092994898558
     656.2026017344896900       1.0296048577874899
     656.2028018679119441       0.9512755163013935
     656.2030020013343119       0.9116061404347420
     656.2032021347565660       0.9968539979308844
     656.2034022681788201       0.9361746683716774
     656.2036024016010742       0.9492185041308403
     656.2038025350234420       1.0134294917806983
     656.2040026684456961       0.9979855241253972
     656.2042028018679503       1.1217662021517754
     656.2044029352902044       0.9415372535586357
     656.2046030687125722       1.0219245199114084
     656.2048032021348263       0.9831433873623610
     656.2050033355570804       1.0402986370027065
     656.2052034689793345       1.0141078252345324
     656.2054036024017023       1.0320731736719608
     656.2056037358239564       0.9017071872949600
     656.2058038692462105       0.9198399633169174
     656.2060040026684646       1.0832479223608971
     656.2062041360907187       1.0014858273789287
     656.2064042695130865       1.0343558341264725
     656.2066044029353407       0.9728026892989874
     656.2068045363575948       1.0357823036611080
     656.2070046697798489       0.9715864472091198
     656.2072048032022167       1.0235370304435492
     656.2074049366244708       1.0269265212118626
     656.2076050700467249       0.9141606688499451
     656.2078052034689790       0.9784493688493967
     656.2080053368913468       1.0386455170810223
     656.2082054703136009       0.9948312384076416
     656.2084056037358550       0.9701453465968370
     656.2086057371581092       1.0595366656780243
     656.2088058705804769       0.9957375102676451
     656.2090060040027311       0.9099281504750252
     656.2092061374249852       0.9742101002484560
     656.2094062708472393       0.9496656171977520
     656.2096064042696071       1.0680591166019440
     656.2098065376918612       1.0397011972963810
     656.2100066711141153       1.0222502127289772
     656.2102068045363694       1.0474505648016930
     656.2104069379587372       0.8821391910314560
     656.2106070713809913       0.9688853174448013
     656.2108072048032454       1.0504860058426857
     656.2110073382254996       1.0148373022675514
     656.2112074716477537       0.9915639813989401
     656.2114076050701215       0.9682009667158127
     656.2116077384923756       0.8982437625527382
     656.2118078719146297       1.0547423362731934
     656.2120080053368838       0.9630115069448948
     656.2122081387592516       1.0570895858108997
     656.2124082721815057       0.9162679016590118
     656.2126084056037598       0.9006675854325294
     656.2128085390260139       0.9489833936095238
     656.2130086724483817       1.0223719943314791
     656.2132088058706358       1.1148337945342064
     656.2134089392928900       0.9965559095144272
     656.2136090727151441       1.0179007034748793
     656.2138092061375119       1.0515474155545235
     656.2140093395597660       1.0002613541146275
     656.2142094729820201       1.0136191817000508
     656.2144096064042742       1.0331275798380375
     656.2146097398266420       1.0122072016820312
     656.2148098732488961       1.0391526632010937
     656.2150100066711502       1.0280517768114805
     656.2152101400934043       0.9756649713963270
     656.2154102735157721       0.9806492533534765
     656.2156104069380262       1.0115015767514706
     656.2158105403602804       0.9240361452102661
     656.2160106737825345       1.0025652146432549
     656.2162108072049023       0.9578429050743580
     656.2164109406271564       0.9387337788939476
     656.2166110740494105       1.0537347197532654
     656.2168112074716646       0.9692103825509548
     656.2170113408939187       1.0157654713839293
     656.2172114743162865       1.0546165779232979
     656.2174116077385406       0.9691853690892458
     656.2176117411607947       0.9495457150042057
     656.2178118745830488       1.0098687391728163
     656.2180120080054166       1.0692792236804962
     656.2182121414276708       1.1545694768428802
     656.2184122748499249       1.0326447449624538
     656.2186124082721790       0.9539658576250076
     656.2188125416945468       0.9587958306074142
     656.2190126751168009       0.9206931367516518
     656.2192128085390550       0.9842515010386705
     656.2194129419613091       1.0780211612582207
     656.2196130753836769       0.9132344797253609
     656.2198132088059310       1.0614435635507107
     656.2200133422281851       1.0352516733109951
     656.2202134756504392       0.9493750743567944
     656.2204136090728070       1.0138295860961080
     656.2206137424950612       1.0419011078774929
     656.2208138759173153       1.0894069299101830
     656.2210140093395694       0.9306646063923836
     656.2212141427619372       0.9466601349413395
     656.2214142761841913       1.0723817050457001
     656.2216144096064454       1.0818899199366570
     656.2218145430286995       1.0149982115253806
     656.2220146764509536       1.0022018782328814
     656.2222148098733214       1.0375345945358276
     656.2224149432955755       1.0451093725860119
     656.2226150767178297       1.0056893276050687
     656.2228152101400838       0.9883827734738588
     656.2230153435624516       0.9941581292077899
     656.2232154769847057       1.0583584271371365
     656.2234156104069598       1.0062294397503138
     656.2236157438292139       0.9785062596201897
     656.2238158772515817       0.9285482093691826
     656.2240160106738358       0.9649444967508316
     656.2242161440960899       0.9817313477396965
     656.2244162775183440       1.1255902498960495
     656.2246164109407118       1.0871067345142365
     656.2248165443629659       1.0060115526430309
     656.2250166777852201       1.0083562582731247
     656.2252168112074742       1.0104871299117804
     656.2254169446298420       1.0220583770424128
     656.2256170780520961       1.0456927791237831
     656.2258172114743502       1.0717172622680664
     656.2260173448966043       1.0355191007256508
     656.2262174783189721       1.0849755331873894
     656.2264176117412262       0.9596584402024746
     656.2266177451634803       0.9800734054297209
     656.2268178785857344       0.9686839617788792
     656.2270180120081022       1.0388968549668789
     656.2272181454303563       1.0164489336311817
     656.2274182788526105       1.0262892451137304
     656.2276184122748646       0.9461007453501225
     656.2278185456971187       0.9952401225455105
     656.2280186791194865       1.0044479519128799
     656.2282188125417406       1.0463638342916965
     656.2284189459639947       0.9142977073788643
     656.2286190793862488       1.0646230354905128
     656.2288192128086166       1.0553480051457882
     656.2290193462308707       0.9982800740981475
     656.2292194796531248       1.0284737236797810
     656.2294196130753789       1.0168455839157104
     656.2296197464977467       1.0041413339786232
     656.2298198799200009       0.9719033408910036
     656.2300200133422550       0.9751323107630014
     656.2302201467645091       1.0744120255112648
     656.2304202801868769       0.9555450864136219
     656.2306204136091310       1.0205277837812901
     656.2308205470313851       1.0421065874397755
     656.2310206804536392       0.9915033057332039
     656.2312208138760070       1.0307954438030720
     656.2314209472982611       1.0506360717117786
     656.2316210807205152       1.0479252561926842
     656.2318212141427693       1.0157397538423538
     656.2320213475651371       0.9911702834069729
     656.2322214809873913       0.9569963403046131
     656.2324216144096454       0.8967310041189194
     656.2326217478318995       1.0550962798297405
     656.2328218812541536       1.0635600835084915
     656.2330220146765214       1.0885533988475800
     656.2332221480987755       1.0735071823000908
     656.2334222815210296       0.9890305148437619
     656.2336224149432837       1.0338582657277584
     656.2338225483656515       1.0706236213445663
     656.2340226817879056       0.9848815826699138
     656.2342228152101598       1.0687307938933372
     656.2344229486324139       0.9789028186351061
     656.2346230820547817       0.9240531250834465
     656.2348232154770358       0.9972338648512959
     656.2350233488992899       0.9539305344223976
     656.2352234823215440       1.0420985668897629
     656.2354236157439118       1.0694790408015251
     656.2356237491661659       0.9476295635104179
     656.2358238825884200       1.0529909506440163
     656.2360240160106741       1.0365851297974586
     656.2362241494330419       0.9146982505917549
     656.2364242828552960       1.0457139797508717
     656.2366244162775502       0.9902430372312665
     656.2368245496998043       1.0551354251801968
     656.2370246831221721       0.9594318158924580
     656.2372248165444262       1.0252702590078115
     656.2374249499666803       0.9323603287339211
     656.2376250833889344       0.9581171199679375
     656.2378252168113022       1.0307840593159199
     656.2380253502335563       0.9750907160341740
     656.2382254836558104       0.9557946883141994
     656.2384256170780645       0.9228924289345741
     656.2386257505003186       1.0530740208923817
     656.2388258839226864       0.9756463319063187
     656.2390260173449406       1.0277008451521397
     656.2392261507671947       1.0243170354515314
     656.2394262841894488       0.9837403278797865
     656.2396264176118166       0.8771576061844826
     656.2398265510340707       0.9127050116658211
     656.2400266844563248       0.9855373064056039
     656.2402268178785789       0.9333749413490295
     656.2404269513009467       0.9684116877615452
     656.2406270847232008       1.1166662797331810
     656.2408272181454549       0.9790475517511368
     656.2410273515677090       0.9999271707492881
     656.2412274849900768       1.0546886287629604
     656.2414276184123310       1.0211025252938271
     656.2416277518345851       1.1042378470301628
     656.2418278852568392       0.9748008567839861
     656.2420280186792070       0.9880585046485066
     656.2422281521014611       1.1076119318604469
     656.2424282855237152       0.9549383260309696
     656.2426284189459693       1.0210078153759241
     656.2428285523683371       0.9459098316729069
     656.2430286857905912       0.9775126222521067
     656.2432288192128453       1.0087108742445707
     656.2434289526350994       1.0052328933961689
     656.2436290860574672       1.0213655531406403
     656.2438292194797214       1.0221214015036821
     656.2440293529019755       0.9491177685558796
     656.2442294863242296       0.9934695428237319
     656.2444296197464837       1.0157381575554609
     656.2446297531688515       1.0074108177796006
     656.2448298865911056       0.9172729253768921
     656.2450300200133597       1.0907505080103874
     656.2452301534356138       1.0263053458184004
     656.2454302868579816       1.0267293248325586
     656.2456304202802357       1.0038914687465876
     656.2458305537024899       0.9261508062481880
     656.2460306871247440       0.9659906663000584
     656.2462308205471118       0.9692872371524572
     656.2464309539693659       0.9753114748746157
     656.2466310873916200       0.9713782072067261
     656.2468312208138741       0.9204944744706154
     656.2470313542362419       0.9650799036026001
     656.2472314876584960       1.0025223249103874
     656.2474316210807501       1.0345375873148441
     656.2476317545030042       0.9237041622400284
     656.2478318879253720       0.9846454737707973
     656.2480320213476261       0.9987970090005547
     656.2482321547698803       1.0179418642073870
     656.2484322881921344       1.0669535100460052
     656.2486324216145022       1.0191208999603987
     656.2488325550367563       1.0343718528747559
     656.2490326884590104       0.9372970834374428
     656.2492328218812645       0.9572903811931610
     656.2494329553035186       1.0142351333051920
     656.2496330887258864       0.9330591484904289
     656.2498332221481405       1.0321266911923885
     656.2500333555703946       1.0314480811357498
     656.2502334889926487       1.0332250855863094
     656.2504336224150165       1.0086964927613735
     656.2506337558372707       0.9652371145784855
     656.2508338892595248       0.9782908726483583
     656.2510340226817789       1.0494122579693794
     656.2512341561041467       1.0510268993675709
     656.2514342895264008       1.0805850625038147
     656.2516344229486549       0.9780842941254377
     656.2518345563709090       0.9505468159914017
     656.2520346897932768       0.9895736286416650
     656.2522348232155309       1.0250526256859303
     656.2524349566377850       0.8853744119405746
     656.2526350900600391       0.9588703140616417
     656.2528352234824069       0.9226434975862503
     656.2530353569046611       0.9740064162760973
     656.2532354903269152       1.0575805120170116
     656.2534356237491693       0.9513355977833271
     656.2536357571715371       1.0129523454234004
     656.2538358905937912       0.9276353865861893
     656.2540360240160453       1.0536277964711189
     656.2542361574382994       1.0321177244186401
     656.2544362908606672       1.0165032576769590
     656.2546364242829213       1.0014411801239476
     656.2548365577051754       1.0084299938753247
     656.2550366911274295       1.0591490678489208
     656.2552368245496837       1.0806006789207458
     656.2554369579720515       1.0641731023788452
     656.2556370913943056       0.9450418278574944
     656.2558372248165597       0.9331264048814774
     656.2560373582388138       1.0260143261402845
     656.2562374916611816       0.9657379165291786
     656.2564376250834357       1.0456791780889034
     656.2566377585056898       0.9531071223318577
     656.2568378919279439       0.8459977954626083
     656.2570380253503117       0.9683878161013126
     656.2572381587725658       0.9868673980236053
     656.2574382921948200       1.0279960427433252
     656.2576384256170741       1.0227246116846800
     656.2578385590394419       0.9563952796161175
     656.2580386924616960       0.9625082053244114
     656.2582388258839501       1.0109376478940248
     656.2584389593062042       1.0263655167073011
     656.2586390927285720       0.9018523469567299
     656.2588392261508261       0.9900743784382939
     656.2590393595730802       0.9427835643291473
     656.2592394929953343       1.0081549659371376
     656.2594396264177021       1.0286898650228977
     656.2596397598399562       0.9302457794547081
     656.2598398932622104       0.9258982315659523
     656.2600400266844645       0.9274016544222832
     656.2602401601067186       0.9858822161331773
     656.2604402935290864       1.0406688749790192
     656.2606404269513405       0.9716477785259485
     656.2608405603735946       0.9569868184626102
     656.2610406937958487       1.0719432905316353
     656.2612408272182165       0.9063907936215401
     656.2614409606404706       0.9342124238610268
     656.2616410940627247       0.9755496699362993
     656.2618412274849788       1.0768173187971115
     656.2620413609073466       0.9653890915215015
     656.2622414943296008       0.9328059405088425
     656.2624416277518549       1.0022221417166293
     656.2626417611741090       1.0485448352992535
     656.2628418945964768       1.0226307325065136
     656.2630420280187309       1.0602573938667774
     656.2632421614409850       0.8851537704467773
     656.2634422948632391       1.0063238614238799
     656.2636424282856069       0.9621455855667591
     656.2638425617078610       1.0367787070572376
     656.2640426951301151       0.9775789212435484
     656.2642428285523692       1.0639501065015793
     656.2644429619747370       1.0159700196236372
     656.2646430953969912       0.9788864403963089
     656.2648432288192453       1.0407933406531811
     656.2650433622414994       1.0642080008983612
     656.2652434956638672       1.0001604473509360
     656.2654436290861213       0.9347339048981667
     656.2656437625083754       0.9864372443407774
     656.2658438959306295       1.0234066434204578
     656.2660440293528836       0.9232730939984322
     656.2662441627752514       1.0787123963236809
     656.2664442961975055       0.9569716490805149
     656.2666444296197596       1.0387665890157223
     656.2668445630420138       1.0838896930217743
     656.2670446964643816       0.9979092825669795
     656.2672448298866357       0.9157434254884720
     656.2674449633088898       1.0083150425925851
     656.2676450967311439       0.9615677483379841
     656.2678452301535117       1.0206726640462875
     656.2680453635757658       0.9563023187220097
     656.2682454969980199       1.0185076985508204
     656.2684456304202740       1.0452886484563351
     656.2686457638426418       1.0016505842795596
     656.2688458972648959       1.0189235620200634
     656.2690460306871501       1.0712061449885368
     656.2692461641094042       0.9296524822711945
     656.2694462975317720       0.9282423704862595
     656.2696464309540261       1.1310215741395950
     656.2698465643762802       1.0106341959908605
     656.2700466977985343       0.9532620422542095
     656.2702468312209021       1.0599108636379242
     656.2704469646431562       1.0797404870390892
     656.2706470980654103       0.9620916433632374
     656.2708472314876644       1.1120440512895584
     656.2710473649099185       1.0540758371353149
     656.2712474983322863       1.0584010891616344
     656.2714476317545405       0.9621657133102417
     656.2716477651767946       0.9960301900282502
     656.2718478985990487       1.0287071168422699
     656.2720480320214165       0.9421536438167095
     656.2722481654436706       0.9615099132061005
     656.2724482988659247       0.9896349394693971
     656.2726484322881788       1.0397802554070950
     656.2728485657105466       1.0067234272137284
     656.2730486991328007       1.1065923795104027
     656.2732488325550548       1.0044295089319348
     656.2734489659773089       0.9447878412902355
     656.2736490993996767       1.0033013042993844
     656.2738492328219309       1.0877591744065285
     656.2740493662441850       1.0433244183659554
     656.2742494996664391       0.9338242635130882
     656.2744496330888069       0.9804872293025255
     656.2746497665110610       1.0488765649497509
     656.2748498999333151       0.9728599004447460
     656.2750500333555692       0.9721822533756495
     656.2752501667779370       1.0195320453494787
     656.2754503002001911       1.0217902418226004
     656.2756504336224452       1.0273295380175114
     656.2758505670446993       1.0133147565647960
     656.2760507004670671       1.0354942828416824
     656.2762508338893213       0.9815440792590380
     656.2764509673115754       0.9886561799794436
     656.2766511007338295       1.0191973168402910
     656.2768512341560836       1.0124859381467104
     656.2770513675784514       1.0057155895046890
     656.2772515010007055       0.9621726572513580
     656.2774516344229596       1.0155855854973197
     656.2776517678452137       1.0664150118827820
     656.2778519012675815       0.9904367933049798
     656.2780520346898356       1.0470738559961319
     656.2782521681120897       1.0180164836347103
     656.2784523015343439       0.9242992103099823
     656.2786524349567117       0.9268742501735687
     656.2788525683789658       0.9031874164938927
     656.2790527018012199       0.9256968870759010
     656.2792528352234740       0.9489653520286083
     656.2794529686458418       0.9916384704411030
     656.2796531020680959       1.0065858564339578
     656.2798532354903500       1.0488113872706890
     656.2800533689126041       0.8859252780675888
     656.2802535023349719       1.0125232310965657
     656.2804536357572260       1.0781617835164070
     656.2806537691794802       1.0400088690221310
     656.2808539026017343       1.1264611333608627
     656.2810540360241021       1.0064936331473291
     656.2812541694463562       0.9668696075677872
     656.2814543028686103       1.0356100462377071
     656.2816544362908644       0.9461111612617970
     656.2818545697131185       1.0405459515750408
     656.2820547031354863       1.0502092428505421
     656.2822548365577404       1.0461315102875233
     656.2824549699799945       1.0321171544492245
     656.2826551034022486       1.0090270088985562
     656.2828552368246164       1.0473565123975277
     656.2830553702468706       0.9528108090162277
     656.2832555036691247       0.9856265485286713
     656.2834556370913788       1.0172143653035164
     656.2836557705137466       1.0160141792148352
     656.2838559039360007       1.1104345545172691
     656.2840560373582548       0.9842804074287415
     656.2842561707805089       0.9195139035582542
     656.2844563042028767       0.9723699111491442
     656.2846564376251308       0.9555495157837868
     656.2848565710473849       1.0210681241005659
     656.2850567044696390       1.0986380279064178
     656.2852568378920068       0.9915809473022819
     656.2854569713142610       1.0863312110304832
     656.2856571047365151       0.9644573889672756
     656.2858572381587692       0.9414360262453556
     656.2860573715811370       0.9945006947964430
     656.2862575050033911       1.0092023294419050
     656.2864576384256452       1.0212908294051886
     656.2866577718478993       0.9991938768071122
     656.2868579052702671       0.9675362966954708
     656.2870580386925212       0.9344753995537758
     656.2872581721147753       0.9866850972175598
     656.2874583055370294       1.0087560294196010
     656.2876584389592836       1.0460654422640800
     656.2878585723816514       1.0251693855971098
     656.2880587058039055       1.0273581184446812
     656.2882588392261596       1.0068129054270685
     656.2884589726484137       1.0035290890373290
     656.2886591060707815       1.0596321113407612
     656.2888592394930356       1.0052515431307256
     656.2890593729152897       1.0351677723228931
     656.2892595063375438       1.0302233751863241
     656.2894596397599116       0.9637555368244648
     656.2896597731821657       0.9334886446595192
     656.2898599066044198       0.9487049095332623
     656.2900600400266740       1.0385318659245968
     656.2902601734490418       1.0960056334733963
     656.2904603068712959       1.0321318618953228
     656.2906604402935500       0.9788991659879684
     656.2908605737158041       0.9914746573194861
     656.2910607071381719       0.9815990384668112
     656.2912608405604260       1.0200831200927496
     656.2914609739826801       0.9805835653096437
     656.2916611074049342       0.9360741749405861
     656.2918612408273020       1.1022586822509766
     656.2920613742495561       1.0134991826489568
     656.2922615076718103       0.9138609245419502
     656.2924616410940644       1.0654975399374962
     656.2926617745164322       1.0431282408535480
     656.2928619079386863       0.9532133452594280
     656.2930620413609404       0.9512035027146339
     656.2932621747831945       0.9982321383431554
     656.2934623082054486       0.9959527621977031
     656.2936624416278164       1.0779756829142570
     656.2938625750500705       1.0250594969838858
     656.2940627084723246       0.9752249158918858
     656.2942628418945787       1.0096019282937050
     656.2944629753169465       0.9770943243056536
     656.2946631087392007       0.9822586309164762
     656.2948632421614548       0.9809256363660097
     656.2950633755837089       1.1008096262812614
     656.2952635090060767       0.9597144834697247
     656.2954636424283308       0.9342099651694298
     656.2956637758505849       1.0739436820149422
     656.2958639092728390       0.9205244556069374
     656.2960640426952068       0.9301617220044136
     656.2962641761174609       1.0186352264136076
     656.2964643095397150       1.0511783026158810
     656.2966644429619691       1.0326285026967525
     656.2968645763843369       0.9588524624705315
     656.2970647098065911       1.0834546163678169
     656.2972648432288452       1.0170750729739666
     656.2974649766510993       1.0074512334540486
     656.2976651100734671       0.9836514759808779
     656.2978652434957212       1.0718503817915916
     656.2980653769179753       1.0614606142044067
     656.2982655103402294       0.8958474993705750
     656.2984656437624835       1.0205696858465672
     656.2986657771848513       0.9698953796178102
     656.2988659106071054       0.9742166362702847
     656.2990660440293595       1.0686181709170341
     656.2992661774516137       0.9478965997695923
     656.2994663108739815       0.9648872204124928
     656.2996664442962356       1.0201981961727142
     656.2998665777184897       1.0154072958976030
     656.3000667111407438       0.9894497925415635
     656.3002668445631116       0.9929585107602179
     656.3004669779853657       0.9562629200518131
     656.3006671114076198       1.0077704782597721
     656.3008672448298739       1.0204385723918676
     656.3010673782522417       0.9727880265563726
     656.3012675116744958       1.0650544464588165
     656.3014676450967499       1.0354672558605671
     656.3016677785190041       0.9332643970847130
     656.3018679119413719       1.0302739944308996
     656.3020680453636260       0.9754502028226852
     656.3022681787858801       1.0067802253179252
     656.3024683122081342       0.9741960633546114
     656.3026684456305020       0.8774629831314087
     656.3028685790527561       0.9759575854986906
     656.3030687124750102       1.0029593217186630
     656.3032688458972643       1.0158772971481085
     656.3034689793196321       0.8789324611425400
     656.3036691127418862       0.9071362242102623
     656.3038692461641403       0.9907882185652852
     656.3040693795863945       1.0221759807318449
     656.3042695130086486       1.0023917749058455
     656.3044696464310164       1.0657151490449905
     656.3046697798532705       1.0436700247228146
     656.3048699132755246       1.0284937024116516
     656.3050700466977787       1.0332869663834572
     656.3052701801201465       0.9609061963856220
     656.3054703135424006       0.9283303990960121
     656.3056704469646547       0.9922595582902431
     656.3058705803869088       0.9800954256206751
     656.3060707138092766       1.0480834655463696
     656.3062708472315308       1.0210758205503225
     656.3064709806537849       0.8997644260525703
     656.3066711140760390       0.9954466675408185
     656.3068712474984068       1.0506836250424385
     656.3070713809206609       0.8895476087927818
     656.3072715143429150       1.0488217659294605
     656.3074716477651691       1.0497902743518353
     656.3076717811875369       1.0372722260653973
     656.3078719146097910       1.0518027432262897
     656.3080720480320451       0.9867451936006546
     656.3082721814542992       1.0558660812675953
     656.3084723148766670       1.0704648494720459
     656.3086724482989212       0.9427287206053734
     656.3088725817211753       1.0953198373317719
     656.3090727151434294       1.0257112681865692
     656.3092728485656835       1.0235365722328424
     656.3094729819880513       0.9926816769875586
     656.3096731154103054       0.9958594692870975
     656.3098732488325595       0.9922228483483195
     656.3100733822548136       1.0728434324264526
     656.3102735156771814       1.0261639412492514
     656.3104736490994355       0.9131125286221504
     656.3106737825216896       0.8937411531805992
     656.3108739159439438       0.9526703245937824
     656.3110740493663116       0.9736181702464819
     656.3112741827885657       1.0817504525184631
     656.3114743162108198       0.9614471569657326
     656.3116744496330739       1.0844945237040520
     656.3118745830554417       0.9604589529335499
     656.3120747164776958       0.9903148915618658
     656.3122748498999499       0.9515893459320068
     656.3124749833222040       1.0459504686295986
     656.3126751167445718       1.0371365547180176
     656.3128752501668259       0.9877841314300895
     656.3130753835890800       1.0129467668011785
     656.3132755170113342       0.9879388762637973
     656.3134756504337020       0.9652847722172737
     656.3136757838559561       1.0583656020462513
     656.3138759172782102       1.0048012146726251
     656.3140760507004643       1.0387760475277901
     656.3142761841228321       1.0358497314155102
     656.3144763175450862       1.1061148047447205
     656.3146764509673403       0.9317633435130119
     656.3148765843895944       0.9632768556475639
     656.3150767178118485       0.7975221872329712
     656.3152768512342163       1.0196687225252390
     656.3154769846564704       0.9217273071408272
     656.3156771180787246       1.0258121192455292
     656.3158772515009787       0.9805290941148996
     656.3160773849233465       1.0194739308208227
     656.3162775183456006       1.0098125999793410
     656.3164776517678547       0.9837288651615381
     656.3166777851901088       1.0692975148558617
     656.3168779186124766       1.0402725376188755
     656.3170780520347307       1.0795177742838860
     656.3172781854569848       1.0626217648386955
     656.3174783188792389       1.0552604384720325
     656.3176784523016067       0.9803385827690363
     656.3178785857238609       0.9267655089497566
     656.3180787191461150       0.9370117112994194
     656.3182788525683691       1.0264287330210209
     656.3184789859907369       1.0335036106407642
     656.3186791194129910       1.0012877739500254
     656.3188792528352451       0.9559277594089507
     656.3190793862574992       0.9762488156557082
     656.3192795196798670       0.9512833356857298
     656.3194796531021211       0.9667516462504862
     656.3196797865243752       1.0210584010928865
     656.3198799199466293       0.9899826925247902
     656.3200800533688835       0.9877709755673996
     656.3202801867912513       1.0415630079805838
     656.3204803202135054       0.9704902190715055
     656.3206804536357595       0.9952225550077825
     656.3208805870580136       1.0046416330151215
     656.3210807204803814       1.0191592220216923
     656.3212808539026355       1.0213440582156081
     656.3214809873248896       1.0179524924605938
     656.3216811207471437       1.0240645017474672
     656.3218812541695115       1.0576262250542321
     656.3220813875917656       1.0029980191029138
     656.3222815210140197       1.0245987437664774
     656.3224816544362739       0.9168461039661358
     656.3226817878586417       1.0358994975684612
     656.3228819212808958       0.9901920566333200
     656.3230820547031499       0.9378443695601730
     656.3232821881254040       0.9973915258883719
     656.3234823215477718       0.9647877961390778
     656.3236824549700259       0.9878238895898810
     656.3238825883922800       0.9421252496527374
     656.3240827218145341       0.9740508850645061
     656.3242828552369019       1.0999110862585848
     656.3244829886591560       0.9593429453632735
     656.3246831220814101       1.0447247400825574
     656.3248832555036643       1.1056102141661075
     656.3250833889260321       0.9911994645263474
     656.3252835223482862       1.0288368202592975
     656.3254836557705403       0.9845380885311611
     656.3256837891927944       1.0501804649528581
     656.3258839226150485       1.0147841190497999
     656.3260840560374163       1.0146652506076799
     656.3262841894596704       1.0218539684193386
     656.3264843228819245       1.0138354626280957
     656.3266844563041786       1.0355627646961729
     656.3268845897265464       1.0157333740658263
     656.3270847231488005       1.0485621650509667
     656.3272848565710547       1.0608812529214109
     656.3274849899933088       1.0058408089875361
     656.3276851234156766       0.8857569314298511
     656.3278852568379307       0.9369511072279411
     656.3280853902601848       1.0447389245666123
     656.3282855236824389       0.9672710056613717
     656.3284856571048067       0.9993737647298312
     656.3286857905270608       0.9652531260634595
     656.3288859239493149       0.9727388982510109
     656.3290860573715690       1.0762108500366585
     656.3292861907939368       1.0315029758866163
     656.3294863242161910       0.9608829130317050
     656.3296864576384451       0.9914530288292398
     656.3298865910606992       0.9285492619207044
     656.3300867244830670       0.9837657669901622
     656.3302868579053211       0.9698929969884753
     656.3304869913275752       0.9844435550310320
     656.3306871247498293       0.9998107758172674
     656.3308872581721971       0.8285222132638541
     656.3310873915944512       1.0510309760947136
     656.3312875250167053       0.9882090316780057
     656.3314876584389594       1.0007127466828230
     656.3316877918612136       0.9377281907969661
     656.3318879252835814       1.0531942458214179
     656.3320880587058355       0.9790106711089618
     656.3322881921280896       0.9344285743445299
     656.3324883255503437       1.0197517477741962
     656.3326884589727115       0.9510717376883223
     656.3328885923949656       1.1031099807373028
     656.3330887258172197       1.0620828225397800
     656.3332888592394738       0.9027749507509960
     656.3334889926618416       0.9819780283007513
     656.3336891260840957       0.9907058981018149
     656.3338892595063498       1.0752169797514743
     656.3340893929286040       0.8764628202352701
     656.3342895263509718       0.8863979311820314
     656.3344896597732259       0.9657670072418768
     656.3346897931954800       1.0138758513992732
     656.3348899266177341       1.0121599541432396
     656.3350900600401019       0.9431685715981319
     656.3352901934623560       0.9659688763437611
     656.3354903268846101       1.0657236768931360
     656.3356904603068642       1.0298157525716505
     656.3358905937292320       1.0532425970501766
     656.3360907271514861       1.0027876659206596
     656.3362908605737402       0.9496715924485789
     656.3364909939959944       0.9994735777043404
     656.3366911274182485       1.0097569500987302
     656.3368912608406163       0.9939151695864785
     656.3370913942628704       1.0522111738070410
     656.3372915276851245       0.9976854327554214
     656.3374916611073786       1.0252086740105337
     656.3376917945297464       0.9521550977766955
     656.3378919279520005       0.9942714308074466
     656.3380920613742546       0.9061567114372568
     656.3382921947965087       0.9934796648798844
     656.3384923282188765       1.0900014571044196
     656.3386924616411306       1.0338616317443283
     656.3388925950633848       0.9939460452987295
     656.3390927284856389       0.9671121284855564
     656.3392928619080067       0.9058280046024515
     656.3394929953302608       0.9281619382405037
     656.3396931287525149       1.0117743585238936
     656.3398932621747690       1.0251726497379567
     656.3400933955971368       1.0420352255749243
     656.3402935290193909       1.0008172717230841
     656.3404936624416450       0.9301937128150614
     656.3406937958638991       0.9685017138925829
     656.3408939292862669       1.0603003690084636
     656.3410940627085211       0.9696273947978311
     656.3412941961307752       0.9821815075556395
     656.3414943295530293       1.0077295067492802
     656.3416944629753971       0.9359398103363532
     656.3418945963976512       1.0091376029384818
     656.3420947298199053       0.9554581896559612
     656.3422948632421594       1.0298795991978205
     656.3424949966644135       1.0333181426076248
     656.3426951300867813       0.9181451978421443
     656.3428952635090354       0.9671734882211838
     656.3430953969312895       0.9578730262172838
     656.3432955303535437       0.9796225954062705
     656.3434956637759115       0.9320363254424370
     656.3436957971981656       0.8910606346068214
     656.3438959306204197       0.9914681360328105
     656.3440960640426738       0.9618712588489809
     656.3442961974650416       0.9882576991753964
     656.3444963308872957       0.9356525994449060
     656.3446964643095498       1.0428551563335124
     656.3448965977318039       0.9488664020553569
     656.3450967311541717       0.9178820187196368
     656.3452968645764258       0.9582418926821915
     656.3454969979986799       0.9457438903009210
     656.3456971314209341       0.9455312969029193
     656.3458972648433019       0.8953671828967356
     656.3460973982655560       0.9292047053753711
     656.3462975316878101       0.9266358968825068
     656.3464976651100642       1.0429786685028506
     656.3466977985324320       0.9005946349760930
     656.3468979319546861       0.9463269211439804
     656.3470980653769402       0.9780182738721862
     656.3472981987991943       0.8536617326847923
     656.3474983322214484       0.9412332708484868
     656.3476984656438162       0.9752654553866604
     656.3478985990660703       0.9409577149549521
     656.3480987324883245       0.9118171595073927
     656.3482988659105786       1.0015264163443613
     656.3484989993329464       1.0157265086424854
     656.3486991327552005       0.8378525266498615
     656.3488992661774546       0.9179156876028483
     656.3490993995997087       0.8513240897949533
     656.3492995330220765       0.8552815896411804
     656.3494996664443306       0.8138970813389959
     656.3496997998665847       0.9107241908948513
     656.3498999332888388       0.8322550721541324
     656.3501000667112066       0.8641190073811278
     656.3503002001334607       0.9048867598979905
     656.3505003335557149       0.7493396970782119
     656.3507004669779690       0.8364032249812521
     656.3509006004003368       0.8418149972915879
     656.3511007338225909       0.8161479069508969
     656.3513008672448450       0.8065264027205087
     656.3515010006670991       0.8198370630855879
     656.3517011340894669       0.8740939957164888
     656.3519012675117210       0.7325132116488151
     656.3521014009339751       0.8945892928822252
     656.3523015343562292       0.7577794771353481
     656.3525016677785970       0.8271201099222578
     656.3527018012008512       0.7678344475596994
     656.3529019346231053       0.8386014182274188
     656.3531020680453594       0.8177501873585917
     656.3533022014676135       0.7911280084352641
     656.3535023348899813       0.8113046025550754
     656.3537024683122354       0.8343966313475319
     656.3539026017344895       0.8160205567127752
     656.3541027351567436       0.8108708109798092
     656.3543028685791114       0.8031343155712256
     656.3545030020013655       0.7295232912379344
     656.3547031354236196       0.8448529882230031
     656.3549032688458738       0.8143376028863772
     656.3551034022682416       0.8576764534747110
     656.3553035356904957       0.8297908272932222
     656.3555036691127498       0.7449750498241754
     656.3557038025350039       0.8970494765033279
     656.3559039359573717       0.9066402543489379
     656.3561040693796258       0.8716148754065314
     656.3563042028018799       0.7767762888696950
     656.3565043362241340       0.8909175005750151
     656.3567044696465018       0.8570204048284875
     656.3569046030687559       0.8301170052172353
     656.3571047364910100       0.8777695938111091
     656.3573048699132642       0.9174432241717446
     656.3575050033356320       0.8508768989195561
     656.3577051367578861       0.9938795422124903
     656.3579052701801402       0.9962766888060132
     656.3581054036023943       0.8734494779905217
     656.3583055370246484       0.8800031166253361
     656.3585056704470162       1.0201337519285842
     656.3587058038692703       1.0459660185914506
     656.3589059372915244       0.9801077522852900
     656.3591060707137785       0.9389586021901073
     656.3593062041361463       0.9123447446273869
     656.3595063375584004       0.9877879227119634
     656.3597064709806546       0.9625193311087825
     656.3599066044029087       0.9167755884135192
     656.3601067378252765       0.9326096895829024
     656.3603068712475306       1.0302462903953673
     656.3605070046697847       0.9702701208816135
     656.3607071380920388       1.0202795775016846
     656.3609072715144066       0.9911729701298068
     656.3611074049366607       1.0350715250666007
     656.3613075383589148       0.9985959103244078
     656.3615076717811689       0.9201205975778595
     656.3617078052035367       0.9696281858413102
     656.3619079386257908       0.9630041039638488
     656.3621080720480450       1.0084083429702326
     656.3623082054702991       0.9057561456598408
     656.3625083388926669       0.9571333518832249
     656.3627084723149210       1.0647063769560723
     656.3629086057371751       0.9987746061155433
     656.3631087391594292       1.0307565258836666
     656.3633088725817970       1.0451626079745047
     656.3635090060040511       0.9330705408731750
     656.3637091394263052       1.0138136756086609
     656.3639092728485593       0.9890807844905078
     656.3641094062708135       1.0115149608409699
     656.3643095396931813       1.0716541805866773
     656.3645096731154354       0.9923621382674737
     656.3647098065376895       1.0652489334684994
     656.3649099399599436       1.0069409668000655
     656.3651100733823114       0.9890670753139356
     656.3653102068045655       0.9611237102794694
     656.3655103402268196       0.9913449146645362
     656.3657104736490737       0.9868853791840907
     656.3659106070714415       0.9187308109795339
     656.3661107404936956       1.0469980503494090
     656.3663108739159497       0.9898170449614051
     656.3665110073382039       1.0067571710533576
     656.3667111407605717       0.9420612624190319
     656.3669112741828258       0.9968874089847350
     656.3671114076050799       1.0308538149902815
     656.3673115410273340       0.9664570139516389
     656.3675116744497018       1.0117407694416820
     656.3677118078719559       0.9780205546544002
     656.3679119412942100       0.9944899352516610
     656.3681120747164641       0.9203745867798470
     656.3683122081388319       0.9638917929371579
     656.3685123415610860       0.9615327802019434
     656.3687124749833401       1.0325207243748231
     656.3689126084055943       1.0081928238128315
     656.3691127418278484       0.8996404599182399
     656.3693128752502162       1.1205654308333222
     656.3695130086724703       1.1108323165631804
     656.3697131420947244       1.0128685387997707
     656.3699132755169785       1.0395931705623731
     656.3701134089393463       0.9777877086997766
     656.3703135423616004       1.0310290178293369
     656.3705136757838545       1.0488882500604608
     656.3707138092061086       1.0062709084723420
     656.3709139426284764       0.9200107159462942
     656.3711140760507305       1.0937837851995345
     656.3713142094729847       0.9974170462598740
     656.3715143428952388       1.0172711289545413
     656.3717144763176066       0.9326019488319536
     656.3719146097398607       1.0029642424446257
     656.3721147431621148       1.0342678167148589
     656.3723148765843689       0.9437693057359849
     656.3725150100067367       1.0371923761894841
     656.3727151434289908       0.9913770394151320
     656.3729152768512449       1.0469701399002391
     656.3731154102734990       1.0482449781382241
     656.3733155436958668       1.0294733437589296
     656.3735156771181209       1.0634438063892540
     656.3737158105403751       1.0894782065778861
     656.3739159439626292       1.0086898882052828
     656.3741160773849970       0.9993103472395709
     656.3743162108072511       0.9314936513160257
     656.3745163442295052       0.9874708906104220
     656.3747164776517593       1.0652433108447585
     656.3749166110740134       1.0482692153584445
     656.3751167444963812       1.0362014736145597
     656.3753168779186353       1.0524481415161229
     656.3755170113408894       1.0392527247963252
     656.3757171447631436       0.9251747245383943
     656.3759172781855113       1.0400125414216785
     656.3761174116077655       1.0051139862670588
     656.3763175450300196       1.0370110637699108
     656.3765176784522737       1.0193308036572115
     656.3767178118746415       1.0130099573345612
     656.3769179452968956       1.0270516947095341
     656.3771180787191497       0.9525133134249272
     656.3773182121414038       1.0029450067579728
     656.3775183455637716       1.0151647573469447
     656.3777184789860257       1.0469119841470103
     656.3779186124082798       0.9495263803573085
     656.3781187458305340       0.9684188847384912
     656.3783188792529018       1.0243450363900277
     656.3785190126751559       1.0205563957242849
     656.3787191460974100       1.0748824997659470
     656.3789192795196641       0.9653105585991535
     656.3791194129420319       0.9603123254516740
     656.3793195463642860       1.0143109531673753
     656.3795196797865401       1.0255059450579278
     656.3797198132087942       0.9610585979913725
     656.3799199466311620       0.9895540373255035
     656.3801200800534161       1.0611985102193122
     656.3803202134756702       0.8736918419526810
     656.3805203468979244       0.9983141686483168
     656.3807204803201785       0.9964174448942000
     656.3809206137425463       0.9937806539212102
     656.3811207471648004       1.0424561277014104
     656.3813208805870545       0.9603659547852952
     656.3815210140093086       1.0027904387089133
     656.3817211474316764       1.0111293131479551
     656.3819212808539305       1.0822218284006704
     656.3821214142761846       0.9424813278016533
     656.3823215476984387       0.9625997021792321
     656.3825216811208065       0.9428499080239351
     656.3827218145430606       0.9894942939280519
     656.3829219479653148       0.9133009761571237
     656.3831220813875689       1.0106945037841353
     656.3833222148099367       1.0569014661013778
     656.3835223482321908       0.9427673257887158
     656.3837224816544449       1.0408691242337089
     656.3839226150766990       1.0585034303367045
     656.3841227484990668       1.1102226376533446
     656.3843228819213209       1.0386678166687444
     656.3845230153435750       1.1059708222746820
     656.3847231487658291       0.9256841018795948
     656.3849232821881969       0.9964141866657870
     656.3851234156104510       1.0027478074189267
     656.3853235490327052       1.0334894582629199
     656.3855236824549593       0.9825574979186055
     656.3857238158772134       0.9288333728909490
     656.3859239492995812       0.9794316627085208
     656.3861240827218353       0.9699678122997283
     656.3863242161440894       1.0118310377001762
     656.3865243495663435       1.0103036602959037
     656.3867244829887113       0.9796910770237446
     656.3869246164109654       1.0620188601315022
     656.3871247498332195       0.9955674116499722
     656.3873248832554737       1.0367721430957317
     656.3875250166778414       0.9366828575730324
     656.3877251501000956       1.0052613667212427
     656.3879252835223497       1.0000583291002840
     656.3881254169446038       0.9387817382812500
     656.3883255503669716       0.9698778335005045
     656.3885256837892257       1.0123508963733912
     656.3887258172114798       0.9473823942244053
     656.3889259506337339       1.0460686571896076
     656.3891260840561017       0.9346481338143349
     656.3893262174783558       1.0481682270765305
     656.3895263509006099       1.0353717319667339
     656.3897264843228641       0.9188651219010353
     656.3899266177452319       1.0404333733022213
     656.3901267511674860       0.9926559724844992
     656.3903268845897401       1.0659894421696663
     656.3905270180119942       1.0523181743919849
     656.3907271514343620       1.0230228882282972
     656.3909272848566161       1.0053281169384718
     656.3911274182788702       1.0052083618938923
     656.3913275517011243       1.0088255889713764
     656.3915276851233784       0.9994181681540795
     656.3917278185457462       1.0213998910039663
     656.3919279519680003       1.0043975478038192
     656.3921280853902545       0.9664844423532486
     656.3923282188125086       0.9605319686233997
     656.3925283522348764       1.0274500679224730
     656.3927284856571305       1.0805003121495247
     656.3929286190793846       1.0604857690632343
     656.3931287525016387       1.0473018921911716
     656.3933288859240065       1.0323491543531418
     656.3935290193462606       1.0265927072614431
     656.3937291527685147       0.9693960547447205
     656.3939292861907688       0.9252772778272629
     656.3941294196131366       0.9416906274855137
     656.3943295530353907       1.0660286471247673
     656.3945296864576449       1.0463658683001995
     656.3947298198798990       0.9473588056862354
     656.3949299533022668       0.9442519433796406
     656.3951300867245209       1.0297528393566608
     656.3953302201467750       1.0214406438171864
     656.3955303535690291       0.9142191931605339
     656.3957304869913969       0.9089571163058281
     656.3959306204136510       0.9803022053092718
     656.3961307538359051       0.9886676631867886
     656.3963308872581592       1.0242290794849396
     656.3965310206804133       0.9949911553412676
     656.3967311541027811       0.9013010635972023
     656.3969312875250353       0.9415618814527988
     656.3971314209472894       0.9119027927517891
     656.3973315543695435       1.0538803450763226
     656.3975316877919113       1.0281698293983936
     656.3977318212141654       0.9441819973289967
     656.3979319546364195       0.9257357344031334
     656.3981320880586736       0.9869229914620519
     656.3983322214810414       1.0068298219703138
     656.3985323549032955       1.0366019830107689
     656.3987324883255496       0.9407039210200310
     656.3989326217478038       0.9514052607119083
     656.3991327551701715       1.0127516789361835
     656.3993328885924257       0.9898833716288209
     656.3995330220146798       0.9886761987581849
     656.3997331554369339       1.0266949832439423
     656.3999332888593017       0.9395504407584667
     656.4001334222815558       1.0337388031184673
     656.4003335557038099       0.9246901348233223
     656.4005336891260640       1.0469977669417858
     656.4007338225484318       1.0292068328708410
     656.4009339559706859       0.9345378503203392
     656.4011340893929400       1.0038151878397912
     656.4013342228151942       1.0154772251844406
     656.4015343562375620       1.0223684478551149
     656.4017344896598161       0.9148237183690071
     656.4019346230820702       0.9796193186193705
     656.4021347565043243       0.9513949565589428
     656.4023348899265784       0.9942913916893303
     656.4025350233489462       0.9519895575940609
     656.4027351567712003       1.0506367199122906
     656.4029352901934544       1.0007891192217357
     656.4031354236157085       0.9769230447709560
     656.4033355570380763       1.0447599887847900
     656.4035356904603304       0.8986957147717476
     656.4037358238825846       1.0512413643300533
     656.4039359573048387       0.9092259183526039
     656.4041360907272065       1.0390395261347294
     656.4043362241494606       0.9996519648993853
     656.4045363575717147       0.9265310466289520
     656.4047364909939688       0.9602500349283218
     656.4049366244163366       1.0280631780624390
     656.4051367578385907       0.9867962002754211
     656.4053368912608448       1.0952631384134293
     656.4055370246830989       0.9366451874375343
     656.4057371581054667       0.9418484494090080
     656.4059372915277208       1.0486589260399342
     656.4061374249499750       1.0561948604881763
     656.4063375583722291       0.8921814784407616
     656.4065376917945969       1.0269385967403650
     656.4067378252168510       1.0122625725343823
     656.4069379586391051       1.0430811420083046
     656.4071380920613592       0.9821508824825287
     656.4073382254836133       1.0071427905932069
     656.4075383589059811       0.9775664936751127
     656.4077384923282352       1.0427048169076443
     656.4079386257504893       1.0447774566709995
     656.4081387591727434       1.1172210127115250
     656.4083388925951112       0.9102697148919106
     656.4085390260173654       0.9126337841153145
     656.4087391594396195       1.0870876312255859
     656.4089392928618736       0.9999792171329318
     656.4091394262842414       0.9698283839970827
     656.4093395597064955       1.0713782310485840
     656.4095396931287496       1.0366415493190289
     656.4097398265510037       1.0330039076507092
     656.4099399599733715       0.9823565054684877
     656.4101400933956256       1.1237269639968872
     656.4103402268178797       1.0642379447817802
     656.4105403602401339       0.9713487271219492
     656.4107404936625016       1.0499022118747234
     656.4109406270847558       1.0240541156381369
     656.4111407605070099       0.9559536091983318
     656.4113408939292640       1.0694566965103149
     656.4115410273516318       1.0756551548838615
     656.4117411607738859       0.9662551619112492
     656.4119412941961400       1.0441960655152798
     656.4121414276183941       1.0114659033715725
     656.4123415610407619       0.9900765996426344
     656.4125416944630160       0.9783406965434551
     656.4127418278852701       1.0292010735720396
     656.4129419613075243       0.9432748891413212
     656.4131420947297784       1.0306543447077274
     656.4133422281521462       1.0059555168263614
     656.4135423615744003       0.8375440835952759
     656.4137424949966544       1.0043531465344131
     656.4139426284189085       0.9519084580242634
     656.4141427618412763       0.9185870885848999
     656.4143428952635304       0.9277597144246101
     656.4145430286857845       0.9411161467432976
     656.4147431621080386       0.9464966543018818
     656.4149432955304064       0.9610916525125504
     656.4151434289526605       1.0808930173516273
     656.4153435623749147       1.0373107306659222
     656.4155436957971688       1.0776527822017670
     656.4157438292195366       0.9948654887266457
     656.4159439626417907       0.9226776659488678
     656.4161440960640448       1.0145601136609912
     656.4163442294862989       0.9664288200438023
     656.4165443629086667       1.0190481431782246
     656.4167444963309208       0.9673823267221451
     656.4169446297531749       0.9791388995945454
     656.4171447631754290       1.0205878559499979
     656.4173448965977968       0.9869179483503103
     656.4175450300200509       1.0144670177251101
     656.4177451634423051       0.9588320553302765
     656.4179452968645592       0.9132883250713348
     656.4181454302869270       1.1094300895929337
     656.4183455637091811       1.0507412739098072
     656.4185456971314352       0.9171129092574120
     656.4187458305536893       0.8499615341424942
     656.4189459639759434       0.9442865885794163
     656.4191460973983112       0.9539511464536190
     656.4193462308205653       0.9708452764898539
     656.4195463642428194       1.0246186163276434
     656.4197464976650735       1.0657732412219048
     656.4199466310874413       1.0331678837537766
     656.4201467645096955       0.9946118975058198
     656.4203468979319496       0.9035175070166588
     656.4205470313542037       1.0242219436913729
     656.4207471647765715       0.9816702399402857
     656.4209472981988256       0.9670862071216106
     656.4211474316210797       1.0148836402222514
     656.4213475650433338       1.0293506570160389
     656.4215476984657016       0.9813994057476521
     656.4217478318879557       1.0478687398135662
     656.4219479653102098       0.9889013003557920
     656.4221480987324640       0.9564894214272499
     656.4223482321548317       0.9253536164760590
     656.4225483655770859       1.0086209950968623
     656.4227484989993400       1.0509940385818481
     656.4229486324215941       0.9632302112877369
     656.4231487658439619       0.9752079881727695
     656.4233488992662160       0.9144143536686897
     656.4235490326884701       0.9724373873323202
     656.4237491661107242       1.0513807833194733
     656.4239492995329783       0.9938198295421898
     656.4241494329553461       0.9641910679638386
     656.4243495663776002       0.9416223652660847
     656.4245496997998544       1.0508723743259907
     656.4247498332221085       1.0195117592811584
     656.4249499666444763       0.9939802344888449
     656.4251501000667304       0.9385828077793121
     656.4253502334889845       0.9597146511077881
     656.4255503669112386       0.9844439104199409
     656.4257505003336064       1.0237257834523916
     656.4259506337558605       0.9789471812546253
     656.4261507671781146       0.9607572555541992
     656.4263509006003687       0.9958661454729736
     656.4265510340227365       0.9873865628615022
     656.4267511674449906       0.9940699548460543
     656.4269513008672448       1.0332491956651211
     656.4271514342894989       0.9545389823615551
     656.4273515677118667       0.9119313284754753
     656.4275517011341208       1.0359504930675030
     656.4277518345563749       1.0244007203727961
     656.4279519679786290       1.0545931756496429
     656.4281521014009968       0.9104975983500481
     656.4283522348232509       1.0366854518651962
     656.4285523682455050       0.9577891789376736
     656.4287525016677591       0.9697586409747601
     656.4289526350901269       1.0451199337840080
     656.4291527685123810       0.9904647665098310
     656.4293529019346352       1.0051621245220304
     656.4295530353568893       0.9086355343461037
     656.4297531687791434       0.9866452123969793
     656.4299533022015112       1.0912396535277367
     656.4301534356237653       1.0559732876718044
     656.4303535690460194       0.9902158770710230
     656.4305537024682735       1.0041412590071559
     656.4307538358906413       1.0092060239985585
     656.4309539693128954       1.1146418675780296
     656.4311541027351495       0.8987644314765930
     656.4313542361574036       1.0647330507636070
     656.4315543695797714       0.9276367500424385
     656.4317545030020256       1.0049214935861528
     656.4319546364242797       0.9943041731603444
     656.4321547698465338       1.0153372650966048
     656.4323549032689016       1.0572527348995209
     656.4325550366911557       0.9520492069423199
     656.4327551701134098       1.0270248688757420
     656.4329553035356639       0.9305960312485695
     656.4331554369580317       1.0390984266996384
     656.4333555703802858       1.0735589414834976
     656.4335557038025399       1.0190317444503307
     656.4337558372247940       0.9286509975790977
     656.4339559706471618       1.0394308008253574
     656.4341561040694160       0.8729947358369827
     656.4343562374916701       0.9997528355161194
     656.4345563709139242       1.0680721923708916
     656.4347565043361783       0.9515740610659122
     656.4349566377585461       0.9752210844308138
     656.4351567711808002       1.0478411018848419
     656.4353569046030543       0.9414098970592022
     656.4355570380253084       0.9965133774094284
     656.4357571714476762       1.0870275720953941
     656.4359573048699303       1.0255560074001551
     656.4361574382921845       1.0169162508100271
     656.4363575717144386       1.0142286214977503
     656.4365577051368064       1.0077582108788192
     656.4367578385590605       0.9981628941604868
     656.4369579719813146       0.9394520334899426
     656.4371581054035687       1.0545332394540310
     656.4373582388259365       0.9979346557520330
     656.4375583722481906       0.9285667240619659
     656.4377585056704447       0.9484881646931171
     656.4379586390926988       0.9025693610310555
     656.4381587725150666       1.0336506627500057
     656.4383589059373207       1.0255222376435995
     656.4385590393595749       0.9719194937497377
     656.4387591727818290       0.8965908288955688
     656.4389593062041968       1.0176235027611256
     656.4391594396264509       1.0513047687709332
     656.4393595730487050       0.9525602348148823
     656.4395597064709591       0.9278470277786255
     656.4397598398933269       1.0073921615257859
     656.4399599733155810       1.0714450702071190
     656.4401601067378351       0.9626506716012955
     656.4403602401600892       1.0298990663141012
     656.4405603735823433       1.0057667293585837
     656.4407605070047111       1.0186597723513842
     656.4409606404269653       1.0425428971648216
     656.4411607738492194       1.0298283379524946
     656.4413609072714735       1.0228526741266251
     656.4415610406938413       0.9917047200724483
     656.4417611741160954       1.0264617111533880
     656.4419613075383495       1.0454090088605881
     656.4421614409606036       1.0036285265814513
     656.4423615743829714       1.0197098553180695
     656.4425617078052255       0.8869969621300697
     656.4427618412274796       0.9491461403667927
     656.4429619746497337       1.0482685118913651
     656.4431621080721015       1.0624074414372444
     656.4433622414943557       1.0540142469108105
     656.4435623749166098       0.9084200039505959
     656.4437625083388639       0.9615562148392200
     656.4439626417612317       1.0396926961839199
     656.4441627751834858       0.9703416191041470
     656.4443629086057399       1.0367887578904629
     656.4445630420279940       0.9127146303653717
     656.4447631754503618       0.9822211731225252
     656.4449633088726159       1.0316328220069408
     656.4451634422948700       1.0392720960080624
     656.4453635757171241       0.8910757526755333
     656.4455637091393783       0.9677923545241356
     656.4457638425617461       1.0478831380605698
     656.4459639759840002       1.0587146058678627
     656.4461641094062543       0.9475505352020264
     656.4463642428285084       0.9457157067954540
     656.4465643762508762       0.9589540250599384
     656.4467645096731303       0.9606991596519947
     656.4469646430953844       0.9941878411918879
     656.4471647765176385       0.9463637359440327
     656.4473649099400063       1.0278901066631079
     656.4475650433622604       1.0702784135937691
     656.4477651767845146       1.0718243345618248
     656.4479653102067687       1.0309351719915867
     656.4481654436291365       0.9607408866286278
     656.4483655770513906       1.0010283848969266
     656.4485657104736447       0.8842464461922646
     656.4487658438958988       0.9710437320172787
     656.4489659773182666       0.9757978357374668
     656.4491661107405207       1.0706369057297707
     656.4493662441627748       1.0100621897727251
     656.4495663775850289       0.9575821347534657
     656.4497665110073967       0.9303396716713905
     656.4499666444296508       1.0674701854586601
     656.4501667778519050       0.9976697014644742
     656.4503669112741591       1.0107239009812474
     656.4505670446965269       1.0534271113574505
     656.4507671781187810       0.9423131868243217
     656.4509673115410351       1.0674342736601830
     656.4511674449632892       1.0046340022236109
     656.4513675783855433       1.0102146016433835
     656.4515677118079111       1.0303949918597937
     656.4517678452301652       1.0850887969136238
     656.4519679786524193       0.9789054952561855
     656.4521681120746734       0.9804519284516573
     656.4523682454970412       0.9825821034610271
     656.4525683789192954       1.0465013645589352
     656.4527685123415495       0.9579781256616116
     656.4529686457638036       1.0058720544911921
     656.4531687791861714       0.9341081455349922
     656.4533689126084255       1.1031819581985474
     656.4535690460306796       0.9437134973704815
     656.4537691794529337       0.9611517675220966
     656.4539693128753015       1.0852952077984810
     656.4541694462975556       0.9936885614879429
     656.4543695797198097       0.9286434277892113
     656.4545697131420638       1.0676753148436546
     656.4547698465644316       0.9821278676390648
     656.4549699799866858       0.9487470313906670
     656.4551701134089399       0.9978348964359611
     656.4553702468311940       1.0014195360708982
     656.4555703802535618       0.8906153663992882
     656.4557705136758159       0.9216349646449089
     656.4559706470980700       0.9544202201068401
     656.4561707805203241       1.0529469028115273
     656.4563709139425782       1.0550754182040691
     656.4565710473649460       1.0036196985747665
     656.4567711807872001       1.0563329271972179
     656.4569713142094542       0.9834962580353022
     656.4571714476317084       0.9961136046331376
     656.4573715810540762       0.9780517648905516
     656.4575717144763303       1.0196838956326246
     656.4577718478985844       1.0200417079031467
     656.4579719813208385       1.0214012917131186
     656.4581721147432063       1.0435797907412052
     656.4583722481654604       0.9806805718690157
     656.4585723815877145       1.0396155491471291
     656.4587725150099686       1.0087963603436947
     656.4589726484323364       1.0169125311076641
     656.4591727818545905       0.8720835447311401
     656.4593729152768447       0.9511064477264881
     656.4595730486990988       1.0140001326799393
     656.4597731821214666       0.9970795579720289
     656.4599733155437207       0.9528907872736454
     656.4601734489659748       0.9237746819853783
     656.4603735823882289       0.9614825658500195
     656.4605737158105967       1.0108306277543306
     656.4607738492328508       1.0538058578968048
     656.4609739826551049       1.0850291922688484
     656.4611741160773590       1.0916699394583702
     656.4613742494997268       1.0190480109304190
     656.4615743829219809       0.9302264899015427
     656.4617745163442351       1.0457213446497917
     656.4619746497664892       0.9907546564936638
     656.4621747831887433       0.9989549014717340
     656.4623749166111111       0.9704722762107849
     656.4625750500333652       0.9739266652613878
     656.4627751834556193       1.0425030961632729
     656.4629753168778734       1.0096775535494089
     656.4631754503002412       0.9540100730955601
     656.4633755837224953       0.8677889853715897
     656.4635757171447494       0.9885914111509919
     656.4637758505670035       1.0269439201802015
     656.4639759839893713       1.0196902509778738
     656.4641761174116255       0.9318584054708481
     656.4643762508338796       0.8952228650450706
     656.4645763842561337       1.0282013267278671
     656.4647765176785015       1.0807417407631874
     656.4649766511007556       0.9915059031918645
     656.4651767845230097       0.9199140369892120
     656.4653769179452638       0.9505397081375122
     656.4655770513676316       0.9731898121535778
     656.4657771847898857       0.9585229940712452
     656.4659773182121398       1.0399883054196835
     656.4661774516343939       1.0368525199592113
     656.4663775850567617       1.0737669691443443
     656.4665777184790159       1.0508577935397625
     656.4667778519012700       1.0210840646177530
     656.4669779853235241       0.9971631614025682
     656.4671781187458919       1.0396909639239311
     656.4673782521681460       1.0890581160783768
     656.4675783855904001       1.0436059497296810
     656.4677785190126542       1.0650972947478294
     656.4679786524349083       1.1019639000296593
     656.4681787858572761       0.9808498024940491
     656.4683789192795302       1.0781106799840927
     656.4685790527017843       1.0112693207338452
     656.4687791861240385       0.9558029621839523
     656.4689793195464063       1.0122016221284866
     656.4691794529686604       0.9638994149863720
     656.4693795863909145       0.9421666860580444
     656.4695797198131686       0.9649874567985535
     656.4697798532355364       1.0678112432360649
     656.4699799866577905       1.0489945635199547
     656.4701801200800446       0.9788834955543280
     656.4703802535022987       1.0087181869894266
     656.4705803869246665       1.0018521057209000
     656.4707805203469206       0.9723041355609894
     656.4709806537691748       1.0498724281787872
     656.4711807871914289       0.9858745941892266
     656.4713809206137967       1.0278553999960423
     656.4715810540360508       0.9919880041852593
     656.4717811874583049       0.9688199516385794
     656.4719813208805590       1.0359740406274796
     656.4721814543029268       1.0169627796858549
     656.4723815877251809       0.9752470664680004
     656.4725817211474350       1.0387375615537167
     656.4727818545696891       1.0090942187234759
     656.4729819879919432       0.9877736652269959
     656.4731821214143110       1.1056724935770035
     656.4733822548365652       0.9249473512172699
     656.4735823882588193       1.0105616478249431
     656.4737825216810734       0.9054737985134125
     656.4739826551034412       0.9522056952118874
     656.4741827885256953       1.0042737489566207
     656.4743829219479494       1.0076386490836740
     656.4745830553702035       1.0654140785336494
     656.4747831887925713       0.9990843110717833
     656.4749833222148254       0.9935023025609553
     656.4751834556370795       1.0248759519308805
     656.4753835890593336       0.9387358017265797
     656.4755837224817014       1.0471080280840397
     656.4757838559039556       1.0557808652520180
     656.4759839893262097       1.0315267629921436
     656.4761841227484638       1.0431576631963253
     656.4763842561708316       0.9076153934001923
     656.4765843895930857       0.9945080676116049
     656.4767845230153398       1.0075718858279288
     656.4769846564375939       1.0131728500127792
     656.4771847898599617       0.9675993174314499
     656.4773849232822158       0.9685365036129951
     656.4775850567044699       1.0176757220178843
     656.4777851901267240       1.0522539392113686
     656.4779853235490918       1.0496382974088192
     656.4781854569713460       1.0169846992939711
     656.4783855903936001       1.0198129024356604
     656.4785857238158542       1.0044199968688190
     656.4787858572381083       1.0043186289258301
     656.4789859906604761       0.9763112720102072
     656.4791861240827302       1.0059484718367457
     656.4793862575049843       0.9848164627328515
     656.4795863909272384       0.9400490410625935
     656.4797865243496062       0.9796919785439968
     656.4799866577718603       0.9004714190959930
     656.4801867911941144       1.0056440071202815
     656.4803869246163686       0.9871760234236717
     656.4805870580387364       0.8654595315456390
     656.4807871914609905       0.9990206990623847
     656.4809873248832446       1.0275697112083435
     656.4811874583054987       0.9973155739717185
     656.4813875917278665       0.9916566861793399
     656.4815877251501206       1.0110910274088383
     656.4817878585723747       0.9696356765925884
     656.4819879919946288       1.0822110474109650
     656.4821881254169966       0.9586066938936710
     656.4823882588392507       0.9571384079754353
     656.4825883922615049       0.9346745461225510
     656.4827885256837590       0.9408562108874321
     656.4829886591061268       0.9623903334140778
     656.4831887925283809       0.9333913251757622
     656.4833889259506350       0.9652132242918015
     656.4835890593728891       0.9201942533254623
     656.4837891927951432       1.0092502301558852
     656.4839893262175110       0.9141830950975418
     656.4841894596397651       1.0155444936826825
     656.4843895930620192       0.9687599409371614
     656.4845897264842733       0.9685966670513153
     656.4847898599066411       1.0820503905415535
     656.4849899933288953       1.0218439456075430
     656.4851901267511494       1.0378985367715359
     656.4853902601734035       1.0640047714114189
     656.4855903935957713       0.9830911047756672
     656.4857905270180254       1.0714912489056587
     656.4859906604402795       1.0093216244131327
     656.4861907938625336       0.9821169506758451
     656.4863909272849014       1.0675261244177818
     656.4865910607071555       0.9858072893694043
     656.4867911941294096       1.0008330804412253
     656.4869913275516637       0.9740372356027365
     656.4871914609740315       1.0129742166027427
     656.4873915943962857       1.0302212387323380
     656.4875917278185398       1.1321631520986557
     656.4877918612407939       1.1084953919053078
     656.4879919946631617       1.0194939300417900
     656.4881921280854158       0.9233086481690407
     656.4883922615076699       1.0117075918242335
     656.4885923949299240       1.1007331982254982
     656.4887925283522918       1.0044124489650130
     656.4889926617745459       1.0572444461286068
     656.4891927951968000       0.9598832540214062
     656.4893929286190541       0.9783147070556879
     656.4895930620413083       0.9811881147325039
     656.4897931954636761       1.0720999911427498
     656.4899933288859302       0.9375862777233124
     656.4901934623081843       1.0327911861240864
     656.4903935957304384       1.0193111672997475
     656.4905937291528062       0.9996353760652710
     656.4907938625750603       0.9839977025985718
     656.4909939959973144       1.0271615423262119
     656.4911941294195685       1.0234965737909079
     656.4913942628419363       1.0318836905062199
     656.4915943962641904       0.9804881624877453
     656.4917945296864445       0.9445256926119328
     656.4919946631086987       1.0243927892297506
     656.4921947965310665       1.0502849034965038
     656.4923949299533206       1.0311142690479755
     656.4925950633755747       1.0324243046343327
     656.4927951967978288       1.1067768335342407
     656.4929953302201966       1.0306506492197514
     656.4931954636424507       1.0190667435526848
     656.4933955970647048       1.0357307419180870
     656.4935957304869589       1.0208760872483253
     656.4937958639093267       1.0257916841655970
     656.4939959973315808       0.9610967077314854
     656.4941961307538350       0.9901355253532529
     656.4943962641760891       1.0931374356150627
     656.4945963975983432       1.0115856612101197
     656.4947965310207110       0.9928884953260422
     656.4949966644429651       0.9928647093474865
     656.4951967978652192       1.0714709684252739
     656.4953969312874733       1.0089178206399083
     656.4955970647098411       0.9726331923156977
     656.4957971981320952       0.9582781977951527
     656.4959973315543493       0.9832739047706127
     656.4961974649766034       0.9907567817717791
     656.4963975983989712       1.0701688528060913
     656.4965977318212254       1.0420976392924786
     656.4967978652434795       0.9871837776154280
     656.4969979986657336       1.0134139182046056
     656.4971981320881014       0.9419145286083221
     656.4973982655103555       1.0672336965799332
     656.4975983989326096       0.9607203118503094
     656.4977985323548637       0.9552749544382095
     656.4979986657772315       1.0038956899661571
     656.4981987991994856       0.9739670325070620
     656.4983989326217397       1.0157116986811161
     656.4985990660439938       1.0794213339686394
     656.4987991994663616       0.9796327259391546
     656.4989993328886158       1.0103456582874060
     656.4991994663108699       0.9791234545409679
     656.4993995997331240       1.0775885581970215
     656.4995997331554918       0.9715926796197891
     656.4997998665777459       0.9151815176010132
     656.5000000000000000       1.0522811822593212
