     656.2000000000000455       0.9346929192543030
     656.2002001334222996       0.9634794183075428
     656.2004002668445537       0.9699452184140682
     656.2006004002669215       1.0523422025144100
     656.2008005336891756       0.9503037370741367
     656.2010006671114297       0.9825008381158113
     656.2012008005336838       1.0648135170340538
     656.2014009339560516       1.0048052864149213
     656.2016010673783057       0.9313575774431229
     656.2018012008005599       0.8802145719528198
     656.2020013342228140       0.9675798825919628
     656.2022014676451818       0.9635690338909626
     656.2024016010674359       1.0644793063402176
     656.2026017344896900       0.9515239484608173
     656.2028018679119441       1.0281073953956366
     656.2030020013343119       0.9649748541414738
     656.2032021347565660       0.9353753477334976
     656.2034022681788201       1.0872653722763062
     656.2036024016010742       1.0075032482855022
     656.2038025350234420       1.0305810123682022
     656.2040026684456961       1.0331787280738354
     656.2042028018679503       1.0588802099227905
     656.2044029352902044       1.0042830253951252
     656.2046030687125722       0.9933850169181824
     656.2048032021348263       0.9603266939520836
     656.2050033355570804       0.9998405911028385
     656.2052034689793345       1.0281242765486240
     656.2054036024017023       1.0356204435229301
     656.2056037358239564       1.0442579798400402
     656.2058038692462105       0.9697300251573324
     656.2060040026684646       0.9950009905733168
     656.2062041360907187       0.9212770164012909
     656.2064042695130865       1.0603280067443848
     656.2066044029353407       1.0050689759664237
     656.2068045363575948       0.8984675481915474
     656.2070046697798489       1.0315922759473324
     656.2072048032022167       0.9980587881291285
     656.2074049366244708       0.9828936252743006
     656.2076050700467249       1.0111805330961943
     656.2078052034689790       0.9256399795413017
     656.2080053368913468       1.0612825229763985
     656.2082054703136009       0.9641696251928806
     656.2084056037358550       1.0638040453195572
     656.2086057371581092       1.0058569344691932
     656.2088058705804769       0.9624826796352863
     656.2090060040027311       1.0484845675528049
     656.2092061374249852       1.0079529089853168
     656.2094062708472393       1.0514844767749310
     656.2096064042696071       1.0307519193738699
     656.2098065376918612       0.9625657312572002
     656.2100066711141153       1.0344215817749500
     656.2102068045363694       0.9527232907712460
     656.2104069379587372       0.9938657465390861
     656.2106070713809913       1.0510393083095551
     656.2108072048032454       1.0600796304643154
     656.2110073382254996       0.9356732144951820
     656.2112074716477537       0.9609157405793667
     656.2114076050701215       1.0051918206736445
     656.2116077384923756       1.0300051309168339
     656.2118078719146297       1.0440680198371410
     656.2120080053368838       1.0256312694400549
     656.2122081387592516       1.0207872930914164
     656.2124082721815057       0.9995412624848541
     656.2126084056037598       0.9466856755316257
     656.2128085390260139       1.0260973218828440
     656.2130086724483817       1.0410962216556072
     656.2132088058706358       0.9368122518062592
     656.2134089392928900       1.0999082252383232
     656.2136090727151441       0.9509986601769924
     656.2138092061375119       1.0819738209247589
     656.2140093395597660       1.0902932211756706
     656.2142094729820201       0.9986359566682950
     656.2144096064042742       1.0075674704276025
     656.2146097398266420       0.9561369903385639
     656.2148098732488961       1.0037678000517190
     656.2150100066711502       0.9511630721390247
     656.2152101400934043       0.9828861895948648
     656.2154102735157721       0.9643089175224304
     656.2156104069380262       0.9590338766574860
     656.2158105403602804       1.0067824446596205
     656.2160106737825345       0.9766003284603357
     656.2162108072049023       0.9905163245275617
     656.2164109406271564       0.9522169418632984
     656.2166110740494105       1.0479844100773335
     656.2168112074716646       0.9288826361298561
     656.2170113408939187       0.9929265272803605
     656.2172114743162865       0.9335490316152573
     656.2174116077385406       1.0361543558537960
     656.2176117411607947       1.0594288371503353
     656.2178118745830488       1.0655256658792496
     656.2180120080054166       0.9264032319188118
     656.2182121414276708       1.0275702029466629
     656.2184122748499249       1.0109364613890648
     656.2186124082721790       1.0064787268638611
     656.2188125416945468       1.0253810379654169
     656.2190126751168009       1.0096433730795979
     656.2192128085390550       0.9973067094106227
     656.2194129419613091       1.0024827790912241
     656.2196130753836769       1.0218599308282137
     656.2198132088059310       1.0452408269047737
     656.2200133422281851       1.0552573874592781
     656.2202134756504392       1.1167325377464294
     656.2204136090728070       0.9946008813567460
     656.2206137424950612       0.9998617169767385
     656.2208138759173153       0.9297759085893631
     656.2210140093395694       0.9761465806514025
     656.2212141427619372       1.0322462916374207
     656.2214142761841913       1.0327527895569801
     656.2216144096064454       0.9379759170114994
     656.2218145430286995       1.0219317711889744
     656.2220146764509536       1.0310115255415440
     656.2222148098733214       0.9966414757072926
     656.2224149432955755       0.9876135569065809
     656.2226150767178297       1.0255431327968836
     656.2228152101400838       1.1335038095712662
     656.2230153435624516       1.0221924092620611
     656.2232154769847057       1.0237156376242638
     656.2234156104069598       1.0089107453823090
     656.2236157438292139       1.0519804954528809
     656.2238158772515817       0.9904475640505552
     656.2240160106738358       0.9604164995253086
     656.2242161440960899       1.0382196940481663
     656.2244162775183440       1.0355787798762321
     656.2246164109407118       1.0430576875805855
     656.2248165443629659       0.9415548481047153
     656.2250166777852201       0.9850218826904893
     656.2252168112074742       1.1047123894095421
     656.2254169446298420       1.0458521060645580
     656.2256170780520961       1.0037520600017160
     656.2258172114743502       1.0282250083982944
     656.2260173448966043       1.0040482599288225
     656.2262174783189721       1.0478296913206577
     656.2264176117412262       1.0334938988089561
     656.2266177451634803       1.0011117890244350
     656.2268178785857344       1.0449688583612442
     656.2270180120081022       1.0217844862490892
     656.2272181454303563       0.9327243193984032
     656.2274182788526105       1.0168645251542330
     656.2276184122748646       1.0380521751940250
     656.2278185456971187       1.0146563500165939
     656.2280186791194865       1.0518002510070801
     656.2282188125417406       0.9414647407829762
     656.2284189459639947       0.9970035424921662
     656.2286190793862488       1.0273451246321201
     656.2288192128086166       1.0593877434730530
     656.2290193462308707       1.0270668566226959
     656.2292194796531248       1.0452931970357895
     656.2294196130753789       0.9556056894361973
     656.2296197464977467       0.9978086515329778
     656.2298198799200009       1.0023556132800877
     656.2300200133422550       0.9124725237488747
     656.2302201467645091       1.0295284893363714
     656.2304202801868769       0.9255160316824913
     656.2306204136091310       1.0324854366481304
     656.2308205470313851       1.0078323995694518
     656.2310206804536392       1.0335327349603176
     656.2312208138760070       0.9143434539437294
     656.2314209472982611       1.0131734786555171
     656.2316210807205152       0.9037155508995056
     656.2318212141427693       0.9682404883205891
     656.2320213475651371       0.9976286496967077
     656.2322214809873913       1.0359997153282166
     656.2324216144096454       0.9877828890457749
     656.2326217478318995       1.0043231635354459
     656.2328218812541536       1.0445687100291252
     656.2330220146765214       1.0596741549670696
     656.2332221480987755       1.0288763772696257
     656.2334222815210296       1.0195872690528631
     656.2336224149432837       0.9844172997400165
     656.2338225483656515       0.9879170982167125
     656.2340226817879056       1.0593449436128139
     656.2342228152101598       0.9921135464683175
     656.2344229486324139       0.9572871960699558
     656.2346230820547817       0.9974096065852791
     656.2348232154770358       1.0835819840431213
     656.2350233488992899       0.9875903176143765
     656.2352234823215440       1.0603699460625648
     656.2354236157439118       0.9644288308918476
     656.2356237491661659       0.9760973397642374
     656.2358238825884200       1.0408045500516891
     656.2360240160106741       1.0396876297891140
     656.2362241494330419       0.9465349912643433
     656.2364242828552960       0.9200715720653534
     656.2366244162775502       1.0387411974370480
     656.2368245496998043       0.9877776550129056
     656.2370246831221721       1.0880922600626945
     656.2372248165444262       0.9762867484241724
     656.2374249499666803       1.0633805245161057
     656.2376250833889344       0.9446871578693390
     656.2378252168113022       1.0366999134421349
     656.2380253502335563       1.1228877082467079
     656.2382254836558104       0.9260247573256493
     656.2384256170780645       0.9865011768415570
     656.2386257505003186       0.9225365370512009
     656.2388258839226864       0.9802134651690722
     656.2390260173449406       1.0055290912277997
     656.2392261507671947       0.9261245653033257
     656.2394262841894488       0.9584637694060802
     656.2396264176118166       1.0200648196041584
     656.2398265510340707       1.0541207008063793
     656.2400266844563248       0.9860904896631837
     656.2402268178785789       0.9307824447751045
     656.2404269513009467       0.9757821653038263
     656.2406270847232008       1.0102973962202668
     656.2408272181454549       1.0695649757981300
     656.2410273515677090       0.9786831289529800
     656.2412274849900768       1.0475303977727890
     656.2414276184123310       1.0498895533382893
     656.2416277518345851       1.0104629956185818
     656.2418278852568392       1.0259903799742460
     656.2420280186792070       0.9729376398026943
     656.2422281521014611       0.9984845652943477
     656.2424282855237152       1.0114880604669452
     656.2426284189459693       1.0196964703500271
     656.2428285523683371       1.0807802155613899
     656.2430286857905912       0.9963098492007703
     656.2432288192128453       0.9544564671814442
     656.2434289526350994       1.0285842847079039
     656.2436290860574672       0.9314251169562340
     656.2438292194797214       0.9913290841504931
     656.2440293529019755       0.9431873448193073
     656.2442294863242296       0.9427570030093193
     656.2444296197464837       1.0675291344523430
     656.2446297531688515       1.0894597023725510
     656.2448298865911056       0.9740591943264008
     656.2450300200133597       1.0354850254952908
     656.2452301534356138       0.9826369695365429
     656.2454302868579816       0.9580708928406239
     656.2456304202802357       1.0033386696595699
     656.2458305537024899       0.9113800898194313
     656.2460306871247440       1.0145514635369182
     656.2462308205471118       1.0079610878601670
     656.2464309539693659       0.9738218244165182
     656.2466310873916200       0.9642699547111988
     656.2468312208138741       1.0735532045364380
     656.2470313542362419       1.0413395762443542
     656.2472314876584960       0.9871288165450096
     656.2474316210807501       1.0400504954159260
     656.2476317545030042       0.9322290495038033
     656.2478318879253720       1.0762199088931084
     656.2480320213476261       0.9654848016798496
     656.2482321547698803       0.9973289878107607
     656.2484322881921344       1.0201347246766090
     656.2486324216145022       0.9686493314802647
     656.2488325550367563       0.9561981372535229
     656.2490326884590104       1.0166003089398146
     656.2492328218812645       1.0740746706724167
     656.2494329553035186       1.0184383615851402
     656.2496330887258864       0.9795846380293369
     656.2498332221481405       0.9694587998092175
     656.2500333555703946       0.9481198787689209
     656.2502334889926487       1.0920528918504715
     656.2504336224150165       0.9727692808955908
     656.2506337558372707       1.0403708629310131
     656.2508338892595248       1.1366346627473831
     656.2510340226817789       1.0289031844586134
     656.2512341561041467       0.9253079444169998
     656.2514342895264008       0.9550751633942127
     656.2516344229486549       1.0151541680097580
     656.2518345563709090       0.9333685562014580
     656.2520346897932768       0.9916639672592282
     656.2522348232155309       0.9948571766726673
     656.2524349566377850       1.0086852842941880
     656.2526350900600391       0.9674918837845325
     656.2528352234824069       0.9461121670901775
     656.2530353569046611       0.8938865512609482
     656.2532354903269152       0.9823242109268904
     656.2534356237491693       0.9995972161123063
     656.2536357571715371       0.8799714446067810
     656.2538358905937912       1.0332157574594021
     656.2540360240160453       0.9886202607303858
     656.2542361574382994       1.0449727177619934
     656.2544362908606672       1.0292705632746220
     656.2546364242829213       0.9256431460380554
     656.2548365577051754       0.9934292673133314
     656.2550366911274295       0.9913200475275517
     656.2552368245496837       0.9359134361147881
     656.2554369579720515       1.0100793251767755
     656.2556370913943056       1.0467700250446796
     656.2558372248165597       0.9684683419764042
     656.2560373582388138       0.9875462055206299
     656.2562374916611816       1.0342833623290062
     656.2564376250834357       0.9550108574330807
     656.2566377585056898       1.0191366393119097
     656.2568378919279439       1.0726815834641457
     656.2570380253503117       0.9253928363323212
     656.2572381587725658       1.0032708223443478
     656.2574382921948200       1.0295693725347519
     656.2576384256170741       1.0236855279654264
     656.2578385590394419       1.0240303482860327
     656.2580386924616960       0.9704136401414871
     656.2582388258839501       0.9927477343007922
     656.2584389593062042       0.9936373447999358
     656.2586390927285720       0.9885326074436307
     656.2588392261508261       1.0532184019684792
     656.2590393595730802       0.9094339981675148
     656.2592394929953343       1.0348029583692551
     656.2594396264177021       1.0719107389450073
     656.2596397598399562       0.9575549587607384
     656.2598398932622104       0.9818735420703888
     656.2600400266844645       1.0283894035965204
     656.2602401601067186       1.0149483326822519
     656.2604402935290864       0.9658229537308216
     656.2606404269513405       0.9881607256829739
     656.2608405603735946       1.0023099319078028
     656.2610406937958487       1.0277203302830458
     656.2612408272182165       1.0075398511253297
     656.2614409606404706       0.9656914211809635
     656.2616410940627247       0.9950229013338685
     656.2618412274849788       0.9611057005822659
     656.2620413609073466       1.0332297943532467
     656.2622414943296008       1.0652162507176399
     656.2624416277518549       0.9581623598933220
     656.2626417611741090       0.9629799388349056
     656.2628418945964768       0.8941389992833138
     656.2630420280187309       1.0479079745709896
     656.2632421614409850       1.0043503800407052
     656.2634422948632391       1.0274813622236252
     656.2636424282856069       0.9129879251122475
     656.2638425617078610       1.0615762546658516
     656.2640426951301151       1.0010813459521160
     656.2642428285523692       0.9783820398151875
     656.2644429619747370       1.0926357805728912
     656.2646430953969912       0.9132079184055328
     656.2648432288192453       1.0590185187757015
     656.2650433622414994       0.9820714965462685
     656.2652434956638672       0.9330880194902420
     656.2654436290861213       0.8866289630532265
     656.2656437625083754       1.0699040219187737
     656.2658438959306295       1.0315629616379738
     656.2660440293528836       0.8736082464456558
     656.2662441627752514       0.9732090383768082
     656.2664442961975055       1.1073299869894981
     656.2666444296197596       1.0987463891506195
     656.2668445630420138       0.9548442587256432
     656.2670446964643816       0.9559614248573780
     656.2672448298866357       1.0452019646763802
     656.2674449633088898       0.9906662963330746
     656.2676450967311439       1.0973515808582306
     656.2678452301535117       0.9416888691484928
     656.2680453635757658       0.9544128514826298
     656.2682454969980199       1.0083264540880919
     656.2684456304202740       1.0178889632225037
     656.2686457638426418       0.9565805085003376
     656.2688458972648959       0.9509598799049854
     656.2690460306871501       0.9208773821592331
     656.2692461641094042       1.0088497949764132
     656.2694462975317720       1.0237492900341749
     656.2696464309540261       1.1028386950492859
     656.2698465643762802       0.9294060394167900
     656.2700466977985343       1.0503018312156200
     656.2702468312209021       0.9570897109806538
     656.2704469646431562       1.0217690020799637
     656.2706470980654103       1.0410925857722759
     656.2708472314876644       0.9519512392580509
     656.2710473649099185       0.9097173884510994
     656.2712474983322863       0.9698212947696447
     656.2714476317545405       1.0563718788325787
     656.2716477651767946       0.9168651178479195
     656.2718478985990487       0.9827178437262774
     656.2720480320214165       0.9602000899612904
     656.2722481654436706       0.9902728395536542
     656.2724482988659247       1.0962824597954750
     656.2726484322881788       0.9771547708660364
     656.2728485657105466       1.0158643294125795
     656.2730486991328007       0.9645144604146481
     656.2732488325550548       1.0455340109765530
     656.2734489659773089       0.9836581386625767
     656.2736490993996767       0.9783757813274860
     656.2738492328219309       0.9140657186508179
     656.2740493662441850       1.1038260608911514
     656.2742494996664391       1.0345852188766003
     656.2744496330888069       0.9428842961788177
     656.2746497665110610       1.0942310914397240
     656.2748498999333151       0.9516024030745029
     656.2750500333555692       1.0306404624134302
     656.2752501667779370       0.9706901777535677
     656.2754503002001911       1.0442402027547359
     656.2756504336224452       0.9303524196147919
     656.2758505670446993       0.9322364553809166
     656.2760507004670671       1.0746763348579407
     656.2762508338893213       1.0359409190714359
     656.2764509673115754       0.9858773881569505
     656.2766511007338295       1.0852364301681519
     656.2768512341560836       0.9654684327542782
     656.2770513675784514       0.9642291106283665
     656.2772515010007055       1.0426356494426727
     656.2774516344229596       1.0243330951780081
     656.2776517678452137       1.0457532405853271
     656.2778519012675815       0.9802062064409256
     656.2780520346898356       0.9834132846444845
     656.2782521681120897       1.1000499352812767
     656.2784523015343439       0.9472404643893242
     656.2786524349567117       1.0330434516072273
     656.2788525683789658       0.9863343983888626
     656.2790527018012199       0.9997902887844248
     656.2792528352234740       1.0011789359850809
     656.2794529686458418       0.9982722222339362
     656.2796531020680959       1.0347515828907490
     656.2798532354903500       1.0797308608889580
     656.2800533689126041       1.0261035561561584
     656.2802535023349719       1.0316214375197887
     656.2804536357572260       1.0461332909762859
     656.2806537691794802       0.9385549612343311
     656.2808539026017343       0.9642612338066101
     656.2810540360241021       0.9850395293906331
     656.2812541694463562       0.9712414406239986
     656.2814543028686103       0.9374352172017097
     656.2816544362908644       1.0376651920378208
     656.2818545697131185       1.1003778576850891
     656.2820547031354863       0.9364131912589073
     656.2822548365577404       0.9816333875060081
     656.2824549699799945       1.0188998747617006
     656.2826551034022486       1.0848722457885742
     656.2828552368246164       0.9757728222757578
     656.2830553702468706       0.9867150383070111
     656.2832555036691247       0.9353349581360817
     656.2834556370913788       1.0060473433695734
     656.2836557705137466       0.9601719379425049
     656.2838559039360007       1.0950706154108047
     656.2840560373582548       1.0111030293628573
     656.2842561707805089       1.0308332685381174
     656.2844563042028767       0.9522994011640549
     656.2846564376251308       1.0271146204322577
     656.2848565710473849       0.9567276835441589
     656.2850567044696390       0.9284627065062523
     656.2852568378920068       0.9910585656762123
     656.2854569713142610       0.9506596624851227
     656.2856571047365151       0.9501607418060303
     656.2858572381587692       1.0045272530987859
     656.2860573715811370       1.0858922675251961
     656.2862575050033911       0.9692577067762613
     656.2864576384256452       0.9513827785849571
     656.2866577718478993       1.0884171277284622
     656.2868579052702671       1.0098471371456981
     656.2870580386925212       1.0434539429843426
     656.2872581721147753       1.1108309030532837
     656.2874583055370294       1.0059078615158796
     656.2876584389592836       1.0210826713591814
     656.2878585723816514       1.0066685373894870
     656.2880587058039055       0.9513738974928856
     656.2882588392261596       1.0514484159648418
     656.2884589726484137       0.9678206294775009
     656.2886591060707815       0.9722811896353960
     656.2888592394930356       1.0190554820001125
     656.2890593729152897       1.0074176089838147
     656.2892595063375438       1.0633169934153557
     656.2894596397599116       0.9359584227204323
     656.2896597731821657       0.9542820826172829
     656.2898599066044198       1.0116941938176751
     656.2900600400266740       1.0263759177178144
     656.2902601734490418       1.0015691461740062
     656.2904603068712959       1.0440830886363983
     656.2906604402935500       0.9877163404598832
     656.2908605737158041       1.0089474078267813
     656.2910607071381719       0.9928264929912984
     656.2912608405604260       1.0552898161113262
     656.2914609739826801       0.9474012479186058
     656.2916611074049342       0.9857170805335045
     656.2918612408273020       0.9760819282382727
     656.2920613742495561       1.0198657084256411
     656.2922615076718103       0.9630993902683258
     656.2924616410940644       1.0034675977658480
     656.2926617745164322       1.0333094671368599
     656.2928619079386863       0.9742460101842880
     656.2930620413609404       0.9939422816969454
     656.2932621747831945       0.9736838880926371
     656.2934623082054486       0.9739279858767986
     656.2936624416278164       1.0552579239010811
     656.2938625750500705       1.0215946305543184
     656.2940627084723246       1.1300099343061447
     656.2942628418945787       1.1172059923410416
     656.2944629753169465       0.9579304866492748
     656.2946631087392007       1.0516575276851654
     656.2948632421614548       0.9904681630432606
     656.2950633755837089       0.9336706250905991
     656.2952635090060767       0.9527213424444199
     656.2954636424283308       0.9392392225563526
     656.2956637758505849       0.9486371502280235
     656.2958639092728390       1.0752559080719948
     656.2960640426952068       1.0605692341923714
     656.2962641761174609       0.9461964666843414
     656.2964643095397150       1.0479859076440334
     656.2966644429619691       1.0108424611389637
     656.2968645763843369       0.9814596641808748
     656.2970647098065911       0.9639163389801979
     656.2972648432288452       0.9175658300518990
     656.2974649766510993       1.0981146022677422
     656.2976651100734671       1.0246019568294287
     656.2978652434957212       0.9868488684296608
     656.2980653769179753       0.9918548772111535
     656.2982655103402294       0.9313609898090363
     656.2984656437624835       1.0183076262474060
     656.2986657771848513       1.0520830228924751
     656.2988659106071054       0.9828765075653791
     656.2990660440293595       0.9599099643528461
     656.2992661774516137       1.0406371131539345
     656.2994663108739815       0.9910817202180624
     656.2996664442962356       0.9783825166523457
     656.2998665777184897       1.0845348536968231
     656.3000667111407438       0.9688476826995611
     656.3002668445631116       1.0698122605681419
     656.3004669779853657       0.9597428850829601
     656.3006671114076198       0.9964484244119376
     656.3008672448298739       1.0599329061806202
     656.3010673782522417       0.9176361635327339
     656.3012675116744958       1.0070767230354249
     656.3014676450967499       0.9941360256634653
     656.3016677785190041       1.0348758660256863
     656.3018679119413719       0.9331627637147903
     656.3020680453636260       0.9422241039574146
     656.3022681787858801       1.0427693091332912
     656.3024683122081342       1.0244650766253471
     656.3026684456305020       0.9310656636953354
     656.3028685790527561       0.9794858470559120
     656.3030687124750102       0.9605120904743671
     656.3032688458972643       0.9925748631358147
     656.3034689793196321       1.0633863508701324
     656.3036691127418862       1.0402171276509762
     656.3038692461641403       0.9971658112481236
     656.3040693795863945       0.9877399224787951
     656.3042695130086486       1.0344784818589687
     656.3044696464310164       0.9389725252985954
     656.3046697798532705       0.9339776113629341
     656.3048699132755246       1.0455209761857986
     656.3050700466977787       1.0174829270690680
     656.3052701801201465       1.0436629168689251
     656.3054703135424006       1.0532735474407673
     656.3056704469646547       1.0355542413890362
     656.3058705803869088       0.9590604901313782
     656.3060707138092766       0.9375145025551319
     656.3062708472315308       1.0452625900506973
     656.3064709806537849       1.0599198639392853
     656.3066711140760390       0.9666494764387608
     656.3068712474984068       1.0449356064200401
     656.3070713809206609       1.0068614925257862
     656.3072715143429150       1.0208118911832571
     656.3074716477651691       1.0859706625342369
     656.3076717811875369       0.9054504036903381
     656.3078719146097910       1.0027381822001189
     656.3080720480320451       1.0312519036233425
     656.3082721814542992       0.9524086900055408
     656.3084723148766670       1.0183852892369032
     656.3086724482989212       0.9790854826569557
     656.3088725817211753       1.0324578434228897
     656.3090727151434294       0.9011990353465080
     656.3092728485656835       1.0274102371186018
     656.3094729819880513       0.9896969972178340
     656.3096731154103054       1.0069085019640625
     656.3098732488325595       0.9419180750846863
     656.3100733822548136       1.0544782951474190
     656.3102735156771814       0.9293138459324837
     656.3104736490994355       1.0690601244568825
     656.3106737825216896       0.9899756833910942
     656.3108739159439438       1.0138853630051017
     656.3110740493663116       1.1017407700419426
     656.3112741827885657       0.9804753381758928
     656.3114743162108198       0.9689812678843737
     656.3116744496330739       0.9309296235442162
     656.3118745830554417       0.9879988310858607
     656.3120747164776958       1.0320808254182339
     656.3122748498999499       0.9653965979814528
     656.3124749833222040       1.0050983284600079
     656.3126751167445718       0.9501452483236789
     656.3128752501668259       1.0447588674724100
     656.3130753835890800       1.0355979911983009
     656.3132755170113342       1.0262638572603460
     656.3134756504337020       0.9906945694237940
     656.3136757838559561       0.9507315494120109
     656.3138759172782102       1.0233451481908542
     656.3140760507004643       1.0128356665372822
     656.3142761841228321       0.9384408704936463
     656.3144763175450862       1.0885202139615950
     656.3146764509673403       1.0257749445736317
     656.3148765843895944       0.9729459825903043
     656.3150767178118485       1.0375748872756760
     656.3152768512342163       0.9217341914772696
     656.3154769846564704       0.9950521220452656
     656.3156771180787246       0.9835934583097071
     656.3158772515009787       1.0866511985658687
     656.3160773849233465       0.9441997930406195
     656.3162775183456006       0.9493912085888839
     656.3164776517678547       0.9907569428903047
     656.3166777851901088       0.9719313625242242
     656.3168779186124766       0.9787385612720381
     656.3170780520347307       1.0518883466712194
     656.3172781854569848       1.0142065947863350
     656.3174783188792389       0.9557394459826418
     656.3176784523016067       0.9382210299348096
     656.3178785857238609       1.0523603744769865
     656.3180787191461150       0.9591388776848678
     656.3182788525683691       1.0512417629290729
     656.3184789859907369       0.9786831177671567
     656.3186791194129910       0.9675091318645843
     656.3188792528352451       1.0260232090752721
     656.3190793862574992       1.0207610465309451
     656.3192795196798670       1.0300009287506573
     656.3194796531021211       1.0014822853887217
     656.3196797865243752       1.0310395117096773
     656.3198799199466293       1.0054017709454692
     656.3200800533688835       0.9635306371791313
     656.3202801867912513       1.0306332202491140
     656.3204803202135054       1.0190282573029821
     656.3206804536357595       1.0081645432795421
     656.3208805870580136       1.0201090829837782
     656.3210807204803814       1.0502742410047119
     656.3212808539026355       0.9208861877753410
     656.3214809873248896       0.9730532621797866
     656.3216811207471437       0.8921836969207899
     656.3218812541695115       1.0413785925065713
     656.3220813875917656       1.0881677460646180
     656.3222815210140197       1.0353917882339245
     656.3224816544362739       0.9848293053161354
     656.3226817878586417       0.9781730300221687
     656.3228819212808958       0.9931433988321926
     656.3230820547031499       0.9636012769594616
     656.3232821881254040       0.9472881366308848
     656.3234823215477718       0.9031780036393291
     656.3236824549700259       0.9866821880256569
     656.3238825883922800       0.9953926255150046
     656.3240827218145341       1.0075080896094470
     656.3242828552369019       1.0987596570451856
     656.3244829886591560       0.9608915381900229
     656.3246831220814101       0.9960132771353739
     656.3248832555036643       0.9829086896696410
     656.3250833889260321       1.0231779778698316
     656.3252835223482862       0.9644229108417613
     656.3254836557705403       1.0072440457996192
     656.3256837891927944       1.0063568265156904
     656.3258839226150485       0.9790903751465866
     656.3260840560374163       1.0658744888539653
     656.3262841894596704       1.0059417482576227
     656.3264843228819245       1.1507072524034887
     656.3266844563041786       1.0347450697395884
     656.3268845897265464       0.8930700351945631
     656.3270847231488005       0.8982128253885183
     656.3272848565710547       1.0375965117915360
     656.3274849899933088       1.0071270113254294
     656.3276851234156766       0.9716137246147457
     656.3278852568379307       1.0234973328968795
     656.3280853902601848       1.0268767762305044
     656.3282855236824389       1.0002290054157041
     656.3284856571048067       0.9246087337732267
     656.3286857905270608       0.9529066186112503
     656.3288859239493149       1.0174326144959451
     656.3290860573715690       1.0058673113272256
     656.3292861907939368       0.9793672463794671
     656.3294863242161910       0.9667434438637117
     656.3296864576384451       1.0728878879445642
     656.3298865910606992       0.9751497350449240
     656.3300867244830670       0.9796468557345867
     656.3302868579053211       0.9104148740022998
     656.3304869913275752       1.0777307092475996
     656.3306871247498293       1.0303108524820748
     656.3308872581721971       0.9640415434772983
     656.3310873915944512       1.0289142214975100
     656.3312875250167053       0.9983295704179252
     656.3314876584389594       0.9573222296576153
     656.3316877918612136       0.9903203690624051
     656.3318879252835814       0.9797340189687723
     656.3320880587058355       0.9791910075854818
     656.3322881921280896       0.9900977849445527
     656.3324883255503437       0.9700894572509895
     656.3326884589727115       1.0889260380154198
     656.3328885923949656       0.9997065697673272
     656.3330887258172197       0.9562477246822330
     656.3332888592394738       1.0206309707176429
     656.3334889926618416       1.0110473100230735
     656.3336891260840957       1.0019321231269547
     656.3338892595063498       1.0489544788004577
     656.3340893929286040       0.9099469317380605
     656.3342895263509718       0.9313181583296127
     656.3344896597732259       0.9571204129842359
     656.3346897931954800       1.0835632379449778
     656.3348899266177341       0.9447498251382386
     656.3350900600401019       0.9859686130909615
     656.3352901934623560       0.9344470237228096
     656.3354903268846101       1.0185286572885288
     656.3356904603068642       1.0074411183540681
     656.3358905937292320       1.0563644395533371
     656.3360907271514861       0.9948595401872705
     656.3362908605737402       0.9249104157550350
     656.3364909939959944       1.0361785106996848
     656.3366911274182485       0.9847591621345724
     656.3368912608406163       0.9677271917724882
     656.3370913942628704       0.8923520182714625
     656.3372915276851245       0.9867858962062389
     656.3374916611073786       1.0241470322083848
     656.3376917945297464       0.9291984301684308
     656.3378919279520005       1.0965228478907068
     656.3380920613742546       0.9339416422359563
     656.3382921947965087       0.9050969539914888
     656.3384923282188765       1.0516693043687764
     656.3386924616411306       0.9483557070803049
     656.3388925950633848       0.9836328586579793
     656.3390927284856389       0.8860476360317818
     656.3392928619080067       0.9592489167635271
     656.3394929953302608       0.9988117778715624
     656.3396931287525149       0.9768611592658496
     656.3398932621747690       0.9254382036999034
     656.3400933955971368       0.9263562594906686
     656.3402935290193909       0.9070068511150053
     656.3404936624416450       0.9155567123224948
     656.3406937958638991       0.9428568931540749
     656.3408939292862669       0.8475017984755402
     656.3410940627085211       0.9697237171516963
     656.3412941961307752       0.9582031368054054
     656.3414943295530293       0.9126534428490418
     656.3416944629753971       0.8650643252753135
     656.3418945963976512       0.8416334724618970
     656.3420947298199053       0.8971231841004947
     656.3422948632421594       0.8385284875792631
     656.3424949966644135       0.8615704641185857
     656.3426951300867813       0.8759536154047887
     656.3428952635090354       0.8694322030339565
     656.3430953969312895       0.8099344627787818
     656.3432955303535437       0.8093667143991029
     656.3434956637759115       0.8456915395671938
     656.3436957971981656       0.7895043422880189
     656.3438959306204197       0.9017370853996862
     656.3440960640426738       0.7883262368162913
     656.3442961974650416       0.8453604652700368
     656.3444963308872957       0.8136534454856688
     656.3446964643095498       0.8604644651675252
     656.3448965977318039       0.8040574850094406
     656.3450967311541717       0.7961428885684826
     656.3452968645764258       0.8446205328096507
     656.3454969979986799       0.8169096137739638
     656.3456971314209341       0.7858358345518717
     656.3458972648433019       0.8058947155337464
     656.3460973982655560       0.7928065051028235
     656.3462975316878101       0.8322947209839529
     656.3464976651100642       0.8131435762691794
     656.3466977985324320       0.7416750753398671
     656.3468979319546861       0.7186457703040814
     656.3470980653769402       0.7299874317048738
     656.3472981987991943       0.8586109202925865
     656.3474983322214484       0.8527984935566807
     656.3476984656438162       0.8092655842053843
     656.3478985990660703       0.8393410093099449
     656.3480987324883245       0.8098104380370869
     656.3482988659105786       0.9089894012333761
     656.3484989993329464       0.7761840249255885
     656.3486991327552005       0.7276633465389539
     656.3488992661774546       0.9902544239268113
     656.3490993995997087       0.9610817477867590
     656.3492995330220765       0.8894777767889689
     656.3494996664443306       0.9524637439074010
     656.3496997998665847       0.9006765031234035
     656.3498999332888388       0.8599889334588680
     656.3501000667112066       0.8870817395663716
     656.3503002001334607       0.8540229447270586
     656.3505003335557149       0.8434217530778481
     656.3507004669779690       0.8961411422701137
     656.3509006004003368       0.8108313358020770
     656.3511007338225909       0.9206929757818043
     656.3513008672448450       0.9851262097364856
     656.3515010006670991       0.8370772785724823
     656.3517011340894669       0.9054479118626404
     656.3519012675117210       0.9347735608225919
     656.3521014009339751       0.9465901257544695
     656.3523015343562292       0.9366429435103328
     656.3525016677785970       0.9545458558426538
     656.3527018012008512       0.9397238339452063
     656.3529019346231053       0.9097152862247903
     656.3531020680453594       0.9669337463644471
     656.3533022014676135       0.9882212981781683
     656.3535023348899813       0.9420736860401906
     656.3537024683122354       0.9354473607571077
     656.3539026017344895       0.9655753382394814
     656.3541027351567436       0.9856944391662578
     656.3543028685791114       0.9815422840984863
     656.3545030020013655       0.9420659222931320
     656.3547031354236196       0.9850830337676998
     656.3549032688458738       1.0599653432884686
     656.3551034022682416       1.0068176361994254
     656.3553035356904957       0.9332494369066761
     656.3555036691127498       0.9010826475946219
     656.3557038025350039       1.0110737196503168
     656.3559039359573717       0.9885903076144306
     656.3561040693796258       0.9502905959230105
     656.3563042028018799       0.9286030799888496
     656.3565043362241340       0.9530124989462729
     656.3567044696465018       0.9959924082843266
     656.3569046030687559       1.0161412375969903
     656.3571047364910100       1.0809513239608568
     656.3573048699132642       1.1026960103655923
     656.3575050033356320       1.0240426359167216
     656.3577051367578861       1.0512151054435899
     656.3579052701801402       0.9538885280325543
     656.3581054036023943       1.0881624079018033
     656.3583055370246484       0.9941896478556485
     656.3585056704470162       0.9330921154290210
     656.3587058038692703       0.9809369404537057
     656.3589059372915244       0.9447426198965483
     656.3591060707137785       0.9733250645012113
     656.3593062041361463       1.0373412118863725
     656.3595063375584004       1.0284333448095788
     656.3597064709806546       1.0385568614733378
     656.3599066044029087       0.8948832892658437
     656.3601067378252765       0.9539886811688129
     656.3603068712475306       0.9101603682761914
     656.3605070046697847       0.9595533613412403
     656.3607071380920388       1.0189130137188118
     656.3609072715144066       1.0205290213732803
     656.3611074049366607       0.9766408201828781
     656.3613075383589148       1.0621738355153918
     656.3615076717811689       1.0312941700090010
     656.3617078052035367       1.0066746738980599
     656.3619079386257908       1.0037438921314510
     656.3621080720480450       0.9588264029566314
     656.3623082054702991       1.0159272277414539
     656.3625083388926669       0.9855918550133865
     656.3627084723149210       0.9663000701492954
     656.3629086057371751       1.0564815340147895
     656.3631087391594292       0.9878707543438031
     656.3633088725817970       1.0055988640825373
     656.3635090060040511       1.0235346054782331
     656.3637091394263052       0.8820305300631646
     656.3639092728485593       1.0650493432375874
     656.3641094062708135       1.0363083261780566
     656.3643095396931813       1.0742009726468762
     656.3645096731154354       1.0302429399243664
     656.3647098065376895       1.0098208601419314
     656.3649099399599436       0.9693051654427618
     656.3651100733823114       0.9846109731735116
     656.3653102068045655       0.9978806757198192
     656.3655103402268196       0.8950605365471064
     656.3657104736490737       0.9272655322181729
     656.3659106070714415       0.9916280118471864
     656.3661107404936956       0.9132433189059985
     656.3663108739159497       0.9788697424570506
     656.3665110073382039       0.9539316142614876
     656.3667111407605717       0.9662472107814140
     656.3669112741828258       1.0518223976514889
     656.3671114076050799       0.9756154509637256
     656.3673115410273340       0.9936777180287479
     656.3675116744497018       1.0230278488818985
     656.3677118078719559       1.0147779968259054
     656.3679119412942100       1.0102111312243944
     656.3681120747164641       1.0330596790574718
     656.3683122081388319       1.0700437581801587
     656.3685123415610860       1.0306513069867358
     656.3687124749833401       0.9318533629056754
     656.3689126084055943       1.0450495883302229
     656.3691127418278484       0.9486793273642631
     656.3693128752502162       1.0869156406614287
     656.3695130086724703       0.9518661917534323
     656.3697131420947244       1.0284581489314975
     656.3699132755169785       0.9788498935237748
     656.3701134089393463       0.9923785078400625
     656.3703135423616004       0.9879158203134304
     656.3705136757838545       1.0732520953042832
     656.3707138092061086       1.0430153374011200
     656.3709139426284764       0.9704980600159235
     656.3711140760507305       1.0669211590458525
     656.3713142094729847       1.0088169207294753
     656.3715143428952388       0.9617862921856299
     656.3717144763176066       1.0450666805357447
     656.3719146097398607       0.9522138795128222
     656.3721147431621148       0.9307702480577259
     656.3723148765843689       0.9846805091104498
     656.3725150100067367       1.0719634517421388
     656.3727151434289908       0.9860099162471893
     656.3729152768512449       0.9657107516812401
     656.3731154102734990       1.0437007806973404
     656.3733155436958668       0.8732468932709195
     656.3735156771181209       0.9754946622885450
     656.3737158105403751       0.9852603720421695
     656.3739159439626292       0.9587214477304179
     656.3741160773849970       1.0592956021388598
     656.3743162108072511       0.9790866021039133
     656.3745163442295052       0.9810632839779455
     656.3747164776517593       0.9755426961914988
     656.3749166110740134       0.9851023191576636
     656.3751167444963812       1.0009235171012487
     656.3753168779186353       1.0043988819229484
     656.3755170113408894       0.9501597881313961
     656.3757171447631436       1.0303687248376798
     656.3759172781855113       1.0297639351336636
     656.3761174116077655       0.9991613111341264
     656.3763175450300196       1.0027031507342341
     656.3765176784522737       1.0178249236195791
     656.3767178118746415       0.9772483669221069
     656.3769179452968956       1.0549679286777747
     656.3771180787191497       1.0802795290946807
     656.3773182121414038       0.9643936790525809
     656.3775183455637716       0.9588318318128516
     656.3777184789860257       1.0836236998438786
     656.3779186124082798       1.0453688129782646
     656.3781187458305340       1.0135532347485401
     656.3783188792529018       1.0870230570435511
     656.3785190126751559       1.0370181314647189
     656.3787191460974100       0.9209508076310151
     656.3789192795196641       1.0084049012511964
     656.3791194129420319       0.9394055120646951
     656.3793195463642860       1.0213933102786539
     656.3795196797865401       1.0846151933073997
     656.3797198132087942       0.9515089616179465
     656.3799199466311620       1.0003905987541657
     656.3801200800534161       0.9925398011691868
     656.3803202134756702       0.9964741016738117
     656.3805203468979244       0.9533871747553349
     656.3807204803201785       0.9470105953514576
     656.3809206137425463       0.9535557068884373
     656.3811207471648004       0.9925854778848588
     656.3813208805870545       0.9636873044073582
     656.3815210140093086       1.0610453784465790
     656.3817211474316764       0.9507139585912228
     656.3819212808539305       0.9295345619320869
     656.3821214142761846       0.9967237196397036
     656.3823215476984387       0.9017702713608742
     656.3825216811208065       1.1043823957443237
     656.3827218145430606       1.0252682566642761
     656.3829219479653148       1.0000624371241429
     656.3831220813875689       1.0016821458702907
     656.3833222148099367       0.9850980490446091
     656.3835223482321908       1.0154462205246091
     656.3837224816544449       1.0015144374920055
     656.3839226150766990       0.9879955360665917
     656.3841227484990668       1.0180174894630909
     656.3843228819213209       1.0486129447817802
     656.3845230153435750       0.9893245203420520
     656.3847231487658291       0.9812531676143408
     656.3849232821881969       1.0503461360931396
     656.3851234156104510       0.9404614008963108
     656.3853235490327052       1.1044433936476707
     656.3855236824549593       1.0559544153511524
     656.3857238158772134       1.0142038660123944
     656.3859239492995812       1.0257298592478037
     656.3861240827218353       1.0785974562168121
     656.3863242161440894       0.9248687401413918
     656.3865243495663435       1.1120954304933548
     656.3867244829887113       1.0006165851373225
     656.3869246164109654       0.9611885286867619
     656.3871247498332195       0.9959283289499581
     656.3873248832554737       1.0208347402513027
     656.3875250166778414       1.0074167125858366
     656.3877251501000956       1.0470126569271088
     656.3879252835223497       1.0015264654066414
     656.3881254169446038       1.0675742924213409
     656.3883255503669716       0.9770430419594049
     656.3885256837892257       0.9824398420751095
     656.3887258172114798       1.0572027266025543
     656.3889259506337339       1.0391093716025352
     656.3891260840561017       1.0130074964836240
     656.3893262174783558       1.0795743986964226
     656.3895263509006099       1.0588583163917065
     656.3897264843228641       0.9385845996439457
     656.3899266177452319       1.0261655300855637
     656.3901267511674860       1.0292447488754988
     656.3903268845897401       0.9461242258548737
     656.3905270180119942       1.0326210781931877
     656.3907271514343620       0.9733097460120916
     656.3909272848566161       1.0120730577036738
     656.3911274182788702       0.9377140589058399
     656.3913275517011243       0.9192024245858192
     656.3915276851233784       0.9189267307519913
     656.3917278185457462       1.0163615774363279
     656.3919279519680003       1.0463865101337433
     656.3921280853902545       1.0363110750913620
     656.3923282188125086       1.0076200948096812
     656.3925283522348764       0.9959755814634264
     656.3927284856571305       1.0631672665476799
     656.3929286190793846       0.9444673992693424
     656.3931287525016387       0.9735892023891211
     656.3933288859240065       0.9278998598456383
     656.3935290193462606       0.9355539157986641
     656.3937291527685147       0.9149322435259819
     656.3939292861907688       0.8832573667168617
     656.3941294196131366       0.9774411357939243
     656.3943295530353907       1.0280993022024632
     656.3945296864576449       1.0422309748828411
     656.3947298198798990       1.0042205615900457
     656.3949299533022668       0.9458311498165131
     656.3951300867245209       0.9624189250171185
     656.3953302201467750       0.9938275003805757
     656.3955303535690291       1.0433130972087383
     656.3957304869913969       0.9812621250748634
     656.3959306204136510       1.0279996600002050
     656.3961307538359051       0.9652484394609928
     656.3963308872581592       0.9973232285119593
     656.3965310206804133       0.9575556665658951
     656.3967311541027811       1.0863297879695892
     656.3969312875250353       1.0030939897987992
     656.3971314209472894       1.0757418125867844
     656.3973315543695435       1.0550849512219429
     656.3975316877919113       0.9917942676693201
     656.3977318212141654       0.9882653942331672
     656.3979319546364195       1.0156279820948839
     656.3981320880586736       1.0177789740264416
     656.3983322214810414       1.0596940331161022
     656.3985323549032955       1.0972390100359917
     656.3987324883255496       1.0252675749361515
     656.3989326217478038       0.9861142737790942
     656.3991327551701715       1.0445232093334198
     656.3993328885924257       1.0097132809460163
     656.3995330220146798       0.9948614421300590
     656.3997331554369339       1.0043800030834973
     656.3999332888593017       1.0097061293199658
     656.4001334222815558       0.9988819843856618
     656.4003335557038099       1.0051924060098827
     656.4005336891260640       0.9916406171396375
     656.4007338225484318       0.9968538384418935
     656.4009339559706859       0.9543413557112217
     656.4011340893929400       0.9988915022695437
     656.4013342228151942       1.0018385583534837
     656.4015343562375620       1.0710299164056778
     656.4017344896598161       0.9349069818854332
     656.4019346230820702       1.0462287366390228
     656.4021347565043243       0.9920899160206318
     656.4023348899265784       1.0959585830569267
     656.4025350233489462       0.9581447951495647
     656.4027351567712003       1.0049744225107133
     656.4029352901934544       1.0172053482383490
     656.4031354236157085       0.9966658707708120
     656.4033355570380763       0.9909939505159855
     656.4035356904603304       1.0429031923413277
     656.4037358238825846       0.9796282146126032
     656.4039359573048387       1.0324059128761292
     656.4041360907272065       1.0931673273444176
     656.4043362241494606       0.9208155870437622
     656.4045363575717147       1.0888639762997627
     656.4047364909939688       0.9885101132094860
     656.4049366244163366       1.0105810360983014
     656.4051367578385907       1.0223817843943834
     656.4053368912608448       0.9992889962741174
     656.4055370246830989       0.9732265137135983
     656.4057371581054667       0.9638292603194714
     656.4059372915277208       0.9762662369757891
     656.4061374249499750       0.9932424118742347
     656.4063375583722291       0.9618639945983887
     656.4065376917945969       1.0014568292535841
     656.4067378252168510       0.9324943348765373
     656.4069379586391051       1.0127069000154734
     656.4071380920613592       1.0184584390372038
     656.4073382254836133       0.9635199829936028
     656.4075383589059811       1.0007078579510562
     656.4077384923282352       1.0913314223289490
     656.4079386257504893       0.9911875734105706
     656.4081387591727434       0.9619855843484402
     656.4083388925951112       1.0262306276708841
     656.4085390260173654       1.0509265847504139
     656.4087391594396195       0.9909390769898891
     656.4089392928618736       1.0170815866440535
     656.4091394262842414       1.1118305698037148
     656.4093395597064955       0.9452464617788792
     656.4095396931287496       1.0466727130115032
     656.4097398265510037       1.0203001275658607
     656.4099399599733715       1.0301975850015879
     656.4101400933956256       1.0428773127496243
     656.4103402268178797       0.9407383911311626
     656.4105403602401339       0.9730643238872290
     656.4107404936625016       1.0240905936807394
     656.4109406270847558       0.9066196307539940
     656.4111407605070099       0.9682082161307335
     656.4113408939292640       0.9846950331702828
     656.4115410273516318       1.0982479378581047
     656.4117411607738859       1.0658229663968086
     656.4119412941961400       1.0340096838772297
     656.4121414276183941       0.9132921993732452
     656.4123415610407619       0.9663774259388447
     656.4125416944630160       0.9936015666462481
     656.4127418278852701       0.9672570377588272
     656.4129419613075243       0.9860556805506349
     656.4131420947297784       1.0217443574219942
     656.4133422281521462       1.0208775456994772
     656.4135423615744003       1.0529100596904755
     656.4137424949966544       1.0352143459022045
     656.4139426284189085       1.0272682998329401
     656.4141427618412763       0.9510625526309013
     656.4143428952635304       1.0750219896435738
     656.4145430286857845       0.8953317627310753
     656.4147431621080386       1.0337008200585842
     656.4149432955304064       0.9662125222384930
     656.4151434289526605       1.0351935178041458
     656.4153435623749147       1.0055286898277700
     656.4155436957971688       1.0033297545742244
     656.4157438292195366       1.0498239584267139
     656.4159439626417907       0.9968688520602882
     656.4161440960640448       0.9663135968148708
     656.4163442294862989       1.0449957810342312
     656.4165443629086667       1.0591139569878578
     656.4167444963309208       1.0446344874799252
     656.4169446297531749       0.9816490057855844
     656.4171447631754290       0.9852859079837799
     656.4173448965977968       1.0127692399546504
     656.4175450300200509       1.0167535860091448
     656.4177451634423051       1.0590467266738415
     656.4179452968645592       1.0648114532232285
     656.4181454302869270       1.0248343795537949
     656.4183455637091811       0.9826284013688564
     656.4185456971314352       1.0378327295184135
     656.4187458305536893       1.0314328186213970
     656.4189459639759434       1.0089605320245028
     656.4191460973983112       1.0185000989586115
     656.4193462308205653       0.9632899910211563
     656.4195463642428194       1.0006121914484538
     656.4197464976650735       0.9320502653717995
     656.4199466310874413       0.9943977338261902
     656.4201467645096955       0.9835241511464119
     656.4203468979319496       1.0091724591329694
     656.4205470313542037       1.0170612242072821
     656.4207471647765715       0.9934349805116653
     656.4209472981988256       0.9493023790419102
     656.4211474316210797       1.0199108142405748
     656.4213475650433338       0.9452711977064610
     656.4215476984657016       0.8975435122847557
     656.4217478318879557       0.9839775431901217
     656.4219479653102098       0.9540988691151142
     656.4221480987324640       1.0270707439631224
     656.4223482321548317       1.0053855148144066
     656.4225483655770859       0.9236282482743263
     656.4227484989993400       0.8635945469141006
     656.4229486324215941       0.9944321662187576
     656.4231487658439619       0.9728313926607370
     656.4233488992662160       1.0169334486126900
     656.4235490326884701       1.0457509979605675
     656.4237491661107242       0.9666284136474133
     656.4239492995329783       0.9868604047223926
     656.4241494329553461       0.9785512406378984
     656.4243495663776002       1.0745575055480003
     656.4245496997998544       0.9664480574429035
     656.4247498332221085       0.8862864747643471
     656.4249499666444763       0.9486742317676544
     656.4251501000667304       1.0970639735460281
     656.4253502334889845       1.0134612983092666
     656.4255503669112386       1.0761979296803474
     656.4257505003336064       0.9683243148028851
     656.4259506337558605       0.9538286365568638
     656.4261507671781146       0.9814500641077757
     656.4263509006003687       0.9975876321550459
     656.4265510340227365       1.0046488158404827
     656.4267511674449906       1.0122428042814136
     656.4269513008672448       0.9679344035685062
     656.4271514342894989       1.0146226631477475
     656.4273515677118667       0.9395087696611881
     656.4275517011341208       1.0574691556394100
     656.4277518345563749       0.9506540670990944
     656.4279519679786290       0.9821567069739103
     656.4281521014009968       1.0814938843250275
     656.4283522348232509       0.9312114939093590
     656.4285523682455050       0.9469509609043598
     656.4287525016677591       1.0392954461276531
     656.4289526350901269       0.9933008081279695
     656.4291527685123810       1.0478028766810894
     656.4293529019346352       1.1237380653619766
     656.4295530353568893       0.8714493960142136
     656.4297531687791434       0.9244444295763969
     656.4299533022015112       1.0696431100368500
     656.4301534356237653       0.8835258334875107
     656.4303535690460194       0.8887214660644531
     656.4305537024682735       0.9136021062731743
     656.4307538358906413       1.0169113930314779
     656.4309539693128954       1.1079248562455177
     656.4311541027351495       0.9076934307813644
     656.4313542361574036       1.0563315227627754
     656.4315543695797714       0.9587852135300636
     656.4317545030020256       0.9502096809446812
     656.4319546364242797       0.9763185326009989
     656.4321547698465338       0.9500542134046555
     656.4323549032689016       0.9919241042807698
     656.4325550366911557       1.0480532906949520
     656.4327551701134098       0.9953589574433863
     656.4329553035356639       1.1248053088784218
     656.4331554369580317       1.0416503660380840
     656.4333555703802858       1.1206429153680801
     656.4335557038025399       0.9581292830407619
     656.4337558372247940       1.0249043907970190
     656.4339559706471618       1.0160536486655474
     656.4341561040694160       0.9909597150981426
     656.4343562374916701       1.0689807385206223
     656.4345563709139242       0.9431348741054535
     656.4347565043361783       1.0981728583574295
     656.4349566377585461       1.0304016266018152
     656.4351567711808002       0.9328195080161095
     656.4353569046030543       1.0206697452813387
     656.4355570380253084       0.8738619238138199
     656.4357571714476762       1.0643212124705315
     656.4359573048699303       0.9953543422743678
     656.4361574382921845       0.9093473926186562
     656.4363575717144386       1.1030225306749344
     656.4365577051368064       1.0552580170333385
     656.4367578385590605       0.9454261548817158
     656.4369579719813146       0.9175188913941383
     656.4371581054035687       0.9867305951192975
     656.4373582388259365       1.0494256205856800
     656.4375583722481906       1.0744891911745071
     656.4377585056704447       0.9649318568408489
     656.4379586390926988       1.0163955502212048
     656.4381587725150666       1.0428091473877430
     656.4383589059373207       0.9833723250776529
     656.4385590393595749       1.0137356491759419
     656.4387591727818290       0.9599056877195835
     656.4389593062041968       0.9414773210883141
     656.4391594396264509       1.0578007698059082
     656.4393595730487050       1.0341295599937439
     656.4395597064709591       0.9935058131814003
     656.4397598398933269       0.9535198435187340
     656.4399599733155810       0.9858546480536461
     656.4401601067378351       1.0587844625115395
     656.4403602401600892       0.9972434558440000
     656.4405603735823433       1.0005235297139734
     656.4407605070047111       0.9727586507797241
     656.4409606404269653       1.0562096424400806
     656.4411607738492194       1.0780194625258446
     656.4413609072714735       1.0140962218865752
     656.4415610406938413       0.9878742694854736
     656.4417611741160954       0.9896145770326257
     656.4419613075383495       1.0074445456266403
     656.4421614409606036       1.0333036109805107
     656.4423615743829714       0.9911297867074609
     656.4425617078052255       1.0428194887936115
     656.4427618412274796       1.0472209863364697
     656.4429619746497337       1.0638283118605614
     656.4431621080721015       1.0331062115728855
     656.4433622414943557       0.9692807253450155
     656.4435623749166098       1.0601976886391640
     656.4437625083388639       1.0592786036431789
     656.4439626417612317       1.0199980344623327
     656.4441627751834858       1.0565798245370388
     656.4443629086057399       0.9599661156535149
     656.4445630420279940       0.9403693191707134
     656.4447631754503618       1.0468275249004364
     656.4449633088726159       1.0393176935613155
     656.4451634422948700       0.9201303273439407
     656.4453635757171241       0.9511740989983082
     656.4455637091393783       1.0091946078464389
     656.4457638425617461       1.0337531119585037
     656.4459639759840002       0.9535163603723049
     656.4461641094062543       1.0019805943593383
     656.4463642428285084       1.0083892913535237
     656.4465643762508762       0.8872677534818649
     656.4467645096731303       0.9512037672102451
     656.4469646430953844       1.0186166167259216
     656.4471647765176385       0.9416708052158356
     656.4473649099400063       1.0275836493819952
     656.4475650433622604       0.9793664533644915
     656.4477651767845146       0.9663103744387627
     656.4479653102067687       0.9727936945855618
     656.4481654436291365       1.0132241873070598
     656.4483655770513906       0.9522087126970291
     656.4485657104736447       1.0497934482991695
     656.4487658438958988       1.0109056262299418
     656.4489659773182666       1.0243662707507610
     656.4491661107405207       1.0928567722439766
     656.4493662441627748       0.9477551281452179
     656.4495663775850289       0.9637549780309200
     656.4497665110073967       1.0486607551574707
     656.4499666444296508       1.0129571808502078
     656.4501667778519050       1.1717550456523895
     656.4503669112741591       0.9715743269771338
     656.4505670446965269       1.0742110833525658
     656.4507671781187810       0.8985613211989403
     656.4509673115410351       1.0027609905228019
     656.4511674449632892       0.9680568836629391
     656.4513675783855433       1.0340119302272797
     656.4515677118079111       0.9840110242366791
     656.4517678452301652       0.9514607526361942
     656.4519679786524193       0.9542504660785198
     656.4521681120746734       0.9858513725921512
     656.4523682454970412       0.9324169233441353
     656.4525683789192954       1.0144990710541606
     656.4527685123415495       0.9924626131542027
     656.4529686457638036       1.0063262456096709
     656.4531687791861714       0.9122890383005142
     656.4533689126084255       1.0786365121603012
     656.4535690460306796       1.0555885694921017
     656.4537691794529337       0.9626531638205051
     656.4539693128753015       1.0224560629576445
     656.4541694462975556       0.9773932676762342
     656.4543695797198097       0.9473421797156334
     656.4545697131420638       1.0444377772510052
     656.4547698465644316       0.9753371253609657
     656.4549699799866858       1.0103750703856349
     656.4551701134089399       1.0686598494648933
     656.4553702468311940       0.9721256587654352
     656.4555703802535618       1.0358521752059460
     656.4557705136758159       1.0308210905641317
     656.4559706470980700       0.9494593366980553
     656.4561707805203241       1.0695298388600349
     656.4563709139425782       0.9949231478385627
     656.4565710473649460       1.0078348051756620
     656.4567711807872001       1.0358797870576382
     656.4569713142094542       1.0401119254529476
     656.4571714476317084       1.0278456360101700
     656.4573715810540762       0.9561465270817280
     656.4575717144763303       0.9792286381125450
     656.4577718478985844       1.0311545971781015
     656.4579719813208385       1.0717659443616867
     656.4581721147432063       0.9308158829808235
     656.4583722481654604       0.9979987472761422
     656.4585723815877145       0.9978404415305704
     656.4587725150099686       1.0076738791540265
     656.4589726484323364       1.0357659943401814
     656.4591727818545905       0.9625051841139793
     656.4593729152768447       1.0624730885028839
     656.4595730486990988       1.0134201468899846
     656.4597731821214666       1.0332567319273949
     656.4599733155437207       0.9864058541134000
     656.4601734489659748       1.0131834615021944
     656.4603735823882289       0.9875645879656076
     656.4605737158105967       1.0916557759046555
     656.4607738492328508       0.9545310698449612
     656.4609739826551049       1.0705820247530937
     656.4611741160773590       1.0259024780243635
     656.4613742494997268       1.0277423541992903
     656.4615743829219809       0.9861928420141339
     656.4617745163442351       0.9273100271821022
     656.4619746497664892       1.0574084110558033
     656.4621747831887433       0.9704483170062304
     656.4623749166111111       0.9711040910333395
     656.4625750500333652       1.0135335912927985
     656.4627751834556193       0.9913291754201055
     656.4629753168778734       0.9780891165137291
     656.4631754503002412       0.9951251428574324
     656.4633755837224953       1.0057970522902906
     656.4635757171447494       1.0290153305977583
     656.4637758505670035       1.0554799847304821
     656.4639759839893713       1.0612533204257488
     656.4641761174116255       0.9271398484706879
     656.4643762508338796       0.9687768183648586
     656.4645763842561337       0.9860776988789439
     656.4647765176785015       1.0669072642922401
     656.4649766511007556       0.9512072391808033
     656.4651767845230097       1.0407618209719658
     656.4653769179452638       1.0313251577317715
     656.4655770513676316       1.0017603017622605
     656.4657771847898857       1.0691478475928307
     656.4659773182121398       1.0037206166889518
     656.4661774516343939       0.9748386442661285
     656.4663775850567617       0.9526188671588898
     656.4665777184790159       1.0273278802633286
     656.4667778519012700       1.0411380901932716
     656.4669779853235241       1.0406722687184811
     656.4671781187458919       1.0199310779571533
     656.4673782521681460       1.0188787244260311
     656.4675783855904001       0.9884100034832954
     656.4677785190126542       1.0643580630421638
     656.4679786524349083       1.0112265152856708
     656.4681787858572761       1.0051866346038878
     656.4683789192795302       1.0419649295508862
     656.4685790527017843       0.9548806138336658
     656.4687791861240385       0.9476943947374821
     656.4689793195464063       1.0133222164586186
     656.4691794529686604       0.9628220871090889
     656.4693795863909145       0.9836088735610247
     656.4695797198131686       1.1479335278272629
     656.4697798532355364       0.9791030995547771
     656.4699799866577905       1.0152134047821164
     656.4701801200800446       1.0042227674275637
     656.4703802535022987       0.9630674347281456
     656.4705803869246665       1.0054613258689642
     656.4707805203469206       0.9591131694614887
     656.4709806537691748       0.9550898745656013
     656.4711807871914289       1.0154839856550097
     656.4713809206137967       0.9746596310287714
     656.4715810540360508       0.9599867500364780
     656.4717811874583049       0.9954210589639843
     656.4719813208805590       1.0507895722985268
     656.4721814543029268       0.9844173295423388
     656.4723815877251809       1.0240462031215429
     656.4725817211474350       1.0664955228567123
     656.4727818545696891       0.9613309651613235
     656.4729819879919432       0.9735834542661905
     656.4731821214143110       0.9959556362591684
     656.4733822548365652       0.9869122831150889
     656.4735823882588193       0.9716221000999212
     656.4737825216810734       0.9166087955236435
     656.4739826551034412       0.9725102037191391
     656.4741827885256953       0.9781099520623684
     656.4743829219479494       1.0629841759800911
     656.4745830553702035       0.9426170997321606
     656.4747831887925713       1.0658668056130409
     656.4749833222148254       0.9913683207705617
     656.4751834556370795       0.9698165860027075
     656.4753835890593336       1.0487846992909908
     656.4755837224817014       1.0154187232255936
     656.4757838559039556       1.0735264793038368
     656.4759839893262097       0.9949094643816352
     656.4761841227484638       1.0004069028946105
     656.4763842561708316       0.9924053056165576
     656.4765843895930857       1.0524023957550526
     656.4767845230153398       0.9851447148248553
     656.4769846564375939       0.9930313676595688
     656.4771847898599617       0.9356728196144104
     656.4773849232822158       0.9341688454151154
     656.4775850567044699       0.9405384175479412
     656.4777851901267240       1.0659095197916031
     656.4779853235490918       1.0315672717988491
     656.4781854569713460       1.0192731190472841
     656.4783855903936001       1.0141845857724547
     656.4785857238158542       1.0344863347709179
     656.4787858572381083       1.1229382753372192
     656.4789859906604761       1.0641686990857124
     656.4791861240827302       1.0125214699655771
     656.4793862575049843       0.9007974565029144
     656.4795863909272384       1.0122877983376384
     656.4797865243496062       0.9671000130474567
     656.4799866577718603       0.9857295481488109
     656.4801867911941144       0.9606055282056332
     656.4803869246163686       1.0698364153504372
     656.4805870580387364       1.0278972778469324
     656.4807871914609905       0.9640697427093983
     656.4809873248832446       1.0365670956671238
     656.4811874583054987       1.0970665067434311
     656.4813875917278665       1.1047431752085686
     656.4815877251501206       0.9781383872032166
     656.4817878585723747       0.9605670049786568
     656.4819879919946288       0.9332599565386772
     656.4821881254169966       1.0706441625952721
     656.4823882588392507       0.9377334155142307
     656.4825883922615049       0.9231097102165222
     656.4827885256837590       1.0701989457011223
     656.4829886591061268       0.9463343545794487
     656.4831887925283809       1.0425079241394997
     656.4833889259506350       0.9755878150463104
     656.4835890593728891       1.0461707524955273
     656.4837891927951432       1.0265170764178038
     656.4839893262175110       1.0858785137534142
     656.4841894596397651       0.9606189168989658
     656.4843895930620192       0.8868787139654160
     656.4845897264842733       0.9846025882288814
     656.4847898599066411       1.0252941455692053
     656.4849899933288953       0.9763003010302782
     656.4851901267511494       0.9489224962890148
     656.4853902601734035       1.0421385727822781
     656.4855903935957713       1.0105507969856262
     656.4857905270180254       0.9696095604449511
     656.4859906604402795       1.1392766386270523
     656.4861907938625336       0.9887932995334268
     656.4863909272849014       0.9680451638996601
     656.4865910607071555       1.0315623730421066
     656.4867911941294096       1.0927665159106255
     656.4869913275516637       0.9460180290043354
     656.4871914609740315       1.0033494092058390
     656.4873915943962857       1.0565773025155067
     656.4875917278185398       1.0525639019906521
     656.4877918612407939       1.0301455948501825
     656.4879919946631617       0.9932376295328140
     656.4881921280854158       0.9353844001889229
     656.4883922615076699       1.0268151201307774
     656.4885923949299240       1.0403578244149685
     656.4887925283522918       0.9666280485689640
     656.4889926617745459       1.0402859337627888
     656.4891927951968000       0.9791529048234224
     656.4893929286190541       1.0790991187095642
     656.4895930620413083       0.9714773092418909
     656.4897931954636761       0.9884456740692258
     656.4899933288859302       0.9470556303858757
     656.4901934623081843       0.9970758419949561
     656.4903935957304384       1.0437214337289333
     656.4905937291528062       0.9931426756083965
     656.4907938625750603       1.0552934408187866
     656.4909939959973144       1.0852831825613976
     656.4911941294195685       0.8847444877028465
     656.4913942628419363       1.0021762805990875
     656.4915943962641904       1.1038595661520958
     656.4917945296864445       1.0674737915396690
     656.4919946631086987       1.0313750021159649
     656.4921947965310665       1.0438466407358646
     656.4923949299533206       0.9002318456768990
     656.4925950633755747       1.0243103578686714
     656.4927951967978288       1.0334358103573322
     656.4929953302201966       1.0314791426062584
     656.4931954636424507       1.0703911259770393
     656.4933955970647048       1.0029633289668709
     656.4935957304869589       0.9802236855030060
     656.4937958639093267       1.0354184433817863
     656.4939959973315808       0.9728956576436758
     656.4941961307538350       0.9508075900375843
     656.4943962641760891       1.0171002577990294
     656.4945963975983432       1.0211827959865332
     656.4947965310207110       0.9817537888884544
     656.4949966644429651       0.9905388625338674
     656.4951967978652192       0.9936490692198277
     656.4953969312874733       0.9428623355925083
     656.4955970647098411       0.9547157362103462
     656.4957971981320952       1.0272951461374760
     656.4959973315543493       0.9310112372040749
     656.4961974649766034       0.9851296795532107
     656.4963975983989712       1.0304675735533237
     656.4965977318212254       1.0140002267435193
     656.4967978652434795       1.0407404936850071
     656.4969979986657336       1.0243952367454767
     656.4971981320881014       0.9695226456969976
     656.4973982655103555       1.0227634813636541
     656.4975983989326096       1.0141658401116729
     656.4977985323548637       0.9778959695249796
     656.4979986657772315       1.0309650152921677
     656.4981987991994856       0.9400890097022057
     656.4983989326217397       1.0718455836176872
     656.4985990660439938       0.9945368594489992
     656.4987991994663616       1.0626126229763031
     656.4989993328886158       1.0048994324170053
     656.4991994663108699       1.0128583749756217
     656.4993995997331240       0.9853399004787207
     656.4995997331554918       1.0648732706904411
     656.4997998665777459       1.0716411098837852
     656.5000000000000000       0.9683555401861668
