     656.2000000000000455       0.9991235195775516
     656.2002001334222996       1.0459788702428341
     656.2004002668445537       0.9589118398725986
     656.2006004002669215       1.0871734172105789
     656.2008005336891756       0.9944036807864904
     656.2010006671114297       0.9738583955913782
     656.2012008005336838       0.9503538422286510
     656.2014009339560516       0.9750295598059893
     656.2016010673783057       0.9694058410823345
     656.2018012008005599       0.9510936066508293
     656.2020013342228140       1.1201665773987770
     656.2022014676451818       0.9854110702872276
     656.2024016010674359       1.0472948178648949
     656.2026017344896900       1.0462493412196636
     656.2028018679119441       1.0859621986746788
     656.2030020013343119       1.0505821667611599
     656.2032021347565660       1.0153437322005630
     656.2034022681788201       0.9732819367200136
     656.2036024016010742       0.9665441401302814
     656.2038025350234420       1.0544397719204426
     656.2040026684456961       1.0017519019311294
     656.2042028018679503       1.0738675743341446
     656.2044029352902044       0.9830897022038698
     656.2046030687125722       1.0788505896925926
     656.2048032021348263       0.9751031938940287
     656.2050033355570804       1.0795768126845360
     656.2052034689793345       0.9868065053597093
     656.2054036024017023       1.0253310650587082
     656.2056037358239564       1.0027906748000532
     656.2058038692462105       0.9862690167501569
     656.2060040026684646       0.9481493346393108
     656.2062041360907187       1.0925883576273918
     656.2064042695130865       0.9407098703086376
     656.2066044029353407       1.0116583099588752
     656.2068045363575948       1.0618042349815369
     656.2070046697798489       1.0188828166574240
     656.2072048032022167       0.9306632056832314
     656.2074049366244708       0.9312944784760475
     656.2076050700467249       0.9972249253187329
     656.2078052034689790       0.9775450974702835
     656.2080053368913468       1.0864554569125175
     656.2082054703136009       1.0021013158839196
     656.2084056037358550       0.9925943999551237
     656.2086057371581092       0.9101560786366463
     656.2088058705804769       0.9989188319304958
     656.2090060040027311       0.9993005332653411
     656.2092061374249852       0.9719221647828817
     656.2094062708472393       1.0076858303509653
     656.2096064042696071       1.0988910943269730
     656.2098065376918612       1.0351094901561737
     656.2100066711141153       1.0148710114881396
     656.2102068045363694       1.0178314354270697
     656.2104069379587372       0.9815505649894476
     656.2106070713809913       0.8965063914656639
     656.2108072048032454       0.9337548017501831
     656.2110073382254996       0.8689201772212982
     656.2112074716477537       0.9657497555017471
     656.2114076050701215       1.0655464977025986
     656.2116077384923756       0.9623752720654011
     656.2118078719146297       1.0899118408560753
     656.2120080053368838       0.9221316128969193
     656.2122081387592516       0.9309586957097054
     656.2124082721815057       1.0187515374273062
     656.2126084056037598       0.9622406587004662
     656.2128085390260139       0.9819698948413134
     656.2130086724483817       1.0575304515659809
     656.2132088058706358       1.1344564259052277
     656.2134089392928900       1.0619593858718872
     656.2136090727151441       1.0356733761727810
     656.2138092061375119       1.0350924730300903
     656.2140093395597660       1.0298843681812286
     656.2142094729820201       0.9668972715735435
     656.2144096064042742       1.0046728448942304
     656.2146097398266420       1.0389497764408588
     656.2148098732488961       1.0829185172915459
     656.2150100066711502       1.0287828445434570
     656.2152101400934043       0.9976964241359383
     656.2154102735157721       1.0350254625082016
     656.2156104069380262       0.9795820657163858
     656.2158105403602804       1.0215179864317179
     656.2160106737825345       1.0405190847814083
     656.2162108072049023       0.9958983100950718
     656.2164109406271564       1.0443302951753139
     656.2166110740494105       0.9624486230313778
     656.2168112074716646       0.9733766186982393
     656.2170113408939187       1.0649886205792427
     656.2172114743162865       0.9447937943041325
     656.2174116077385406       0.9725498072803020
     656.2176117411607947       1.1109609007835388
     656.2178118745830488       0.9765337351709604
     656.2180120080054166       0.9634223505854607
     656.2182121414276708       0.9614481814205647
     656.2184122748499249       1.0674537569284439
     656.2186124082721790       1.0662995800375938
     656.2188125416945468       0.9859569370746613
     656.2190126751168009       1.0284079257398844
     656.2192128085390550       1.0403537042438984
     656.2194129419613091       0.9822963792830706
     656.2196130753836769       0.9677304737269878
     656.2198132088059310       1.0419613718986511
     656.2200133422281851       1.0346170105040073
     656.2202134756504392       0.9380986280739307
     656.2204136090728070       1.0229168888181448
     656.2206137424950612       1.0109011707827449
     656.2208138759173153       1.0262968335300684
     656.2210140093395694       0.9555036872625351
     656.2212141427619372       1.0384777076542377
     656.2214142761841913       1.0340812876820564
     656.2216144096064454       0.9346557334065437
     656.2218145430286995       0.9549474157392979
     656.2220146764509536       0.9402018003165722
     656.2222148098733214       0.9319256618618965
     656.2224149432955755       0.9550369046628475
     656.2226150767178297       0.9917632322758436
     656.2228152101400838       1.0008085637236945
     656.2230153435624516       1.0277005583047867
     656.2232154769847057       1.0349042974412441
     656.2234156104069598       1.0257349312305450
     656.2236157438292139       1.0038591211196035
     656.2238158772515817       1.0605541840195656
     656.2240160106738358       1.0379241332411766
     656.2242161440960899       0.9952362943440676
     656.2244162775183440       1.0083017228171229
     656.2246164109407118       0.9991619837237522
     656.2248165443629659       0.9011111482977867
     656.2250166777852201       1.0331861339509487
     656.2252168112074742       0.9698050413280725
     656.2254169446298420       1.0451524741947651
     656.2256170780520961       0.9567077048122883
     656.2258172114743502       0.9345780685544014
     656.2260173448966043       0.9191276505589485
     656.2262174783189721       0.9892242113128304
     656.2264176117412262       0.9862009109929204
     656.2266177451634803       0.9681336544454098
     656.2268178785857344       0.9856042833998799
     656.2270180120081022       0.9415095783770084
     656.2272181454303563       1.0884589180350304
     656.2274182788526105       1.0242873597890139
     656.2276184122748646       1.0237478539347649
     656.2278185456971187       0.9784317743033171
     656.2280186791194865       0.9417260512709618
     656.2282188125417406       0.9906051298603415
     656.2284189459639947       1.0350671112537384
     656.2286190793862488       0.9959089066833258
     656.2288192128086166       1.0396610088646412
     656.2290193462308707       1.0057932683266699
     656.2292194796531248       0.9864292517304420
     656.2294196130753789       0.9325292184948921
     656.2296197464977467       1.0445863008499146
     656.2298198799200009       0.9671954996883869
     656.2300200133422550       1.0542748756706715
     656.2302201467645091       0.9843764053657651
     656.2304202801868769       0.9988509473623708
     656.2306204136091310       0.9481593966484070
     656.2308205470313851       0.9818250872194767
     656.2310206804536392       1.0426693037152290
     656.2312208138760070       0.9510004259645939
     656.2314209472982611       0.9980993717908859
     656.2316210807205152       0.9975304640829563
     656.2318212141427693       0.9844604730606079
     656.2320213475651371       0.9608359038829803
     656.2322214809873913       0.9734475556761026
     656.2324216144096454       0.9794383160769939
     656.2326217478318995       1.1476543992757797
     656.2328218812541536       0.9378043301403522
     656.2330220146765214       0.9290367662906647
     656.2332221480987755       1.0375258661806583
     656.2334222815210296       0.9170869439840317
     656.2336224149432837       1.0626687780022621
     656.2338225483656515       1.0571580342948437
     656.2340226817879056       0.9296163469552994
     656.2342228152101598       1.0942070558667183
     656.2344229486324139       0.9843655377626419
     656.2346230820547817       1.0401337295770645
     656.2348232154770358       1.0676829442381859
     656.2350233488992899       1.0252880658954382
     656.2352234823215440       1.0100464979186654
     656.2354236157439118       0.8936799615621567
     656.2356237491661659       1.0129137402400374
     656.2358238825884200       0.9631738774478436
     656.2360240160106741       1.0336325019598007
     656.2362241494330419       1.0097370371222496
     656.2364242828552960       0.9901182297617197
     656.2366244162775502       1.0198071748018265
     656.2368245496998043       0.9426667802035809
     656.2370246831221721       0.9554576724767685
     656.2372248165444262       0.9904472865164280
     656.2374249499666803       1.0343076959252357
     656.2376250833889344       1.0958443805575371
     656.2378252168113022       1.0328822806477547
     656.2380253502335563       1.0788942202925682
     656.2382254836558104       0.9500777274370193
     656.2384256170780645       1.0221115741878748
     656.2386257505003186       0.9522082135081291
     656.2388258839226864       1.0294925570487976
     656.2390260173449406       0.9616771265864372
     656.2392261507671947       0.9890847206115723
     656.2394262841894488       0.9280642718076706
     656.2396264176118166       1.0344258062541485
     656.2398265510340707       0.9785445425659418
     656.2400266844563248       0.9460120238363743
     656.2402268178785789       0.9918550541624427
     656.2404269513009467       1.0223901718854904
     656.2406270847232008       1.0320394895970821
     656.2408272181454549       0.9638114534318447
     656.2410273515677090       1.0259362738579512
     656.2412274849900768       1.0230419673025608
     656.2414276184123310       1.0341754592955112
     656.2416277518345851       1.0858754813671112
     656.2418278852568392       1.0584823973476887
     656.2420280186792070       1.0802110061049461
     656.2422281521014611       1.0296034961938858
     656.2424282855237152       0.9436472989618778
     656.2426284189459693       1.0354145877063274
     656.2428285523683371       1.0743173882365227
     656.2430286857905912       1.1105855330824852
     656.2432288192128453       1.0286881364881992
     656.2434289526350994       0.9546938687562943
     656.2436290860574672       0.9742230828851461
     656.2438292194797214       0.9932165369391441
     656.2440293529019755       0.9869048651307821
     656.2442294863242296       0.9505868665874004
     656.2444296197464837       1.0074321501888335
     656.2446297531688515       1.0580953620374203
     656.2448298865911056       1.0036448498722166
     656.2450300200133597       1.0292983651161194
     656.2452301534356138       1.0397477261722088
     656.2454302868579816       1.0176092702895403
     656.2456304202802357       1.0008908671443351
     656.2458305537024899       1.0067692333832383
     656.2460306871247440       0.9967935080640018
     656.2462308205471118       1.0631525963544846
     656.2464309539693659       1.0669332221150398
     656.2466310873916200       0.9497779011726379
     656.2468312208138741       1.0738564953207970
     656.2470313542362419       1.0023210356011987
     656.2472314876584960       0.9015186503529549
     656.2474316210807501       1.0835403800010681
     656.2476317545030042       1.0144121563062072
     656.2478318879253720       1.0838566944003105
     656.2480320213476261       0.9693152420222759
     656.2482321547698803       0.9758167359977961
     656.2484322881921344       0.9588755331933498
     656.2486324216145022       0.9251292124390602
     656.2488325550367563       0.9407777488231659
     656.2490326884590104       0.9420011378824711
     656.2492328218812645       1.0758659765124321
     656.2494329553035186       1.0560581050813198
     656.2496330887258864       1.0500758364796638
     656.2498332221481405       0.9825730416923761
     656.2500333555703946       1.0578335598111153
     656.2502334889926487       1.0294375419616699
     656.2504336224150165       0.9575636088848114
     656.2506337558372707       0.9507252313196659
     656.2508338892595248       1.0095353387296200
     656.2510340226817789       0.9551050551235676
     656.2512341561041467       1.0069925519637764
     656.2514342895264008       1.0268032439053059
     656.2516344229486549       0.9883043114095926
     656.2518345563709090       1.0452556535601616
     656.2520346897932768       1.0343485660851002
     656.2522348232155309       0.9985209015430883
     656.2524349566377850       0.9639375172555447
     656.2526350900600391       0.9687906671315432
     656.2528352234824069       1.0223506782203913
     656.2530353569046611       1.0374034196138382
     656.2532354903269152       0.9994772581267171
     656.2534356237491693       0.9948579808697104
     656.2536357571715371       1.0432560294866562
     656.2538358905937912       0.9363402873277664
     656.2540360240160453       0.9663439430296421
     656.2542361574382994       0.9998609126050724
     656.2544362908606672       1.0090687461197376
     656.2546364242829213       1.1094640120863914
     656.2548365577051754       0.9852284276857972
     656.2550366911274295       0.9190883412957191
     656.2552368245496837       1.0818971917033195
     656.2554369579720515       1.0211227145045996
     656.2556370913943056       0.9634547755122185
     656.2558372248165597       1.0836072862148285
     656.2560373582388138       1.0942303836345673
     656.2562374916611816       0.9872537562623620
     656.2564376250834357       1.0301757454872131
     656.2566377585056898       0.9822209253907204
     656.2568378919279439       1.0354754254221916
     656.2570380253503117       1.0163991991430521
     656.2572381587725658       1.0351387709379196
     656.2574382921948200       1.0702456757426262
     656.2576384256170741       0.9716727528721094
     656.2578385590394419       0.9976387510541826
     656.2580386924616960       0.9890302708372474
     656.2582388258839501       0.9808419980108738
     656.2584389593062042       1.0180638693273067
     656.2586390927285720       1.0040899435989559
     656.2588392261508261       0.9944520606659353
     656.2590393595730802       1.0199002791196108
     656.2592394929953343       1.0410021841526031
     656.2594396264177021       0.9437546916306019
     656.2596397598399562       0.9104616492986679
     656.2598398932622104       0.9778274763375521
     656.2600400266844645       1.0689065679907799
     656.2602401601067186       0.9792245086282492
     656.2604402935290864       1.0166918914765120
     656.2606404269513405       0.9531745947897434
     656.2608405603735946       0.9700469039380550
     656.2610406937958487       1.1130314692854881
     656.2612408272182165       0.9364481419324875
     656.2614409606404706       1.0588662624359131
     656.2616410940627247       1.0627673938870430
     656.2618412274849788       1.0290635135024786
     656.2620413609073466       1.0526243820786476
     656.2622414943296008       1.0286385174840689
     656.2624416277518549       1.0403267256915569
     656.2626417611741090       0.9633355066180229
     656.2628418945964768       1.0107308840379119
     656.2630420280187309       1.0052128862589598
     656.2632421614409850       0.9959279433824122
     656.2634422948632391       0.9066992178559303
     656.2636424282856069       0.9084449708461761
     656.2638425617078610       1.0549104325473309
     656.2640426951301151       0.9638103470206261
     656.2642428285523692       1.0438101850450039
     656.2644429619747370       1.0783743187785149
     656.2646430953969912       1.0222882460802794
     656.2648432288192453       1.0358680598437786
     656.2650433622414994       1.0057989894412458
     656.2652434956638672       0.9311537593603134
     656.2654436290861213       0.9883709652349353
     656.2656437625083754       0.9957120590843260
     656.2658438959306295       0.9037570580840111
     656.2660440293528836       0.9687224403023720
     656.2662441627752514       0.9492506086826324
     656.2664442961975055       1.0559437051415443
     656.2666444296197596       0.9783683940768242
     656.2668445630420138       0.9903949750587344
     656.2670446964643816       1.0286785066127777
     656.2672448298866357       0.9996584496693686
     656.2674449633088898       0.9702519439160824
     656.2676450967311439       1.0642991587519646
     656.2678452301535117       0.9978545063640922
     656.2680453635757658       0.9883984997868538
     656.2682454969980199       0.9820874352008104
     656.2684456304202740       0.9972200479824096
     656.2686457638426418       0.9750409293919802
     656.2688458972648959       0.9645971544086933
     656.2690460306871501       1.0127618089318275
     656.2692461641094042       0.9568635225296021
     656.2694462975317720       1.1050864234566689
     656.2696464309540261       1.1056822165846825
     656.2698465643762802       0.9965318425092846
     656.2700466977985343       1.0532177574932575
     656.2702468312209021       1.0177876930683851
     656.2704469646431562       1.0610468946397305
     656.2706470980654103       1.0025269920006394
     656.2708472314876644       1.0392702929675579
     656.2710473649099185       0.9888884788379073
     656.2712474983322863       0.9855631720274687
     656.2714476317545405       0.8634277135133743
     656.2716477651767946       0.9272377416491508
     656.2718478985990487       0.9880708828568459
     656.2720480320214165       0.9881911762058735
     656.2722481654436706       0.9899215744808316
     656.2724482988659247       1.0265791025012732
     656.2726484322881788       1.0187741350382566
     656.2728485657105466       1.0120994830504060
     656.2730486991328007       1.0953518673777580
     656.2732488325550548       1.0189190711826086
     656.2734489659773089       0.8627213090658188
     656.2736490993996767       1.0732313320040703
     656.2738492328219309       0.9932322963140905
     656.2740493662441850       1.0746219158172607
     656.2742494996664391       0.9933793982490897
     656.2744496330888069       0.9514987841248512
     656.2746497665110610       0.9815442971885204
     656.2748498999333151       0.8503724336624146
     656.2750500333555692       1.0314900986850262
     656.2752501667779370       0.9582240767776966
     656.2754503002001911       1.0256207864731550
     656.2756504336224452       1.0073818378150463
     656.2758505670446993       1.0386857949197292
     656.2760507004670671       1.0619261264801025
     656.2762508338893213       1.0166670884937048
     656.2764509673115754       1.0420487374067307
     656.2766511007338295       0.9831512961536646
     656.2768512341560836       1.0235911831259727
     656.2770513675784514       0.9811413306742907
     656.2772515010007055       0.9461620748043060
     656.2774516344229596       1.0200150310993195
     656.2776517678452137       1.0285326596349478
     656.2778519012675815       1.0054040527902544
     656.2780520346898356       1.0848585814237595
     656.2782521681120897       1.0561525002121925
     656.2784523015343439       1.0384541563689709
     656.2786524349567117       1.1107077747583389
     656.2788525683789658       1.0192747730761766
     656.2790527018012199       0.9329646080732346
     656.2792528352234740       0.9741785377264023
     656.2794529686458418       0.9648577123880386
     656.2796531020680959       1.0490114539861679
     656.2798532354903500       1.0309899691492319
     656.2800533689126041       1.0051199044100940
     656.2802535023349719       1.0535605922341347
     656.2804536357572260       0.9653408341109753
     656.2806537691794802       1.0250559151172638
     656.2808539026017343       1.1499767303466797
     656.2810540360241021       0.9756605122238398
     656.2812541694463562       0.9107368290424347
     656.2814543028686103       0.9804605413228273
     656.2816544362908644       1.0511646158993244
     656.2818545697131185       0.9649914167821407
     656.2820547031354863       0.9818853959441185
     656.2822548365577404       1.0073498147539794
     656.2824549699799945       0.9516064524650574
     656.2826551034022486       0.9939111047424376
     656.2828552368246164       0.9996529862401076
     656.2830553702468706       0.9417655207216740
     656.2832555036691247       0.9897527666762471
     656.2834556370913788       0.9768058378249407
     656.2836557705137466       0.9975152071565390
     656.2838559039360007       1.0866143032908440
     656.2840560373582548       1.0423482060432434
     656.2842561707805089       0.9391812272369862
     656.2844563042028767       1.0489719621837139
     656.2846564376251308       0.9791109692305326
     656.2848565710473849       1.0158126689493656
     656.2850567044696390       0.9738096799701452
     656.2852568378920068       0.9706066343933344
     656.2854569713142610       0.8949878811836243
     656.2856571047365151       1.0872983485460281
     656.2858572381587692       0.9470002651214600
     656.2860573715811370       1.0134110823273659
     656.2862575050033911       1.0127689410001040
     656.2864576384256452       0.9653072617948055
     656.2866577718478993       0.9582450687885284
     656.2868579052702671       0.9529273435473442
     656.2870580386925212       0.9933964712545276
     656.2872581721147753       0.9531859792768955
     656.2874583055370294       1.0070437290705740
     656.2876584389592836       0.9581883884966373
     656.2878585723816514       1.0834500342607498
     656.2880587058039055       1.0495799332857132
     656.2882588392261596       0.9609042890369892
     656.2884589726484137       1.0020722632762045
     656.2886591060707815       0.9700207263231277
     656.2888592394930356       0.9357680454850197
     656.2890593729152897       0.9899024721235037
     656.2892595063375438       1.0363542251288891
     656.2894596397599116       0.9456412531435490
     656.2896597731821657       0.9078541025519371
     656.2898599066044198       0.9459265768527985
     656.2900600400266740       1.0414869338274002
     656.2902601734490418       1.0471172630786896
     656.2904603068712959       1.0027296426706016
     656.2906604402935500       0.9296911060810089
     656.2908605737158041       1.0046299905516207
     656.2910607071381719       1.0103987865149975
     656.2912608405604260       0.9329474121332169
     656.2914609739826801       0.9613069593906403
     656.2916611074049342       1.0701311454176903
     656.2918612408273020       1.0139696029946208
     656.2920613742495561       0.9612367153167725
     656.2922615076718103       1.0772667527198792
     656.2924616410940644       0.9883127957582474
     656.2926617745164322       1.0188510548323393
     656.2928619079386863       1.0105267725884914
     656.2930620413609404       0.9856652542948723
     656.2932621747831945       0.9611679874360561
     656.2934623082054486       1.0239948313683271
     656.2936624416278164       0.9412082470953465
     656.2938625750500705       1.0635730847716331
     656.2940627084723246       1.0250628050416708
     656.2942628418945787       0.9267274588346481
     656.2944629753169465       1.0352370478212833
     656.2946631087392007       0.9910057336091995
     656.2948632421614548       1.0194895546883345
     656.2950633755837089       1.0165261067450047
     656.2952635090060767       0.9371611699461937
     656.2954636424283308       1.0145343095064163
     656.2956637758505849       1.1231963187456131
     656.2958639092728390       0.9586735293269157
     656.2960640426952068       0.9892443986609578
     656.2962641761174609       1.0178952962160110
     656.2964643095397150       1.0001659186527831
     656.2966644429619691       1.0027676571626216
     656.2968645763843369       1.1156911477446556
     656.2970647098065911       1.0218352265655994
     656.2972648432288452       1.0638936087489128
     656.2974649766510993       1.0134991081431508
     656.2976651100734671       0.9869382353499532
     656.2978652434957212       1.0257992129772902
     656.2980653769179753       0.8657982647418976
     656.2982655103402294       0.9998262669250834
     656.2984656437624835       0.9730649385601281
     656.2986657771848513       1.0250904094427824
     656.2988659106071054       0.9655627608299253
     656.2990660440293595       0.9416515752673146
     656.2992661774516137       1.0472207292914386
     656.2994663108739815       0.9727522525936358
     656.2996664442962356       1.0242944862693537
     656.2998665777184897       0.9389394335448725
     656.3000667111407438       1.1202556490898108
     656.3002668445631116       0.9539930894970857
     656.3004669779853657       0.9772034976631350
     656.3006671114076198       1.1015508994460026
     656.3008672448298739       0.9762945715337874
     656.3010673782522417       1.0774807929992503
     656.3012675116744958       0.9364970400929195
     656.3014676450967499       0.9335247203707319
     656.3016677785190041       1.0360888540744231
     656.3018679119413719       1.0328152105211408
     656.3020680453636260       0.8806059807537814
     656.3022681787858801       1.1046367213128292
     656.3024683122081342       1.0930079892275244
     656.3026684456305020       1.0004430906552504
     656.3028685790527561       0.9409420005971992
     656.3030687124750102       1.0937687009565553
     656.3032688458972643       0.9436839148391546
     656.3034689793196321       1.0654704049214343
     656.3036691127418862       1.0365197844781506
     656.3038692461641403       0.9825794678150302
     656.3040693795863945       0.9150875657752640
     656.3042695130086486       1.0721439644631625
     656.3044696464310164       0.9742761514992239
     656.3046697798532705       1.0049118334302345
     656.3048699132755246       0.9218023568215692
     656.3050700466977787       0.9578829779973757
     656.3052701801201465       0.9949496942226091
     656.3054703135424006       1.0350414178781908
     656.3056704469646547       1.0023973916449120
     656.3058705803869088       1.0137026634993438
     656.3060707138092766       1.0166800616873335
     656.3062708472315308       0.9378736129097703
     656.3064709806537849       0.9578096156325644
     656.3066711140760390       1.0321431417335263
     656.3068712474984068       1.0752478162736652
     656.3070713809206609       0.9310094707759863
     656.3072715143429150       1.0638112789585907
     656.3074716477651691       0.9678379806880673
     656.3076717811875369       0.9368314801354558
     656.3078719146097910       1.0080314340471666
     656.3080720480320451       1.0230369649950974
     656.3082721814542992       0.9172715877200861
     656.3084723148766670       0.9713406564831393
     656.3086724482989212       0.9693545887619174
     656.3088725817211753       1.0199492998534188
     656.3090727151434294       0.9660280031423464
     656.3092728485656835       0.9607701651050052
     656.3094729819880513       1.0116776502254887
     656.3096731154103054       0.9729530303440693
     656.3098732488325595       1.0045732152582825
     656.3100733822548136       0.9525365189530703
     656.3102735156771814       0.8889938568703558
     656.3104736490994355       1.0167962351054034
     656.3106737825216896       0.9994637583878281
     656.3108739159439438       1.0052795822242460
     656.3110740493663116       1.0079804157744459
     656.3112741827885657       0.9810445523438936
     656.3114743162108198       1.0101250376283595
     656.3116744496330739       1.0658622962590298
     656.3118745830554417       0.9266926096943754
     656.3120747164776958       1.0646706281503329
     656.3122748498999499       0.9480691402777112
     656.3124749833222040       1.0726759937132859
     656.3126751167445718       1.0104379695185441
     656.3128752501668259       1.0270193456408299
     656.3130753835890800       1.0644153367987323
     656.3132755170113342       0.9024245985828584
     656.3134756504337020       1.0150750733611476
     656.3136757838559561       0.9945397077487222
     656.3138759172782102       0.9659499473469918
     656.3140760507004643       0.9952938137278295
     656.3142761841228321       1.0712201103508185
     656.3144763175450862       1.0884731756019557
     656.3146764509673403       1.0006341990721448
     656.3148765843895944       0.9725777299969854
     656.3150767178118485       0.9984426354865497
     656.3152768512342163       1.0363475880394879
     656.3154769846564704       1.0206221219551126
     656.3156771180787246       1.0042129428002902
     656.3158772515009787       0.9443340994439855
     656.3160773849233465       1.0654747503733393
     656.3162775183456006       0.9332371634751356
     656.3164776517678547       1.0062259144526327
     656.3166777851901088       0.9885438844792687
     656.3168779186124766       0.9784459828736786
     656.3170780520347307       0.9722567165160390
     656.3172781854569848       0.9980883915180992
     656.3174783188792389       0.9972585313473035
     656.3176784523016067       0.9644426814594136
     656.3178785857238609       1.0344534694342198
     656.3180787191461150       0.9180657151172056
     656.3182788525683691       0.9581894202055048
     656.3184789859907369       0.9788321810384646
     656.3186791194129910       0.9666011915495226
     656.3188792528352451       1.0276637714169481
     656.3190793862574992       1.0104546897186397
     656.3192795196798670       0.9077874264014381
     656.3194796531021211       0.9306585400963896
     656.3196797865243752       0.9754734926992817
     656.3198799199466293       1.0708082902492677
     656.3200800533688835       1.0275259254187130
     656.3202801867912513       1.0445752627132885
     656.3204803202135054       1.0115719201787552
     656.3206804536357595       0.9960662154916723
     656.3208805870580136       1.0147133757452038
     656.3210807204803814       0.9582669649063386
     656.3212808539026355       0.8917981110922955
     656.3214809873248896       0.8688172955712380
     656.3216811207471437       0.9757846003674361
     656.3218812541695115       1.0087184781596183
     656.3220813875917656       1.0642686282651748
     656.3222815210140197       1.0137363808361954
     656.3224816544362739       1.0465450130073604
     656.3226817878586417       1.0837177859370097
     656.3228819212808958       0.9492866457484990
     656.3230820547031499       0.9390020188283876
     656.3232821881254040       0.9828600839210236
     656.3234823215477718       0.9881315195385009
     656.3236824549700259       0.9940505898537072
     656.3238825883922800       1.0270027947567166
     656.3240827218145341       0.9443137320209216
     656.3242828552369019       0.9630943455897655
     656.3244829886591560       0.9605788536541211
     656.3246831220814101       0.9267439009842058
     656.3248832555036643       0.8769808799059337
     656.3250833889260321       0.9477125314221583
     656.3252835223482862       0.9807525800365693
     656.3254836557705403       0.9451993183337564
     656.3256837891927944       0.9199055738152178
     656.3258839226150485       0.8897886959673679
     656.3260840560374163       0.9754510528284287
     656.3262841894596704       0.9262197378844372
     656.3264843228819245       0.9914576591852775
     656.3266844563041786       0.9759421307698064
     656.3268845897265464       0.8608417167961139
     656.3270847231488005       0.8851696240378852
     656.3272848565710547       0.9647472113746853
     656.3274849899933088       0.9417183159898126
     656.3276851234156766       0.9463031130693669
     656.3278852568379307       0.8384559102358272
     656.3280853902601848       0.8483745686384055
     656.3282855236824389       0.8741385431936370
     656.3284856571048067       0.9290927573231278
     656.3286857905270608       0.8888720997571836
     656.3288859239493149       0.8092665019705976
     656.3290860573715690       0.8079223494061504
     656.3292861907939368       0.8766839198006690
     656.3294863242161910       0.8649231317118644
     656.3296864576384451       0.8902497630328735
     656.3298865910606992       0.7440466719031061
     656.3300867244830670       0.7586756548527154
     656.3302868579053211       0.7212237887139852
     656.3304869913275752       0.9140917607696153
     656.3306871247498293       0.8246088035833619
     656.3308872581721971       0.8173760842172444
     656.3310873915944512       0.8653307941725613
     656.3312875250167053       0.8136556326972126
     656.3314876584389594       0.7571470897451926
     656.3316877918612136       0.8183270697992704
     656.3318879252835814       0.8443053423883792
     656.3320880587058355       0.8296170724410752
     656.3322881921280896       0.7651524933896200
     656.3324883255503437       0.7690942809188407
     656.3326884589727115       0.7524427777986240
     656.3328885923949656       0.7526193170463800
     656.3330887258172197       0.9116212847299054
     656.3332888592394738       0.7741422774947868
     656.3334889926618416       0.8801215245920480
     656.3336891260840957       0.8772600983335341
     656.3338892595063498       0.7836739711746519
     656.3340893929286040       0.7787499442628044
     656.3342895263509718       0.8169837115622514
     656.3344896597732259       0.7789551825019683
     656.3346897931954800       0.8180873414052843
     656.3348899266177341       0.8424383125477694
     656.3350900600401019       0.8470680683391660
     656.3352901934623560       0.8281618900106205
     656.3354903268846101       0.8563406997483348
     656.3356904603068642       0.8352182467546962
     656.3358905937292320       0.9104162552702504
     656.3360907271514861       0.9543321849060132
     656.3362908605737402       0.8163983046467160
     656.3364909939959944       0.9138538600613872
     656.3366911274182485       0.8492686893606964
     656.3368912608406163       0.8225081592317744
     656.3370913942628704       0.8720170121702471
     656.3372915276851245       0.9861767841093438
     656.3374916611073786       0.9942345397084753
     656.3376917945297464       0.9105543315721316
     656.3378919279520005       0.9137834923866618
     656.3380920613742546       0.9469006947014739
     656.3382921947965087       0.9516039177935307
     656.3384923282188765       0.8892451128488640
     656.3386924616411306       1.0179836929906760
     656.3388925950633848       0.9413812849902532
     656.3390927284856389       0.9447395572325479
     656.3392928619080067       0.9591826501196915
     656.3394929953302608       0.9541095134140375
     656.3396931287525149       0.9607984590041869
     656.3398932621747690       0.9391403814290243
     656.3400933955971368       0.9448093615830193
     656.3402935290193909       0.9500238441373057
     656.3404936624416450       0.9752460119470051
     656.3406937958638991       0.8744639685234065
     656.3408939292862669       0.9579023120022362
     656.3410940627085211       1.0809044369146106
     656.3412941961307752       0.9813150101583297
     656.3414943295530293       0.9429872743313941
     656.3416944629753971       0.9963734785354937
     656.3418945963976512       0.9723149537394545
     656.3420947298199053       0.9272656350552813
     656.3422948632421594       0.9859331500580943
     656.3424949966644135       0.9600908402831174
     656.3426951300867813       0.9533010813917328
     656.3428952635090354       1.0104880224751684
     656.3430953969312895       1.0134008086027655
     656.3432955303535437       1.0132372834416397
     656.3434956637759115       1.0193347775876691
     656.3436957971981656       1.0627512430238233
     656.3438959306204197       0.9904777044176299
     656.3440960640426738       0.9777816546830884
     656.3442961974650416       0.9857315773815136
     656.3444963308872957       0.9834818863709757
     656.3446964643095498       1.0550552933792927
     656.3448965977318039       0.9873333369025489
     656.3450967311541717       1.0249208785740997
     656.3452968645764258       1.0862153794345550
     656.3454969979986799       1.0578389326774202
     656.3456971314209341       1.0328145354136469
     656.3458972648433019       0.9979226047237792
     656.3460973982655560       1.0043769607144490
     656.3462975316878101       0.9431788470629440
     656.3464976651100642       0.9884826539597965
     656.3466977985324320       0.9917443456554427
     656.3468979319546861       0.9491359268607962
     656.3470980653769402       1.0367720562000242
     656.3472981987991943       1.0413949498016870
     656.3474983322214484       0.9424937285299181
     656.3476984656438162       0.9788800312295762
     656.3478985990660703       1.0666642992451556
     656.3480987324883245       0.9753992204572046
     656.3482988659105786       0.9932569448116834
     656.3484989993329464       0.9657469982653133
     656.3486991327552005       0.9910984023700148
     656.3488992661774546       0.9910731442778837
     656.3490993995997087       0.9645826312924971
     656.3492995330220765       0.9097502551744362
     656.3494996664443306       1.0550882973320710
     656.3496997998665847       1.0053152464723001
     656.3498999332888388       0.9480660673192758
     656.3501000667112066       1.0062278817180657
     656.3503002001334607       0.9604745975605864
     656.3505003335557149       1.1330916450400261
     656.3507004669779690       0.9102742335102431
     656.3509006004003368       1.0349529871312360
     656.3511007338225909       0.9739522943018868
     656.3513008672448450       0.9748600822905718
     656.3515010006670991       1.0194623882112530
     656.3517011340894669       0.9941976446892258
     656.3519012675117210       1.0277525882264307
     656.3521014009339751       0.9039114747800753
     656.3523015343562292       1.0276786917881722
     656.3525016677785970       1.0435526525046990
     656.3527018012008512       0.9426924438575657
     656.3529019346231053       1.0670561456108256
     656.3531020680453594       0.9901710696923299
     656.3533022014676135       1.0260291361890350
     656.3535023348899813       1.0226844115586211
     656.3537024683122354       0.9735035577540816
     656.3539026017344895       1.0009974096998149
     656.3541027351567436       0.9252350098301172
     656.3543028685791114       1.0011845732453706
     656.3545030020013655       0.9805874725329050
     656.3547031354236196       1.0353107148433143
     656.3549032688458738       1.0088885849862128
     656.3551034022682416       0.9533106666776053
     656.3553035356904957       1.0046200184829495
     656.3555036691127498       0.9951716090648914
     656.3557038025350039       0.9957167084284948
     656.3559039359573717       1.0508002263356406
     656.3561040693796258       1.0283589687205623
     656.3563042028018799       0.9946867419721838
     656.3565043362241340       1.0577776713802838
     656.3567044696465018       1.0260418734656125
     656.3569046030687559       1.0370195909002495
     656.3571047364910100       1.0773171701556774
     656.3573048699132642       1.0127484216314140
     656.3575050033356320       0.9685320329224034
     656.3577051367578861       1.0676720288888897
     656.3579052701801402       0.9891782205611418
     656.3581054036023943       1.0210241245664640
     656.3583055370246484       0.8967273457897953
     656.3585056704470162       0.9798425901004471
     656.3587058038692703       0.9896051221972790
     656.3589059372915244       1.0060213701451794
     656.3591060707137785       0.9998430317397807
     656.3593062041361463       1.0484035573722856
     656.3595063375584004       0.9906971994661762
     656.3597064709806546       0.9960106536656935
     656.3599066044029087       0.9559579715069725
     656.3601067378252765       1.0111455935940428
     656.3603068712475306       1.0320869423417789
     656.3605070046697847       1.0704592987873083
     656.3607071380920388       0.9777578487976937
     656.3609072715144066       1.0636850669969331
     656.3611074049366607       0.9838892836116240
     656.3613075383589148       1.0602907054121076
     656.3615076717811689       1.0009516092246531
     656.3617078052035367       1.0322781801221270
     656.3619079386257908       1.0241219438610747
     656.3621080720480450       0.9889039099215283
     656.3623082054702991       0.9605701602994587
     656.3625083388926669       0.9247375503181858
     656.3627084723149210       1.1468099206685642
     656.3629086057371751       0.9904676536097865
     656.3631087391594292       1.0824050232767886
     656.3633088725817970       0.9998340223391887
     656.3635090060040511       0.9758962020277897
     656.3637091394263052       1.0540362000465340
     656.3639092728485593       1.0263278838247025
     656.3641094062708135       1.0931375175714468
     656.3643095396931813       1.0115631148219091
     656.3645096731154354       1.0464877597987641
     656.3647098065376895       1.0017827348783603
     656.3649099399599436       1.0478905849158759
     656.3651100733823114       1.0215017609298225
     656.3653102068045655       1.0253896005451677
     656.3655103402268196       0.9108372405171393
     656.3657104736490737       1.0284286029636860
     656.3659106070714415       1.0008235072600655
     656.3661107404936956       0.9410651512444019
     656.3663108739159497       0.9804816618561745
     656.3665110073382039       1.0707528516650200
     656.3667111407605717       0.9618708230555058
     656.3669112741828258       1.0149724232032895
     656.3671114076050799       0.9656318761408329
     656.3673115410273340       1.0240974929183722
     656.3675116744497018       0.9788262825459242
     656.3677118078719559       0.9207884818315506
     656.3679119412942100       0.9581434763967991
     656.3681120747164641       0.9381062015891075
     656.3683122081388319       0.8711327463388443
     656.3685123415610860       1.0070368796586990
     656.3687124749833401       1.0130593841895461
     656.3689126084055943       0.9417747594416142
     656.3691127418278484       0.9481303393840790
     656.3693128752502162       1.0349743328988552
     656.3695130086724703       0.9729355368763208
     656.3697131420947244       1.0582228489220142
     656.3699132755169785       0.9896883834153414
     656.3701134089393463       1.0575444363057613
     656.3703135423616004       1.0271369125694036
     656.3705136757838545       1.0046337950043380
     656.3707138092061086       0.9684160687029362
     656.3709139426284764       0.9873873172327876
     656.3711140760507305       0.9304601103067398
     656.3713142094729847       1.0656813010573387
     656.3715143428952388       1.1307363361120224
     656.3717144763176066       0.8931861892342567
     656.3719146097398607       1.0223975442349911
     656.3721147431621148       1.0094834351912141
     656.3723148765843689       0.9421407803893089
     656.3725150100067367       0.9123993590474129
     656.3727151434289908       0.9818009342998266
     656.3729152768512449       1.0066043213009834
     656.3731154102734990       1.0253471974283457
     656.3733155436958668       1.0281501915305853
     656.3735156771181209       0.9710067622363567
     656.3737158105403751       0.9969910471700132
     656.3739159439626292       0.9609052091836929
     656.3741160773849970       1.0383922308683395
     656.3743162108072511       0.9366562739014626
     656.3745163442295052       1.0060530351474881
     656.3747164776517593       0.9566025957465172
     656.3749166110740134       0.9771786574274302
     656.3751167444963812       0.9663537330925465
     656.3753168779186353       1.1432918757200241
     656.3755170113408894       0.9636021889746189
     656.3757171447631436       1.0863360241055489
     656.3759172781855113       0.9311101809144020
     656.3761174116077655       1.0015132235130295
     656.3763175450300196       0.9571148417890072
     656.3765176784522737       1.0258482489734888
     656.3767178118746415       1.1071659699082375
     656.3769179452968956       0.9773286972194910
     656.3771180787191497       0.9562367796897888
     656.3773182121414038       1.1121581941843033
     656.3775183455637716       1.0707992762327194
     656.3777184789860257       1.0694167315959930
     656.3779186124082798       0.9312831461429596
     656.3781187458305340       1.0607167594134808
     656.3783188792529018       0.9782581869512796
     656.3785190126751559       0.9371720850467682
     656.3787191460974100       0.9851041538640857
     656.3789192795196641       1.0368500798940659
     656.3791194129420319       1.0509780719876289
     656.3793195463642860       0.9675544872879982
     656.3795196797865401       0.9971261259634048
     656.3797198132087942       1.0514505691826344
     656.3799199466311620       0.9051147103309631
     656.3801200800534161       0.9771214742213488
     656.3803202134756702       0.9785675350576639
     656.3805203468979244       1.0942147448658943
     656.3807204803201785       0.9836583770811558
     656.3809206137425463       0.9649860635399818
     656.3811207471648004       0.9249485954642296
     656.3813208805870545       0.8977990373969078
     656.3815210140093086       1.0388753078877926
     656.3817211474316764       1.0145303355529904
     656.3819212808539305       0.9504268132150173
     656.3821214142761846       0.9468621239066124
     656.3823215476984387       0.9872164363041520
     656.3825216811208065       0.9281474426388741
     656.3827218145430606       0.9603353068232536
     656.3829219479653148       1.0441514514386654
     656.3831220813875689       0.9145932868123055
     656.3833222148099367       0.9975659486372024
     656.3835223482321908       0.9558880552649498
     656.3837224816544449       1.0838715136051178
     656.3839226150766990       1.0335012786090374
     656.3841227484990668       0.9790519941598177
     656.3843228819213209       0.9884154619649053
     656.3845230153435750       1.0314790718257427
     656.3847231487658291       1.0128146111965179
     656.3849232821881969       1.0762104019522667
     656.3851234156104510       0.9072085097432137
     656.3853235490327052       1.0384169779717922
     656.3855236824549593       0.9399037398397923
     656.3857238158772134       1.0375738441944122
     656.3859239492995812       0.9122221544384956
     656.3861240827218353       0.9830261543393135
     656.3863242161440894       0.9853331530466676
     656.3865243495663435       0.9897753689438105
     656.3867244829887113       0.9230696633458138
     656.3869246164109654       0.9982720093103126
     656.3871247498332195       1.0711793601512909
     656.3873248832554737       0.9721969068050385
     656.3875250166778414       1.1290644705295563
     656.3877251501000956       1.0878792405128479
     656.3879252835223497       0.9508924558758736
     656.3881254169446038       0.9407998956739902
     656.3883255503669716       0.9740185942500830
     656.3885256837892257       1.0438927635550499
     656.3887258172114798       1.0151128396391869
     656.3889259506337339       0.9984762634849176
     656.3891260840561017       1.0419009849429131
     656.3893262174783558       1.0514329671859741
     656.3895263509006099       1.0634191185235977
     656.3897264843228641       1.0265550669282675
     656.3899266177452319       0.9548757001757622
     656.3901267511674860       0.9990325657417998
     656.3903268845897401       0.9955101800151169
     656.3905270180119942       0.9711463917046785
     656.3907271514343620       1.0351783595979214
     656.3909272848566161       1.0459943786263466
     656.3911274182788702       1.0444345287978649
     656.3913275517011243       1.0893623903393745
     656.3915276851233784       1.0551523230969906
     656.3917278185457462       0.9924459336325526
     656.3919279519680003       1.1205265745520592
     656.3921280853902545       0.9376777522265911
     656.3923282188125086       1.0028933072462678
     656.3925283522348764       0.9325608685612679
     656.3927284856571305       1.0223155766725540
     656.3929286190793846       1.0343291461467743
     656.3931287525016387       0.9847153173759580
     656.3933288859240065       0.9819044116884470
     656.3935290193462606       1.0150801884010434
     656.3937291527685147       1.0036951829679310
     656.3939292861907688       0.9330684244632721
     656.3941294196131366       1.0399110727012157
     656.3943295530353907       0.9680984541773796
     656.3945296864576449       1.0274775605648756
     656.3947298198798990       1.0280485395342112
     656.3949299533022668       1.0437224134802818
     656.3951300867245209       1.1292317956686020
     656.3953302201467750       0.9856070280075073
     656.3955303535690291       0.9407863132655621
     656.3957304869913969       0.9721220582723618
     656.3959306204136510       1.0296919979155064
     656.3961307538359051       1.0711320340633392
     656.3963308872581592       0.9601730145514011
     656.3965310206804133       1.0313006527721882
     656.3967311541027811       0.9933832399547100
     656.3969312875250353       1.0109594846144319
     656.3971314209472894       0.9639540351927280
     656.3973315543695435       0.9986092045437545
     656.3975316877919113       1.0702103301882744
     656.3977318212141654       1.0650500580668449
     656.3979319546364195       0.9913378320634365
     656.3981320880586736       0.9781288504600525
     656.3983322214810414       0.9716685730963945
     656.3985323549032955       1.0601946897804737
     656.3987324883255496       1.0071022617630661
     656.3989326217478038       1.0040981150232255
     656.3991327551701715       1.1106720566749573
     656.3993328885924257       0.9866884006187320
     656.3995330220146798       1.0951093956828117
     656.3997331554369339       1.0228737536817789
     656.3999332888593017       0.9955698391422629
     656.4001334222815558       1.0095233572646976
     656.4003335557038099       1.0467664599418640
     656.4005336891260640       0.9672560766339302
     656.4007338225484318       1.0716979056596756
     656.4009339559706859       1.0310227219015360
     656.4011340893929400       0.9404959492385387
     656.4013342228151942       1.0330881625413895
     656.4015343562375620       1.0873996913433075
     656.4017344896598161       1.0029650439973921
     656.4019346230820702       0.9882173174992204
     656.4021347565043243       0.9927106783725321
     656.4023348899265784       1.0399735383689404
     656.4025350233489462       1.0257772151380777
     656.4027351567712003       1.0687389299273491
     656.4029352901934544       0.9723532944917679
     656.4031354236157085       0.9669623561203480
     656.4033355570380763       1.0209955275058746
     656.4035356904603304       0.9660577885806561
     656.4037358238825846       0.9973213954363018
     656.4039359573048387       0.9978323513641953
     656.4041360907272065       1.0020746204536408
     656.4043362241494606       0.9935246077366173
     656.4045363575717147       1.0613484196364880
     656.4047364909939688       1.1690032035112381
     656.4049366244163366       0.9273015782237053
     656.4051367578385907       0.9156200364232063
     656.4053368912608448       0.9785083346068859
     656.4055370246830989       1.0108006559312344
     656.4057371581054667       1.0252041164785624
     656.4059372915277208       0.9168348759412766
     656.4061374249499750       0.9170925989747047
     656.4063375583722291       0.8842972591519356
     656.4065376917945969       0.9917994076386094
     656.4067378252168510       1.0286212451756001
     656.4069379586391051       1.0542825572192669
     656.4071380920613592       1.0435482300817966
     656.4073382254836133       0.9774193558841944
     656.4075383589059811       0.9832131825387478
     656.4077384923282352       0.9781793095171452
     656.4079386257504893       0.9932636306621134
     656.4081387591727434       1.0151194110512733
     656.4083388925951112       0.9482313804328442
     656.4085390260173654       0.9598108083009720
     656.4087391594396195       0.9610700793564320
     656.4089392928618736       1.0735884830355644
     656.4091394262842414       0.9300564453005791
     656.4093395597064955       0.9143127575516701
     656.4095396931287496       0.9520661868155003
     656.4097398265510037       0.9847541050985456
     656.4099399599733715       0.8780983164906502
     656.4101400933956256       0.9840555880218744
     656.4103402268178797       0.9726672936230898
     656.4105403602401339       0.9394161142408848
     656.4107404936625016       0.9688342381268740
     656.4109406270847558       1.0119268717244267
     656.4111407605070099       0.9497759938240051
     656.4113408939292640       1.0419412516057491
     656.4115410273516318       0.9707458522170782
     656.4117411607738859       0.8696202188730240
     656.4119412941961400       0.9848175225779414
     656.4121414276183941       0.9899758128449321
     656.4123415610407619       1.0526395253837109
     656.4125416944630160       0.9506768062710762
     656.4127418278852701       1.0251478441059589
     656.4129419613075243       1.0467746183276176
     656.4131420947297784       1.1160476803779602
     656.4133422281521462       0.9975772043690085
     656.4135423615744003       0.9692689385265112
     656.4137424949966544       0.9844764769077301
     656.4139426284189085       0.9620782993733883
     656.4141427618412763       0.8959873914718628
     656.4143428952635304       1.0488929376006126
     656.4145430286857845       0.9947067266330123
     656.4147431621080386       1.0241948533803225
     656.4149432955304064       0.9907701546326280
     656.4151434289526605       1.0378733649849892
     656.4153435623749147       1.0250046104192734
     656.4155436957971688       0.9898194242268801
     656.4157438292195366       1.0262380223721266
     656.4159439626417907       1.0229390114545822
     656.4161440960640448       1.0693890079855919
     656.4163442294862989       1.0161473210901022
     656.4165443629086667       0.9728828035295010
     656.4167444963309208       1.0333324186503887
     656.4169446297531749       1.0312214400619268
     656.4171447631754290       1.0347946137189865
     656.4173448965977968       1.0046841590665281
     656.4175450300200509       0.9826373551040888
     656.4177451634423051       0.9574846401810646
     656.4179452968645592       1.0317402444779873
     656.4181454302869270       0.9942303886637092
     656.4183455637091811       1.0173931978642941
     656.4185456971314352       1.0413270108401775
     656.4187458305536893       1.0315520092844963
     656.4189459639759434       1.0618059635162354
     656.4191460973983112       0.9473899006843567
     656.4193462308205653       1.0828974843025208
     656.4195463642428194       0.9612691551446915
     656.4197464976650735       0.9630513340234756
     656.4199466310874413       1.0224117934703827
     656.4201467645096955       1.0500185973942280
     656.4203468979319496       1.0011909737950191
     656.4205470313542037       1.0141849117353559
     656.4207471647765715       0.9970407765358686
     656.4209472981988256       1.0257899165153503
     656.4211474316210797       1.0358786620199680
     656.4213475650433338       1.0339235402643681
     656.4215476984657016       1.0361133925616741
     656.4217478318879557       1.0066965320147574
     656.4219479653102098       1.0401536598801613
     656.4221480987324640       1.0622074678540230
     656.4223482321548317       0.9417441897094250
     656.4225483655770859       1.0170269850641489
     656.4227484989993400       1.0000307872214762
     656.4229486324215941       0.9446556791663170
     656.4231487658439619       1.0381961204111576
     656.4233488992662160       0.9672999307513237
     656.4235490326884701       0.9598298855125904
     656.4237491661107242       0.9976337030529976
     656.4239492995329783       0.9848039159551263
     656.4241494329553461       0.9999624915981258
     656.4243495663776002       0.9877584353089333
     656.4245496997998544       0.9484505280852318
     656.4247498332221085       1.0696277245879173
     656.4249499666444763       0.9344642981886864
     656.4251501000667304       1.0166990682482719
     656.4253502334889845       1.0885014757514000
     656.4255503669112386       1.0759227722883224
     656.4257505003336064       1.0099774291738868
     656.4259506337558605       1.0521316789090633
     656.4261507671781146       1.0889132097363472
     656.4263509006003687       0.9341990798711777
     656.4265510340227365       1.1017531976103783
     656.4267511674449906       1.0122462352737784
     656.4269513008672448       0.9496187455952168
     656.4271514342894989       1.1101216822862625
     656.4273515677118667       1.0095721371471882
     656.4275517011341208       0.9778522774577141
     656.4277518345563749       0.9652765095233917
     656.4279519679786290       0.9667845852673054
     656.4281521014009968       0.9364445284008980
     656.4283522348232509       1.0091566545888782
     656.4285523682455050       0.9593274407088757
     656.4287525016677591       1.0214695055037737
     656.4289526350901269       0.9956592069938779
     656.4291527685123810       0.9947924232110381
     656.4293529019346352       0.9642789475619793
     656.4295530353568893       0.8599243313074112
     656.4297531687791434       1.0258680786937475
     656.4299533022015112       1.0041428571566939
     656.4301534356237653       1.1282929033041000
     656.4303535690460194       0.9788803886622190
     656.4305537024682735       0.9441103823482990
     656.4307538358906413       0.9140611737966537
     656.4309539693128954       1.0176908485591412
     656.4311541027351495       0.9283764734864235
     656.4313542361574036       0.9924529334530234
     656.4315543695797714       1.0047814324498177
     656.4317545030020256       0.9788079299032688
     656.4319546364242797       1.0344997160136700
     656.4321547698465338       1.0639887675642967
     656.4323549032689016       0.8960698097944260
     656.4325550366911557       0.9873282508924603
     656.4327551701134098       1.0428268499672413
     656.4329553035356639       0.9817901588976383
     656.4331554369580317       1.0469205677509308
     656.4333555703802858       1.0456053689122200
     656.4335557038025399       0.9755839351564646
     656.4337558372247940       1.0593523271381855
     656.4339559706471618       0.9539660029113293
     656.4341561040694160       1.0015566633082926
     656.4343562374916701       0.9992405877565034
     656.4345563709139242       1.0509047023952007
     656.4347565043361783       0.9352631717920303
     656.4349566377585461       0.9070113599300385
     656.4351567711808002       0.9343262761831284
     656.4353569046030543       1.0040481970645487
     656.4355570380253084       1.0370498634874821
     656.4357571714476762       0.9525158628821373
     656.4359573048699303       1.1480109840631485
     656.4361574382921845       1.0482242777943611
     656.4363575717144386       0.9760792348533869
     656.4365577051368064       0.9352342411875725
     656.4367578385590605       1.0473122298717499
     656.4369579719813146       1.0231837537139654
     656.4371581054035687       1.0571719408035278
     656.4373582388259365       1.0724320933222771
     656.4375583722481906       0.9885786976665258
     656.4377585056704447       1.0100127076730132
     656.4379586390926988       0.9457558505237103
     656.4381587725150666       0.9944098480045795
     656.4383589059373207       1.0395267494022846
     656.4385590393595749       0.9785602111369371
     656.4387591727818290       1.0273824781179428
     656.4389593062041968       0.9354727268218994
     656.4391594396264509       1.0394655801355839
     656.4393595730487050       1.0239430963993073
     656.4395597064709591       1.0805440470576286
     656.4397598398933269       1.0580196194350719
     656.4399599733155810       0.8638534545898438
     656.4401601067378351       0.9103650972247124
     656.4403602401600892       0.9097177684307098
     656.4405603735823433       1.0153545010834932
     656.4407605070047111       0.9850740069523454
     656.4409606404269653       1.0474950671195984
     656.4411607738492194       0.9955723206512630
     656.4413609072714735       0.9976318585686386
     656.4415610406938413       0.9585940763354301
     656.4417611741160954       0.9627150781452656
     656.4419613075383495       0.9680850990116596
     656.4421614409606036       0.9571653604507446
     656.4423615743829714       1.0201811101287603
     656.4425617078052255       1.0890950188040733
     656.4427618412274796       0.9368783608078957
     656.4429619746497337       1.0052147898823023
     656.4431621080721015       1.0005241002072580
     656.4433622414943557       1.0328015796840191
     656.4435623749166098       1.0228638239204884
     656.4437625083388639       0.9789845142513514
     656.4439626417612317       0.9287993758916855
     656.4441627751834858       1.0402098223567009
     656.4443629086057399       0.9994610596331768
     656.4445630420279940       1.0042824693955481
     656.4447631754503618       0.9811153691262007
     656.4449633088726159       0.9733571968972683
     656.4451634422948700       0.9603351391851902
     656.4453635757171241       1.0036104738246650
     656.4455637091393783       1.0880071744322777
     656.4457638425617461       1.0333687439560890
     656.4459639759840002       0.9972725322004408
     656.4461641094062543       1.0668114870786667
     656.4463642428285084       0.9791203681379557
     656.4465643762508762       0.9903026269748807
     656.4467645096731303       1.0355932973325253
     656.4469646430953844       0.9773370567709208
     656.4471647765176385       1.0024901980068535
     656.4473649099400063       1.0191085077822208
     656.4475650433622604       1.0502858273684978
     656.4477651767845146       1.1041951104998589
     656.4479653102067687       1.0381079316139221
     656.4481654436291365       1.0369139611721039
     656.4483655770513906       1.0120520517230034
     656.4485657104736447       0.9743864741176367
     656.4487658438958988       1.0284955184906721
     656.4489659773182666       0.9663448855280876
     656.4491661107405207       1.0131086949259043
     656.4493662441627748       1.0361963957548141
     656.4495663775850289       1.0381584055721760
     656.4497665110073967       0.9190990403294563
     656.4499666444296508       0.9905536174774170
     656.4501667778519050       1.0048648156225681
     656.4503669112741591       1.0325300246477127
     656.4505670446965269       1.0890498235821724
     656.4507671781187810       0.9635384380817413
     656.4509673115410351       1.0694157257676125
     656.4511674449632892       0.9813246764242649
     656.4513675783855433       1.0078492267057300
     656.4515677118079111       1.0028277232777327
     656.4517678452301652       1.0114187616854906
     656.4519679786524193       1.0310894455760717
     656.4521681120746734       1.0662285387516022
     656.4523682454970412       1.0571686886250973
     656.4525683789192954       1.0418204739689827
     656.4527685123415495       1.0514513067901134
     656.4529686457638036       0.8785984516143799
     656.4531687791861714       0.9852971611544490
     656.4533689126084255       1.0834258198738098
     656.4535690460306796       0.9594450294971466
     656.4537691794529337       0.9686179198324680
     656.4539693128753015       1.0478427186608315
     656.4541694462975556       1.0207390077412128
     656.4543695797198097       1.0348137244582176
     656.4545697131420638       1.0062306430190802
     656.4547698465644316       1.0308864265680313
     656.4549699799866858       0.9554995857179165
     656.4551701134089399       0.9944998738355935
     656.4553702468311940       0.8638401180505753
     656.4555703802535618       1.0339922942221165
     656.4557705136758159       1.0282428599894047
     656.4559706470980700       0.9819094259291887
     656.4561707805203241       0.9967629120219499
     656.4563709139425782       0.9763645380735397
     656.4565710473649460       0.9735667724162340
     656.4567711807872001       1.0024355882778764
     656.4569713142094542       0.9848683727905154
     656.4571714476317084       0.9605051279067993
     656.4573715810540762       0.9339710026979446
     656.4575717144763303       0.9739701207727194
     656.4577718478985844       1.0660338923335075
     656.4579719813208385       0.9988191636512056
     656.4581721147432063       1.0727416500449181
     656.4583722481654604       1.0823633298277855
     656.4585723815877145       1.0644308403134346
     656.4587725150099686       1.0419676750898361
     656.4589726484323364       1.0265070889145136
     656.4591727818545905       1.0245017167180777
     656.4593729152768447       1.0504450500011444
     656.4595730486990988       0.9598304517567158
     656.4597731821214666       1.0399040319025517
     656.4599733155437207       1.0519436374306679
     656.4601734489659748       0.9617662243545055
     656.4603735823882289       1.0137788178399205
     656.4605737158105967       1.0504488013684750
     656.4607738492328508       1.0513159334659576
     656.4609739826551049       0.8944808691740036
     656.4611741160773590       1.0256483796983957
     656.4613742494997268       1.0893648788332939
     656.4615743829219809       1.1134968325495720
     656.4617745163442351       1.0320341549813747
     656.4619746497664892       0.9605256207287312
     656.4621747831887433       1.0519083030521870
     656.4623749166111111       0.8942738026380539
     656.4625750500333652       0.9158722907304764
     656.4627751834556193       0.9923847010359168
     656.4629753168778734       1.0010244966251776
     656.4631754503002412       1.0264244023710489
     656.4633755837224953       0.9651262685656548
     656.4635757171447494       0.9828464109450579
     656.4637758505670035       1.0193737130612135
     656.4639759839893713       0.9458019360899925
     656.4641761174116255       1.0196538958698511
     656.4643762508338796       1.0263984184712172
     656.4645763842561337       1.0001765199558577
     656.4647765176785015       0.9433235041797161
     656.4649766511007556       0.9629074186086655
     656.4651767845230097       1.0135699426755309
     656.4653769179452638       0.9874708624556661
     656.4655770513676316       0.9762990437448025
     656.4657771847898857       1.0323236398398876
     656.4659773182121398       1.0752311348915100
     656.4661774516343939       0.9608345963060856
     656.4663775850567617       1.0050427182577550
     656.4665777184790159       1.0028006869833916
     656.4667778519012700       0.9238595962524414
     656.4669779853235241       0.9959348854608834
     656.4671781187458919       1.0055359960533679
     656.4673782521681460       0.9384290017187595
     656.4675783855904001       1.0039971615187824
     656.4677785190126542       0.9488197155296803
     656.4679786524349083       0.9061325937509537
     656.4681787858572761       0.9817457869648933
     656.4683789192795302       0.9830022770911455
     656.4685790527017843       0.9842406548559666
     656.4687791861240385       0.9967748243361712
     656.4689793195464063       1.0368595682084560
     656.4691794529686604       1.0138230053707957
     656.4693795863909145       1.0057715903967619
     656.4695797198131686       1.0016840707976371
     656.4697798532355364       0.9831951390951872
     656.4699799866577905       0.9283801615238190
     656.4701801200800446       1.0185991264879704
     656.4703802535022987       0.9997537437884603
     656.4705803869246665       1.0035717263817787
     656.4707805203469206       1.0347035750746727
     656.4709806537691748       0.9542991705238819
     656.4711807871914289       1.0371325425803661
     656.4713809206137967       1.0047261631116271
     656.4715810540360508       1.0267620589584112
     656.4717811874583049       0.8788154348731041
     656.4719813208805590       1.0417038761079311
     656.4721814543029268       1.0106062954291701
     656.4723815877251809       0.9796336367726326
     656.4725817211474350       0.9991106093511917
     656.4727818545696891       1.0648458898067474
     656.4729819879919432       1.0233840215951204
     656.4731821214143110       1.0646817088127136
     656.4733822548365652       0.9671112932264805
     656.4735823882588193       1.0258772727102041
     656.4737825216810734       1.0085999472066760
     656.4739826551034412       0.9940511942841113
     656.4741827885256953       0.9569927640259266
     656.4743829219479494       1.0566656105220318
     656.4745830553702035       1.0021135350689292
     656.4747831887925713       0.9836052972823381
     656.4749833222148254       1.0437901914119720
     656.4751834556370795       0.9469376020133495
     656.4753835890593336       0.9612004794180393
     656.4755837224817014       1.0463664308190346
     656.4757838559039556       0.9503189511597157
     656.4759839893262097       0.9968320827465504
     656.4761841227484638       0.9472908079624176
     656.4763842561708316       0.9463347606360912
     656.4765843895930857       0.9894706979393959
     656.4767845230153398       1.0517874471843243
     656.4769846564375939       1.0096202204003930
     656.4771847898599617       1.0130764739587903
     656.4773849232822158       1.1057287976145744
     656.4775850567044699       0.9459305517375469
     656.4777851901267240       0.9611131772398949
     656.4779853235490918       0.9788140300661325
     656.4781854569713460       1.0581141710281372
     656.4783855903936001       1.0325736664235592
     656.4785857238158542       1.0018409880576655
     656.4787858572381083       1.0445677004754543
     656.4789859906604761       1.0049533401615918
     656.4791861240827302       0.9257374927401543
     656.4793862575049843       0.9714464358985424
     656.4795863909272384       1.0932464823126793
     656.4797865243496062       1.0198882576078176
     656.4799866577718603       1.0875867232680321
     656.4801867911941144       1.0361862592399120
     656.4803869246163686       0.9858200261369348
     656.4805870580387364       1.0244881361722946
     656.4807871914609905       1.0190735980868340
     656.4809873248832446       1.0203359592705965
     656.4811874583054987       0.9997173605370335
     656.4813875917278665       1.0408746562898159
     656.4815877251501206       1.0108315562829375
     656.4817878585723747       1.0567859895527363
     656.4819879919946288       1.0023283420596272
     656.4821881254169966       1.0064780167303979
     656.4823882588392507       1.0397645309567451
     656.4825883922615049       0.9828277043998241
     656.4827885256837590       1.0150964213535190
     656.4829886591061268       1.0853767991065979
     656.4831887925283809       1.0045043579302728
     656.4833889259506350       0.9792311601340771
     656.4835890593728891       0.9157399609684944
     656.4837891927951432       0.9875360475853086
     656.4839893262175110       0.9607310518622398
     656.4841894596397651       0.9721623323857784
     656.4843895930620192       1.0280825346708298
     656.4845897264842733       0.9459412097930908
     656.4847898599066411       0.9937619944103062
     656.4849899933288953       1.0100508183240891
     656.4851901267511494       0.9593089707195759
     656.4853902601734035       1.0762747749686241
     656.4855903935957713       1.0461358875036240
     656.4857905270180254       0.9641069136559963
     656.4859906604402795       0.9361749812960625
     656.4861907938625336       0.9711152128875256
     656.4863909272849014       0.9770032726228237
     656.4865910607071555       1.0334245190024376
     656.4867911941294096       1.0346934497356415
     656.4869913275516637       0.9274769797921181
     656.4871914609740315       0.9629248008131981
     656.4873915943962857       1.0492491386830807
     656.4875917278185398       1.0164762679487467
     656.4877918612407939       1.0791670978069305
     656.4879919946631617       0.8937790617346764
     656.4881921280854158       0.9719010945409536
     656.4883922615076699       0.9651516117155552
     656.4885923949299240       1.0137054938822985
     656.4887925283522918       0.9994588834815659
     656.4889926617745459       0.9818520192056894
     656.4891927951968000       1.0598484836518764
     656.4893929286190541       1.0636921674013138
     656.4895930620413083       0.8858587145805359
     656.4897931954636761       0.9444237984716892
     656.4899933288859302       1.0290934592485428
     656.4901934623081843       1.0060309129767120
     656.4903935957304384       0.9746931940317154
     656.4905937291528062       0.9756312537938356
     656.4907938625750603       1.0146426958963275
     656.4909939959973144       0.9337949231266975
     656.4911941294195685       0.9357381239533424
     656.4913942628419363       0.9844516897574067
     656.4915943962641904       1.0862266346812248
     656.4917945296864445       0.9592255763709545
     656.4919946631086987       1.0172845777124166
     656.4921947965310665       0.9754674080759287
     656.4923949299533206       0.9305572882294655
     656.4925950633755747       0.9323663115501404
     656.4927951967978288       1.0575089044868946
     656.4929953302201966       1.0454955063760281
     656.4931954636424507       1.0324685238301754
     656.4933955970647048       1.0745293796062469
     656.4935957304869589       0.9223053529858589
     656.4937958639093267       0.9080124497413635
     656.4939959973315808       0.9246808663010597
     656.4941961307538350       1.0286138206720352
     656.4943962641760891       1.0796796604990959
     656.4945963975983432       0.9356499984860420
     656.4947965310207110       1.0380047373473644
     656.4949966644429651       0.9948597615584731
     656.4951967978652192       0.9754940792918205
     656.4953969312874733       1.0883339717984200
     656.4955970647098411       0.9980291267856956
     656.4957971981320952       1.0211658328771591
     656.4959973315543493       0.9998301862506196
     656.4961974649766034       1.0562468469142914
     656.4963975983989712       0.8994424790143967
     656.4965977318212254       0.9600895643234253
     656.4967978652434795       1.0010457910830155
     656.4969979986657336       0.9518209584057331
     656.4971981320881014       0.9672340787947178
     656.4973982655103555       1.0833721533417702
     656.4975983989326096       0.9565412774682045
     656.4977985323548637       1.0357900559902191
     656.4979986657772315       1.0315782725811005
     656.4981987991994856       1.0226398948580027
     656.4983989326217397       0.9793815501034260
     656.4985990660439938       0.9710643831640482
     656.4987991994663616       0.9327054321765900
     656.4989993328886158       1.0037800332065672
     656.4991994663108699       0.9271852150559425
     656.4993995997331240       0.9423488005995750
     656.4995997331554918       1.0002982753503602
     656.4997998665777459       0.9658042229712009
     656.5000000000000000       0.9885167824104428
