     656.2000000000000455       0.9777447637170553
     656.2002001334222996       1.0059257270768285
     656.2004002668445537       0.9849939998239279
     656.2006004002669215       1.0155156869441271
     656.2008005336891756       0.9488156363368034
     656.2010006671114297       0.9495262913405895
     656.2012008005336838       0.9347129836678505
     656.2014009339560516       0.9891393510624766
     656.2016010673783057       1.0044471006840467
     656.2018012008005599       0.9364055767655373
     656.2020013342228140       0.9930037003941834
     656.2022014676451818       0.9925048737786710
     656.2024016010674359       1.0059412191621959
     656.2026017344896900       0.9942022268660367
     656.2028018679119441       1.0270319189876318
     656.2030020013343119       1.0096978126093745
     656.2032021347565660       1.0617964863777161
     656.2034022681788201       1.0488991178572178
     656.2036024016010742       1.0226629227399826
     656.2038025350234420       1.0003444390022196
     656.2040026684456961       0.9767812937498093
     656.2042028018679503       1.0082793915644288
     656.2044029352902044       0.9884143052622676
     656.2046030687125722       0.9242807105183601
     656.2048032021348263       1.0303844939917326
     656.2050033355570804       1.0438653938472271
     656.2052034689793345       1.0346766784787178
     656.2054036024017023       1.0614957176148891
     656.2056037358239564       1.0108118150383234
     656.2058038692462105       1.0696794167160988
     656.2060040026684646       0.9923465391620994
     656.2062041360907187       1.0233265887945890
     656.2064042695130865       0.9948993152938783
     656.2066044029353407       0.9570388607680798
     656.2068045363575948       1.0085908239707351
     656.2070046697798489       1.0192097779363394
     656.2072048032022167       0.9533384777605534
     656.2074049366244708       0.9577747620642185
     656.2076050700467249       1.0519995577633381
     656.2078052034689790       0.9681286364793777
     656.2080053368913468       1.0228547845035791
     656.2082054703136009       1.0177470874041319
     656.2084056037358550       1.0636587962508202
     656.2086057371581092       0.9907680656760931
     656.2088058705804769       0.9403036534786224
     656.2090060040027311       0.9707693401724100
     656.2092061374249852       0.9638506099581718
     656.2094062708472393       0.9861959693953395
     656.2096064042696071       1.0311239901930094
     656.2098065376918612       0.9846153231337667
     656.2100066711141153       1.0083568720147014
     656.2102068045363694       1.0413853488862514
     656.2104069379587372       0.9915117705240846
     656.2106070713809913       1.0811906680464745
     656.2108072048032454       0.9799213279038668
     656.2110073382254996       1.0693843811750412
     656.2112074716477537       1.0092491088435054
     656.2114076050701215       0.9809493888169527
     656.2116077384923756       0.9517444521188736
     656.2118078719146297       0.9126172140240669
     656.2120080053368838       1.0687469467520714
     656.2122081387592516       1.0427976213395596
     656.2124082721815057       0.9949500490911305
     656.2126084056037598       0.9466995410621166
     656.2128085390260139       1.1174729466438293
     656.2130086724483817       0.9672240465879440
     656.2132088058706358       0.9360253959894180
     656.2134089392928900       1.0384529493749142
     656.2136090727151441       1.0799182206392288
     656.2138092061375119       0.9740982614457607
     656.2140093395597660       0.9682243354618549
     656.2142094729820201       1.0330246277153492
     656.2144096064042742       0.9973653389606625
     656.2146097398266420       0.9754425827413797
     656.2148098732488961       1.0077233701013029
     656.2150100066711502       0.9795497078448534
     656.2152101400934043       0.9894256051629782
     656.2154102735157721       1.0300392117351294
     656.2156104069380262       1.0439655296504498
     656.2158105403602804       0.9453979060053825
     656.2160106737825345       1.1035007759928703
     656.2162108072049023       1.0813209265470505
     656.2164109406271564       0.9692708160728216
     656.2166110740494105       0.9442315995693207
     656.2168112074716646       1.1125131025910378
     656.2170113408939187       0.9426222480833530
     656.2172114743162865       1.0538633242249489
     656.2174116077385406       0.8821615576744080
     656.2176117411607947       1.0224244259297848
     656.2178118745830488       0.9361602142453194
     656.2180120080054166       1.0409983992576599
     656.2182121414276708       1.0250814650207758
     656.2184122748499249       1.0590018630027771
     656.2186124082721790       0.9015486761927605
     656.2188125416945468       1.0984642282128334
     656.2190126751168009       0.9858081387355924
     656.2192128085390550       1.0262071695178747
     656.2194129419613091       0.9558520801365376
     656.2196130753836769       0.9671047069132328
     656.2198132088059310       0.9552379027009010
     656.2200133422281851       0.9840880129486322
     656.2202134756504392       0.9667921401560307
     656.2204136090728070       1.0155731234699488
     656.2206137424950612       1.0019063834333792
     656.2208138759173153       0.9247422814369202
     656.2210140093395694       1.0644677504897118
     656.2212141427619372       0.8958563208580017
     656.2214142761841913       0.9357974976301193
     656.2216144096064454       1.0881749615073204
     656.2218145430286995       1.0646800324320793
     656.2220146764509536       0.9715337548404932
     656.2222148098733214       1.1036015376448631
     656.2224149432955755       0.9814789742231369
     656.2226150767178297       0.9965922913979739
     656.2228152101400838       0.9978667199611664
     656.2230153435624516       0.9817222896963358
     656.2232154769847057       0.9545356370508671
     656.2234156104069598       1.0972601398825645
     656.2236157438292139       1.0213649403303862
     656.2238158772515817       1.0626537576317787
     656.2240160106738358       0.9303966239094734
     656.2242161440960899       1.0412405095994473
     656.2244162775183440       1.0587434470653534
     656.2246164109407118       0.9710118938237429
     656.2248165443629659       0.9843034762889147
     656.2250166777852201       0.9598891772329807
     656.2252168112074742       0.9289090558886528
     656.2254169446298420       0.9741372223943472
     656.2256170780520961       1.0281162951141596
     656.2258172114743502       1.0079440660774708
     656.2260173448966043       0.9755376707762480
     656.2262174783189721       1.0900942459702492
     656.2264176117412262       1.0413875356316566
     656.2266177451634803       0.9652295447885990
     656.2268178785857344       1.0335681736469269
     656.2270180120081022       0.9965332366991788
     656.2272181454303563       0.9143017828464508
     656.2274182788526105       1.0308652203530073
     656.2276184122748646       0.9270101413130760
     656.2278185456971187       1.0062638893723488
     656.2280186791194865       1.0092579228803515
     656.2282188125417406       0.9328105151653290
     656.2284189459639947       0.8969737291336060
     656.2286190793862488       1.0182373803108931
     656.2288192128086166       0.9662843272089958
     656.2290193462308707       1.1278783679008484
     656.2292194796531248       1.0363407395780087
     656.2294196130753789       0.9458212591707706
     656.2296197464977467       0.9032111242413521
     656.2298198799200009       0.9204169288277626
     656.2300200133422550       0.9486405663192272
     656.2302201467645091       1.0248321946710348
     656.2304202801868769       1.0226001925766468
     656.2306204136091310       1.0417053699493408
     656.2308205470313851       1.0068643535487354
     656.2310206804536392       0.9797345586121082
     656.2312208138760070       0.9401051513850689
     656.2314209472982611       0.9962742570787668
     656.2316210807205152       0.9627535082399845
     656.2318212141427693       0.9291028156876564
     656.2320213475651371       0.9656743891537189
     656.2322214809873913       0.9759806357324123
     656.2324216144096454       0.9557255096733570
     656.2326217478318995       1.0080156829208136
     656.2328218812541536       1.0109693184494972
     656.2330220146765214       0.9403977803885937
     656.2332221480987755       0.9140596687793732
     656.2334222815210296       0.9931133575737476
     656.2336224149432837       0.9771061167120934
     656.2338225483656515       1.0436469130218029
     656.2340226817879056       0.9954235265031457
     656.2342228152101598       0.9969355056528002
     656.2344229486324139       1.0226938258856535
     656.2346230820547817       1.0676595792174339
     656.2348232154770358       1.0662068501114845
     656.2350233488992899       1.0551476255059242
     656.2352234823215440       0.9247054457664490
     656.2354236157439118       0.9770690146833658
     656.2356237491661659       1.0301623027771711
     656.2358238825884200       0.9229115247726440
     656.2360240160106741       1.0181097723543644
     656.2362241494330419       0.9452828951179981
     656.2364242828552960       0.9387885071337223
     656.2366244162775502       0.9916141228750348
     656.2368245496998043       1.0009865246247500
     656.2370246831221721       0.9890016177669168
     656.2372248165444262       0.9681077264249325
     656.2374249499666803       0.9214907139539719
     656.2376250833889344       0.9584191031754017
     656.2378252168113022       0.9536348879337311
     656.2380253502335563       1.0738053470849991
     656.2382254836558104       1.0900906696915627
     656.2384256170780645       1.0042576412670314
     656.2386257505003186       0.9845001855865121
     656.2388258839226864       1.0375822819769382
     656.2390260173449406       0.9517028219997883
     656.2392261507671947       1.0107946088537574
     656.2394262841894488       0.9966811421327293
     656.2396264176118166       1.1078154593706131
     656.2398265510340707       1.0273565202951431
     656.2400266844563248       1.0147181795910001
     656.2402268178785789       0.9974978235550225
     656.2404269513009467       1.0052968296222389
     656.2406270847232008       0.9204698279500008
     656.2408272181454549       0.9634240604937077
     656.2410273515677090       1.0348710305988789
     656.2412274849900768       0.9513428881764412
     656.2414276184123310       0.9675777703523636
     656.2416277518345851       0.9714456349611282
     656.2418278852568392       1.0505582094192505
     656.2420280186792070       1.0385841615498066
     656.2422281521014611       0.9656376875936985
     656.2424282855237152       0.9380515851080418
     656.2426284189459693       1.0511402785778046
     656.2428285523683371       0.9660403020679951
     656.2430286857905912       1.0414922609925270
     656.2432288192128453       0.9295006096363068
     656.2434289526350994       1.0113032944500446
     656.2436290860574672       0.9531477950513363
     656.2438292194797214       1.0370003134012222
     656.2440293529019755       1.0079935537651181
     656.2442294863242296       1.0692702382802963
     656.2444296197464837       0.9773234743624926
     656.2446297531688515       1.0212222747504711
     656.2448298865911056       1.0128621114417911
     656.2450300200133597       1.0240494869649410
     656.2452301534356138       0.9964133184403181
     656.2454302868579816       0.9750784188508987
     656.2456304202802357       0.9526025541126728
     656.2458305537024899       0.9950933917425573
     656.2460306871247440       0.9824037197977304
     656.2462308205471118       0.8887054100632668
     656.2464309539693659       1.0615258030593395
     656.2466310873916200       0.9590454474091530
     656.2468312208138741       1.0365878120064735
     656.2470313542362419       0.9882664484903216
     656.2472314876584960       0.9700981192290783
     656.2474316210807501       1.0072791650891304
     656.2476317545030042       0.9972514943219721
     656.2478318879253720       1.0310292188078165
     656.2480320213476261       1.0350143313407898
     656.2482321547698803       0.9846311220899224
     656.2484322881921344       0.9932376057840884
     656.2486324216145022       0.8964124545454979
     656.2488325550367563       1.0097459778189659
     656.2490326884590104       0.9261204972863197
     656.2492328218812645       0.9475052356719971
     656.2494329553035186       0.9783403407782316
     656.2496330887258864       0.9272501394152641
     656.2498332221481405       0.9996959715790581
     656.2500333555703946       1.0051677082665265
     656.2502334889926487       1.0274777170270681
     656.2504336224150165       1.0199046060442924
     656.2506337558372707       1.0364207886159420
     656.2508338892595248       1.0220878776162863
     656.2510340226817789       1.0037251214962453
     656.2512341561041467       0.9576785564422607
     656.2514342895264008       0.9601710028946400
     656.2516344229486549       1.0956551730632782
     656.2518345563709090       0.9705539792776108
     656.2520346897932768       0.9870346914976835
     656.2522348232155309       0.9872912745922804
     656.2524349566377850       1.0004763687611558
     656.2526350900600391       0.9509435705840588
     656.2528352234824069       1.0202321149408817
     656.2530353569046611       0.9603256843984127
     656.2532354903269152       1.0080762142315507
     656.2534356237491693       1.0552834160625935
     656.2536357571715371       1.0721412301063538
     656.2538358905937912       1.0441028885543346
     656.2540360240160453       0.9674280621111393
     656.2542361574382994       1.0310622137039900
     656.2544362908606672       1.0280015915632248
     656.2546364242829213       0.9476043470203876
     656.2548365577051754       0.9288138225674629
     656.2550366911274295       1.0119361765682697
     656.2552368245496837       0.9641369618475437
     656.2554369579720515       0.9759049136191607
     656.2556370913943056       0.9547830112278461
     656.2558372248165597       1.0277554225176573
     656.2560373582388138       1.0499250218272209
     656.2562374916611816       0.9410302340984344
     656.2564376250834357       1.0326616279780865
     656.2566377585056898       0.9928784430958331
     656.2568378919279439       0.9553529247641563
     656.2570380253503117       1.0096105681732297
     656.2572381587725658       1.0191926471889019
     656.2574382921948200       0.9109805971384048
     656.2576384256170741       0.8899205327033997
     656.2578385590394419       1.0605303347110748
     656.2580386924616960       1.0363849960267544
     656.2582388258839501       1.0460149236023426
     656.2584389593062042       0.9821731690317392
     656.2586390927285720       1.0567664876580238
     656.2588392261508261       0.9829100761562586
     656.2590393595730802       0.9739304147660732
     656.2592394929953343       1.0567776560783386
     656.2594396264177021       0.9855588078498840
     656.2596397598399562       1.0032337929587811
     656.2598398932622104       0.9846251318231225
     656.2600400266844645       0.9777201376855373
     656.2602401601067186       0.9798879530280828
     656.2604402935290864       0.9193558171391487
     656.2606404269513405       0.9419286884367466
     656.2608405603735946       1.0865623354911804
     656.2610406937958487       0.9749833960086107
     656.2612408272182165       1.0068876310251653
     656.2614409606404706       0.8802165985107422
     656.2616410940627247       1.0592483282089233
     656.2618412274849788       0.9971544735599309
     656.2620413609073466       0.9956456390209496
     656.2622414943296008       1.0188687536865473
     656.2624416277518549       1.0202675070613623
     656.2626417611741090       1.0683339759707451
     656.2628418945964768       0.9570822007954121
     656.2630420280187309       1.0346830785274506
     656.2632421614409850       0.9570882096886635
     656.2634422948632391       0.9433130919933319
     656.2636424282856069       0.8554054051637650
     656.2638425617078610       0.9807618428021669
     656.2640426951301151       1.0316635407507420
     656.2642428285523692       1.0101034510880709
     656.2644429619747370       1.0490027368068695
     656.2646430953969912       1.1071962043642998
     656.2648432288192453       1.0261741485446692
     656.2650433622414994       1.0618934519588947
     656.2652434956638672       1.0129732256755233
     656.2654436290861213       1.0111595736816525
     656.2656437625083754       1.0275336243212223
     656.2658438959306295       1.0012240071082488
     656.2660440293528836       0.8830185979604721
     656.2662441627752514       0.9984891385538504
     656.2664442961975055       0.9590150341391563
     656.2666444296197596       0.9359620735049248
     656.2668445630420138       1.0391078293323517
     656.2670446964643816       0.9603972360491753
     656.2672448298866357       0.9398337416350842
     656.2674449633088898       0.9426994323730469
     656.2676450967311439       0.9077754318714142
     656.2678452301535117       1.0000616989709670
     656.2680453635757658       0.9675620980560780
     656.2682454969980199       1.0293609853833914
     656.2684456304202740       1.0296312067657709
     656.2686457638426418       0.9954864061437547
     656.2688458972648959       0.9468792565166950
     656.2690460306871501       1.0434564389288425
     656.2692461641094042       0.9814176131039858
     656.2694462975317720       1.0324493311345577
     656.2696464309540261       1.0792680904269218
     656.2698465643762802       0.9958824655041099
     656.2700466977985343       1.0113342069089413
     656.2702468312209021       1.1040901690721512
     656.2704469646431562       0.9874687697738409
     656.2706470980654103       0.9765900410711765
     656.2708472314876644       1.0268131848424673
     656.2710473649099185       1.0274119060486555
     656.2712474983322863       1.0141959106549621
     656.2714476317545405       1.0756984427571297
     656.2716477651767946       1.0413480997085571
     656.2718478985990487       0.9895909251645207
     656.2720480320214165       0.9125807955861092
     656.2722481654436706       1.0274392012506723
     656.2724482988659247       0.9601531960070133
     656.2726484322881788       1.0591097064316273
     656.2728485657105466       1.0380504839122295
     656.2730486991328007       1.0074561624787748
     656.2732488325550548       0.9171314612030983
     656.2734489659773089       1.0726089254021645
     656.2736490993996767       1.1329119652509689
     656.2738492328219309       1.0446233637630939
     656.2740493662441850       0.9496101438999176
     656.2742494996664391       1.0298434086143970
     656.2744496330888069       1.0233523491770029
     656.2746497665110610       1.0816235691308975
     656.2748498999333151       0.9407188184559345
     656.2750500333555692       0.9829090945422649
     656.2752501667779370       0.9377341307699680
     656.2754503002001911       1.0209491979330778
     656.2756504336224452       1.0772671923041344
     656.2758505670446993       1.0725491344928741
     656.2760507004670671       0.9605102874338627
     656.2762508338893213       1.0365944616496563
     656.2764509673115754       0.9394362866878510
     656.2766511007338295       0.9522474519908428
     656.2768512341560836       0.9996570775401779
     656.2770513675784514       1.0722993910312653
     656.2772515010007055       0.9370469748973846
     656.2774516344229596       0.9492222853004932
     656.2776517678452137       1.0981974601745605
     656.2778519012675815       1.0090854186564684
     656.2780520346898356       1.0252017956227064
     656.2782521681120897       0.9964799094013870
     656.2784523015343439       1.0216199886053801
     656.2786524349567117       0.9982459775637835
     656.2788525683789658       0.9919986398890615
     656.2790527018012199       0.9501164443790913
     656.2792528352234740       0.9866975629702210
     656.2794529686458418       0.9456781968474388
     656.2796531020680959       1.0037488143425435
     656.2798532354903500       1.0367020778357983
     656.2800533689126041       0.9319123700261116
     656.2802535023349719       0.9859422128647566
     656.2804536357572260       0.9486591927707195
     656.2806537691794802       1.0044890232384205
     656.2808539026017343       1.0033021585550159
     656.2810540360241021       1.0411608777940273
     656.2812541694463562       0.9909969111904502
     656.2814543028686103       1.0141471223905683
     656.2816544362908644       0.9693652708083391
     656.2818545697131185       0.8875410929322243
     656.2820547031354863       0.9925610898062587
     656.2822548365577404       1.0564980916678905
     656.2824549699799945       0.9355585724115372
     656.2826551034022486       0.9836672227829695
     656.2828552368246164       0.9341364130377769
     656.2830553702468706       1.0260486640036106
     656.2832555036691247       1.0207549966871738
     656.2834556370913788       1.0299991108477116
     656.2836557705137466       1.0386492572724819
     656.2838559039360007       1.0441042222082615
     656.2840560373582548       0.9068526849150658
     656.2842561707805089       1.0522710941731930
     656.2844563042028767       0.9822677560150623
     656.2846564376251308       1.0818372294306755
     656.2848565710473849       1.0348965525627136
     656.2850567044696390       0.9510124400258064
     656.2852568378920068       1.0868109688162804
     656.2854569713142610       0.9661787636578083
     656.2856571047365151       0.9675073996186256
     656.2858572381587692       1.0104440702125430
     656.2860573715811370       0.9962164789903909
     656.2862575050033911       0.8802325949072838
     656.2864576384256452       0.9698424842208624
     656.2866577718478993       0.9229394197463989
     656.2868579052702671       0.9301144406199455
     656.2870580386925212       1.0166548229753971
     656.2872581721147753       1.0244250223040581
     656.2874583055370294       0.9972228896804154
     656.2876584389592836       0.9796061459928751
     656.2878585723816514       0.9607205949723721
     656.2880587058039055       0.9879700401797891
     656.2882588392261596       0.9609551616013050
     656.2884589726484137       0.9791241828352213
     656.2886591060707815       1.0976687595248222
     656.2888592394930356       1.0485445447266102
     656.2890593729152897       0.9758240822702646
     656.2892595063375438       1.0375346131622791
     656.2894596397599116       1.0557959340512753
     656.2896597731821657       1.0430267974734306
     656.2898599066044198       1.0280097816139460
     656.2900600400266740       1.0589724294841290
     656.2902601734490418       0.8765861466526985
     656.2904603068712959       1.1021877676248550
     656.2906604402935500       1.0403045788407326
     656.2908605737158041       1.0148742096498609
     656.2910607071381719       0.9793346747756004
     656.2912608405604260       1.0119690811261535
     656.2914609739826801       1.0450847335159779
     656.2916611074049342       0.9940659101121128
     656.2918612408273020       1.0132589368149638
     656.2920613742495561       1.0030041283462197
     656.2922615076718103       1.0074535752646625
     656.2924616410940644       0.8619556427001953
     656.2926617745164322       0.9493270330131054
     656.2928619079386863       1.0287770777940750
     656.2930620413609404       1.0804921612143517
     656.2932621747831945       1.0250995364040136
     656.2934623082054486       1.0249005369842052
     656.2936624416278164       0.9843045417219400
     656.2938625750500705       0.9272767975926399
     656.2940627084723246       1.0662905648350716
     656.2942628418945787       0.9745966289192438
     656.2944629753169465       1.0062424796633422
     656.2946631087392007       1.0119490707293153
     656.2948632421614548       1.0204515624791384
     656.2950633755837089       0.9001873806118965
     656.2952635090060767       1.0028731364291161
     656.2954636424283308       0.9204824045300484
     656.2956637758505849       1.0416092388331890
     656.2958639092728390       0.9930124334059656
     656.2960640426952068       0.9824444334954023
     656.2962641761174609       0.9821152109652758
     656.2964643095397150       1.0576677508652210
     656.2966644429619691       0.9739964604377747
     656.2968645763843369       0.9399284347891808
     656.2970647098065911       1.0699948519468307
     656.2972648432288452       1.0139802787452936
     656.2974649766510993       0.9703708402812481
     656.2976651100734671       0.9851754065603018
     656.2978652434957212       1.0197337660938501
     656.2980653769179753       0.9318570271134377
     656.2982655103402294       0.9478562474250793
     656.2984656437624835       0.9422185122966766
     656.2986657771848513       0.9358189776539803
     656.2988659106071054       1.0495086498558521
     656.2990660440293595       0.9673613794147968
     656.2992661774516137       1.0498983636498451
     656.2994663108739815       0.9940196606330574
     656.2996664442962356       1.0878682658076286
     656.2998665777184897       1.0591738037765026
     656.3000667111407438       1.0410756431519985
     656.3002668445631116       1.0127060553058982
     656.3004669779853657       1.0209860652685165
     656.3006671114076198       0.9275991395115852
     656.3008672448298739       1.0068352385424078
     656.3010673782522417       1.0321755819022655
     656.3012675116744958       0.9850828852504492
     656.3014676450967499       1.0029237561393529
     656.3016677785190041       1.0194101613014936
     656.3018679119413719       0.9445589780807495
     656.3020680453636260       1.0487154759466648
     656.3022681787858801       1.0792168080806732
     656.3024683122081342       0.9462039507925510
     656.3026684456305020       0.9997221830126364
     656.3028685790527561       1.0893994793295860
     656.3030687124750102       0.9621496610343456
     656.3032688458972643       1.0862374231219292
     656.3034689793196321       0.9552316814661026
     656.3036691127418862       0.9798353221267462
     656.3038692461641403       1.0616964884102345
     656.3040693795863945       1.0678019151091576
     656.3042695130086486       1.0413159094750881
     656.3044696464310164       0.9862277880311012
     656.3046697798532705       1.0971870198845863
     656.3048699132755246       1.0017210980877280
     656.3050700466977787       0.9594179578125477
     656.3052701801201465       1.0583470277488232
     656.3054703135424006       1.0456159859895706
     656.3056704469646547       0.9213730171322823
     656.3058705803869088       0.9735014308243990
     656.3060707138092766       1.0039659892208874
     656.3062708472315308       0.9883083384484052
     656.3064709806537849       1.0144667765125632
     656.3066711140760390       0.9269147440791128
     656.3068712474984068       1.0314070209860799
     656.3070713809206609       0.9850906068459149
     656.3072715143429150       0.9968654867261642
     656.3074716477651691       0.9384190738201132
     656.3076717811875369       0.9833590686321244
     656.3078719146097910       0.9362758398056009
     656.3080720480320451       1.0039650467224388
     656.3082721814542992       0.9988955114968074
     656.3084723148766670       0.9894808167591622
     656.3086724482989212       1.0151298046111958
     656.3088725817211753       1.0104623222723452
     656.3090727151434294       1.0298334341496007
     656.3092728485656835       1.0308167878538044
     656.3094729819880513       0.9527977630495547
     656.3096731154103054       0.8997742384671465
     656.3098732488325595       1.0833451971410684
     656.3100733822548136       0.9591139629481737
     656.3102735156771814       1.0261517260221471
     656.3104736490994355       0.9834228996184327
     656.3106737825216896       1.0307491701091787
     656.3108739159439438       1.0193588901304662
     656.3110740493663116       1.0390855334689815
     656.3112741827885657       0.9620802365230048
     656.3114743162108198       0.9634249508361747
     656.3116744496330739       1.0184854380759112
     656.3118745830554417       1.0634215474089870
     656.3120747164776958       1.0386848561410598
     656.3122748498999499       1.0802842006009237
     656.3124749833222040       1.0629913210758590
     656.3126751167445718       0.9459641575657994
     656.3128752501668259       1.0326836630483800
     656.3130753835890800       1.0498546175352841
     656.3132755170113342       1.0036673934236942
     656.3134756504337020       0.8754820003509174
     656.3136757838559561       0.9883604840477135
     656.3138759172782102       0.9710555727373614
     656.3140760507004643       0.9768677762047240
     656.3142761841228321       0.9572619532828535
     656.3144763175450862       1.0440556441197115
     656.3146764509673403       0.9781130268731557
     656.3148765843895944       0.9850828762979712
     656.3150767178118485       1.0222425285377714
     656.3152768512342163       1.0539962526951365
     656.3154769846564704       1.0136782167914875
     656.3156771180787246       0.9507301169379007
     656.3158772515009787       0.9632013450823469
     656.3160773849233465       0.9651811124289648
     656.3162775183456006       1.0101687226587392
     656.3164776517678547       0.9656379344275076
     656.3166777851901088       1.0259671310603649
     656.3168779186124766       1.1321968916138614
     656.3170780520347307       0.9848918284972201
     656.3172781854569848       1.0644357371040960
     656.3174783188792389       0.9002628425779355
     656.3176784523016067       1.0358037624405370
     656.3178785857238609       1.0454896919179686
     656.3180787191461150       0.9841106967578074
     656.3182788525683691       0.9813164914243402
     656.3184789859907369       1.0242705195788382
     656.3186791194129910       1.0531939755818682
     656.3188792528352451       0.8579488642036414
     656.3190793862574992       1.0847945800131780
     656.3192795196798670       1.0312929327493254
     656.3194796531021211       0.9982470327840376
     656.3196797865243752       0.9294399204819904
     656.3198799199466293       0.9453133937483149
     656.3200800533688835       1.0426378028233672
     656.3202801867912513       0.9699824413738717
     656.3204803202135054       1.1120208937176077
     656.3206804536357595       0.9714963712130594
     656.3208805870580136       1.0561805192949059
     656.3210807204803814       1.0336883175009408
     656.3212808539026355       0.9464268910135369
     656.3214809873248896       0.9605108987012460
     656.3216811207471437       1.0035747122153669
     656.3218812541695115       1.0401367407129551
     656.3220813875917656       1.0030540434914430
     656.3222815210140197       0.9815143532004920
     656.3224816544362739       0.9893020130739553
     656.3226817878586417       1.0137040595132070
     656.3228819212808958       1.0612022143068027
     656.3230820547031499       1.0100066749203158
     656.3232821881254040       1.0100905608883126
     656.3234823215477718       0.9427104199630597
     656.3236824549700259       1.0186572679026744
     656.3238825883922800       0.8746898413433918
     656.3240827218145341       0.9770399817166024
     656.3242828552369019       0.9887797342279677
     656.3244829886591560       1.0381356878972099
     656.3246831220814101       1.0120534374358661
     656.3248832555036643       0.9948511413474966
     656.3250833889260321       0.9485336114258760
     656.3252835223482862       0.9024571907882614
     656.3254836557705403       0.9874431915648222
     656.3256837891927944       1.0339173593165625
     656.3258839226150485       1.0240534260105012
     656.3260840560374163       0.9521636428656269
     656.3262841894596704       0.9609696293794533
     656.3264843228819245       0.9751163427194234
     656.3266844563041786       0.9639201489312724
     656.3268845897265464       0.9456201192563871
     656.3270847231488005       1.0464006582464700
     656.3272848565710547       0.9744328766797736
     656.3274849899933088       1.0322497049633723
     656.3276851234156766       1.0092165665283301
     656.3278852568379307       0.9543021739079286
     656.3280853902601848       0.9365292617120801
     656.3282855236824389       1.0035389111150470
     656.3284856571048067       1.0268661135067609
     656.3286857905270608       0.8817982138613182
     656.3288859239493149       1.0131318807037222
     656.3290860573715690       0.8993770896787747
     656.3292861907939368       1.0228267419925050
     656.3294863242161910       0.9859291922904447
     656.3296864576384451       0.9730900909855887
     656.3298865910606992       0.9121390409554173
     656.3300867244830670       0.9457454005517099
     656.3302868579053211       0.8737511470098492
     656.3304869913275752       0.9726342081818304
     656.3306871247498293       0.9510052085719932
     656.3308872581721971       1.0318679984648353
     656.3310873915944512       1.0026898152793753
     656.3312875250167053       0.8843205488937744
     656.3314876584389594       0.9521791636709382
     656.3316877918612136       1.0132983376459213
     656.3318879252835814       0.9668122815724396
     656.3320880587058355       0.9527650524388085
     656.3322881921280896       0.9077500908686206
     656.3324883255503437       0.9488468294235507
     656.3326884589727115       0.9225338946773206
     656.3328885923949656       0.9550848446526117
     656.3330887258172197       0.9922833438398428
     656.3332888592394738       0.9396954247186562
     656.3334889926618416       0.9730624395409050
     656.3336891260840957       0.9669704158259382
     656.3338892595063498       0.8982535025791186
     656.3340893929286040       0.9012971794940192
     656.3342895263509718       0.9350058447829639
     656.3344896597732259       0.8874108143351270
     656.3346897931954800       0.9392687181097354
     656.3348899266177341       0.9318973955103911
     656.3350900600401019       0.9384805516480088
     656.3352901934623560       0.8969702570012256
     656.3354903268846101       0.8337208269881198
     656.3356904603068642       0.8847733552995842
     656.3358905937292320       0.8371056144856132
     656.3360907271514861       0.9136681490671426
     656.3362908605737402       0.8815093924663631
     656.3364909939959944       0.8870845876375605
     656.3366911274182485       0.8925888383650150
     656.3368912608406163       0.8904112295218387
     656.3370913942628704       0.8007231474398386
     656.3372915276851245       0.8401629439663841
     656.3374916611073786       0.8365745074076354
     656.3376917945297464       0.8193802426201080
     656.3378919279520005       0.8088665717296289
     656.3380920613742546       0.8802947173294680
     656.3382921947965087       0.7586131686142820
     656.3384923282188765       0.7327924105044417
     656.3386924616411306       0.7788954972564770
     656.3388925950633848       0.8306737021001871
     656.3390927284856389       0.7935433008410815
     656.3392928619080067       0.7734346148483435
     656.3394929953302608       0.8849793794821896
     656.3396931287525149       0.7640583481622729
     656.3398932621747690       0.8018621013316782
     656.3400933955971368       0.7375895630535647
     656.3402935290193909       0.8610184436113808
     656.3404936624416450       0.8080588653284875
     656.3406937958638991       0.8073549852765496
     656.3408939292862669       0.8047050506506246
     656.3410940627085211       0.8866571955858851
     656.3412941961307752       0.8432608626942979
     656.3414943295530293       0.7465571642391241
     656.3416944629753971       0.8396372889662607
     656.3418945963976512       0.8364978522942390
     656.3420947298199053       0.7918072927015627
     656.3422948632421594       0.7979084015646202
     656.3424949966644135       0.8779342569317919
     656.3426951300867813       0.9381143030972263
     656.3428952635090354       0.8085036805552852
     656.3430953969312895       0.8069724130160835
     656.3432955303535437       0.8703676354917895
     656.3434956637759115       0.8767031464431242
     656.3436957971981656       0.9102431313024586
     656.3438959306204197       0.8671921694338285
     656.3440960640426738       0.8367271198314455
     656.3442961974650416       0.9188701472229029
     656.3444963308872957       0.8793532736476195
     656.3446964643095498       0.8714276747947942
     656.3448965977318039       0.9125202192974848
     656.3450967311541717       0.8173043326637613
     656.3452968645764258       0.9402556148859385
     656.3454969979986799       0.8590136113678422
     656.3456971314209341       0.9106619774854600
     656.3458972648433019       0.8695724134485731
     656.3460973982655560       0.9901252014796541
     656.3462975316878101       0.9616124079874490
     656.3464976651100642       0.9177106926330860
     656.3466977985324320       0.9772528146481716
     656.3468979319546861       0.8774851717872243
     656.3470980653769402       0.9773938657566501
     656.3472981987991943       0.9310764021772100
     656.3474983322214484       1.0019373033398802
     656.3476984656438162       1.0935686547326056
     656.3478985990660703       0.9723541740012164
     656.3480987324883245       0.9865035334543464
     656.3482988659105786       1.0084572800340519
     656.3484989993329464       1.0414243053008501
     656.3486991327552005       1.0174763864694762
     656.3488992661774546       0.9711065261938417
     656.3490993995997087       0.9355975485483149
     656.3492995330220765       1.0631016968698181
     656.3494996664443306       0.9614419832780223
     656.3496997998665847       0.9906387455887463
     656.3498999332888388       1.1067156871423909
     656.3501000667112066       0.9924606771564373
     656.3503002001334607       0.9781481731687577
     656.3505003335557149       0.9745253881910312
     656.3507004669779690       1.0008632553596963
     656.3509006004003368       0.9903025452807682
     656.3511007338225909       1.0439469369106655
     656.3513008672448450       0.9980070145982085
     656.3515010006670991       0.9672424874031065
     656.3517011340894669       0.9122039729875290
     656.3519012675117210       0.9683544796731257
     656.3521014009339751       0.9837316998839013
     656.3523015343562292       1.0628473197687862
     656.3525016677785970       0.9778265203611216
     656.3527018012008512       1.0197878405805967
     656.3529019346231053       1.0265116789149547
     656.3531020680453594       0.9248271468213286
     656.3533022014676135       1.0876023209264281
     656.3535023348899813       1.0077336659351721
     656.3537024683122354       1.0281823796026208
     656.3539026017344895       1.0021645536672048
     656.3541027351567436       0.9753910054800619
     656.3543028685791114       1.0260215383597731
     656.3545030020013655       0.9497610553012605
     656.3547031354236196       1.0221634466050336
     656.3549032688458738       0.9686389290154166
     656.3551034022682416       1.0802196996543034
     656.3553035356904957       0.9902209428970683
     656.3555036691127498       1.0898420399912456
     656.3557038025350039       1.0045355212215068
     656.3559039359573717       1.0409248087164324
     656.3561040693796258       0.9595246512653250
     656.3563042028018799       1.0133222906940009
     656.3565043362241340       0.9965338099277394
     656.3567044696465018       0.9405578910169443
     656.3569046030687559       0.9497030824254517
     656.3571047364910100       1.0161830827111711
     656.3573048699132642       1.0263787508436590
     656.3575050033356320       0.9629907068397076
     656.3577051367578861       1.0391867715728020
     656.3579052701801402       0.9958376075604676
     656.3581054036023943       1.0480048521784369
     656.3583055370246484       0.9293211371416886
     656.3585056704470162       1.0062358623911529
     656.3587058038692703       1.0910931136577420
     656.3589059372915244       0.9982526566632943
     656.3591060707137785       0.9815520461583102
     656.3593062041361463       0.9582984650330190
     656.3595063375584004       0.9680405814444309
     656.3597064709806546       0.9467678704355429
     656.3599066044029087       1.0545077021858495
     656.3601067378252765       1.0101013967893806
     656.3603068712475306       0.9219387524582837
     656.3605070046697847       1.0594731788246545
     656.3607071380920388       0.9369854997301829
     656.3609072715144066       1.0577485368003914
     656.3611074049366607       1.0022957464174884
     656.3613075383589148       0.9694006406886293
     656.3615076717811689       1.1125742527591693
     656.3617078052035367       0.9751739811373092
     656.3619079386257908       1.1053518885845710
     656.3621080720480450       1.0042316035251342
     656.3623082054702991       1.1033453529685451
     656.3625083388926669       1.0211453015526328
     656.3627084723149210       0.9509380267944882
     656.3629086057371751       1.1208075885848965
     656.3631087391594292       0.9456940818541724
     656.3633088725817970       1.0003671902332418
     656.3635090060040511       1.0259051914590387
     656.3637091394263052       1.0569320537010327
     656.3639092728485593       1.0419893417754920
     656.3641094062708135       0.9777890419164933
     656.3643095396931813       0.8901609983728754
     656.3645096731154354       0.9837239557514929
     656.3647098065376895       0.9905073670137375
     656.3649099399599436       1.1059297837551116
     656.3651100733823114       0.9486208292036437
     656.3653102068045655       0.9413565505173865
     656.3655103402268196       1.0383988876822299
     656.3657104736490737       1.0246008353139695
     656.3659106070714415       1.0526653340479100
     656.3661107404936956       1.0249885263722858
     656.3663108739159497       0.9976995758879327
     656.3665110073382039       0.9736088830428626
     656.3667111407605717       1.0480062923932023
     656.3669112741828258       1.0844354256706339
     656.3671114076050799       0.9740431699701300
     656.3673115410273340       1.0204669236994226
     656.3675116744497018       1.0177846960622223
     656.3677118078719559       0.9852471547129675
     656.3679119412942100       0.9655231758901598
     656.3681120747164641       0.9335942044818575
     656.3683122081388319       1.0016367476175687
     656.3685123415610860       1.0404754988831648
     656.3687124749833401       0.9908062936725893
     656.3689126084055943       0.9204726740709355
     656.3691127418278484       0.8947051763528613
     656.3693128752502162       1.0379523746665176
     656.3695130086724703       1.0947386026379600
     656.3697131420947244       0.9692990891633453
     656.3699132755169785       1.0546969175337391
     656.3701134089393463       0.9589268043636346
     656.3703135423616004       1.0071071051060518
     656.3705136757838545       0.9584609307348293
     656.3707138092061086       0.9321992993354501
     656.3709139426284764       1.0352827385067738
     656.3711140760507305       0.9389534182846410
     656.3713142094729847       1.0067014768719580
     656.3715143428952388       1.0576534979045329
     656.3717144763176066       0.9472400359809356
     656.3719146097398607       0.9980179534759345
     656.3721147431621148       0.9987338553182762
     656.3723148765843689       1.0948432460427271
     656.3725150100067367       1.0271219313144675
     656.3727151434289908       0.9736222773790354
     656.3729152768512449       0.9749239981174466
     656.3731154102734990       0.9821286238729952
     656.3733155436958668       0.9958128468133508
     656.3735156771181209       1.0383437052369118
     656.3737158105403751       1.0496222116053104
     656.3739159439626292       0.9532642848789692
     656.3741160773849970       0.9343765750527382
     656.3743162108072511       0.9280404001474380
     656.3745163442295052       0.9523139521479607
     656.3747164776517593       0.9794221259653568
     656.3749166110740134       1.0558237545192242
     656.3751167444963812       0.9540229700505733
     656.3753168779186353       1.0366048850119114
     656.3755170113408894       0.9646012671291828
     656.3757171447631436       0.9379215463995934
     656.3759172781855113       0.9898127298802137
     656.3761174116077655       1.0010186157887802
     656.3763175450300196       1.0620689764618874
     656.3765176784522737       0.9477592818439007
     656.3767178118746415       1.0160230882465839
     656.3769179452968956       0.9802557416260242
     656.3771180787191497       0.9859115760773420
     656.3773182121414038       1.1201223507523537
     656.3775183455637716       1.0502901747822762
     656.3777184789860257       1.0335178412497044
     656.3779186124082798       1.0754540041089058
     656.3781187458305340       0.9976423110347241
     656.3783188792529018       1.0105540873482823
     656.3785190126751559       1.0373153798282146
     656.3787191460974100       1.1104109287261963
     656.3789192795196641       0.9784925822168589
     656.3791194129420319       1.0037376831751317
     656.3793195463642860       1.0327708050608635
     656.3795196797865401       0.9796817284077406
     656.3797198132087942       0.9813216831535101
     656.3799199466311620       0.9767882544547319
     656.3801200800534161       1.0579752735793591
     656.3803202134756702       0.9501438476145267
     656.3805203468979244       1.0054949712939560
     656.3807204803201785       1.0132273901253939
     656.3809206137425463       0.9636271148920059
     656.3811207471648004       0.9692355245351791
     656.3813208805870545       0.9729912634938955
     656.3815210140093086       1.0738447234034538
     656.3817211474316764       1.0437661930918694
     656.3819212808539305       1.0697176009416580
     656.3821214142761846       0.9525354653596878
     656.3823215476984387       0.9955562860704958
     656.3825216811208065       1.0327774211764336
     656.3827218145430606       0.9084875509142876
     656.3829219479653148       1.0090109510347247
     656.3831220813875689       1.0618085935711861
     656.3833222148099367       0.9765008855611086
     656.3835223482321908       0.8058216720819473
     656.3837224816544449       0.9546199478209019
     656.3839226150766990       1.0598807297646999
     656.3841227484990668       1.0581324808299541
     656.3843228819213209       0.9953975928947330
     656.3845230153435750       0.9015497863292694
     656.3847231487658291       1.0272206570953131
     656.3849232821881969       1.0556226968765259
     656.3851234156104510       1.0307411886751652
     656.3853235490327052       1.0305688865482807
     656.3855236824549593       1.0323924906551838
     656.3857238158772134       1.0734084099531174
     656.3859239492995812       1.0728561207652092
     656.3861240827218353       0.9345665946602821
     656.3863242161440894       0.9933281280100346
     656.3865243495663435       0.9349591881036758
     656.3867244829887113       1.0051639634184539
     656.3869246164109654       1.0082678161561489
     656.3871247498332195       0.9757466409355402
     656.3873248832554737       0.9765661787241697
     656.3875250166778414       1.0469687841832638
     656.3877251501000956       0.9730616323649883
     656.3879252835223497       1.0895953103899956
     656.3881254169446038       0.9671248123049736
     656.3883255503669716       1.0082996785640717
     656.3885256837892257       1.0443654470145702
     656.3887258172114798       0.9636197239160538
     656.3889259506337339       0.9379289448261261
     656.3891260840561017       0.9973935063462704
     656.3893262174783558       1.0565707385540009
     656.3895263509006099       1.0329210162162781
     656.3897264843228641       0.9831448029726744
     656.3899266177452319       1.0069590979255736
     656.3901267511674860       1.0339835509657860
     656.3903268845897401       1.0384908095002174
     656.3905270180119942       0.9905125098302960
     656.3907271514343620       0.9318501800298691
     656.3909272848566161       0.9628967642784119
     656.3911274182788702       0.8879820480942726
     656.3913275517011243       0.9305925965309143
     656.3915276851233784       0.9636206664144993
     656.3917278185457462       1.0207269694656134
     656.3919279519680003       1.0674876272678375
     656.3921280853902545       0.9227199777960777
     656.3923282188125086       0.9421031065285206
     656.3925283522348764       1.0018913391977549
     656.3927284856571305       1.0295632276684046
     656.3929286190793846       1.0675786435604095
     656.3931287525016387       1.0472092777490616
     656.3933288859240065       1.1109066531062126
     656.3935290193462606       1.0866811498999596
     656.3937291527685147       0.8343646079301834
     656.3939292861907688       0.9860394326969981
     656.3941294196131366       0.9496787413954735
     656.3943295530353907       1.0429852753877640
     656.3945296864576449       0.9770028721541166
     656.3947298198798990       1.0170362163335085
     656.3949299533022668       1.0974430367350578
     656.3951300867245209       1.0224986542016268
     656.3953302201467750       1.0419300198554993
     656.3955303535690291       1.0993220061063766
     656.3957304869913969       0.9715287536382675
     656.3959306204136510       1.0736223086714745
     656.3961307538359051       1.0153578212484717
     656.3963308872581592       1.0758676305413246
     656.3965310206804133       1.0113291880115867
     656.3967311541027811       1.0021216569002718
     656.3969312875250353       0.9705298095941544
     656.3971314209472894       1.0258771982043982
     656.3973315543695435       1.0047187395393848
     656.3975316877919113       1.0286774970591068
     656.3977318212141654       1.0378722026944160
     656.3979319546364195       1.0371483825147152
     656.3981320880586736       1.0321615152060986
     656.3983322214810414       0.9986582656856626
     656.3985323549032955       1.0280067920684814
     656.3987324883255496       1.0451230481266975
     656.3989326217478038       0.9836699943989515
     656.3991327551701715       0.9188646376132965
     656.3993328885924257       0.9297231510281563
     656.3995330220146798       0.9399108104407787
     656.3997331554369339       0.9917149674147367
     656.3999332888593017       1.0381300337612629
     656.4001334222815558       1.0324636213481426
     656.4003335557038099       1.0210757534950972
     656.4005336891260640       0.9206869751214981
     656.4007338225484318       0.9749547690153122
     656.4009339559706859       0.9910213872790337
     656.4011340893929400       0.9579629153013229
     656.4013342228151942       0.9799992814660072
     656.4015343562375620       0.9203344583511353
     656.4017344896598161       0.9624576978385448
     656.4019346230820702       0.9654804058372974
     656.4021347565043243       1.0460560843348503
     656.4023348899265784       1.0266041755676270
     656.4025350233489462       0.9095902889966965
     656.4027351567712003       0.9707506541162729
     656.4029352901934544       0.9862012760713696
     656.4031354236157085       1.0499332323670387
     656.4033355570380763       0.9861783534288406
     656.4035356904603304       0.9880212508141994
     656.4037358238825846       1.0199795830994844
     656.4039359573048387       1.0087755741551518
     656.4041360907272065       0.9942839173600078
     656.4043362241494606       0.9619267769157887
     656.4045363575717147       1.0361285395920277
     656.4047364909939688       0.9375272914767265
     656.4049366244163366       0.9298265576362610
     656.4051367578385907       1.0837554410099983
     656.4053368912608448       0.8962961435317993
     656.4055370246830989       0.9902217546477914
     656.4057371581054667       1.0109826792031527
     656.4059372915277208       0.9566218927502632
     656.4061374249499750       0.9727453738451004
     656.4063375583722291       1.0560631752014160
     656.4065376917945969       0.9572560526430607
     656.4067378252168510       0.9670561663806438
     656.4069379586391051       0.9835846517235041
     656.4071380920613592       0.9728804528713226
     656.4073382254836133       1.0850039124488831
     656.4075383589059811       1.0515965335071087
     656.4077384923282352       0.9790652748197317
     656.4079386257504893       0.9824893865734339
     656.4081387591727434       1.0742133706808090
     656.4083388925951112       0.9396957866847515
     656.4085390260173654       0.9412305280566216
     656.4087391594396195       0.9272013455629349
     656.4089392928618736       0.8739320039749146
     656.4091394262842414       0.8681207448244095
     656.4093395597064955       1.1054129824042320
     656.4095396931287496       1.0226608160883188
     656.4097398265510037       0.9705119989812374
     656.4099399599733715       0.9634141176939011
     656.4101400933956256       1.0511739067733288
     656.4103402268178797       0.9673182815313339
     656.4105403602401339       1.0020934590138495
     656.4107404936625016       1.0054959580302238
     656.4109406270847558       0.9844867838546634
     656.4111407605070099       0.9613689817488194
     656.4113408939292640       1.0153318587690592
     656.4115410273516318       1.0774877890944481
     656.4117411607738859       0.9677767902612686
     656.4119412941961400       1.0071982853114605
     656.4121414276183941       1.0002135808899766
     656.4123415610407619       0.9098827615380287
     656.4125416944630160       0.9918546983972192
     656.4127418278852701       1.0090298783034086
     656.4129419613075243       0.9421873092651367
     656.4131420947297784       1.0587347857654095
     656.4133422281521462       0.9975349789019674
     656.4135423615744003       1.0462481379508972
     656.4137424949966544       0.9763628952205181
     656.4139426284189085       0.9928948734886944
     656.4141427618412763       1.0077764228917658
     656.4143428952635304       1.0019044468645006
     656.4145430286857845       0.9490797743201256
     656.4147431621080386       1.0338237844407558
     656.4149432955304064       1.0485546253621578
     656.4151434289526605       0.9648762643337250
     656.4153435623749147       1.1259904205799103
     656.4155436957971688       0.9601040072739124
     656.4157438292195366       0.9601671956479549
     656.4159439626417907       1.0621274225413799
     656.4161440960640448       1.0458187386393547
     656.4163442294862989       1.0083118183538318
     656.4165443629086667       0.9186103716492653
     656.4167444963309208       0.9418004155158997
     656.4169446297531749       0.9568416327238083
     656.4171447631754290       1.0015022311126813
     656.4173448965977968       1.0659834966063499
     656.4175450300200509       1.1122566089034081
     656.4177451634423051       1.0493278130888939
     656.4179452968645592       0.9759984817355871
     656.4181454302869270       0.9005754292011261
     656.4183455637091811       0.9697240442037582
     656.4185456971314352       0.9604467451572418
     656.4187458305536893       1.0068903514184058
     656.4189459639759434       0.9709932301193476
     656.4191460973983112       0.8708642721176147
     656.4193462308205653       1.0647787377238274
     656.4195463642428194       1.0454399362206459
     656.4197464976650735       0.9871000973507762
     656.4199466310874413       0.9473049938678741
     656.4201467645096955       1.0334530174732208
     656.4203468979319496       0.9456163346767426
     656.4205470313542037       0.9986599778058007
     656.4207471647765715       0.9770690891891718
     656.4209472981988256       1.0200049038976431
     656.4211474316210797       0.9411200508475304
     656.4213475650433338       1.0703383907675743
     656.4215476984657016       1.0729058235883713
     656.4217478318879557       1.0106880711391568
     656.4219479653102098       1.0015432446962222
     656.4221480987324640       1.0592208988964558
     656.4223482321548317       1.0183100160211325
     656.4225483655770859       1.0058796042576432
     656.4227484989993400       1.0288976673036814
     656.4229486324215941       0.9667679667472839
     656.4231487658439619       1.0245168115943670
     656.4233488992662160       0.9682259410619736
     656.4235490326884701       1.0110814794898033
     656.4237491661107242       1.0119683565571904
     656.4239492995329783       1.0531921386718750
     656.4241494329553461       0.9589156657457352
     656.4243495663776002       0.9933697157539427
     656.4245496997998544       0.9564503692090511
     656.4247498332221085       0.9783445540815592
     656.4249499666444763       0.9328101724386215
     656.4251501000667304       1.0246300380676985
     656.4253502334889845       0.9701623562723398
     656.4255503669112386       0.9542346298694611
     656.4257505003336064       1.0144134480506182
     656.4259506337558605       1.0245038419961929
     656.4261507671781146       1.0533123426139355
     656.4263509006003687       1.0418229922652245
     656.4265510340227365       0.9313077405095100
     656.4267511674449906       1.0100395577028394
     656.4269513008672448       1.0401266627013683
     656.4271514342894989       0.9649535939097404
     656.4273515677118667       1.0034436190035194
     656.4275517011341208       0.9767219237983227
     656.4277518345563749       0.9434078149497509
     656.4279519679786290       0.9901650743559003
     656.4281521014009968       0.9975198043975979
     656.4283522348232509       0.9240976423025131
     656.4285523682455050       0.9774459786713123
     656.4287525016677591       0.9263970032334328
     656.4289526350901269       1.0496234036982059
     656.4291527685123810       0.9634339287877083
     656.4293529019346352       1.0242466591298580
     656.4295530353568893       1.0588698387145996
     656.4297531687791434       1.0395542047917843
     656.4299533022015112       0.9704619254916906
     656.4301534356237653       1.0009455378167331
     656.4303535690460194       1.0029638463165611
     656.4305537024682735       1.0523977577686310
     656.4307538358906413       1.0187211912125349
     656.4309539693128954       1.1309186220169067
     656.4311541027351495       1.0176773257553577
     656.4313542361574036       0.9789857007563114
     656.4315543695797714       1.0918741151690483
     656.4317545030020256       0.9544320292770863
     656.4319546364242797       0.9617968983948231
     656.4321547698465338       1.0560821704566479
     656.4323549032689016       0.9830289930105209
     656.4325550366911557       0.9785354528576136
     656.4327551701134098       0.9864584254100919
     656.4329553035356639       0.9813945535570383
     656.4331554369580317       0.9846057351678610
     656.4333555703802858       1.0452841110527515
     656.4335557038025399       0.9480230621993542
     656.4337558372247940       1.0735002681612968
     656.4339559706471618       1.0468188896775246
     656.4341561040694160       0.8957291096448898
     656.4343562374916701       1.0600144043564796
     656.4345563709139242       0.9851895617321134
     656.4347565043361783       1.0660189613699913
     656.4349566377585461       1.0234634857624769
     656.4351567711808002       0.9564850665628910
     656.4353569046030543       1.0308364368975163
     656.4355570380253084       0.8346048444509506
     656.4357571714476762       0.9307789579033852
     656.4359573048699303       0.9578287489712238
     656.4361574382921845       1.0074768397025764
     656.4363575717144386       1.0075715095736086
     656.4365577051368064       1.0768137797713280
     656.4367578385590605       0.9627042673528194
     656.4369579719813146       1.0268622338771820
     656.4371581054035687       1.0038725547492504
     656.4373582388259365       1.0131877800449729
     656.4375583722481906       1.0413350835442543
     656.4377585056704447       0.9422542043030262
     656.4379586390926988       1.0788090452551842
     656.4381587725150666       0.9525204114615917
     656.4383589059373207       1.0365800894796848
     656.4385590393595749       1.0474521704018116
     656.4387591727818290       0.9902778277173638
     656.4389593062041968       0.8570777922868729
     656.4391594396264509       1.0576825626194477
     656.4393595730487050       0.8151448071002960
     656.4395597064709591       0.9118488579988480
     656.4397598398933269       1.0431569740176201
     656.4399599733155810       0.9976696476805955
     656.4401601067378351       0.9536908306181431
     656.4403602401600892       1.0843497887253761
     656.4405603735823433       1.0826368406414986
     656.4407605070047111       0.9202771186828613
     656.4409606404269653       0.9759868104010820
     656.4411607738492194       0.9599676616489887
     656.4413609072714735       1.0476897954940796
     656.4415610406938413       0.9574925191700459
     656.4417611741160954       0.9684395492076874
     656.4419613075383495       0.9386935569345951
     656.4421614409606036       1.0027839231770486
     656.4423615743829714       1.0352393090724945
     656.4425617078052255       1.0030525554902852
     656.4427618412274796       1.0092299357056618
     656.4429619746497337       1.0414949432015419
     656.4431621080721015       0.9922462021932006
     656.4433622414943557       1.0026570099871606
     656.4435623749166098       1.0527426861226559
     656.4437625083388639       0.9207849651575089
     656.4439626417612317       1.0152052706107497
     656.4441627751834858       0.9475552365183830
     656.4443629086057399       1.0125180725008249
     656.4445630420279940       1.0980291068553925
     656.4447631754503618       0.9769865646958351
     656.4449633088726159       1.0127795552834868
     656.4451634422948700       1.0602547898888588
     656.4453635757171241       0.9430618286132812
     656.4455637091393783       1.0374461151659489
     656.4457638425617461       0.9796613380312920
     656.4459639759840002       0.9815856218338013
     656.4461641094062543       0.9168691039085388
     656.4463642428285084       1.0508175157010555
     656.4465643762508762       0.9393241032958031
     656.4467645096731303       0.9323373809456825
     656.4469646430953844       0.9894108977168798
     656.4471647765176385       1.0641373619437218
     656.4473649099400063       0.9772820416837931
     656.4475650433622604       0.9526908397674561
     656.4477651767845146       1.0376556813716888
     656.4479653102067687       1.0536533854901791
     656.4481654436291365       1.0261320862919092
     656.4483655770513906       1.0280255172401667
     656.4485657104736447       1.0530321896076202
     656.4487658438958988       1.0263815131038427
     656.4489659773182666       0.9228652343153954
     656.4491661107405207       1.0033507496118546
     656.4493662441627748       0.9231820181012154
     656.4495663775850289       1.0093103433027864
     656.4497665110073967       0.9839420784264803
     656.4499666444296508       1.0692367926239967
     656.4501667778519050       1.0128278722986579
     656.4503669112741591       1.0797546133399010
     656.4505670446965269       1.0037830357905477
     656.4507671781187810       1.0770251154899597
     656.4509673115410351       1.0266232378780842
     656.4511674449632892       0.9687064848840237
     656.4513675783855433       1.0063862027600408
     656.4515677118079111       1.0072956806980073
     656.4517678452301652       1.0148287368938327
     656.4519679786524193       1.0232116561383009
     656.4521681120746734       1.0263360030949116
     656.4523682454970412       0.9542695619165897
     656.4525683789192954       1.0605975054204464
     656.4527685123415495       0.9829328209161758
     656.4529686457638036       1.0260249320417643
     656.4531687791861714       1.0168629195541143
     656.4533689126084255       1.0091263875365257
     656.4535690460306796       1.0115233501419425
     656.4537691794529337       1.0117188766598701
     656.4539693128753015       1.0280746798962355
     656.4541694462975556       0.9378440491855145
     656.4543695797198097       0.9563055820763111
     656.4545697131420638       1.0610993318259716
     656.4547698465644316       1.0865880027413368
     656.4549699799866858       0.9686173386871815
     656.4551701134089399       1.0082216067239642
     656.4553702468311940       0.9727552998811007
     656.4555703802535618       1.0404369495809078
     656.4557705136758159       1.0364443250000477
     656.4559706470980700       0.9992043900419958
     656.4561707805203241       0.9604213461279869
     656.4563709139425782       1.0800183936953545
     656.4565710473649460       0.9556408114731312
     656.4567711807872001       0.9746679961681366
     656.4569713142094542       0.9989149749744684
     656.4571714476317084       0.9843487683683634
     656.4573715810540762       0.9756298251450062
     656.4575717144763303       0.9817828591912985
     656.4577718478985844       1.0179881900548935
     656.4579719813208385       1.0576065853238106
     656.4581721147432063       0.9426149427890778
     656.4583722481654604       0.9616219550371170
     656.4585723815877145       0.9797006435692310
     656.4587725150099686       1.0272929519414902
     656.4589726484323364       0.9664345160126686
     656.4591727818545905       1.0837927684187889
     656.4593729152768447       0.9903269493952394
     656.4595730486990988       0.9937049672007561
     656.4597731821214666       1.0636407211422920
     656.4599733155437207       1.0588014535605907
     656.4601734489659748       1.0145268840715289
     656.4603735823882289       1.0347899161279202
     656.4605737158105967       1.0963927730917931
     656.4607738492328508       1.0717709064483643
     656.4609739826551049       0.9475358016788960
     656.4611741160773590       1.0016649883473292
     656.4613742494997268       0.9630758725106716
     656.4615743829219809       0.9931190661154687
     656.4617745163442351       1.0492093488574028
     656.4619746497664892       0.9363403841853142
     656.4621747831887433       0.9519597887992859
     656.4623749166111111       0.8948901742696762
     656.4625750500333652       1.1246807575225830
     656.4627751834556193       1.0691849514842033
     656.4629753168778734       0.9575885720551014
     656.4631754503002412       1.0844491645693779
     656.4633755837224953       1.0443040579557419
     656.4635757171447494       0.9443075992166996
     656.4637758505670035       1.0362457931041718
     656.4639759839893713       0.9301814213395119
     656.4641761174116255       1.0372326560318470
     656.4643762508338796       0.9999023247000878
     656.4645763842561337       1.0919209867715836
     656.4647765176785015       1.0540731027722359
     656.4649766511007556       0.9803207255899906
     656.4651767845230097       0.9028022810816765
     656.4653769179452638       0.9814854096621275
     656.4655770513676316       1.1002054437994957
     656.4657771847898857       0.9609125927090645
     656.4659773182121398       1.0003910142986570
     656.4661774516343939       0.9457649216055870
     656.4663775850567617       0.9386908225715160
     656.4665777184790159       0.9959013727493584
     656.4667778519012700       1.0572643652558327
     656.4669779853235241       0.9995537184586283
     656.4671781187458919       1.0011215091217309
     656.4673782521681460       0.9746815133839846
     656.4675783855904001       0.9538716077804565
     656.4677785190126542       1.0172505825757980
     656.4679786524349083       0.9938815166242421
     656.4681787858572761       1.0293227173388004
     656.4683789192795302       0.9913775296881795
     656.4685790527017843       1.0346045158803463
     656.4687791861240385       1.0778821110725403
     656.4689793195464063       0.9411796517670155
     656.4691794529686604       1.1029193624854088
     656.4693795863909145       0.8986657708883286
     656.4695797198131686       1.0068155131302774
     656.4697798532355364       1.0215759016573429
     656.4699799866577905       1.0102708395570517
     656.4701801200800446       0.8970692753791809
     656.4703802535022987       0.9691835604608059
     656.4705803869246665       1.0093029700219631
     656.4707805203469206       1.0172096844762564
     656.4709806537691748       0.9300067797303200
     656.4711807871914289       1.0564459934830666
     656.4713809206137967       0.9965392395388335
     656.4715810540360508       0.9874481512233615
     656.4717811874583049       0.9737280551344156
     656.4719813208805590       0.9708887133747339
     656.4721814543029268       0.9439738132059574
     656.4723815877251809       0.9787849690765142
     656.4725817211474350       1.0559723377227783
     656.4727818545696891       0.9998054377065273
     656.4729819879919432       0.9701105915009975
     656.4731821214143110       0.9110242426395416
     656.4733822548365652       0.9754286874085665
     656.4735823882588193       0.9053158462047577
     656.4737825216810734       1.1273091882467270
     656.4739826551034412       0.9758585654199123
     656.4741827885256953       0.9557510875165462
     656.4743829219479494       0.9381491355597973
     656.4745830553702035       1.0533547513186932
     656.4747831887925713       0.9907689960673451
     656.4749833222148254       1.0179356299340725
     656.4751834556370795       1.0368119888007641
     656.4753835890593336       0.9893192369490862
     656.4755837224817014       1.0162314306944609
     656.4757838559039556       1.0754041448235512
     656.4759839893262097       0.9928895300254226
     656.4761841227484638       1.0096373753622174
     656.4763842561708316       0.9636284820735455
     656.4765843895930857       0.9583493173122406
     656.4767845230153398       1.0009092147811316
     656.4769846564375939       1.0309223122894764
     656.4771847898599617       0.9951193095184863
     656.4773849232822158       0.9760235883295536
     656.4775850567044699       1.0021926667541265
     656.4777851901267240       0.9716781023889780
     656.4779853235490918       1.0458081327378750
     656.4781854569713460       0.9815612081438303
     656.4783855903936001       1.0264215227216482
     656.4785857238158542       0.9398564994335175
     656.4787858572381083       0.9680309966206551
     656.4789859906604761       1.0112420264631510
     656.4791861240827302       0.9690106231719255
     656.4793862575049843       1.0670942142605782
     656.4795863909272384       0.9164540916681290
     656.4797865243496062       1.0429028719663620
     656.4799866577718603       0.8646395355463028
     656.4801867911941144       1.0054794508032501
     656.4803869246163686       0.9698235057294369
     656.4805870580387364       0.9824794121086597
     656.4807871914609905       1.0330337248742580
     656.4809873248832446       0.9978603152558208
     656.4811874583054987       1.0651165023446083
     656.4813875917278665       1.0395168401300907
     656.4815877251501206       0.9450829252600670
     656.4817878585723747       0.9662456102669239
     656.4819879919946288       1.0532724522054195
     656.4821881254169966       0.9374993667006493
     656.4823882588392507       1.0380303524434566
     656.4825883922615049       0.9692758768796921
     656.4827885256837590       0.9505870342254639
     656.4829886591061268       1.0829995125532150
     656.4831887925283809       0.8651416003704071
     656.4833889259506350       1.0594041906297207
     656.4835890593728891       0.9661241322755814
     656.4837891927951432       0.9517970047891140
     656.4839893262175110       0.9982830602675676
     656.4841894596397651       1.0231751874089241
     656.4843895930620192       1.0422403924167156
     656.4845897264842733       1.0169098209589720
     656.4847898599066411       1.0715155303478241
     656.4849899933288953       1.0049647460691631
     656.4851901267511494       1.0766183063387871
     656.4853902601734035       0.9692418538033962
     656.4855903935957713       0.9511642716825008
     656.4857905270180254       1.0473715886473656
     656.4859906604402795       0.9696076754480600
     656.4861907938625336       1.0154294287785888
     656.4863909272849014       0.9885470299050212
     656.4865910607071555       0.9277639910578728
     656.4867911941294096       1.0350508950650692
     656.4869913275516637       1.0001525539555587
     656.4871914609740315       0.9834999814629555
     656.4873915943962857       0.9943684404715896
     656.4875917278185398       1.0536016933619976
     656.4877918612407939       0.9817515425384045
     656.4879919946631617       1.0295835379511118
     656.4881921280854158       0.9915010156109929
     656.4883922615076699       0.9964771054219455
     656.4885923949299240       0.9221785068511963
     656.4887925283522918       0.9978233387228101
     656.4889926617745459       1.0800190567970276
     656.4891927951968000       0.8596216738224030
     656.4893929286190541       1.0284826438874006
     656.4895930620413083       0.9697018135339022
     656.4897931954636761       0.9917937871068716
     656.4899933288859302       0.9619461037218571
     656.4901934623081843       0.9565756358206272
     656.4903935957304384       1.0634993538260460
     656.4905937291528062       0.9962830264121294
     656.4907938625750603       1.0136175556108356
     656.4909939959973144       0.9892630660906434
     656.4911941294195685       0.9153044596314430
     656.4913942628419363       1.0612782016396523
     656.4915943962641904       0.9896481800824404
     656.4917945296864445       0.9947534673847258
     656.4919946631086987       1.0327019095420837
     656.4921947965310665       0.9080399051308632
     656.4923949299533206       1.0393025502562523
     656.4925950633755747       1.0123848458752036
     656.4927951967978288       0.9676932841539383
     656.4929953302201966       0.9874269291758537
     656.4931954636424507       0.9934095321223140
     656.4933955970647048       0.9698983393609524
     656.4935957304869589       0.9875802481546998
     656.4937958639093267       1.0458526797592640
     656.4939959973315808       0.9687147699296474
     656.4941961307538350       0.9884721674025059
     656.4943962641760891       0.9904835643246770
     656.4945963975983432       0.9932367629371583
     656.4947965310207110       0.9396863691508770
     656.4949966644429651       0.9806068278849125
     656.4951967978652192       0.9644102640450001
     656.4953969312874733       0.9841215535998344
     656.4955970647098411       0.9408919326961040
     656.4957971981320952       0.9634685181081295
     656.4959973315543493       0.9615597762167454
     656.4961974649766034       0.9990940362913534
     656.4963975983989712       0.9459322988986969
     656.4965977318212254       1.0025072123389691
     656.4967978652434795       1.0062736133113503
     656.4969979986657336       0.9882023381069303
     656.4971981320881014       1.0040333671495318
     656.4973982655103555       1.0007096566841938
     656.4975983989326096       0.9801110904663801
     656.4977985323548637       0.9924997179768980
     656.4979986657772315       0.9945893571712077
     656.4981987991994856       1.0188847091048956
     656.4983989326217397       0.9267830103635788
     656.4985990660439938       0.9513614214956760
     656.4987991994663616       0.9866097429767251
     656.4989993328886158       0.9686436168849468
     656.4991994663108699       0.9965732037089765
     656.4993995997331240       0.9928735755383968
     656.4995997331554918       0.9109649285674095
     656.4997998665777459       1.0518605895340443
     656.5000000000000000       0.9272781684994698
