     656.2000000000000455       1.0528508387506008
     656.2002001334222996       0.9560329355299473
     656.2004002668445537       1.0296965222805738
     656.2006004002669215       1.0481700114905834
     656.2008005336891756       0.8972209766507149
     656.2010006671114297       0.8914963677525520
     656.2012008005336838       0.9680841751396656
     656.2014009339560516       0.9908241443336010
     656.2016010673783057       0.9648647978901863
     656.2018012008005599       1.0421794615685940
     656.2020013342228140       0.9966782338451594
     656.2022014676451818       0.9314434230327606
     656.2024016010674359       1.0192689504474401
     656.2026017344896900       0.9788267984986305
     656.2028018679119441       0.9616856910288334
     656.2030020013343119       0.9669189788401127
     656.2032021347565660       1.0975863486528397
     656.2034022681788201       1.0359330512583256
     656.2036024016010742       1.0207866188138723
     656.2038025350234420       0.9616216607391834
     656.2040026684456961       0.9200328737497330
     656.2042028018679503       1.0235136263072491
     656.2044029352902044       1.0189740937203169
     656.2046030687125722       1.0561461038887501
     656.2048032021348263       0.9937898688949645
     656.2050033355570804       0.9844382861629128
     656.2052034689793345       1.0026694575790316
     656.2054036024017023       0.9909243779256940
     656.2056037358239564       0.9611613824963570
     656.2058038692462105       1.0084161665290594
     656.2060040026684646       1.0901482775807381
     656.2062041360907187       1.0246734675019979
     656.2064042695130865       0.9451374746859074
     656.2066044029353407       0.9896295638754964
     656.2068045363575948       0.9570811167359352
     656.2070046697798489       0.9952665781602263
     656.2072048032022167       1.0034447826910764
     656.2074049366244708       1.1160598322749138
     656.2076050700467249       0.9983061434468254
     656.2078052034689790       0.9286829605698586
     656.2080053368913468       1.0676237121224403
     656.2082054703136009       1.0546689219772816
     656.2084056037358550       0.9852572157979012
     656.2086057371581092       0.9780343100428581
     656.2088058705804769       0.9738778825849295
     656.2090060040027311       0.9644223973155022
     656.2092061374249852       1.0056723323650658
     656.2094062708472393       1.0046691372990608
     656.2096064042696071       0.9241518154740334
     656.2098065376918612       0.9971853212919086
     656.2100066711141153       1.0045784031972289
     656.2102068045363694       1.0861017778515816
     656.2104069379587372       1.0584125816822052
     656.2106070713809913       0.9572586864233017
     656.2108072048032454       0.9618770964443684
     656.2110073382254996       1.0605953000485897
     656.2112074716477537       0.9088780954480171
     656.2114076050701215       1.0145940175279975
     656.2116077384923756       1.0435609631240368
     656.2118078719146297       1.0736727118492126
     656.2120080053368838       1.0536755733191967
     656.2122081387592516       0.9950587330386043
     656.2124082721815057       0.9860597457736731
     656.2126084056037598       1.0388307683169842
     656.2128085390260139       0.9961871339473873
     656.2130086724483817       0.9699221421033144
     656.2132088058706358       1.0276785325258970
     656.2134089392928900       0.9931485578417778
     656.2136090727151441       1.1087560206651688
     656.2138092061375119       1.0215698629617691
     656.2140093395597660       0.9466648101806641
     656.2142094729820201       1.0008005021372810
     656.2144096064042742       1.0647925361990929
     656.2146097398266420       1.0367968343198299
     656.2148098732488961       0.9124080017209053
     656.2150100066711502       0.9759626854211092
     656.2152101400934043       1.0012819416588172
     656.2154102735157721       0.8641479313373566
     656.2156104069380262       1.0249364320188761
     656.2158105403602804       0.9919548472389579
     656.2160106737825345       0.9768733102828264
     656.2162108072049023       0.9898134507238865
     656.2164109406271564       0.9937523570843041
     656.2166110740494105       0.9686358310282230
     656.2168112074716646       0.9957660394720733
     656.2170113408939187       0.9024246335029602
     656.2172114743162865       0.9625883884727955
     656.2174116077385406       1.0864853933453560
     656.2176117411607947       1.0010042170761153
     656.2178118745830488       0.9577929712831974
     656.2180120080054166       0.9905825918540359
     656.2182121414276708       0.9789344687014818
     656.2184122748499249       1.0233285147696733
     656.2186124082721790       0.9367153719067574
     656.2188125416945468       1.0562740862369537
     656.2190126751168009       0.8999839052557945
     656.2192128085390550       0.9253733158111572
     656.2194129419613091       0.9787359703332186
     656.2196130753836769       1.0001958462962648
     656.2198132088059310       0.9578787498176098
     656.2200133422281851       1.0135491294786334
     656.2202134756504392       1.0577616207301617
     656.2204136090728070       1.0754776000976562
     656.2206137424950612       1.0560633204877377
     656.2208138759173153       1.1017979532480240
     656.2210140093395694       0.9423367306590080
     656.2212141427619372       1.0200170092284679
     656.2214142761841913       0.9873245460912585
     656.2216144096064454       1.0238529648631811
     656.2218145430286995       0.9136608913540840
     656.2220146764509536       0.9772717077285051
     656.2222148098733214       1.0366354770958424
     656.2224149432955755       0.9476794637739658
     656.2226150767178297       1.0070186252705753
     656.2228152101400838       1.0085840458050370
     656.2230153435624516       1.0062306812033057
     656.2232154769847057       0.9679696448147297
     656.2234156104069598       1.0787363424897194
     656.2236157438292139       1.0080485939979553
     656.2238158772515817       0.9985186416888610
     656.2240160106738358       1.0174413453787565
     656.2242161440960899       0.9215098991990089
     656.2244162775183440       1.0323447249829769
     656.2246164109407118       1.0654569491744041
     656.2248165443629659       1.0260948128998280
     656.2250166777852201       1.0676874071359634
     656.2252168112074742       1.0571594014763832
     656.2254169446298420       1.0486255139112473
     656.2256170780520961       0.9613243602216244
     656.2258172114743502       1.0616125054657459
     656.2260173448966043       0.9046681895852089
     656.2262174783189721       0.9854040024802089
     656.2264176117412262       1.0236868243664503
     656.2266177451634803       0.9762329086661339
     656.2268178785857344       0.9819973595440388
     656.2270180120081022       1.0232792943716049
     656.2272181454303563       1.0394567586481571
     656.2274182788526105       0.9993757019983605
     656.2276184122748646       1.0126544702798128
     656.2278185456971187       0.8908343389630318
     656.2280186791194865       1.0664577111601830
     656.2282188125417406       0.9728605560958385
     656.2284189459639947       1.0375094301998615
     656.2286190793862488       0.9584846720099449
     656.2288192128086166       0.9384514018893242
     656.2290193462308707       1.0065845535136759
     656.2292194796531248       1.0053037446923554
     656.2294196130753789       1.0136003149673343
     656.2296197464977467       0.9926082738675177
     656.2298198799200009       0.9447345174849033
     656.2300200133422550       1.0882225260138512
     656.2302201467645091       1.0380529798567295
     656.2304202801868769       1.0407461039721966
     656.2306204136091310       0.9763315264135599
     656.2308205470313851       1.0421967580914497
     656.2310206804536392       0.9706557989120483
     656.2312208138760070       0.9852979462593794
     656.2314209472982611       1.0312034320086241
     656.2316210807205152       1.0147680761292577
     656.2318212141427693       1.0081604989245534
     656.2320213475651371       1.0029305906500667
     656.2322214809873913       0.9225160256028175
     656.2324216144096454       1.0222802516072989
     656.2326217478318995       1.0514540039002895
     656.2328218812541536       0.9790351409465075
     656.2330220146765214       0.9391594938933849
     656.2332221480987755       1.0063417889177799
     656.2334222815210296       1.0351019315421581
     656.2336224149432837       1.0800597667694092
     656.2338225483656515       0.9508061446249485
     656.2340226817879056       0.9513006694614887
     656.2342228152101598       0.9718118626624346
     656.2344229486324139       1.0327049717307091
     656.2346230820547817       1.0640987977385521
     656.2348232154770358       0.9818904176354408
     656.2350233488992899       1.0382406190037727
     656.2352234823215440       1.0415904186666012
     656.2354236157439118       0.9164791479706764
     656.2356237491661659       1.0039231525734067
     656.2358238825884200       1.0990929901599884
     656.2360240160106741       1.0665559917688370
     656.2362241494330419       1.0201155561953783
     656.2364242828552960       0.9664648249745369
     656.2366244162775502       1.0255333613604307
     656.2368245496998043       0.9953570649959147
     656.2370246831221721       0.9323873817920685
     656.2372248165444262       1.0058309151791036
     656.2374249499666803       1.0094054630026221
     656.2376250833889344       1.0058095026761293
     656.2378252168113022       0.9633898623287678
     656.2380253502335563       0.9642831757664680
     656.2382254836558104       0.9743014983832836
     656.2384256170780645       0.9510435201227665
     656.2386257505003186       0.9103779569268227
     656.2388258839226864       1.0376989878714085
     656.2390260173449406       0.9558855071663857
     656.2392261507671947       0.9438949450850487
     656.2394262841894488       0.9879249501973391
     656.2396264176118166       1.0051657781004906
     656.2398265510340707       0.9619578458368778
     656.2400266844563248       1.0900508984923363
     656.2402268178785789       0.9856238616630435
     656.2404269513009467       0.9601743780076504
     656.2406270847232008       1.0145372673869133
     656.2408272181454549       1.0173248723149300
     656.2410273515677090       1.0107037546113133
     656.2412274849900768       1.0189109891653061
     656.2414276184123310       1.0305327512323856
     656.2416277518345851       0.8439032882452011
     656.2418278852568392       1.0237784739583731
     656.2420280186792070       0.9470829591155052
     656.2422281521014611       0.9186270833015442
     656.2424282855237152       1.0300142373889685
     656.2426284189459693       0.9632933177053928
     656.2428285523683371       1.0508267469704151
     656.2430286857905912       0.8844863176345825
     656.2432288192128453       0.9291721060872078
     656.2434289526350994       1.0693310797214508
     656.2436290860574672       1.0258914716541767
     656.2438292194797214       0.9417323879897594
     656.2440293529019755       0.9029374122619629
     656.2442294863242296       0.9891986483708024
     656.2444296197464837       0.9475547671318054
     656.2446297531688515       0.9771058987826109
     656.2448298865911056       1.0039628795348108
     656.2450300200133597       0.9141439273953438
     656.2452301534356138       0.9515512511134148
     656.2454302868579816       0.9981291601434350
     656.2456304202802357       0.9481497332453728
     656.2458305537024899       0.9629529304802418
     656.2460306871247440       1.0182812679558992
     656.2462308205471118       0.9197001755237579
     656.2464309539693659       1.0398326851427555
     656.2466310873916200       0.8466831445693970
     656.2468312208138741       0.9800028596073389
     656.2470313542362419       1.0062379818409681
     656.2472314876584960       0.9426609613001347
     656.2474316210807501       1.0945260301232338
     656.2476317545030042       0.9393692426383495
     656.2478318879253720       0.9631640352308750
     656.2480320213476261       1.0123654706403613
     656.2482321547698803       0.8437757045030594
     656.2484322881921344       0.9985103008802980
     656.2486324216145022       1.0242892559617758
     656.2488325550367563       1.0192904006689787
     656.2490326884590104       1.0286914054304361
     656.2492328218812645       0.9911900153383613
     656.2494329553035186       0.9964704334270209
     656.2496330887258864       1.0262835230678320
     656.2498332221481405       0.9078293219208717
     656.2500333555703946       1.0617302320897579
     656.2502334889926487       1.0820484384894371
     656.2504336224150165       0.9864422352984548
     656.2506337558372707       0.9471586458384991
     656.2508338892595248       1.0253345575183630
     656.2510340226817789       0.9013168588280678
     656.2512341561041467       0.9402071945369244
     656.2514342895264008       1.0034748390316963
     656.2516344229486549       0.9331149533390999
     656.2518345563709090       0.9886462576687336
     656.2520346897932768       1.0345888063311577
     656.2522348232155309       1.0848583579063416
     656.2524349566377850       1.0942182317376137
     656.2526350900600391       1.0040501616895199
     656.2528352234824069       1.0104232802987099
     656.2530353569046611       1.0575755238533020
     656.2532354903269152       1.0348438844084740
     656.2534356237491693       1.0663787797093391
     656.2536357571715371       1.0224435310810804
     656.2538358905937912       1.0010673330398276
     656.2540360240160453       0.9615547917783260
     656.2542361574382994       1.0093371598049998
     656.2544362908606672       0.9406436569988728
     656.2546364242829213       1.0120467105880380
     656.2548365577051754       0.9913688274100423
     656.2550366911274295       1.0309643596410751
     656.2552368245496837       1.0307937860488892
     656.2554369579720515       0.9473203755915165
     656.2556370913943056       1.0007781622116454
     656.2558372248165597       0.9558732658624649
     656.2560373582388138       1.0671495571732521
     656.2562374916611816       1.0138392923399806
     656.2564376250834357       0.9802586939185858
     656.2566377585056898       1.0570808909833431
     656.2568378919279439       1.0668605268001556
     656.2570380253503117       1.0098812356591225
     656.2572381587725658       1.0514442734420300
     656.2574382921948200       0.9691125899553299
     656.2576384256170741       1.0194036941975355
     656.2578385590394419       0.9986928041325882
     656.2580386924616960       0.9352823793888092
     656.2582388258839501       0.9823172111064196
     656.2584389593062042       0.9504232741892338
     656.2586390927285720       1.0185812320560217
     656.2588392261508261       0.9465255662798882
     656.2590393595730802       0.9917261758819222
     656.2592394929953343       1.1052860766649246
     656.2594396264177021       1.0426772758364677
     656.2596397598399562       1.0399216748774052
     656.2598398932622104       1.0144698591902852
     656.2600400266844645       1.0394223481416702
     656.2602401601067186       0.9576284997165203
     656.2604402935290864       0.9277064949274063
     656.2606404269513405       1.0441810972988605
     656.2608405603735946       0.9312081411480904
     656.2610406937958487       0.9248787835240364
     656.2612408272182165       0.9794370401650667
     656.2614409606404706       0.9464457035064697
     656.2616410940627247       1.0162450782954693
     656.2618412274849788       0.9763072542846203
     656.2620413609073466       1.0937133431434631
     656.2622414943296008       1.0005581809091382
     656.2624416277518549       1.0116477329283953
     656.2626417611741090       1.0635392665863037
     656.2628418945964768       1.0334919840097427
     656.2630420280187309       0.9858528748154640
     656.2632421614409850       1.0036734975874424
     656.2634422948632391       1.0552234947681427
     656.2636424282856069       1.0541036240756512
     656.2638425617078610       1.0354468338191509
     656.2640426951301151       1.0652337744832039
     656.2642428285523692       0.9995485482213553
     656.2644429619747370       0.9962010842282325
     656.2646430953969912       0.8992761448025703
     656.2648432288192453       1.0120394313707948
     656.2650433622414994       1.0262578316032887
     656.2652434956638672       1.0016178427031264
     656.2654436290861213       0.9777953606098890
     656.2656437625083754       0.9914525048807263
     656.2658438959306295       1.0599389076232910
     656.2660440293528836       0.9596151113510132
     656.2662441627752514       0.8953578546643257
     656.2664442961975055       0.9515722133219242
     656.2666444296197596       1.0250995103269815
     656.2668445630420138       1.0560412518680096
     656.2670446964643816       0.9945653998292983
     656.2672448298866357       0.9480093419551849
     656.2674449633088898       0.9392538666725159
     656.2676450967311439       1.0465668775141239
     656.2678452301535117       0.9801700133830309
     656.2680453635757658       0.8976982235908508
     656.2682454969980199       1.0088784229010344
     656.2684456304202740       1.0199580211192369
     656.2686457638426418       1.0372157804667950
     656.2688458972648959       0.9015817195177078
     656.2690460306871501       1.0459936261177063
     656.2692461641094042       1.1013042703270912
     656.2694462975317720       0.8787207826972008
     656.2696464309540261       0.9541730694472790
     656.2698465643762802       1.0013553156750277
     656.2700466977985343       1.0745596289634705
     656.2702468312209021       0.9618349708616734
     656.2704469646431562       1.0024777075741440
     656.2706470980654103       0.9827387649565935
     656.2708472314876644       0.9757765326648951
     656.2710473649099185       1.0015778181841597
     656.2712474983322863       0.9855699818581343
     656.2714476317545405       0.9912375360727310
     656.2716477651767946       0.9708903077989817
     656.2718478985990487       1.1238845214247704
     656.2720480320214165       0.9925934523344040
     656.2722481654436706       0.9895188901573420
     656.2724482988659247       0.9817749466747046
     656.2726484322881788       1.0258415676653385
     656.2728485657105466       1.0282427817583084
     656.2730486991328007       0.9909936115145683
     656.2732488325550548       0.9061386585235596
     656.2734489659773089       1.0481649525463581
     656.2736490993996767       0.9633326344192028
     656.2738492328219309       0.9880565917119384
     656.2740493662441850       1.0838995501399040
     656.2742494996664391       1.0115844430401921
     656.2744496330888069       0.9903906071558595
     656.2746497665110610       0.9914756985381246
     656.2748498999333151       0.9761552065610886
     656.2750500333555692       1.0835826322436333
     656.2752501667779370       1.0260147750377655
     656.2754503002001911       1.0355500690639019
     656.2756504336224452       0.9437200315296650
     656.2758505670446993       1.0525717847049236
     656.2760507004670671       0.9781166426837444
     656.2762508338893213       0.9814313407987356
     656.2764509673115754       0.9522721804678440
     656.2766511007338295       0.9818132538348436
     656.2768512341560836       1.0044796899892390
     656.2770513675784514       1.0641988217830658
     656.2772515010007055       1.0062268055044115
     656.2774516344229596       1.0181293934583664
     656.2776517678452137       0.9314432516694069
     656.2778519012675815       0.9704358987510204
     656.2780520346898356       0.9691352900117636
     656.2782521681120897       0.9780976902693510
     656.2784523015343439       1.0497747696936131
     656.2786524349567117       0.9974547550082207
     656.2788525683789658       0.9652909599244595
     656.2790527018012199       1.0225485190749168
     656.2792528352234740       0.8849375098943710
     656.2794529686458418       0.9781984314322472
     656.2796531020680959       0.9672353938221931
     656.2798532354903500       1.0063320356421173
     656.2800533689126041       0.9711130522191525
     656.2802535023349719       1.0535804033279419
     656.2804536357572260       0.9882270302623510
     656.2806537691794802       0.9385554119944572
     656.2808539026017343       1.0318811759352684
     656.2810540360241021       0.9812238980084658
     656.2812541694463562       0.9846615847200155
     656.2814543028686103       1.0137896882370114
     656.2816544362908644       1.0273295026272535
     656.2818545697131185       1.0562511272728443
     656.2820547031354863       1.0103535540401936
     656.2822548365577404       0.9880898743867874
     656.2824549699799945       0.9637377373874187
     656.2826551034022486       1.0771945789456367
     656.2828552368246164       1.0167128648608923
     656.2830553702468706       0.9309177473187447
     656.2832555036691247       0.9605203531682491
     656.2834556370913788       0.9333734437823296
     656.2836557705137466       1.0226966198533773
     656.2838559039360007       1.0169654767960310
     656.2840560373582548       0.9812333099544048
     656.2842561707805089       0.9566809795796871
     656.2844563042028767       0.9842258114367723
     656.2846564376251308       0.9912287611514330
     656.2848565710473849       1.0088388510048389
     656.2850567044696390       0.9906607782468200
     656.2852568378920068       1.0604104883968830
     656.2854569713142610       1.0295452531427145
     656.2856571047365151       0.9460734352469444
     656.2858572381587692       1.0111368075013161
     656.2860573715811370       1.0301957819610834
     656.2862575050033911       0.9834685511887074
     656.2864576384256452       0.9232623428106308
     656.2866577718478993       1.0126942535862327
     656.2868579052702671       1.0051845707930624
     656.2870580386925212       1.0824814364314079
     656.2872581721147753       1.0181887298822403
     656.2874583055370294       0.9323044866323471
     656.2876584389592836       0.9979302582796663
     656.2878585723816514       0.9565383307635784
     656.2880587058039055       1.0388053283095360
     656.2882588392261596       1.0679867491126060
     656.2884589726484137       1.0478643439710140
     656.2886591060707815       1.0800295695662498
     656.2888592394930356       1.0351232066750526
     656.2890593729152897       0.9724323712289333
     656.2892595063375438       1.0203070137649775
     656.2894596397599116       0.9502840228378773
     656.2896597731821657       1.0098001174628735
     656.2898599066044198       0.9645827934145927
     656.2900600400266740       0.9335324093699455
     656.2902601734490418       0.9878588141873479
     656.2904603068712959       1.0575157180428505
     656.2906604402935500       1.0030998345464468
     656.2908605737158041       1.0292524993419647
     656.2910607071381719       0.9260465726256371
     656.2912608405604260       1.0826868936419487
     656.2914609739826801       1.0574300065636635
     656.2916611074049342       0.9559651352465153
     656.2918612408273020       1.0257042087614536
     656.2920613742495561       1.0446406938135624
     656.2922615076718103       1.0522580519318581
     656.2924616410940644       1.0409087985754013
     656.2926617745164322       1.0313911028206348
     656.2928619079386863       0.9982326818862930
     656.2930620413609404       0.9974956142250448
     656.2932621747831945       0.9163594022393227
     656.2934623082054486       1.0044315392151475
     656.2936624416278164       1.0117395361885428
     656.2938625750500705       0.9262373298406601
     656.2940627084723246       1.0200026072561741
     656.2942628418945787       1.1111370101571083
     656.2944629753169465       0.9697035960853100
     656.2946631087392007       1.0435380190610886
     656.2948632421614548       0.9333610683679581
     656.2950633755837089       0.9107188135385513
     656.2952635090060767       0.9822752289474010
     656.2954636424283308       0.9590848982334137
     656.2956637758505849       1.0251720789819956
     656.2958639092728390       0.9864766746759415
     656.2960640426952068       1.0380325727164745
     656.2962641761174609       1.1480449736118317
     656.2964643095397150       0.9691882040351628
     656.2966644429619691       1.0387490466237068
     656.2968645763843369       0.9821301568299531
     656.2970647098065911       0.9844467844814060
     656.2972648432288452       1.0118320956826206
     656.2974649766510993       0.9954937943257386
     656.2976651100734671       1.0254290290176860
     656.2978652434957212       0.9761473257094608
     656.2980653769179753       1.0202313475310785
     656.2982655103402294       1.0216596964746685
     656.2984656437624835       1.0400035418569997
     656.2986657771848513       1.0149615211412248
     656.2988659106071054       0.9794403333216811
     656.2990660440293595       0.9720152132212976
     656.2992661774516137       1.0931321829557212
     656.2994663108739815       0.9888841481879050
     656.2996664442962356       0.9617113061248812
     656.2998665777184897       0.9690768439322059
     656.3000667111407438       1.0100353155284170
     656.3002668445631116       1.0269460678099205
     656.3004669779853657       1.1082279235122581
     656.3006671114076198       0.9957806486633491
     656.3008672448298739       0.9947727923277287
     656.3010673782522417       1.0121082207181953
     656.3012675116744958       1.0183030329635969
     656.3014676450967499       1.0203500445919655
     656.3016677785190041       1.0325802229326970
     656.3018679119413719       1.0998316556189778
     656.3020680453636260       1.1417909115516589
     656.3022681787858801       0.9880600683339531
     656.3024683122081342       1.0499654635713975
     656.3026684456305020       1.0691260769860076
     656.3028685790527561       0.9970212548360085
     656.3030687124750102       1.0254291146789187
     656.3032688458972643       1.0350746139597296
     656.3034689793196321       1.0081529039488537
     656.3036691127418862       0.9561328887379885
     656.3038692461641403       1.0035268824234373
     656.3040693795863945       1.0165355558357207
     656.3042695130086486       1.0543165689699521
     656.3044696464310164       1.0464538072961340
     656.3046697798532705       1.0026967531945106
     656.3048699132755246       0.9698603261069723
     656.3050700466977787       0.9976747212216633
     656.3052701801201465       0.8962091796204454
     656.3054703135424006       1.0154317672587041
     656.3056704469646547       0.9727717046957829
     656.3058705803869088       0.9602086339260143
     656.3060707138092766       0.9893168316302667
     656.3062708472315308       0.9655588868678533
     656.3064709806537849       1.0660696207569971
     656.3066711140760390       0.9484810060062249
     656.3068712474984068       1.0619999646929310
     656.3070713809206609       1.0014846364060173
     656.3072715143429150       0.9607159460561974
     656.3074716477651691       0.9795255335641284
     656.3076717811875369       0.9908741053324895
     656.3078719146097910       0.9475071124878305
     656.3080720480320451       1.0604984717675192
     656.3082721814542992       0.9919864321267783
     656.3084723148766670       0.9712128899315557
     656.3086724482989212       0.9216766895815651
     656.3088725817211753       1.0621243230431645
     656.3090727151434294       0.9580866546634834
     656.3092728485656835       1.0107831411127965
     656.3094729819880513       0.9771448717225673
     656.3096731154103054       0.8987145773399738
     656.3098732488325595       0.9663563724907988
     656.3100733822548136       0.9655870510817895
     656.3102735156771814       1.0297518942130550
     656.3104736490994355       0.9209373857501160
     656.3106737825216896       1.0167998650184695
     656.3108739159439438       0.9566573059581212
     656.3110740493663116       1.0031044646154026
     656.3112741827885657       1.0255693298753386
     656.3114743162108198       1.0267415123637476
     656.3116744496330739       0.9088853216930739
     656.3118745830554417       1.0116630862219669
     656.3120747164776958       1.0123343955460777
     656.3122748498999499       0.9845374794510590
     656.3124749833222040       0.9943963892794401
     656.3126751167445718       1.0121344565486647
     656.3128752501668259       1.0065008987150319
     656.3130753835890800       1.0147237554754012
     656.3132755170113342       1.0185694147581903
     656.3134756504337020       0.9810451522690614
     656.3136757838559561       0.9135471068839547
     656.3138759172782102       1.0118650394846254
     656.3140760507004643       1.0247688890135529
     656.3142761841228321       0.9901559201722289
     656.3144763175450862       1.0431767056036680
     656.3146764509673403       0.9439234364557691
     656.3148765843895944       1.0340318382424236
     656.3150767178118485       0.9377403826428211
     656.3152768512342163       0.9972973186797786
     656.3154769846564704       0.9517507149737022
     656.3156771180787246       0.9695132083372283
     656.3158772515009787       0.8931808907729680
     656.3160773849233465       0.9493512859481738
     656.3162775183456006       0.9226610982015562
     656.3164776517678547       1.0021645803506627
     656.3166777851901088       0.9540809556531721
     656.3168779186124766       1.0022606139043215
     656.3170780520347307       0.9969987442402115
     656.3172781854569848       1.0837012521699698
     656.3174783188792389       1.0094494348672765
     656.3176784523016067       0.9040315457194333
     656.3178785857238609       1.0161615487727178
     656.3180787191461150       0.9934606946873872
     656.3182788525683691       1.0269937171416192
     656.3184789859907369       1.0591976236748399
     656.3186791194129910       1.0498326411806786
     656.3188792528352451       1.0378219721876440
     656.3190793862574992       0.9300282040977397
     656.3192795196798670       0.9524196506152081
     656.3194796531021211       1.0786537005701149
     656.3196797865243752       1.0480067722505806
     656.3198799199466293       0.9840035062237608
     656.3200800533688835       0.9553308670594491
     656.3202801867912513       1.0320528151591177
     656.3204803202135054       0.9862637349948817
     656.3206804536357595       1.0265545742183619
     656.3208805870580136       1.0070185121383903
     656.3210807204803814       0.9775493723588872
     656.3212808539026355       0.9741248432416187
     656.3214809873248896       1.0556025330164824
     656.3216811207471437       1.0080827117164377
     656.3218812541695115       0.9229828988663713
     656.3220813875917656       1.0579830373273167
     656.3222815210140197       0.9866240688396930
     656.3224816544362739       1.0123584461218669
     656.3226817878586417       1.0163381530360893
     656.3228819212808958       1.0255024028056066
     656.3230820547031499       0.9071145103849673
     656.3232821881254040       0.9459183417958831
     656.3234823215477718       1.0466942316860182
     656.3236824549700259       0.9676989757406725
     656.3238825883922800       0.9915994293507846
     656.3240827218145341       0.8961187424670793
     656.3242828552369019       0.8678312431924281
     656.3244829886591560       0.9993308570097895
     656.3246831220814101       0.8738483036904325
     656.3248832555036643       0.9097724754472062
     656.3250833889260321       0.8637202831911949
     656.3252835223482862       0.9908960165613360
     656.3254836557705403       0.9534443462063908
     656.3256837891927944       0.9378987051163827
     656.3258839226150485       0.8824246154021121
     656.3260840560374163       0.8996979025513711
     656.3262841894596704       0.8774024761973158
     656.3264843228819245       0.8079474504868056
     656.3266844563041786       0.8671451390170825
     656.3268845897265464       0.8316869290548701
     656.3270847231488005       0.8626843274802969
     656.3272848565710547       0.8711046867088940
     656.3274849899933088       0.8139867482739451
     656.3276851234156766       0.8321119155575994
     656.3278852568379307       0.8182390109936252
     656.3280853902601848       0.8147568731100486
     656.3282855236824389       0.8909697555780289
     656.3284856571048067       0.8269637864149556
     656.3286857905270608       0.7878641255838361
     656.3288859239493149       0.7819606068879350
     656.3290860573715690       0.7833409469861878
     656.3292861907939368       0.8122178070374344
     656.3294863242161910       0.7472988541049501
     656.3296864576384451       0.7503499179859322
     656.3298865910606992       0.8429183487927505
     656.3300867244830670       0.8087606141534581
     656.3302868579053211       0.7495852602820954
     656.3304869913275752       0.7914637041018973
     656.3306871247498293       0.7536514811006367
     656.3308872581721971       0.7746582007014118
     656.3310873915944512       0.8285160633765928
     656.3312875250167053       0.8099349134654283
     656.3314876584389594       0.8667012614416023
     656.3316877918612136       0.8158522988923140
     656.3318879252835814       0.7929948873872219
     656.3320880587058355       0.8993906271430374
     656.3322881921280896       0.8558451282872745
     656.3324883255503437       0.7752761437896099
     656.3326884589727115       0.8085023842427438
     656.3328885923949656       0.7962089854862227
     656.3330887258172197       0.8985872735984114
     656.3332888592394738       0.8004691689007118
     656.3334889926618416       0.8307130141069184
     656.3336891260840957       0.8934702613895772
     656.3338892595063498       0.8878534507599430
     656.3340893929286040       0.9138708141030787
     656.3342895263509718       0.9142132493035648
     656.3344896597732259       0.9437295694908288
     656.3346897931954800       0.9251759320513001
     656.3348899266177341       0.8648590722372249
     656.3350900600401019       0.9347897056537398
     656.3352901934623560       0.8895783170685764
     656.3354903268846101       0.9369700489863140
     656.3356904603068642       0.9041891114311758
     656.3358905937292320       0.8995397032169167
     656.3360907271514861       0.9127435279991160
     656.3362908605737402       0.9120699020832587
     656.3364909939959944       0.9568781835179658
     656.3366911274182485       0.9804593128073212
     656.3368912608406163       1.0727401806761727
     656.3370913942628704       1.0098115383709798
     656.3372915276851245       0.9377226863451491
     656.3374916611073786       0.9912214586689909
     656.3376917945297464       0.9867311856459188
     656.3378919279520005       1.0091030556755127
     656.3380920613742546       0.9161955360630109
     656.3382921947965087       0.9146723934667845
     656.3384923282188765       1.0729297030094447
     656.3386924616411306       0.9963872060037714
     656.3388925950633848       1.0390577272256758
     656.3390927284856389       0.9708718524783760
     656.3392928619080067       0.9369084962833519
     656.3394929953302608       0.9636631744112302
     656.3396931287525149       0.9689490350043697
     656.3398932621747690       1.0471904298484587
     656.3400933955971368       0.9369261596390915
     656.3402935290193909       0.9877972254794301
     656.3404936624416450       0.9114761637824922
     656.3406937958638991       1.0310343570446552
     656.3408939292862669       0.9511463268672249
     656.3410940627085211       0.9778502204258910
     656.3412941961307752       1.0179513509448270
     656.3414943295530293       0.9103716888163237
     656.3416944629753971       1.0021039622737122
     656.3418945963976512       0.9691956119844366
     656.3420947298199053       0.9813787457298527
     656.3422948632421594       1.0239758253185764
     656.3424949966644135       1.0364760332542751
     656.3426951300867813       1.0388112141955308
     656.3428952635090354       1.0156309634807745
     656.3430953969312895       0.8995521992742809
     656.3432955303535437       1.0232518687731655
     656.3434956637759115       1.0102310396933363
     656.3436957971981656       1.0467572971034120
     656.3438959306204197       0.9660884847228975
     656.3440960640426738       1.0318839522263632
     656.3442961974650416       1.0380996984843285
     656.3444963308872957       0.8961699497006975
     656.3446964643095498       1.0828449907955564
     656.3448965977318039       0.9041966410347935
     656.3450967311541717       0.8804373628773819
     656.3452968645764258       0.9602250096391406
     656.3454969979986799       0.9545812693711329
     656.3456971314209341       0.9855138032098432
     656.3458972648433019       1.0240569334887306
     656.3460973982655560       1.0054105228566907
     656.3462975316878101       0.9448801482287197
     656.3464976651100642       0.9578746874459477
     656.3466977985324320       1.0205049527681980
     656.3468979319546861       0.9546150511745072
     656.3470980653769402       0.9527528166641900
     656.3472981987991943       0.9976126463279257
     656.3474983322214484       0.9891581740495186
     656.3476984656438162       0.9725896873929770
     656.3478985990660703       1.0198653314656383
     656.3480987324883245       0.9923962597953265
     656.3482988659105786       1.0065500660954398
     656.3484989993329464       0.9905970783263088
     656.3486991327552005       0.9697309985504223
     656.3488992661774546       1.0281373617915170
     656.3490993995997087       1.0349019998444615
     656.3492995330220765       0.9678126446218676
     656.3494996664443306       1.0513874142584676
     656.3496997998665847       1.0076098521987502
     656.3498999332888388       1.0647808297737111
     656.3501000667112066       1.0505831326968174
     656.3503002001334607       1.0466699356891804
     656.3505003335557149       0.9303545984745841
     656.3507004669779690       0.9555799169992966
     656.3509006004003368       1.0622185762821876
     656.3511007338225909       1.0055297089920643
     656.3513008672448450       0.9958428049528759
     656.3515010006670991       0.9600422779640577
     656.3517011340894669       1.0160117854659276
     656.3519012675117210       0.9932586078407223
     656.3521014009339751       1.1050599716624607
     656.3523015343562292       0.9913742538318944
     656.3525016677785970       1.0014286056884869
     656.3527018012008512       1.1140905871400935
     656.3529019346231053       0.9523406384930327
     656.3531020680453594       1.0108401390195474
     656.3533022014676135       1.0339481157556611
     656.3535023348899813       1.0176516499583959
     656.3537024683122354       1.0190102189330386
     656.3539026017344895       1.0643307444662271
     656.3541027351567436       1.0724907929217895
     656.3543028685791114       1.0078664693950561
     656.3545030020013655       0.9605191032671618
     656.3547031354236196       1.0413809367210853
     656.3549032688458738       1.0140409757178541
     656.3551034022682416       0.9144614331212777
     656.3553035356904957       0.9683640928922642
     656.3555036691127498       0.9278079490745035
     656.3557038025350039       1.0502391752605069
     656.3559039359573717       1.0670079363212317
     656.3561040693796258       0.9872010255530695
     656.3563042028018799       1.0234801097574313
     656.3565043362241340       1.0075669860584420
     656.3567044696465018       0.9473475515257237
     656.3569046030687559       1.0623955130157539
     656.3571047364910100       0.9510971158442869
     656.3573048699132642       0.9718639012212107
     656.3575050033356320       0.8695410191860490
     656.3577051367578861       0.9250216558467531
     656.3579052701801402       1.0125061487702487
     656.3581054036023943       0.9716713242178747
     656.3583055370246484       0.9830432012639113
     656.3585056704470162       0.9944117125096981
     656.3587058038692703       1.0185009762626009
     656.3589059372915244       1.0168495997773408
     656.3591060707137785       1.0406705886116416
     656.3593062041361463       1.0191357620054080
     656.3595063375584004       1.0353866927321309
     656.3597064709806546       0.9581480585035604
     656.3599066044029087       0.9660432972011840
     656.3601067378252765       0.9296358749268985
     656.3603068712475306       1.0500219874082997
     656.3605070046697847       0.9541558884083540
     656.3607071380920388       0.9920625258236655
     656.3609072715144066       0.9713914040475765
     656.3611074049366607       0.9761204384267113
     656.3613075383589148       1.0000438555834843
     656.3615076717811689       1.0130372541025181
     656.3617078052035367       1.0784736499190264
     656.3619079386257908       0.9408006556332066
     656.3621080720480450       1.0356088690459697
     656.3623082054702991       0.9197129830718020
     656.3625083388926669       0.9980942151742043
     656.3627084723149210       0.9735397398471823
     656.3629086057371751       1.0477237738668914
     656.3631087391594292       0.9746188223361965
     656.3633088725817970       1.0209064427763221
     656.3635090060040511       1.0463737659156320
     656.3637091394263052       0.9749352429062127
     656.3639092728485593       0.9965605067554860
     656.3641094062708135       1.0508559308946133
     656.3643095396931813       1.0483656227588654
     656.3645096731154354       1.0764682292938232
     656.3647098065376895       0.9956715051084757
     656.3649099399599436       1.0799399390816689
     656.3651100733823114       0.9809339996427298
     656.3653102068045655       0.9166967049241066
     656.3655103402268196       0.9986688398057595
     656.3657104736490737       0.9992700360598974
     656.3659106070714415       0.8826847523450851
     656.3661107404936956       1.0376206487417221
     656.3663108739159497       1.0079763280227780
     656.3665110073382039       1.1024442240595818
     656.3667111407605717       1.0027704644016922
     656.3669112741828258       0.9544509649276733
     656.3671114076050799       1.0156362727284431
     656.3673115410273340       1.0762078315019608
     656.3675116744497018       1.0008885064162314
     656.3677118078719559       1.0251655969768763
     656.3679119412942100       0.9513916820287704
     656.3681120747164641       1.0224803742021322
     656.3683122081388319       1.0572296753525734
     656.3685123415610860       0.9054432287812233
     656.3687124749833401       0.9592466391623020
     656.3689126084055943       0.9895522901788354
     656.3691127418278484       0.9673968851566315
     656.3693128752502162       1.0288644824177027
     656.3695130086724703       0.9410460889339447
     656.3697131420947244       0.9278686121106148
     656.3699132755169785       0.9515361413359642
     656.3701134089393463       0.9653742946684361
     656.3703135423616004       0.9883380243554711
     656.3705136757838545       1.0224241819232702
     656.3707138092061086       1.0536626391112804
     656.3709139426284764       0.9653753563761711
     656.3711140760507305       0.9894913276657462
     656.3713142094729847       0.9900132147595286
     656.3715143428952388       1.0054327021352947
     656.3717144763176066       1.0929932519793510
     656.3719146097398607       0.9493741914629936
     656.3721147431621148       0.9933440857566893
     656.3723148765843689       1.0046450826339424
     656.3725150100067367       0.9653236530721188
     656.3727151434289908       1.0920592769980431
     656.3729152768512449       1.0611174963414669
     656.3731154102734990       0.9593887068331242
     656.3733155436958668       1.0110794333741069
     656.3735156771181209       0.9388617910444736
     656.3737158105403751       1.0286765675991774
     656.3739159439626292       1.0010080086067319
     656.3741160773849970       1.0870158746838570
     656.3743162108072511       1.0283397492021322
     656.3745163442295052       1.0226275287568569
     656.3747164776517593       0.9696986079216003
     656.3749166110740134       1.0259758569300175
     656.3751167444963812       1.0560200028121471
     656.3753168779186353       0.9714924115687609
     656.3755170113408894       1.0305847972631454
     656.3757171447631436       1.0489811897277832
     656.3759172781855113       1.0288357920944691
     656.3761174116077655       1.0555429048836231
     656.3763175450300196       1.0141180595383048
     656.3765176784522737       1.0263978485018015
     656.3767178118746415       0.9654857702553272
     656.3769179452968956       1.0446403473615646
     656.3771180787191497       0.9321408793330193
     656.3773182121414038       1.0032972253393382
     656.3775183455637716       0.9658440873026848
     656.3777184789860257       0.9683601930737495
     656.3779186124082798       0.9783374555408955
     656.3781187458305340       0.9590489156544209
     656.3783188792529018       0.9998699557763757
     656.3785190126751559       0.9346018806099892
     656.3787191460974100       1.0094087990000844
     656.3789192795196641       0.9764943066984415
     656.3791194129420319       1.0306713730096817
     656.3793195463642860       1.0018081708112732
     656.3795196797865401       0.9961723193991929
     656.3797198132087942       1.0654562860727310
     656.3799199466311620       0.9767406079918146
     656.3801200800534161       1.0145674739032984
     656.3803202134756702       1.0365923456847668
     656.3805203468979244       0.9718426261097193
     656.3807204803201785       1.0219089146703482
     656.3809206137425463       0.9591342397034168
     656.3811207471648004       0.9270070642232895
     656.3813208805870545       1.0149256065487862
     656.3815210140093086       1.0052182506769896
     656.3817211474316764       1.0065677352249622
     656.3819212808539305       0.9449938274919987
     656.3821214142761846       0.9301741048693657
     656.3823215476984387       0.9494865871965885
     656.3825216811208065       1.0014325979864225
     656.3827218145430606       1.0136226741597056
     656.3829219479653148       1.0635988414287567
     656.3831220813875689       0.9811434689909220
     656.3833222148099367       0.8772104457020760
     656.3835223482321908       0.9614583179354668
     656.3837224816544449       1.0324149578809738
     656.3839226150766990       0.9436762668192387
     656.3841227484990668       0.9923619022592902
     656.3843228819213209       0.9641176052391529
     656.3845230153435750       1.0398358367383480
     656.3847231487658291       0.9918762315064669
     656.3849232821881969       0.9752158466726542
     656.3851234156104510       0.9972743706312031
     656.3853235490327052       0.9705803710967302
     656.3855236824549593       1.0641187131404877
     656.3857238158772134       1.0589947998523712
     656.3859239492995812       1.0577901266515255
     656.3861240827218353       1.0805824175477028
     656.3863242161440894       1.0297401454299688
     656.3865243495663435       0.9670577906072140
     656.3867244829887113       1.1192991510033607
     656.3869246164109654       0.9359288886189461
     656.3871247498332195       1.0364186353981495
     656.3873248832554737       1.0991139188408852
     656.3875250166778414       0.9886583024635911
     656.3877251501000956       1.0392339602112770
     656.3879252835223497       1.0322015434503555
     656.3881254169446038       1.0508184991776943
     656.3883255503669716       1.0003299342643004
     656.3885256837892257       0.9520930126309395
     656.3887258172114798       0.8631087094545364
     656.3889259506337339       1.0002523026778363
     656.3891260840561017       1.0618611350655556
     656.3893262174783558       0.9664601832628250
     656.3895263509006099       1.0299608297646046
     656.3897264843228641       1.0733789950609207
     656.3899266177452319       0.9701523985713720
     656.3901267511674860       1.0410112626850605
     656.3903268845897401       1.0027966543566436
     656.3905270180119942       1.0087970513850451
     656.3907271514343620       0.9962276499718428
     656.3909272848566161       0.9489272832870483
     656.3911274182788702       1.0747984647750854
     656.3913275517011243       1.0421660691499710
     656.3915276851233784       0.9529088474810123
     656.3917278185457462       1.0936908498406410
     656.3919279519680003       0.9358595460653305
     656.3921280853902545       1.0630849525332451
     656.3923282188125086       1.1098522767424583
     656.3925283522348764       1.0374962650239468
     656.3927284856571305       1.0123357949778438
     656.3929286190793846       1.0657930076122284
     656.3931287525016387       1.0351287387311459
     656.3933288859240065       1.0493333525955677
     656.3935290193462606       1.0108518507331610
     656.3937291527685147       1.0272168666124344
     656.3939292861907688       0.9517016299068928
     656.3941294196131366       1.0431062653660774
     656.3943295530353907       0.9779881592839956
     656.3945296864576449       1.0126643432304263
     656.3947298198798990       1.0337432622909546
     656.3949299533022668       0.9857190474867821
     656.3951300867245209       0.9266891777515411
     656.3953302201467750       0.9905110942199826
     656.3955303535690291       0.9654614143073559
     656.3957304869913969       1.0910852104425430
     656.3959306204136510       1.0587401650846004
     656.3961307538359051       0.9665914177894592
     656.3963308872581592       0.9230340793728828
     656.3965310206804133       1.0192511696368456
     656.3967311541027811       0.9999844581052457
     656.3969312875250353       0.9719933681190014
     656.3971314209472894       0.9743876401335001
     656.3973315543695435       1.0397904217243195
     656.3975316877919113       0.9593878537416458
     656.3977318212141654       0.9964663677383214
     656.3979319546364195       0.9557121656835079
     656.3981320880586736       1.0026054063346237
     656.3983322214810414       0.9863209733739495
     656.3985323549032955       1.0896907597780228
     656.3987324883255496       0.9744859933853149
     656.3989326217478038       0.9799997787922621
     656.3991327551701715       1.0062944041565061
     656.3993328885924257       1.0463405065238476
     656.3995330220146798       1.1258509606122971
     656.3997331554369339       0.9954184894450009
     656.3999332888593017       1.0146915065124631
     656.4001334222815558       0.9729755073785782
     656.4003335557038099       1.0367972366511822
     656.4005336891260640       1.0207553189247847
     656.4007338225484318       1.0061992178671062
     656.4009339559706859       0.8837912753224373
     656.4011340893929400       0.8996109589934349
     656.4013342228151942       0.9032405912876129
     656.4015343562375620       0.9486483559012413
     656.4017344896598161       0.9005400314927101
     656.4019346230820702       1.0212861541658640
     656.4021347565043243       0.9184961989521980
     656.4023348899265784       0.9878600072115660
     656.4025350233489462       0.9789514876902103
     656.4027351567712003       1.0209184046834707
     656.4029352901934544       1.0484108589589596
     656.4031354236157085       1.0208223219960928
     656.4033355570380763       1.0490170381963253
     656.4035356904603304       1.0466321110725403
     656.4037358238825846       0.9894428234547377
     656.4039359573048387       1.0867882966995239
     656.4041360907272065       0.9101292714476585
     656.4043362241494606       0.9690364710986614
     656.4045363575717147       1.0139363100752234
     656.4047364909939688       1.0739807114005089
     656.4049366244163366       0.9890763321891427
     656.4051367578385907       1.0523421876132488
     656.4053368912608448       0.9561134018003941
     656.4055370246830989       0.8847759440541267
     656.4057371581054667       1.0282196886837482
     656.4059372915277208       0.9936469136737287
     656.4061374249499750       1.0193385928869247
     656.4063375583722291       1.0329754129052162
     656.4065376917945969       0.9269457608461380
     656.4067378252168510       0.9714237507432699
     656.4069379586391051       0.9426371082663536
     656.4071380920613592       0.8982866257429123
     656.4073382254836133       1.0641871616244316
     656.4075383589059811       1.0391313098371029
     656.4077384923282352       0.9800485614687204
     656.4079386257504893       1.0604285486042500
     656.4081387591727434       1.0076183313503861
     656.4083388925951112       0.9648644998669624
     656.4085390260173654       0.9488705322146416
     656.4087391594396195       1.0497287623584270
     656.4089392928618736       1.0420536324381828
     656.4091394262842414       1.0675202161073685
     656.4093395597064955       1.0149106401950121
     656.4095396931287496       0.9856833769008517
     656.4097398265510037       1.0281483586877584
     656.4099399599733715       1.0489935539662838
     656.4101400933956256       1.0410246737301350
     656.4103402268178797       0.9743058383464813
     656.4105403602401339       1.0383077077567577
     656.4107404936625016       0.9912652047351003
     656.4109406270847558       0.9098683968186378
     656.4111407605070099       1.0964125767350197
     656.4113408939292640       0.9774392005056143
     656.4115410273516318       0.9642767198383808
     656.4117411607738859       1.0476743318140507
     656.4119412941961400       0.9640218652784824
     656.4121414276183941       0.9503558650612831
     656.4123415610407619       0.9838673435151577
     656.4125416944630160       0.9965491145849228
     656.4127418278852701       1.0462807342410088
     656.4129419613075243       1.0272940751165152
     656.4131420947297784       1.1041453704237938
     656.4133422281521462       1.0425660014152527
     656.4135423615744003       0.9967101986985654
     656.4137424949966544       0.9526080973446369
     656.4139426284189085       0.9798099100589752
     656.4141427618412763       1.0525970458984375
     656.4143428952635304       0.8659123331308365
     656.4145430286857845       1.0658405870199203
     656.4147431621080386       0.9959985408931971
     656.4149432955304064       0.9969453122466803
     656.4151434289526605       1.0047283363528550
     656.4153435623749147       0.9709806200116873
     656.4155436957971688       0.9973655778449029
     656.4157438292195366       1.0335523411631584
     656.4159439626417907       1.0327231734991074
     656.4161440960640448       1.0016109722200781
     656.4163442294862989       1.0011085912119597
     656.4165443629086667       0.9711676742881536
     656.4167444963309208       1.0545572042465210
     656.4169446297531749       1.0674845650792122
     656.4171447631754290       0.9857643619179726
     656.4173448965977968       1.0116505157202482
     656.4175450300200509       0.9132565110921860
     656.4177451634423051       1.0721523091197014
     656.4179452968645592       0.9474829770624638
     656.4181454302869270       1.0233739521354437
     656.4183455637091811       0.9579418413341045
     656.4185456971314352       0.9103106409311295
     656.4187458305536893       1.0684604421257973
     656.4189459639759434       1.0370548032224178
     656.4191460973983112       1.0467593036592007
     656.4193462308205653       0.9552112668752670
     656.4195463642428194       0.9383250810205936
     656.4197464976650735       1.0333033166825771
     656.4199466310874413       0.9440335556864738
     656.4201467645096955       0.9467567726969719
     656.4203468979319496       0.9932833192870021
     656.4205470313542037       0.9816412795335054
     656.4207471647765715       0.9435287155210972
     656.4209472981988256       0.9808657299727201
     656.4211474316210797       1.1093861237168312
     656.4213475650433338       1.0255029257386923
     656.4215476984657016       1.0215045399963856
     656.4217478318879557       1.0750790461897850
     656.4219479653102098       0.9649688675999641
     656.4221480987324640       1.0154875386506319
     656.4223482321548317       1.0361643247306347
     656.4225483655770859       0.9824664518237114
     656.4227484989993400       1.1226209402084351
     656.4229486324215941       0.9480313658714294
     656.4231487658439619       1.0706645771861076
     656.4233488992662160       1.0069504193961620
     656.4235490326884701       1.0219941269606352
     656.4237491661107242       0.9895226629450917
     656.4239492995329783       0.9986640482675284
     656.4241494329553461       0.9558199159801006
     656.4243495663776002       1.1024210229516029
     656.4245496997998544       1.0353016890585423
     656.4247498332221085       1.0329743437469006
     656.4249499666444763       0.9983335398137569
     656.4251501000667304       1.0122744403779507
     656.4253502334889845       1.0127552552148700
     656.4255503669112386       1.0303518958389759
     656.4257505003336064       0.9295655414462090
     656.4259506337558605       1.0043868194334209
     656.4261507671781146       0.9785777218639851
     656.4263509006003687       0.9773430023342371
     656.4265510340227365       1.0256890561431646
     656.4267511674449906       1.0024095016997308
     656.4269513008672448       0.9777987021952868
     656.4271514342894989       0.9241529107093811
     656.4273515677118667       0.9672267287969589
     656.4275517011341208       0.9743098020553589
     656.4277518345563749       0.9713524449616671
     656.4279519679786290       0.9567770399153233
     656.4281521014009968       1.0060090632177889
     656.4283522348232509       0.9000753164291382
     656.4285523682455050       1.0866997763514519
     656.4287525016677591       1.0931584164500237
     656.4289526350901269       0.9472434632480145
     656.4291527685123810       1.0363373272120953
     656.4293529019346352       0.9555291645228863
     656.4295530353568893       1.0233804918825626
     656.4297531687791434       1.0343918502330780
     656.4299533022015112       0.9786102194339037
     656.4301534356237653       1.0215188432484865
     656.4303535690460194       0.9200481325387955
     656.4305537024682735       1.0479250662028790
     656.4307538358906413       1.0655754804611206
     656.4309539693128954       0.9725453816354275
     656.4311541027351495       1.0812577083706856
     656.4313542361574036       0.9201958030462265
     656.4315543695797714       1.0006098364247009
     656.4317545030020256       1.0195102225989103
     656.4319546364242797       0.9908794537186623
     656.4321547698465338       0.9364338815212250
     656.4323549032689016       1.0158568602055311
     656.4325550366911557       1.0522859171032906
     656.4327551701134098       1.0123087540268898
     656.4329553035356639       1.0153388204053044
     656.4331554369580317       1.0762268751859665
     656.4333555703802858       0.9951999043114483
     656.4335557038025399       1.0100575648248196
     656.4337558372247940       0.9761028457432985
     656.4339559706471618       1.0525241903960705
     656.4341561040694160       1.0271451920270920
     656.4343562374916701       1.0112896403297782
     656.4345563709139242       0.9857512516900897
     656.4347565043361783       0.9876087317243218
     656.4349566377585461       0.9663270600140095
     656.4351567711808002       1.1334077864885330
     656.4353569046030543       1.1018275171518326
     656.4355570380253084       0.9555613286793232
     656.4357571714476762       1.0305308103561401
     656.4359573048699303       1.0006386402528733
     656.4361574382921845       1.0486346222460270
     656.4363575717144386       1.0604642629623413
     656.4365577051368064       1.0379790477454662
     656.4367578385590605       1.0729993358254433
     656.4369579719813146       0.9494916088879108
     656.4371581054035687       0.9704258609563112
     656.4373582388259365       1.0448848418891430
     656.4375583722481906       1.0120723079890013
     656.4377585056704447       1.0132585829123855
     656.4379586390926988       0.9467853419482708
     656.4381587725150666       1.0652827695012093
     656.4383589059373207       0.9314579591155052
     656.4385590393595749       0.9810160901397467
     656.4387591727818290       1.0540674813091755
     656.4389593062041968       0.9329045414924622
     656.4391594396264509       0.9265786558389664
     656.4393595730487050       0.9792116321623325
     656.4395597064709591       0.9643084555864334
     656.4397598398933269       1.0298572182655334
     656.4399599733155810       0.9220255911350250
     656.4401601067378351       0.9033674895763397
     656.4403602401600892       1.0991239026188850
     656.4405603735823433       0.9803640712052584
     656.4407605070047111       0.9684825129806995
     656.4409606404269653       1.0673193112015724
     656.4411607738492194       0.9948617815971375
     656.4413609072714735       1.0474838353693485
     656.4415610406938413       1.0498647205531597
     656.4417611741160954       1.0143581135198474
     656.4419613075383495       0.9809987321496010
     656.4421614409606036       0.9992260726867244
     656.4423615743829714       0.9896998293697834
     656.4425617078052255       1.0340867713093758
     656.4427618412274796       0.9333208724856377
     656.4429619746497337       1.0587454400956631
     656.4431621080721015       1.0050882319919765
     656.4433622414943557       0.9785243831574917
     656.4435623749166098       0.9744986258447170
     656.4437625083388639       1.0649293735623360
     656.4439626417612317       1.0504067130386829
     656.4441627751834858       0.9969308953732252
     656.4443629086057399       0.9623828120529652
     656.4445630420279940       1.0073884562589228
     656.4447631754503618       1.0120115019381046
     656.4449633088726159       1.0099839484319091
     656.4451634422948700       0.9490718580782413
     656.4453635757171241       1.0493335984647274
     656.4455637091393783       0.9385209567844868
     656.4457638425617461       1.0425930097699165
     656.4459639759840002       0.9393796063959599
     656.4461641094062543       0.9412842802703381
     656.4463642428285084       1.0153858503326774
     656.4465643762508762       0.9475362598896027
     656.4467645096731303       0.9413964562118053
     656.4469646430953844       1.0378261171281338
     656.4471647765176385       1.0702199861407280
     656.4473649099400063       1.0727659761905670
     656.4475650433622604       1.0718758702278137
     656.4477651767845146       1.0020304366480559
     656.4479653102067687       1.0320485644042492
     656.4481654436291365       0.9432708024978638
     656.4483655770513906       1.0364454612135887
     656.4485657104736447       1.0821957737207413
     656.4487658438958988       1.0497990362346172
     656.4489659773182666       0.9816536772996187
     656.4491661107405207       0.9712216909974813
     656.4493662441627748       0.9988586155232042
     656.4495663775850289       0.9847509162500501
     656.4497665110073967       1.0111240511760116
     656.4499666444296508       1.0434766113758087
     656.4501667778519050       0.8785954341292381
     656.4503669112741591       0.9470500983297825
     656.4505670446965269       1.0508117154240608
     656.4507671781187810       1.0507310330867767
     656.4509673115410351       0.9865361005067825
     656.4511674449632892       1.0750724598765373
     656.4513675783855433       1.0854576155543327
     656.4515677118079111       0.9234987273812294
     656.4517678452301652       1.0506987385451794
     656.4519679786524193       1.0077330223284662
     656.4521681120746734       1.0932185575366020
     656.4523682454970412       0.9780348315834999
     656.4525683789192954       1.0137602165341377
     656.4527685123415495       0.9795213956385851
     656.4529686457638036       0.9511365033686161
     656.4531687791861714       1.0186864268034697
     656.4533689126084255       1.0481353215873241
     656.4535690460306796       1.0530796907842159
     656.4537691794529337       1.0782635211944580
     656.4539693128753015       0.9937797361053526
     656.4541694462975556       0.9516381323337555
     656.4543695797198097       0.9754433836787939
     656.4545697131420638       1.0624584071338177
     656.4547698465644316       0.9513391591608524
     656.4549699799866858       0.9523595795035362
     656.4551701134089399       0.9593740180134773
     656.4553702468311940       0.9439908154308796
     656.4555703802535618       0.9481515996158123
     656.4557705136758159       1.0148899778723717
     656.4559706470980700       0.9535366706550121
     656.4561707805203241       1.0122815407812595
     656.4563709139425782       1.0608233325183392
     656.4565710473649460       0.9989947665017098
     656.4567711807872001       0.8769732192158699
     656.4569713142094542       0.8749894946813583
     656.4571714476317084       1.0129261603578925
     656.4573715810540762       1.0337322019040585
     656.4575717144763303       1.0877622887492180
     656.4577718478985844       0.9836073368787766
     656.4579719813208385       1.0063284002244473
     656.4581721147432063       0.9937706482596695
     656.4583722481654604       1.0559214912354946
     656.4585723815877145       0.9537631720304489
     656.4587725150099686       1.0286458712071180
     656.4589726484323364       1.0126429963856936
     656.4591727818545905       0.9601082168519497
     656.4593729152768447       0.9763243645429611
     656.4595730486990988       0.9745554439723492
     656.4597731821214666       1.0325860530138016
     656.4599733155437207       0.9960647276602685
     656.4601734489659748       0.9979733438231051
     656.4603735823882289       1.0377265475690365
     656.4605737158105967       1.1090582832694054
     656.4607738492328508       0.9595106728374958
     656.4609739826551049       1.0173616837710142
     656.4611741160773590       0.9520260170102119
     656.4613742494997268       1.0627128258347511
     656.4615743829219809       0.9840061534196138
     656.4617745163442351       1.0690907165408134
     656.4619746497664892       1.0025739993434399
     656.4621747831887433       0.9813537187874317
     656.4623749166111111       0.9589764922857285
     656.4625750500333652       1.0492726378142834
     656.4627751834556193       1.0465126000344753
     656.4629753168778734       1.0047635999508202
     656.4631754503002412       1.0029122440610081
     656.4633755837224953       1.0078359851613641
     656.4635757171447494       1.0739890858530998
     656.4637758505670035       0.9920559208840132
     656.4639759839893713       0.9285790920257568
     656.4641761174116255       1.0271343439817429
     656.4643762508338796       1.0062417909502983
     656.4645763842561337       1.0403304770588875
     656.4647765176785015       1.0776184573769569
     656.4649766511007556       0.9792937878519297
     656.4651767845230097       0.9437350854277611
     656.4653769179452638       0.9958798512816429
     656.4655770513676316       0.9932319684885442
     656.4657771847898857       1.0448916554450989
     656.4659773182121398       1.0279828067868948
     656.4661774516343939       1.0182935129851103
     656.4663775850567617       1.0039576189592481
     656.4665777184790159       0.9515515826642513
     656.4667778519012700       1.0725081488490105
     656.4669779853235241       1.0092830127105117
     656.4671781187458919       0.9984556181589141
     656.4673782521681460       1.0041695106774569
     656.4675783855904001       0.9929891852661967
     656.4677785190126542       0.9791612830013037
     656.4679786524349083       0.9084428325295448
     656.4681787858572761       1.0065367682836950
     656.4683789192795302       0.9965490477625281
     656.4685790527017843       0.9717349167913198
     656.4687791861240385       0.9973055578302592
     656.4689793195464063       1.0231359880417585
     656.4691794529686604       0.9584930725395679
     656.4693795863909145       1.0522737763822079
     656.4695797198131686       1.0175465326756239
     656.4697798532355364       1.0820521116256714
     656.4699799866577905       0.9935262450017035
     656.4701801200800446       1.0399838574230671
     656.4703802535022987       0.9778732638806105
     656.4705803869246665       0.8973438516259193
     656.4707805203469206       1.0117377256974578
     656.4709806537691748       1.0381604209542274
     656.4711807871914289       0.9918739823624492
     656.4713809206137967       1.0050331382080913
     656.4715810540360508       0.9995679161511362
     656.4717811874583049       0.9417438395321369
     656.4719813208805590       0.8834154009819031
     656.4721814543029268       0.9565529264509678
     656.4723815877251809       0.9358622804284096
     656.4725817211474350       0.9642081595957279
     656.4727818545696891       0.9851968064904213
     656.4729819879919432       1.0572691746056080
     656.4731821214143110       0.9416654892265797
     656.4733822548365652       1.0616380684077740
     656.4735823882588193       0.9666015096008778
     656.4737825216810734       1.1246832534670830
     656.4739826551034412       0.9862944977357984
     656.4741827885256953       1.0031408995855600
     656.4743829219479494       1.0856146439909935
     656.4745830553702035       1.0515891723334789
     656.4747831887925713       0.8751205205917358
     656.4749833222148254       1.0273183826357126
     656.4751834556370795       1.0164305325597525
     656.4753835890593336       0.9629667475819588
     656.4755837224817014       1.0792300924658775
     656.4757838559039556       0.8729059696197510
     656.4759839893262097       0.9760539811104536
     656.4761841227484638       0.9927743724547327
     656.4763842561708316       1.0333392135798931
     656.4765843895930857       0.9396115168929100
     656.4767845230153398       0.9699312169104815
     656.4769846564375939       1.0186069831252098
     656.4771847898599617       1.0558531470596790
     656.4773849232822158       0.9066899269819260
     656.4775850567044699       0.9840321969240904
     656.4777851901267240       0.9961111899465322
     656.4779853235490918       1.0245553087443113
     656.4781854569713460       1.0531134866178036
     656.4783855903936001       1.0057744542136788
     656.4785857238158542       1.0422538965940475
     656.4787858572381083       0.9818794243037701
     656.4789859906604761       1.0192081537097692
     656.4791861240827302       1.0281918253749609
     656.4793862575049843       1.0012615069281310
     656.4795863909272384       1.0037539191544056
     656.4797865243496062       0.9573016576468945
     656.4799866577718603       0.8923761844635010
     656.4801867911941144       0.9531692788004875
     656.4803869246163686       0.9876808086410165
     656.4805870580387364       1.0877717956900597
     656.4807871914609905       0.9937874772585928
     656.4809873248832446       0.9797012750059366
     656.4811874583054987       1.0000722738914192
     656.4813875917278665       1.0352959558367729
     656.4815877251501206       1.1414636075496674
     656.4817878585723747       1.0455870889127254
     656.4819879919946288       1.0490457750856876
     656.4821881254169966       1.0418996363878250
     656.4823882588392507       1.0354108922183514
     656.4825883922615049       1.0105979656800628
     656.4827885256837590       1.0487560294568539
     656.4829886591061268       0.9833631087094545
     656.4831887925283809       1.0689296945929527
     656.4833889259506350       0.9394823648035526
     656.4835890593728891       1.0367583446204662
     656.4837891927951432       1.0214908178895712
     656.4839893262175110       0.9411234483122826
     656.4841894596397651       1.0526985786855221
     656.4843895930620192       0.8871820420026779
     656.4845897264842733       1.0313572026789188
     656.4847898599066411       1.0855435878038406
     656.4849899933288953       1.0279586743563414
     656.4851901267511494       1.0382794290781021
     656.4853902601734035       1.0439703390002251
     656.4855903935957713       0.9696566164493561
     656.4857905270180254       1.0021953601390123
     656.4859906604402795       0.9307157620787621
     656.4861907938625336       1.0325343124568462
     656.4863909272849014       0.8826860636472702
     656.4865910607071555       0.9795323181897402
     656.4867911941294096       0.9204206839203835
     656.4869913275516637       0.9726614467799664
     656.4871914609740315       0.9391581118106842
     656.4873915943962857       0.9425420761108398
     656.4875917278185398       0.9751763027161360
     656.4877918612407939       1.0048349588178098
     656.4879919946631617       0.9705951064825058
     656.4881921280854158       1.0070882597938180
     656.4883922615076699       1.0766242668032646
     656.4885923949299240       0.9524563439190388
     656.4887925283522918       0.9821765515953302
     656.4889926617745459       0.9818317126482725
     656.4891927951968000       1.0258873291313648
     656.4893929286190541       0.9167295470833778
     656.4895930620413083       1.0515821836888790
     656.4897931954636761       0.9884725855663419
     656.4899933288859302       0.9596493989229202
     656.4901934623081843       0.9751636423170567
     656.4903935957304384       0.9737669937312603
     656.4905937291528062       1.0242821779102087
     656.4907938625750603       0.8592773973941803
     656.4909939959973144       0.9362377449870110
     656.4911941294195685       1.0030758741777390
     656.4913942628419363       0.9904109146445990
     656.4915943962641904       0.9927425323985517
     656.4917945296864445       1.0167157668620348
     656.4919946631086987       0.9818455222994089
     656.4921947965310665       1.0710784420371056
     656.4923949299533206       1.0471703968942165
     656.4925950633755747       0.9379764422774315
     656.4927951967978288       1.0452791787683964
     656.4929953302201966       0.9734600149095058
     656.4931954636424507       1.0925288349390030
     656.4933955970647048       0.9510318152606487
     656.4935957304869589       0.9140143617987633
     656.4937958639093267       0.9873819155618548
     656.4939959973315808       0.9386697709560394
     656.4941961307538350       1.0254730917513371
     656.4943962641760891       0.9955998128280044
     656.4945963975983432       1.0288414303213358
     656.4947965310207110       0.9207551926374435
     656.4949966644429651       1.0124927340075374
     656.4951967978652192       1.0158758424222469
     656.4953969312874733       1.0240232534706593
     656.4955970647098411       1.0143608814105392
     656.4957971981320952       1.0103353075683117
     656.4959973315543493       1.0272417608648539
     656.4961974649766034       1.1119061335921288
     656.4963975983989712       1.0160845182836056
     656.4965977318212254       0.9732036795467138
     656.4967978652434795       0.9854583721607924
     656.4969979986657336       0.9583936445415020
     656.4971981320881014       0.9756341371685266
     656.4973982655103555       0.9507792294025421
     656.4975983989326096       0.9357639923691750
     656.4977985323548637       0.9289464280009270
     656.4979986657772315       0.8476524800062180
     656.4981987991994856       1.0721445381641388
     656.4983989326217397       0.9916415652260184
     656.4985990660439938       1.0418432466685772
     656.4987991994663616       0.9933281131088734
     656.4989993328886158       1.0128402058035135
     656.4991994663108699       0.9388260245323181
     656.4993995997331240       1.0234180949628353
     656.4995997331554918       1.0681183412671089
     656.4997998665777459       0.9940947750583291
     656.5000000000000000       1.0778310075402260
