     656.2000000000000455       1.0074357087723911
     656.2002001334222996       1.0459954850375652
     656.2004002668445537       0.8998316302895546
     656.2006004002669215       0.9765967000275850
     656.2008005336891756       0.8885110393166542
     656.2010006671114297       1.0132589908316731
     656.2012008005336838       0.9546049796044827
     656.2014009339560516       0.9675564207136631
     656.2016010673783057       0.9806886110454798
     656.2018012008005599       0.9820222053676844
     656.2020013342228140       0.8806406855583191
     656.2022014676451818       1.0084232231602073
     656.2024016010674359       0.9938728138804436
     656.2026017344896900       1.0358132272958755
     656.2028018679119441       1.0120905339717865
     656.2030020013343119       0.9780246932059526
     656.2032021347565660       0.9271324798464775
     656.2034022681788201       1.0449564270675182
     656.2036024016010742       0.9301961958408356
     656.2038025350234420       1.1051992326974869
     656.2040026684456961       0.9672544673085213
     656.2042028018679503       0.9540252126753330
     656.2044029352902044       1.0458290390670300
     656.2046030687125722       0.9841413516551256
     656.2048032021348263       0.9951391597278416
     656.2050033355570804       0.9581012912094593
     656.2052034689793345       1.0033331532031298
     656.2054036024017023       0.9796151388436556
     656.2056037358239564       1.0409011207520962
     656.2058038692462105       0.9446037039160728
     656.2060040026684646       1.0017439251532778
     656.2062041360907187       1.0399974063038826
     656.2064042695130865       1.0455137751996517
     656.2066044029353407       0.9524289332330227
     656.2068045363575948       0.9810104388743639
     656.2070046697798489       0.9567708186805248
     656.2072048032022167       1.0321566611528397
     656.2074049366244708       1.0332666933536530
     656.2076050700467249       1.0202509630471468
     656.2078052034689790       0.9328781142830849
     656.2080053368913468       0.9951323051936924
     656.2082054703136009       1.1160058304667473
     656.2084056037358550       1.0030177102889866
     656.2086057371581092       0.9115336015820503
     656.2088058705804769       1.0405015721917152
     656.2090060040027311       0.9548851437866688
     656.2092061374249852       1.0140571640804410
     656.2094062708472393       1.0288468245416880
     656.2096064042696071       1.0101878717541695
     656.2098065376918612       0.9257564470171928
     656.2100066711141153       0.9383186586201191
     656.2102068045363694       1.0089610470458865
     656.2104069379587372       1.0066249216906726
     656.2106070713809913       1.0396398268640041
     656.2108072048032454       0.9412123896181583
     656.2110073382254996       0.9906691061332822
     656.2112074716477537       0.9168015569448471
     656.2114076050701215       1.0037782080471516
     656.2116077384923756       1.0294791609048843
     656.2118078719146297       0.9782658610492945
     656.2120080053368838       0.9687690734863281
     656.2122081387592516       0.9227618873119354
     656.2124082721815057       1.0258606616407633
     656.2126084056037598       0.9364298954606056
     656.2128085390260139       1.0639794394373894
     656.2130086724483817       1.0273414701223373
     656.2132088058706358       1.0160739403218031
     656.2134089392928900       0.9526898376643658
     656.2136090727151441       0.9394813366234303
     656.2138092061375119       0.9877060959115624
     656.2140093395597660       0.9525097720324993
     656.2142094729820201       1.0573909692466259
     656.2144096064042742       1.0238837897777557
     656.2146097398266420       1.0229012779891491
     656.2148098732488961       0.9660116806626320
     656.2150100066711502       1.0099668204784393
     656.2152101400934043       1.0458806902170181
     656.2154102735157721       1.0057236184366047
     656.2156104069380262       1.0716832801699638
     656.2158105403602804       1.0132667170837522
     656.2160106737825345       1.0088422410190105
     656.2162108072049023       0.9082382693886757
     656.2164109406271564       0.9973397974390537
     656.2166110740494105       0.9293515682220459
     656.2168112074716646       1.0246621631085873
     656.2170113408939187       0.9887182656675577
     656.2172114743162865       0.9469726271927357
     656.2174116077385406       0.9534081853926182
     656.2176117411607947       1.0119680278003216
     656.2178118745830488       1.0373390354216099
     656.2180120080054166       0.9492795057594776
     656.2182121414276708       0.9543004818260670
     656.2184122748499249       1.0248671229928732
     656.2186124082721790       1.0417551100254059
     656.2188125416945468       1.0171935614198446
     656.2190126751168009       1.0406542271375656
     656.2192128085390550       1.0740372166037560
     656.2194129419613091       0.9868895197287202
     656.2196130753836769       1.0449039787054062
     656.2198132088059310       0.9200298562645912
     656.2200133422281851       1.0090127214789391
     656.2202134756504392       0.9838309567421675
     656.2204136090728070       1.0361192561686039
     656.2206137424950612       1.0596039779484272
     656.2208138759173153       0.9932382656261325
     656.2210140093395694       1.0560902729630470
     656.2212141427619372       0.9978296665940434
     656.2214142761841913       0.9434057213366032
     656.2216144096064454       1.0613776743412018
     656.2218145430286995       0.9659995958209038
     656.2220146764509536       0.9934117053635418
     656.2222148098733214       0.9969090078957379
     656.2224149432955755       1.0072023305110633
     656.2226150767178297       0.9549214132130146
     656.2228152101400838       0.9999815554674569
     656.2230153435624516       1.1275788992643356
     656.2232154769847057       0.9024578556418419
     656.2234156104069598       1.0243684258311987
     656.2236157438292139       0.9890229385346174
     656.2238158772515817       1.0066235424019396
     656.2240160106738358       1.0189922861754894
     656.2242161440960899       0.9707171525806189
     656.2244162775183440       1.0240001827478409
     656.2246164109407118       1.0291718188673258
     656.2248165443629659       0.9065089076757431
     656.2250166777852201       0.9504814669489861
     656.2252168112074742       1.0217690151184797
     656.2254169446298420       1.1326456516981125
     656.2256170780520961       1.0251865629106760
     656.2258172114743502       1.0988740772008896
     656.2260173448966043       1.0764978677034378
     656.2262174783189721       0.9785497803241014
     656.2264176117412262       0.9752309415489435
     656.2266177451634803       0.9641215242445469
     656.2268178785857344       1.0124733829870820
     656.2270180120081022       0.9653594903647900
     656.2272181454303563       1.0641808360815048
     656.2274182788526105       0.9855526359751821
     656.2276184122748646       0.9579639248549938
     656.2278185456971187       0.9915191652253270
     656.2280186791194865       0.9437129497528076
     656.2282188125417406       0.9617171622812748
     656.2284189459639947       0.9589185118675232
     656.2286190793862488       1.0462860725820065
     656.2288192128086166       0.9971188297495246
     656.2290193462308707       1.0224003363400698
     656.2292194796531248       0.9395037218928337
     656.2294196130753789       1.0325861722230911
     656.2296197464977467       1.0448663085699081
     656.2298198799200009       0.9060094505548477
     656.2300200133422550       1.0642139613628387
     656.2302201467645091       1.0470114909112453
     656.2304202801868769       0.9942132770083845
     656.2306204136091310       1.0439637415111065
     656.2308205470313851       0.9870897354558110
     656.2310206804536392       1.0117174154147506
     656.2312208138760070       0.9574571065604687
     656.2314209472982611       1.0172205362468958
     656.2316210807205152       1.0793650522828102
     656.2318212141427693       0.9910322092473507
     656.2320213475651371       0.9765435941517353
     656.2322214809873913       1.0169450677931309
     656.2324216144096454       0.9690966177731752
     656.2326217478318995       1.1208427697420120
     656.2328218812541536       0.9481395184993744
     656.2330220146765214       0.9471492283046246
     656.2332221480987755       0.8436102271080017
     656.2334222815210296       0.9615151509642601
     656.2336224149432837       0.9435448385775089
     656.2338225483656515       0.9405821561813354
     656.2340226817879056       0.9692770298570395
     656.2342228152101598       1.0072340331971645
     656.2344229486324139       1.0116519182920456
     656.2346230820547817       1.0098443701863289
     656.2348232154770358       1.0053821722976863
     656.2350233488992899       1.0089416876435280
     656.2352234823215440       1.0362292528152466
     656.2354236157439118       1.0087741389870644
     656.2356237491661659       0.9216476157307625
     656.2358238825884200       1.0440332479774952
     656.2360240160106741       1.0185155123472214
     656.2362241494330419       0.9941389476880431
     656.2364242828552960       1.0340165123343468
     656.2366244162775502       0.9998458824411500
     656.2368245496998043       0.9881968963891268
     656.2370246831221721       0.9680112674832344
     656.2372248165444262       1.0350281111896038
     656.2374249499666803       1.0265662726014853
     656.2376250833889344       0.9203068688511848
     656.2378252168113022       1.0621521770954132
     656.2380253502335563       0.9851314853876829
     656.2382254836558104       1.0104448394849896
     656.2384256170780645       1.0453055016696453
     656.2386257505003186       0.9962952204514295
     656.2388258839226864       0.9255088493227959
     656.2390260173449406       0.9888285854831338
     656.2392261507671947       0.9912261106073856
     656.2394262841894488       1.0437889769673347
     656.2396264176118166       1.0106680253520608
     656.2398265510340707       1.0187431536614895
     656.2400266844563248       1.0687526091933250
     656.2402268178785789       0.9813187681138515
     656.2404269513009467       1.0293290074914694
     656.2406270847232008       0.9838398024439812
     656.2408272181454549       0.9957244852557778
     656.2410273515677090       1.0696463733911514
     656.2412274849900768       1.0021224447991699
     656.2414276184123310       1.0468518398702145
     656.2416277518345851       1.0151967378333211
     656.2418278852568392       1.0281813200563192
     656.2420280186792070       0.9703632760792971
     656.2422281521014611       0.9986705549526960
     656.2424282855237152       0.9475193955004215
     656.2426284189459693       1.0219290535897017
     656.2428285523683371       0.9600394107401371
     656.2430286857905912       0.8983187153935432
     656.2432288192128453       1.0408570729196072
     656.2434289526350994       0.9848917620256543
     656.2436290860574672       1.0253085643053055
     656.2438292194797214       1.0354529693722725
     656.2440293529019755       0.9850320490077138
     656.2442294863242296       0.9634533971548080
     656.2444296197464837       0.9946593423373997
     656.2446297531688515       0.9838411677628756
     656.2448298865911056       1.0734254717826843
     656.2450300200133597       1.0632850974798203
     656.2452301534356138       0.9862387804314494
     656.2454302868579816       0.9930308186449111
     656.2456304202802357       0.9813656155019999
     656.2458305537024899       1.0182871613651514
     656.2460306871247440       1.0649841204285622
     656.2462308205471118       0.9773802682757378
     656.2464309539693659       0.9981682036304846
     656.2466310873916200       1.0337667427957058
     656.2468312208138741       1.0338243655860424
     656.2470313542362419       0.9831303823739290
     656.2472314876584960       0.9667988605797291
     656.2474316210807501       0.8736989051103592
     656.2476317545030042       0.9808271471410990
     656.2478318879253720       1.0113549232482910
     656.2480320213476261       1.0488887652754784
     656.2482321547698803       0.9419747628271580
     656.2484322881921344       1.0006337273516692
     656.2486324216145022       0.9464343078434467
     656.2488325550367563       1.0755001679062843
     656.2490326884590104       1.0009218716877513
     656.2492328218812645       0.9702922012656927
     656.2494329553035186       1.0456564277410507
     656.2496330887258864       0.9698654673993587
     656.2498332221481405       1.0184441599994898
     656.2500333555703946       1.0343576222658157
     656.2502334889926487       0.8816191777586937
     656.2504336224150165       1.0162514597177505
     656.2506337558372707       1.0689106956124306
     656.2508338892595248       0.9406821541488171
     656.2510340226817789       1.0049574282020330
     656.2512341561041467       0.9965073300991207
     656.2514342895264008       0.9856280814856291
     656.2516344229486549       1.0126666072756052
     656.2518345563709090       0.9796997942030430
     656.2520346897932768       1.0606266856193542
     656.2522348232155309       0.9881894262507558
     656.2524349566377850       1.0253592319786549
     656.2526350900600391       0.9515057392418385
     656.2528352234824069       0.9823964480310678
     656.2530353569046611       0.9988039755262434
     656.2532354903269152       1.0094045931473374
     656.2534356237491693       1.0292992480099201
     656.2536357571715371       0.9130384996533394
     656.2538358905937912       0.9603834673762321
     656.2540360240160453       0.9787447601556778
     656.2542361574382994       0.9408595487475395
     656.2544362908606672       1.0195898376405239
     656.2546364242829213       0.8916521444916725
     656.2548365577051754       0.9003121629357338
     656.2550366911274295       0.9558105953037739
     656.2552368245496837       1.0608393251895905
     656.2554369579720515       0.9978519796859473
     656.2556370913943056       0.9675399921834469
     656.2558372248165597       0.9534563869237900
     656.2560373582388138       0.8321864306926727
     656.2562374916611816       1.0401644781231880
     656.2564376250834357       0.9093882888555527
     656.2566377585056898       0.9494109936058521
     656.2568378919279439       1.0247061531990767
     656.2570380253503117       0.9996131181833334
     656.2572381587725658       1.0586280338466167
     656.2574382921948200       1.0223815795034170
     656.2576384256170741       1.0167010892182589
     656.2578385590394419       0.9625409580767155
     656.2580386924616960       1.0215217508375645
     656.2582388258839501       0.9407281614840031
     656.2584389593062042       0.9442863948643208
     656.2586390927285720       0.9319742396473885
     656.2588392261508261       0.9771783258765936
     656.2590393595730802       0.9768875781446695
     656.2592394929953343       1.0260483119636774
     656.2594396264177021       0.9734890032559633
     656.2596397598399562       0.9518738761544228
     656.2598398932622104       1.0114725222811103
     656.2600400266844645       0.9642033204436302
     656.2602401601067186       1.0208230502903461
     656.2604402935290864       0.9965778924524784
     656.2606404269513405       0.9739304594695568
     656.2608405603735946       0.9498829543590546
     656.2610406937958487       0.9232090115547180
     656.2612408272182165       0.9537700451910496
     656.2614409606404706       1.0406160354614258
     656.2616410940627247       0.9685954861342907
     656.2618412274849788       0.9595419690012932
     656.2620413609073466       1.0686856284737587
     656.2622414943296008       0.8657932728528976
     656.2624416277518549       0.9539948143064976
     656.2626417611741090       0.9541601240634918
     656.2628418945964768       0.9674844145774841
     656.2630420280187309       1.0060014552436769
     656.2632421614409850       1.0212938096374273
     656.2634422948632391       1.0265001710504293
     656.2636424282856069       1.1319209337234497
     656.2638425617078610       0.9378562085330486
     656.2640426951301151       0.9821149650961161
     656.2642428285523692       1.0195160973817110
     656.2644429619747370       0.9817153699696064
     656.2646430953969912       0.9497957043349743
     656.2648432288192453       1.0347718000411987
     656.2650433622414994       0.9941365919075906
     656.2652434956638672       0.9444053471088409
     656.2654436290861213       0.9504497945308685
     656.2656437625083754       0.9343644753098488
     656.2658438959306295       0.9673916324973106
     656.2660440293528836       1.0130295231938362
     656.2662441627752514       1.0542813725769520
     656.2664442961975055       1.0756715759634972
     656.2666444296197596       1.0483899898827076
     656.2668445630420138       0.9806632660329342
     656.2670446964643816       1.0003986322262790
     656.2672448298866357       1.0630607828497887
     656.2674449633088898       0.9780217483639717
     656.2676450967311439       1.0292473565787077
     656.2678452301535117       1.0207740757614374
     656.2680453635757658       0.9497626908123493
     656.2682454969980199       1.0135972229763865
     656.2684456304202740       0.9763659033924341
     656.2686457638426418       1.0158788114786148
     656.2688458972648959       0.9451755769550800
     656.2690460306871501       0.9567782208323479
     656.2692461641094042       0.9509329274296761
     656.2694462975317720       0.9851121678948402
     656.2696464309540261       1.0500966869294643
     656.2698465643762802       0.9850483983755112
     656.2700466977985343       0.9633974432945251
     656.2702468312209021       1.0070617683231831
     656.2704469646431562       1.0852616205811501
     656.2706470980654103       1.0394230857491493
     656.2708472314876644       0.9840179625898600
     656.2710473649099185       1.0949773415923119
     656.2712474983322863       1.0255195498466492
     656.2714476317545405       0.9415527470409870
     656.2716477651767946       0.9090093150734901
     656.2718478985990487       1.0389158241450787
     656.2720480320214165       1.0307056456804276
     656.2722481654436706       0.9623683169484138
     656.2724482988659247       1.0364328473806381
     656.2726484322881788       0.9896182268857956
     656.2728485657105466       1.0120573332533240
     656.2730486991328007       0.9692235458642244
     656.2732488325550548       1.0705133602023125
     656.2734489659773089       0.9758311398327351
     656.2736490993996767       0.9871717551723123
     656.2738492328219309       1.1466882526874542
     656.2740493662441850       0.9984607002697885
     656.2742494996664391       0.9673770256340504
     656.2744496330888069       0.9260696172714233
     656.2746497665110610       0.9579168893396854
     656.2748498999333151       1.0101468591019511
     656.2750500333555692       1.0030318095814437
     656.2752501667779370       0.9973099539056420
     656.2754503002001911       1.0003382760041859
     656.2756504336224452       0.9667292386293411
     656.2758505670446993       1.0233867298811674
     656.2760507004670671       0.9918953673914075
     656.2762508338893213       1.0056171352043748
     656.2764509673115754       0.9988494120771065
     656.2766511007338295       1.1076315864920616
     656.2768512341560836       1.0454263053834438
     656.2770513675784514       0.9907117914408445
     656.2772515010007055       1.0830753073096275
     656.2774516344229596       0.9846986653283238
     656.2776517678452137       1.0648364424705505
     656.2778519012675815       1.0307665746659040
     656.2780520346898356       0.9655168093740940
     656.2782521681120897       0.9939355845563114
     656.2784523015343439       1.0532298758625984
     656.2786524349567117       0.9532204680144787
     656.2788525683789658       1.0606127865612507
     656.2790527018012199       0.9583243764936924
     656.2792528352234740       1.0309102032333612
     656.2794529686458418       0.9406022466719151
     656.2796531020680959       0.9243492260575294
     656.2798532354903500       1.1592353582382202
     656.2800533689126041       1.0048222737386823
     656.2802535023349719       0.9963696952909231
     656.2804536357572260       1.0795304179191589
     656.2806537691794802       0.9815882351249456
     656.2808539026017343       0.9655240960419178
     656.2810540360241021       1.0620402581989765
     656.2812541694463562       0.9521335698664188
     656.2814543028686103       0.9986616488313302
     656.2816544362908644       1.0034890125971287
     656.2818545697131185       0.9276290014386177
     656.2820547031354863       1.0266335103660822
     656.2822548365577404       1.0687496885657310
     656.2824549699799945       1.0131925987079740
     656.2826551034022486       1.0432328321039677
     656.2828552368246164       0.9869591547176242
     656.2830553702468706       0.9989909994183108
     656.2832555036691247       1.0036990870721638
     656.2834556370913788       1.0092609021812677
     656.2836557705137466       1.0094965947791934
     656.2838559039360007       1.0140296611934900
     656.2840560373582548       0.9880383778363466
     656.2842561707805089       1.0462590232491493
     656.2844563042028767       0.9742647558450699
     656.2846564376251308       1.0285427160561085
     656.2848565710473849       1.0225539524108171
     656.2850567044696390       1.0384411253035069
     656.2852568378920068       1.0099847437813878
     656.2854569713142610       0.9285584390163422
     656.2856571047365151       0.9628955908119678
     656.2858572381587692       0.9315372109413147
     656.2860573715811370       1.0704432651400566
     656.2862575050033911       0.9804646093398333
     656.2864576384256452       0.9182992056012154
     656.2866577718478993       0.9161101356148720
     656.2868579052702671       1.0206510778516531
     656.2870580386925212       0.9334682375192642
     656.2872581721147753       1.0122868493199348
     656.2874583055370294       1.0038261420559138
     656.2876584389592836       1.0288097113370895
     656.2878585723816514       0.9813849497586489
     656.2880587058039055       1.0423141270875931
     656.2882588392261596       0.9113327190279961
     656.2884589726484137       0.9240447804331779
     656.2886591060707815       1.0810719355940819
     656.2888592394930356       1.0376878641545773
     656.2890593729152897       1.0452200286090374
     656.2892595063375438       0.9889321867376566
     656.2894596397599116       1.0059157172217965
     656.2896597731821657       1.0201444830745459
     656.2898599066044198       1.0781519114971161
     656.2900600400266740       1.0386002324521542
     656.2902601734490418       0.9599318020045757
     656.2904603068712959       0.9810852948576212
     656.2906604402935500       0.9046452268958092
     656.2908605737158041       0.9971156942192465
     656.2910607071381719       1.0295946728438139
     656.2912608405604260       0.9647635184228420
     656.2914609739826801       0.9909759368747473
     656.2916611074049342       1.0228679366409779
     656.2918612408273020       0.9580873288214207
     656.2920613742495561       1.0411140397191048
     656.2922615076718103       0.9585560411214828
     656.2924616410940644       1.0347441956400871
     656.2926617745164322       0.9629554860293865
     656.2928619079386863       1.0267030578106642
     656.2930620413609404       1.0714251622557640
     656.2932621747831945       0.9356501623988152
     656.2934623082054486       1.0396655723452568
     656.2936624416278164       0.9530902206897736
     656.2938625750500705       0.9273601323366165
     656.2940627084723246       1.0301464833319187
     656.2942628418945787       0.9988452098332345
     656.2944629753169465       0.9933938137255609
     656.2946631087392007       0.9724664203822613
     656.2948632421614548       0.9974004647228867
     656.2950633755837089       1.0971125140786171
     656.2952635090060767       1.0556061677634716
     656.2954636424283308       1.0631593391299248
     656.2956637758505849       0.9599897526204586
     656.2958639092728390       1.0764402225613594
     656.2960640426952068       0.9786895383149385
     656.2962641761174609       1.0493904948234558
     656.2964643095397150       0.9302498102188110
     656.2966644429619691       0.9700050652027130
     656.2968645763843369       1.0161657072603703
     656.2970647098065911       1.0316766612231731
     656.2972648432288452       0.9512578658759594
     656.2974649766510993       1.0323729105293751
     656.2976651100734671       0.9331282451748848
     656.2978652434957212       1.0297713428735733
     656.2980653769179753       1.0813185200095177
     656.2982655103402294       0.8663504719734192
     656.2984656437624835       0.8816777244210243
     656.2986657771848513       0.9577777720987797
     656.2988659106071054       1.0017823223024607
     656.2990660440293595       1.0096616325899959
     656.2992661774516137       0.9924695817753670
     656.2994663108739815       0.9851002125069497
     656.2996664442962356       0.9828959945589301
     656.2998665777184897       0.9752431437373156
     656.3000667111407438       0.9783502276986829
     656.3002668445631116       1.0451603718101965
     656.3004669779853657       0.9492541290819625
     656.3006671114076198       0.9603035710751981
     656.3008672448298739       0.9686934649944262
     656.3010673782522417       0.9812923390418226
     656.3012675116744958       0.9554084651172065
     656.3014676450967499       0.9326739683747149
     656.3016677785190041       0.9621281065046577
     656.3018679119413719       1.0022859612945159
     656.3020680453636260       1.0569545291363740
     656.3022681787858801       0.9729153625666433
     656.3024683122081342       0.9337611496447551
     656.3026684456305020       0.9639035686849142
     656.3028685790527561       1.0287631154058321
     656.3030687124750102       0.9933252115730965
     656.3032688458972643       1.0654785409565468
     656.3034689793196321       0.9441279098385374
     656.3036691127418862       1.0420721545806615
     656.3038692461641403       0.9894816735746681
     656.3040693795863945       0.9549551904183345
     656.3042695130086486       1.0064718387995075
     656.3044696464310164       0.9421799369119471
     656.3046697798532705       0.9955454464018123
     656.3048699132755246       0.9806626066491335
     656.3050700466977787       0.9949865173443667
     656.3052701801201465       0.9391678459794668
     656.3054703135424006       0.9997066997540754
     656.3056704469646547       0.9792910907126479
     656.3058705803869088       1.0063623897324216
     656.3060707138092766       1.0511321313111273
     656.3062708472315308       0.9909251648142309
     656.3064709806537849       0.9768855198120596
     656.3066711140760390       0.9737520179123301
     656.3068712474984068       0.9905523087593462
     656.3070713809206609       0.9718542394130897
     656.3072715143429150       0.9730392094453093
     656.3074716477651691       0.9726520417398444
     656.3076717811875369       1.0749862708152356
     656.3078719146097910       1.0435551208526783
     656.3080720480320451       1.0851903841974040
     656.3082721814542992       0.9626598674664222
     656.3084723148766670       0.9392502692266946
     656.3086724482989212       1.0503157901725264
     656.3088725817211753       1.0460547684105876
     656.3090727151434294       1.0176900972902490
     656.3092728485656835       0.9697132642020334
     656.3094729819880513       0.9889439801208220
     656.3096731154103054       1.0560665540964167
     656.3098732488325595       1.0816615324425460
     656.3100733822548136       0.8377221709687727
     656.3102735156771814       1.0782709519870068
     656.3104736490994355       1.0471613358884033
     656.3106737825216896       1.0874760814238054
     656.3108739159439438       0.9591105719078705
     656.3110740493663116       1.0481822606855360
     656.3112741827885657       1.0543023256659083
     656.3114743162108198       0.9701519048699093
     656.3116744496330739       1.0105202307230670
     656.3118745830554417       0.9753583885474894
     656.3120747164776958       0.9347254045140279
     656.3122748498999499       0.9442817046905402
     656.3124749833222040       1.0003640654641277
     656.3126751167445718       0.9794151515876381
     656.3128752501668259       0.9918800833466266
     656.3130753835890800       0.9555776006671849
     656.3132755170113342       1.0570698014569797
     656.3134756504337020       1.0731377058321772
     656.3136757838559561       1.0118976173998793
     656.3138759172782102       0.9044691220239967
     656.3140760507004643       1.0511768217048845
     656.3142761841228321       0.9740109500911595
     656.3144763175450862       0.9929510207734757
     656.3146764509673403       0.8815302835687771
     656.3148765843895944       0.9898943329780672
     656.3150767178118485       0.9822965029092021
     656.3152768512342163       0.9876573515297906
     656.3154769846564704       0.9960633594454220
     656.3156771180787246       0.9380305226246693
     656.3158772515009787       1.0026389822449082
     656.3160773849233465       0.9798242988415409
     656.3162775183456006       1.0574713864914100
     656.3164776517678547       0.9831558533099194
     656.3166777851901088       0.9545812296464314
     656.3168779186124766       0.9589414195046145
     656.3170780520347307       1.0106261641228345
     656.3172781854569848       1.0210773072800414
     656.3174783188792389       1.0706894172424928
     656.3176784523016067       1.0806992767779087
     656.3178785857238609       0.9917952247953749
     656.3180787191461150       1.0550039635976765
     656.3182788525683691       0.9508270587906461
     656.3184789859907369       1.0115313280224612
     656.3186791194129910       1.0561693358742381
     656.3188792528352451       1.0176710793060926
     656.3190793862574992       0.9502390671627371
     656.3192795196798670       0.9273518921526767
     656.3194796531021211       1.0561089908139931
     656.3196797865243752       0.9001892339698044
     656.3198799199466293       1.0567033641895986
     656.3200800533688835       1.0066107676203475
     656.3202801867912513       1.0044252703000902
     656.3204803202135054       0.9983349189425317
     656.3206804536357595       0.9706095727511955
     656.3208805870580136       0.9521900833854764
     656.3210807204803814       0.9879677502832355
     656.3212808539026355       1.0225104154825060
     656.3214809873248896       0.9340198800610415
     656.3216811207471437       0.9916547562543304
     656.3218812541695115       0.9581020435933517
     656.3220813875917656       1.0051024830830011
     656.3222815210140197       1.0685913650104686
     656.3224816544362739       0.9803098266504647
     656.3226817878586417       0.9582190693427309
     656.3228819212808958       0.9972481361471291
     656.3230820547031499       1.0542468818518940
     656.3232821881254040       0.8996338866281178
     656.3234823215477718       0.9721674562287956
     656.3236824549700259       0.9888315899253373
     656.3238825883922800       0.9265711209190782
     656.3240827218145341       0.9221682333846770
     656.3242828552369019       1.0290359155167308
     656.3244829886591560       0.9659808141451421
     656.3246831220814101       1.0294422500682092
     656.3248832555036643       1.1025856417968609
     656.3250833889260321       0.9918956467440118
     656.3252835223482862       0.9425325895970088
     656.3254836557705403       1.0042229086267356
     656.3256837891927944       0.9077665613981116
     656.3258839226150485       0.8619202755169820
     656.3260840560374163       0.9754355383584977
     656.3262841894596704       0.9782044370153120
     656.3264843228819245       1.0184657295187456
     656.3266844563041786       0.9605325687357920
     656.3268845897265464       0.7845708240933265
     656.3270847231488005       0.8921754771266281
     656.3272848565710547       0.9662282079467636
     656.3274849899933088       0.8592745993489731
     656.3276851234156766       1.0136269578360912
     656.3278852568379307       0.9803500610309874
     656.3280853902601848       0.8847426141534256
     656.3282855236824389       0.8937515184242941
     656.3284856571048067       0.9264572013864434
     656.3286857905270608       0.9133630743419096
     656.3288859239493149       0.8969308441490086
     656.3290860573715690       0.7982915858262705
     656.3292861907939368       0.8788901639319957
     656.3294863242161910       0.8908889764081058
     656.3296864576384451       0.7914256146404502
     656.3298865910606992       0.8522928382507294
     656.3300867244830670       0.8758714463882245
     656.3302868579053211       0.8600405047697239
     656.3304869913275752       0.7870508609421167
     656.3306871247498293       0.8452772785445244
     656.3308872581721971       0.7733252715670025
     656.3310873915944512       0.8371019775842279
     656.3312875250167053       0.8473598258872562
     656.3314876584389594       0.7828066834238546
     656.3316877918612136       0.7778400520186373
     656.3318879252835814       0.7833451929418279
     656.3320880587058355       0.7464790478593847
     656.3322881921280896       0.7851409865059173
     656.3324883255503437       0.8059578036331128
     656.3326884589727115       0.8198116772143802
     656.3328885923949656       0.8360011289317408
     656.3330887258172197       0.8684498750433414
     656.3332888592394738       0.7544041942417870
     656.3334889926618416       0.7758208847137347
     656.3336891260840957       0.8082341515749778
     656.3338892595063498       0.8431193825069621
     656.3340893929286040       0.8972807184295054
     656.3342895263509718       0.8011591234881950
     656.3344896597732259       0.8363355526516965
     656.3346897931954800       0.8082212011597428
     656.3348899266177341       0.8124989846508130
     656.3350900600401019       0.9168102085481361
     656.3352901934623560       0.7857836055391142
     656.3354903268846101       0.8362341357893728
     656.3356904603068642       0.9662603122603040
     656.3358905937292320       0.7897416886895988
     656.3360907271514861       0.9112333341859178
     656.3362908605737402       0.8605668912243640
     656.3364909939959944       0.8649900776979238
     656.3366911274182485       0.8637103534242488
     656.3368912608406163       0.9618502485342083
     656.3370913942628704       0.8659533095478651
     656.3372915276851245       0.9471358943193493
     656.3374916611073786       0.8924054256438683
     656.3376917945297464       0.9054568069313598
     656.3378919279520005       0.9585492420764251
     656.3380920613742546       0.9191061821757222
     656.3382921947965087       1.0478890366072195
     656.3384923282188765       0.9238640059276265
     656.3386924616411306       0.9237308869117647
     656.3388925950633848       0.8309598107742003
     656.3390927284856389       1.0041916858598503
     656.3392928619080067       0.8951360359720428
     656.3394929953302608       0.9485201980104192
     656.3396931287525149       0.9367836489457173
     656.3398932621747690       0.9460517923298857
     656.3400933955971368       0.9419683184511888
     656.3402935290193909       1.0108353897605227
     656.3404936624416450       0.9529299556652127
     656.3406937958638991       0.9075818073732599
     656.3408939292862669       1.0504289364290802
     656.3410940627085211       0.9929277221796141
     656.3412941961307752       0.9316229515544289
     656.3414943295530293       0.9786433641089397
     656.3416944629753971       1.0028252118302379
     656.3418945963976512       0.9587463853609435
     656.3420947298199053       0.8857440919367467
     656.3422948632421594       0.9742982866903934
     656.3424949966644135       0.9654594063387392
     656.3426951300867813       0.9421964955353016
     656.3428952635090354       1.1601286716649351
     656.3430953969312895       0.9771355985276376
     656.3432955303535437       1.0350590538413704
     656.3434956637759115       0.8999299628460509
     656.3436957971981656       1.0141849215114545
     656.3438959306204197       0.9876118674416841
     656.3440960640426738       1.0056708704402630
     656.3442961974650416       0.9668639735566569
     656.3444963308872957       0.9342036264224765
     656.3446964643095498       1.0396058428535015
     656.3448965977318039       1.0319110558177458
     656.3450967311541717       0.9664240457713744
     656.3452968645764258       0.9363498399089427
     656.3454969979986799       1.0277699776154159
     656.3456971314209341       1.0086100355429783
     656.3458972648433019       0.9327209625246926
     656.3460973982655560       1.0241915427785764
     656.3462975316878101       1.0247183029721900
     656.3464976651100642       0.9548440495930383
     656.3466977985324320       1.0368989159869924
     656.3468979319546861       0.9603778733462887
     656.3470980653769402       1.0500749896622583
     656.3472981987991943       0.9880747851645089
     656.3474983322214484       1.0599140729831356
     656.3476984656438162       0.9657550653137452
     656.3478985990660703       0.9904623791354924
     656.3480987324883245       0.9707763937626857
     656.3482988659105786       0.9487874465020609
     656.3484989993329464       1.0544938240999817
     656.3486991327552005       1.0546771926881853
     656.3488992661774546       0.9987860246685938
     656.3490993995997087       0.9904020385449291
     656.3492995330220765       1.0045187181590416
     656.3494996664443306       1.0160084543254242
     656.3496997998665847       0.8876621708519660
     656.3498999332888388       0.9921098333350066
     656.3501000667112066       0.9794553885509557
     656.3503002001334607       0.9822711796699996
     656.3505003335557149       0.9883052677346085
     656.3507004669779690       0.9590821406770980
     656.3509006004003368       1.0302692943038254
     656.3511007338225909       0.8844685958710194
     656.3513008672448450       0.8921894025092102
     656.3515010006670991       1.0378349731803764
     656.3517011340894669       1.0526059157538454
     656.3519012675117210       1.0535840208339038
     656.3521014009339751       0.9795940422555837
     656.3523015343562292       1.0964000700730119
     656.3525016677785970       1.0024363661379994
     656.3527018012008512       0.9651234315531687
     656.3529019346231053       0.9548599326388633
     656.3531020680453594       1.0085749457682456
     656.3533022014676135       1.0686920912667892
     656.3535023348899813       0.9767515768921340
     656.3537024683122354       0.9832252949436183
     656.3539026017344895       0.9947511096765080
     656.3541027351567436       1.0658545560203994
     656.3543028685791114       0.9482604841148906
     656.3545030020013655       0.9522219434492903
     656.3547031354236196       1.0253049397810190
     656.3549032688458738       1.0351923464583876
     656.3551034022682416       1.0437878291110070
     656.3553035356904957       1.0571393952889441
     656.3555036691127498       1.0105573775729293
     656.3557038025350039       0.9172000176185864
     656.3559039359573717       1.0145822232048753
     656.3561040693796258       1.0478294279811808
     656.3563042028018799       0.9689706237704453
     656.3565043362241340       1.0143564262105165
     656.3567044696465018       1.0005238409939143
     656.3569046030687559       1.0080779054732409
     656.3571047364910100       0.9886110895262454
     656.3573048699132642       0.9949065920835835
     656.3575050033356320       1.0247677761956067
     656.3577051367578861       0.9237061807947698
     656.3579052701801402       0.9533065702460121
     656.3581054036023943       0.9077905562566647
     656.3583055370246484       0.9228006077663525
     656.3585056704470162       0.9920794859849325
     656.3587058038692703       1.0167380234975611
     656.3589059372915244       0.9971495928837482
     656.3591060707137785       1.0362265295703810
     656.3593062041361463       0.9967591899499486
     656.3595063375584004       1.0573296323123071
     656.3597064709806546       1.0213980823544460
     656.3599066044029087       0.9996291531274518
     656.3601067378252765       1.0306228231532224
     656.3603068712475306       1.0314565934165461
     656.3605070046697847       0.9157122299021913
     656.3607071380920388       0.9911313857845730
     656.3609072715144066       0.9798136912259944
     656.3611074049366607       0.9209619462471622
     656.3613075383589148       1.0176195427762478
     656.3615076717811689       0.9857804179182589
     656.3617078052035367       1.0010736871038821
     656.3619079386257908       0.9460109211500115
     656.3621080720480450       1.0390089377757881
     656.3623082054702991       0.9904354484749744
     656.3625083388926669       0.9197760745881558
     656.3627084723149210       0.9992211589705148
     656.3629086057371751       0.9373896494507117
     656.3631087391594292       1.0247724540531176
     656.3633088725817970       0.9170350059866591
     656.3635090060040511       1.0516281537711407
     656.3637091394263052       1.0112064527347540
     656.3639092728485593       1.0077445791102848
     656.3641094062708135       0.9432108290493422
     656.3643095396931813       1.0165791418403343
     656.3645096731154354       0.9829618502408236
     656.3647098065376895       0.9929226436652223
     656.3649099399599436       0.9620249085128294
     656.3651100733823114       0.9553408399224272
     656.3653102068045655       0.9770218040794129
     656.3655103402268196       0.8870556801557536
     656.3657104736490737       0.9764670412987468
     656.3659106070714415       1.0119904251769183
     656.3661107404936956       0.9495905973017215
     656.3663108739159497       1.0616667941212654
     656.3665110073382039       0.9719634745270014
     656.3667111407605717       1.0385468117892742
     656.3669112741828258       0.9430507943034172
     656.3671114076050799       0.9943270590156317
     656.3673115410273340       0.9239168912172318
     656.3675116744497018       0.9489479102194309
     656.3677118078719559       1.0515689030289650
     656.3679119412942100       0.9781482536345720
     656.3681120747164641       0.9463413953781128
     656.3683122081388319       0.9902270315214992
     656.3685123415610860       0.9957710658200085
     656.3687124749833401       1.0657359063625336
     656.3689126084055943       1.0246806647628546
     656.3691127418278484       1.0824603512883186
     656.3693128752502162       1.0619769580662251
     656.3695130086724703       1.0467168204486370
     656.3697131420947244       0.9997550242696889
     656.3699132755169785       1.0304460357874632
     656.3701134089393463       0.9286917224526405
     656.3703135423616004       0.9904781859368086
     656.3705136757838545       1.1047847643494606
     656.3707138092061086       1.0643995851278305
     656.3709139426284764       1.0084561957046390
     656.3711140760507305       0.9817822910845280
     656.3713142094729847       0.9582830965518951
     656.3715143428952388       1.0053855208680034
     656.3717144763176066       0.9828243721276522
     656.3719146097398607       0.9395308978855610
     656.3721147431621148       1.0026141246780753
     656.3723148765843689       1.0158571805804968
     656.3725150100067367       1.0387379266321659
     656.3727151434289908       1.0345402844250202
     656.3729152768512449       1.0011860795784742
     656.3731154102734990       0.9851240320131183
     656.3733155436958668       1.0131229264661670
     656.3735156771181209       1.0470176674425602
     656.3737158105403751       1.0143335415050387
     656.3739159439626292       1.0792141407728195
     656.3741160773849970       0.9989424936939031
     656.3743162108072511       1.0304362066090107
     656.3745163442295052       0.9228216484189034
     656.3747164776517593       0.9142281338572502
     656.3749166110740134       1.0630316287279129
     656.3751167444963812       1.0070359269157052
     656.3753168779186353       0.9477396905422211
     656.3755170113408894       0.9734509158879519
     656.3757171447631436       0.9380089044570923
     656.3759172781855113       0.9605546034872532
     656.3761174116077655       0.9421724192798138
     656.3763175450300196       0.9475171267986298
     656.3765176784522737       0.9736662711948156
     656.3767178118746415       0.9903754470869899
     656.3769179452968956       0.9423275776207447
     656.3771180787191497       1.0494826473295689
     656.3773182121414038       0.9315082505345345
     656.3775183455637716       1.0727028846740723
     656.3777184789860257       0.9962685487698764
     656.3779186124082798       0.9711155313998461
     656.3781187458305340       0.8662255704402924
     656.3783188792529018       0.9314322844147682
     656.3785190126751559       0.9246362075209618
     656.3787191460974100       1.0018038681009784
     656.3789192795196641       1.0392050370573997
     656.3791194129420319       0.9732645098119974
     656.3793195463642860       1.0056509813293815
     656.3795196797865401       0.9162783697247505
     656.3797198132087942       0.9571432322263718
     656.3799199466311620       1.0441035032272339
     656.3801200800534161       1.0357101187109947
     656.3803202134756702       1.0383592993021011
     656.3805203468979244       1.0958845615386963
     656.3807204803201785       1.0089491019025445
     656.3809206137425463       0.9950851332396269
     656.3811207471648004       1.0286175291985273
     656.3813208805870545       1.0173572078347206
     656.3815210140093086       1.0758014768362045
     656.3817211474316764       1.0046381410211325
     656.3819212808539305       1.0034473985433578
     656.3821214142761846       1.0175357740372419
     656.3823215476984387       1.0060640638694167
     656.3825216811208065       0.9494427666068077
     656.3827218145430606       0.9822820853441954
     656.3829219479653148       1.0332418829202652
     656.3831220813875689       1.0499816387891769
     656.3833222148099367       0.9829541761428118
     656.3835223482321908       1.0199519451707602
     656.3837224816544449       0.9385103099048138
     656.3839226150766990       0.9506856128573418
     656.3841227484990668       0.9316582083702087
     656.3843228819213209       0.9601254984736443
     656.3845230153435750       1.0165896117687225
     656.3847231487658291       0.9211771562695503
     656.3849232821881969       1.0515341162681580
     656.3851234156104510       1.0050447569228709
     656.3853235490327052       1.0279404018074274
     656.3855236824549593       0.9531574025750160
     656.3857238158772134       0.9286004751920700
     656.3859239492995812       0.9719426278024912
     656.3861240827218353       0.8531172722578049
     656.3863242161440894       1.0618995130062103
     656.3865243495663435       0.9591936059296131
     656.3867244829887113       0.9692618455737829
     656.3869246164109654       0.9440710730850697
     656.3871247498332195       0.9972029351629317
     656.3873248832554737       0.9904928151518106
     656.3875250166778414       1.0039860438555479
     656.3877251501000956       0.9913411922752857
     656.3879252835223497       1.0517542324960232
     656.3881254169446038       1.0671731159090996
     656.3883255503669716       0.9647409804165363
     656.3885256837892257       1.0311232954263687
     656.3887258172114798       1.0550625622272491
     656.3889259506337339       0.9372452571988106
     656.3891260840561017       1.0560351125895977
     656.3893262174783558       1.0064850845374167
     656.3895263509006099       1.0354428961873055
     656.3897264843228641       0.8543403297662735
     656.3899266177452319       0.9348413124680519
     656.3901267511674860       1.0686658248305321
     656.3903268845897401       0.9718419667333364
     656.3905270180119942       1.0658783540129662
     656.3907271514343620       1.0103771239519119
     656.3909272848566161       1.0400152765214443
     656.3911274182788702       1.0412310473620892
     656.3913275517011243       1.0175611749291420
     656.3915276851233784       0.9938848339952528
     656.3917278185457462       1.0245416890829802
     656.3919279519680003       0.9949479894712567
     656.3921280853902545       0.9372485950589180
     656.3923282188125086       0.9850178295746446
     656.3925283522348764       0.9771587867289782
     656.3927284856571305       1.0762109681963921
     656.3929286190793846       0.9837694671005011
     656.3931287525016387       0.9636563695967197
     656.3933288859240065       0.9364911690354347
     656.3935290193462606       1.0323219075798988
     656.3937291527685147       1.0530495904386044
     656.3939292861907688       0.9380512274801731
     656.3941294196131366       1.0028522785287350
     656.3943295530353907       1.0224653650075197
     656.3945296864576449       1.0716543942689896
     656.3947298198798990       1.0052295490168035
     656.3949299533022668       0.9805895555764437
     656.3951300867245209       1.0079248230904341
     656.3953302201467750       1.0187468864023685
     656.3955303535690291       1.0183254238218069
     656.3957304869913969       0.9783164244145155
     656.3959306204136510       1.0360601507127285
     656.3961307538359051       0.9950916166417301
     656.3963308872581592       0.8966071382164955
     656.3965310206804133       0.9826665576547384
     656.3967311541027811       0.9911041250452399
     656.3969312875250353       0.9365249797701836
     656.3971314209472894       0.9953289167024195
     656.3973315543695435       0.9521526433527470
     656.3975316877919113       1.0085683874785900
     656.3977318212141654       0.9962669725064188
     656.3979319546364195       1.0487430691719055
     656.3981320880586736       0.9618111401796341
     656.3983322214810414       1.0274724848568439
     656.3985323549032955       0.9423653185367584
     656.3987324883255496       1.0599668025970459
     656.3989326217478038       1.1149544268846512
     656.3991327551701715       1.0041349469684064
     656.3993328885924257       0.9475992545485497
     656.3995330220146798       0.9457303285598755
     656.3997331554369339       1.0169718004763126
     656.3999332888593017       1.0547077655792236
     656.4001334222815558       1.0207688044756651
     656.4003335557038099       1.0324174724519253
     656.4005336891260640       0.9643062204122543
     656.4007338225484318       1.1265499442815781
     656.4009339559706859       1.0230154749006033
     656.4011340893929400       1.0394241213798523
     656.4013342228151942       1.0248530562967062
     656.4015343562375620       1.0332904718816280
     656.4017344896598161       0.9239048883318901
     656.4019346230820702       0.9187347069382668
     656.4021347565043243       0.9067680910229683
     656.4023348899265784       0.9716079737991095
     656.4025350233489462       1.0623813383281231
     656.4027351567712003       1.0359257534146309
     656.4029352901934544       1.0093308752402663
     656.4031354236157085       1.0273517221212387
     656.4033355570380763       1.0381073318421841
     656.4035356904603304       1.0241051856428385
     656.4037358238825846       1.0079413559287786
     656.4039359573048387       1.0216479450464249
     656.4041360907272065       0.9862900497391820
     656.4043362241494606       0.9777760375291109
     656.4045363575717147       1.0542044341564178
     656.4047364909939688       1.0429524295032024
     656.4049366244163366       1.0062508173286915
     656.4051367578385907       1.0047278446145356
     656.4053368912608448       0.9280360937118530
     656.4055370246830989       0.9602410681545734
     656.4057371581054667       0.9911035904660821
     656.4059372915277208       1.0531033277511597
     656.4061374249499750       0.8909965157508850
     656.4063375583722291       1.0390184447169304
     656.4065376917945969       0.9819580968469381
     656.4067378252168510       0.9753864426165819
     656.4069379586391051       1.1062481403350830
     656.4071380920613592       1.0134235098958015
     656.4073382254836133       0.9868976781144738
     656.4075383589059811       1.0328459441661835
     656.4077384923282352       1.0051264632493258
     656.4079386257504893       0.9735714253038168
     656.4081387591727434       1.0200236588716507
     656.4083388925951112       0.9279739707708359
     656.4085390260173654       0.9402631744742393
     656.4087391594396195       0.9720096495002508
     656.4089392928618736       0.9256713315844536
     656.4091394262842414       1.0819783881306648
     656.4093395597064955       0.9523331895470619
     656.4095396931287496       0.9810439199209213
     656.4097398265510037       1.0698515102267265
     656.4099399599733715       0.9771238807588816
     656.4101400933956256       1.0269239079207182
     656.4103402268178797       0.9998347516957438
     656.4105403602401339       1.0311500634998083
     656.4107404936625016       0.9693979471921921
     656.4109406270847558       0.9952456881292164
     656.4111407605070099       1.0606245100498199
     656.4113408939292640       0.9221346676349640
     656.4115410273516318       1.0130891455337405
     656.4117411607738859       0.9905328880995512
     656.4119412941961400       1.0182907115668058
     656.4121414276183941       1.0025150091387331
     656.4123415610407619       1.0075819999910891
     656.4125416944630160       0.9937364072538912
     656.4127418278852701       0.9660648740828037
     656.4129419613075243       1.0215077735483646
     656.4131420947297784       1.0374630391597748
     656.4133422281521462       0.9859390975907445
     656.4135423615744003       1.0151980016380548
     656.4137424949966544       1.0266806632280350
     656.4139426284189085       0.9431745037436485
     656.4141427618412763       0.9285992160439491
     656.4143428952635304       0.9647964574396610
     656.4145430286857845       0.9246377274394035
     656.4147431621080386       0.9272459074854851
     656.4149432955304064       1.0299251955002546
     656.4151434289526605       1.0379598289728165
     656.4153435623749147       1.0617962181568146
     656.4155436957971688       0.9663422703742981
     656.4157438292195366       1.0207847077399492
     656.4159439626417907       0.9638817273080349
     656.4161440960640448       1.1319245100021362
     656.4163442294862989       1.0177070125937462
     656.4165443629086667       1.0374527685344219
     656.4167444963309208       0.9890094930306077
     656.4169446297531749       1.0116350939497352
     656.4171447631754290       1.0802634507417679
     656.4173448965977968       1.0279150251299143
     656.4175450300200509       0.9995647998002823
     656.4177451634423051       1.0292737837880850
     656.4179452968645592       1.0354300104081631
     656.4181454302869270       1.0529996939003468
     656.4183455637091811       0.9989799644099548
     656.4185456971314352       1.0424586348235607
     656.4187458305536893       0.9732215199619532
     656.4189459639759434       0.9947501658461988
     656.4191460973983112       1.0107132000848651
     656.4193462308205653       0.9483360238373280
     656.4195463642428194       1.0083574568852782
     656.4197464976650735       1.0060232686810195
     656.4199466310874413       1.0110300406813622
     656.4201467645096955       1.0475985817611217
     656.4203468979319496       0.9750954285264015
     656.4205470313542037       0.9733924325555563
     656.4207471647765715       0.9450556449592113
     656.4209472981988256       0.9819787126034498
     656.4211474316210797       1.0116053735837340
     656.4213475650433338       0.9102960526943207
     656.4215476984657016       0.9464746154844761
     656.4217478318879557       0.9969863838050514
     656.4219479653102098       1.0151846650987864
     656.4221480987324640       1.0918434187769890
     656.4223482321548317       1.0347653180360794
     656.4225483655770859       1.0577393770217896
     656.4227484989993400       0.9734125845134258
     656.4229486324215941       1.0507613383233547
     656.4231487658439619       0.9938583588227630
     656.4233488992662160       0.9886826351284981
     656.4235490326884701       1.1033130213618279
     656.4237491661107242       1.0028868578374386
     656.4239492995329783       0.9252764210104942
     656.4241494329553461       0.9208787158131599
     656.4243495663776002       1.0341002494096756
     656.4245496997998544       1.0844943448901176
     656.4247498332221085       0.9453478977084160
     656.4249499666444763       1.0491435043513775
     656.4251501000667304       1.0529426336288452
     656.4253502334889845       0.9522131420671940
     656.4255503669112386       1.1127695217728615
     656.4257505003336064       0.9404263310134411
     656.4259506337558605       1.0736847072839737
     656.4261507671781146       1.0948290228843689
     656.4263509006003687       1.0245755594223738
     656.4265510340227365       0.9902580799534917
     656.4267511674449906       0.9925722223706543
     656.4269513008672448       0.9636944606900215
     656.4271514342894989       1.0316525734961033
     656.4273515677118667       0.9800769165158272
     656.4275517011341208       0.9959413087926805
     656.4277518345563749       1.0145360082387924
     656.4279519679786290       0.9152583628892899
     656.4281521014009968       1.0778800845146179
     656.4283522348232509       1.0013436080189422
     656.4285523682455050       0.9337621554732323
     656.4287525016677591       1.0122974580153823
     656.4289526350901269       0.9466419033706188
     656.4291527685123810       1.0151361664757133
     656.4293529019346352       0.9615662060678005
     656.4295530353568893       0.8678167760372162
     656.4297531687791434       1.0010176759678870
     656.4299533022015112       1.0645524337887764
     656.4301534356237653       0.9887377424165606
     656.4303535690460194       0.9863935708999634
     656.4305537024682735       0.8683766424655914
     656.4307538358906413       0.9205751940608025
     656.4309539693128954       1.0466905198991299
     656.4311541027351495       0.9998823010610067
     656.4313542361574036       0.9955347403883934
     656.4315543695797714       0.9662731885910034
     656.4317545030020256       0.9502799212932587
     656.4319546364242797       1.0152841731905937
     656.4321547698465338       1.0181304309517145
     656.4323549032689016       0.9605179242789745
     656.4325550366911557       0.9401815049350262
     656.4327551701134098       1.0227970387786627
     656.4329553035356639       0.9965654718689620
     656.4331554369580317       1.0001006384409266
     656.4333555703802858       0.9093220606446266
     656.4335557038025399       1.0351940691471100
     656.4337558372247940       1.0207098182290792
     656.4339559706471618       1.0175140518695116
     656.4341561040694160       1.0079635707661510
     656.4343562374916701       0.9480214901268482
     656.4345563709139242       1.0616181008517742
     656.4347565043361783       1.0080234305933118
     656.4349566377585461       0.9731641132384539
     656.4351567711808002       0.9239756464958191
     656.4353569046030543       1.0502938926219940
     656.4355570380253084       1.0049212062731385
     656.4357571714476762       0.9959712731651962
     656.4359573048699303       0.9798475112766027
     656.4361574382921845       0.9749391674995422
     656.4363575717144386       0.9434566237032413
     656.4365577051368064       0.9868409829214215
     656.4367578385590605       0.9599329680204391
     656.4369579719813146       0.9424242116510868
     656.4371581054035687       1.0062133162282407
     656.4373582388259365       1.0329466573894024
     656.4375583722481906       0.9697563704103231
     656.4377585056704447       1.0328134447336197
     656.4379586390926988       1.0606213994324207
     656.4381587725150666       0.9904754739254713
     656.4383589059373207       0.9052222743630409
     656.4385590393595749       0.9757087975740433
     656.4387591727818290       1.0220582522451878
     656.4389593062041968       1.1137250661849976
     656.4391594396264509       0.9452460333704948
     656.4393595730487050       1.0289626475423574
     656.4395597064709591       0.9894688325002789
     656.4397598398933269       1.0299071315675974
     656.4399599733155810       0.9921134356409311
     656.4401601067378351       0.9337979778647423
     656.4403602401600892       0.9257735759019852
     656.4405603735823433       1.0314622484147549
     656.4407605070047111       1.0473703071475029
     656.4409606404269653       0.9982625562697649
     656.4411607738492194       0.9507562629878521
     656.4413609072714735       1.1062615290284157
     656.4415610406938413       1.0174636449664831
     656.4417611741160954       1.0962706655263901
     656.4419613075383495       0.9799730721861124
     656.4421614409606036       1.0156564693897963
     656.4423615743829714       0.8723893314599991
     656.4425617078052255       1.0224972628057003
     656.4427618412274796       0.9712723158299923
     656.4429619746497337       1.0094227558001876
     656.4431621080721015       0.9933551377616823
     656.4433622414943557       0.9678313396871090
     656.4435623749166098       1.0386873446404934
     656.4437625083388639       1.0867709964513779
     656.4439626417612317       0.9802016522735357
     656.4441627751834858       1.0022356521803886
     656.4443629086057399       1.0222397446632385
     656.4445630420279940       1.0962544903159142
     656.4447631754503618       0.9665738977491856
     656.4449633088726159       0.9307109341025352
     656.4451634422948700       0.9892877228558064
     656.4453635757171241       1.0912839397788048
     656.4455637091393783       0.9598670713603497
     656.4457638425617461       0.9812056533992290
     656.4459639759840002       1.0790173187851906
     656.4461641094062543       1.0418577045202255
     656.4463642428285084       0.9200090095400810
     656.4465643762508762       1.0145151093602180
     656.4467645096731303       0.9941076929681003
     656.4469646430953844       0.9776582438498735
     656.4471647765176385       0.9970393807161599
     656.4473649099400063       1.0028980455826968
     656.4475650433622604       1.0222892854362726
     656.4477651767845146       0.9348515048623085
     656.4479653102067687       0.9971690711099654
     656.4481654436291365       0.9587117023766041
     656.4483655770513906       1.0911495238542557
     656.4485657104736447       1.0416425019502640
     656.4487658438958988       1.1114951148629189
     656.4489659773182666       1.1289777457714081
     656.4491661107405207       1.0442259497940540
     656.4493662441627748       0.9862547116354108
     656.4495663775850289       1.0294690467417240
     656.4497665110073967       1.0585158467292786
     656.4499666444296508       1.1229666396975517
     656.4501667778519050       0.9600726105272770
     656.4503669112741591       1.0125038195401430
     656.4505670446965269       0.9849881352856755
     656.4507671781187810       0.9865312334150076
     656.4509673115410351       1.0475696139037609
     656.4511674449632892       0.9755459185689688
     656.4513675783855433       1.0333242677152157
     656.4515677118079111       1.0724627152085304
     656.4517678452301652       0.9596598222851753
     656.4519679786524193       1.0311018209904432
     656.4521681120746734       0.9736232627183199
     656.4523682454970412       1.0013252395438030
     656.4525683789192954       1.0024323861580342
     656.4527685123415495       0.9579400047659874
     656.4529686457638036       0.9719105567783117
     656.4531687791861714       0.9619650505483150
     656.4533689126084255       1.0501379668712616
     656.4535690460306796       1.0165101680904627
     656.4537691794529337       1.0174917411059141
     656.4539693128753015       1.0371838882565498
     656.4541694462975556       1.0156959760934114
     656.4543695797198097       0.9711134247481823
     656.4545697131420638       0.9911039704456925
     656.4547698465644316       1.0048847333528101
     656.4549699799866858       0.9777229186147451
     656.4551701134089399       0.9827074352651834
     656.4553702468311940       0.9275654628872871
     656.4555703802535618       0.9841051939874887
     656.4557705136758159       1.1076494827866554
     656.4559706470980700       1.0077609396539629
     656.4561707805203241       0.9626517184078693
     656.4563709139425782       1.0247300695627928
     656.4565710473649460       0.9277844727039337
     656.4567711807872001       1.0136568248271942
     656.4569713142094542       1.0377700440585613
     656.4571714476317084       0.9444287009537220
     656.4573715810540762       1.0967117771506310
     656.4575717144763303       1.0235740616917610
     656.4577718478985844       0.9500763602554798
     656.4579719813208385       1.0368306562304497
     656.4581721147432063       1.0373430326581001
     656.4583722481654604       1.0173083152621984
     656.4585723815877145       1.0819619223475456
     656.4587725150099686       1.0970285981893539
     656.4589726484323364       0.9052260592579842
     656.4591727818545905       0.9937535147182643
     656.4593729152768447       0.9384594149887562
     656.4595730486990988       0.8966194614768028
     656.4597731821214666       1.0586556755006313
     656.4599733155437207       0.9972727079875767
     656.4601734489659748       0.9705563206225634
     656.4603735823882289       1.0401199869811535
     656.4605737158105967       1.0179699379950762
     656.4607738492328508       0.9810659829527140
     656.4609739826551049       0.9131788164377213
     656.4611741160773590       1.0321449339389801
     656.4613742494997268       1.0328261107206345
     656.4615743829219809       1.0003165893431287
     656.4617745163442351       1.0019026948139071
     656.4619746497664892       0.9433909095823765
     656.4621747831887433       1.0348385684192181
     656.4623749166111111       1.0636744424700737
     656.4625750500333652       0.9208517745137215
     656.4627751834556193       1.0203375089913607
     656.4629753168778734       0.9428931102156639
     656.4631754503002412       0.8987602964043617
     656.4633755837224953       0.9719566609710455
     656.4635757171447494       1.0171011444181204
     656.4637758505670035       0.9193864837288857
     656.4639759839893713       1.0596226342022419
     656.4641761174116255       0.9857150539755821
     656.4643762508338796       1.0176986847072840
     656.4645763842561337       0.9916486935690045
     656.4647765176785015       1.0172776691615582
     656.4649766511007556       1.0586591027677059
     656.4651767845230097       0.9956937958486378
     656.4653769179452638       1.0721888020634651
     656.4655770513676316       0.9961221530102193
     656.4657771847898857       1.0351301170885563
     656.4659773182121398       1.0503073111176491
     656.4661774516343939       1.0671869739890099
     656.4663775850567617       0.9844432147219777
     656.4665777184790159       0.9756897184997797
     656.4667778519012700       0.9783906508237123
     656.4669779853235241       0.9417231902480125
     656.4671781187458919       0.9835040550678968
     656.4673782521681460       0.9486218914389610
     656.4675783855904001       0.9985067137749866
     656.4677785190126542       1.0854965820908546
     656.4679786524349083       0.9672993607819080
     656.4681787858572761       0.9662978015840054
     656.4683789192795302       1.0579376295208931
     656.4685790527017843       0.9858690276741982
     656.4687791861240385       1.0408400669693947
     656.4689793195464063       1.0517091937363148
     656.4691794529686604       0.9556164927780628
     656.4693795863909145       1.0547806322574615
     656.4695797198131686       1.0067230165004730
     656.4697798532355364       1.0090212067589164
     656.4699799866577905       0.9681679345667362
     656.4701801200800446       1.0270296130329370
     656.4703802535022987       0.9674039036035538
     656.4705803869246665       0.9529429711401463
     656.4707805203469206       1.0332340933382511
     656.4709806537691748       1.0151857985183597
     656.4711807871914289       0.9787901658564806
     656.4713809206137967       1.0225106962025166
     656.4715810540360508       0.9053348451852798
     656.4717811874583049       1.0063480935059488
     656.4719813208805590       0.9361548051238060
     656.4721814543029268       1.0165473297238350
     656.4723815877251809       1.0558832772076130
     656.4725817211474350       1.0131895756348968
     656.4727818545696891       0.9254477843642235
     656.4729819879919432       1.0184054039418697
     656.4731821214143110       0.9953881357796490
     656.4733822548365652       0.9572019502520561
     656.4735823882588193       0.9762930162250996
     656.4737825216810734       0.9846782162785530
     656.4739826551034412       0.9944693208672106
     656.4741827885256953       1.0804240033030510
     656.4743829219479494       1.1040507927536964
     656.4745830553702035       0.9234578758478165
     656.4747831887925713       1.0641017332673073
     656.4749833222148254       1.0137361604720354
     656.4751834556370795       1.0027423568535596
     656.4753835890593336       0.9944732780568302
     656.4755837224817014       0.9444904737174511
     656.4757838559039556       1.1360687017440796
     656.4759839893262097       1.0094271767884493
     656.4761841227484638       1.0297154728323221
     656.4763842561708316       1.0601388476788998
     656.4765843895930857       0.9294724911451340
     656.4767845230153398       1.0349759310483932
     656.4769846564375939       0.9793865326792002
     656.4771847898599617       0.9888770766556263
     656.4773849232822158       0.9901679288595915
     656.4775850567044699       1.0203928630799055
     656.4777851901267240       1.0332578271627426
     656.4779853235490918       0.9218103587627411
     656.4781854569713460       1.0082982312887907
     656.4783855903936001       0.9679965265095234
     656.4785857238158542       0.9224249422550201
     656.4787858572381083       0.9373078644275665
     656.4789859906604761       1.0741957649588585
     656.4791861240827302       1.0488439761102200
     656.4793862575049843       1.0894548520445824
     656.4795863909272384       1.0300331991165876
     656.4797865243496062       1.0314693897962570
     656.4799866577718603       1.0468056090176105
     656.4801867911941144       0.9265011698007584
     656.4803869246163686       1.0416560731828213
     656.4805870580387364       0.9659674093127251
     656.4807871914609905       1.0392710641026497
     656.4809873248832446       1.0114767774939537
     656.4811874583054987       0.9964008256793022
     656.4813875917278665       1.0146196931600571
     656.4815877251501206       0.9965605854522437
     656.4817878585723747       0.9613884538412094
     656.4819879919946288       1.1052589416503906
     656.4821881254169966       0.9541285932064056
     656.4823882588392507       0.9952457719482481
     656.4825883922615049       1.0281147211790085
     656.4827885256837590       1.0816080048680305
     656.4829886591061268       0.9980542212724686
     656.4831887925283809       0.9474028833210468
     656.4833889259506350       0.9872879358008504
     656.4835890593728891       1.0679776296019554
     656.4837891927951432       0.9677143469452858
     656.4839893262175110       1.0369834005832672
     656.4841894596397651       1.0910828188061714
     656.4843895930620192       0.9899804079905152
     656.4845897264842733       1.0115951718762517
     656.4847898599066411       1.0243059322237968
     656.4849899933288953       1.0330785959959030
     656.4851901267511494       0.9956299928016961
     656.4853902601734035       0.9341205805540085
     656.4855903935957713       1.0604600496590137
     656.4857905270180254       1.0475879237055779
     656.4859906604402795       1.1109119206666946
     656.4861907938625336       0.8841626420617104
     656.4863909272849014       0.9051489308476448
     656.4865910607071555       0.9756384305655956
     656.4867911941294096       0.9353689849376678
     656.4869913275516637       1.0232741590589285
     656.4871914609740315       0.9488223902881145
     656.4873915943962857       1.0105784377083182
     656.4875917278185398       1.0622046701610088
     656.4877918612407939       1.0275095943361521
     656.4879919946631617       1.0399943627417088
     656.4881921280854158       0.9782201480120420
     656.4883922615076699       0.9737352784723043
     656.4885923949299240       1.0659878030419350
     656.4887925283522918       0.9996566040499602
     656.4889926617745459       0.8740752041339874
     656.4891927951968000       0.9990071712527424
     656.4893929286190541       1.0595478825271130
     656.4895930620413083       0.9376660473644733
     656.4897931954636761       1.0540244951844215
     656.4899933288859302       0.9728073123842478
     656.4901934623081843       0.9883831301704049
     656.4903935957304384       0.9837283790111542
     656.4905937291528062       1.0414655059576035
     656.4907938625750603       0.9861294152215123
     656.4909939959973144       1.0648655816912651
     656.4911941294195685       0.9486293196678162
     656.4913942628419363       0.9412134997546673
     656.4915943962641904       0.9474041946232319
     656.4917945296864445       0.9230081811547279
     656.4919946631086987       1.0768673047423363
     656.4921947965310665       1.0528448820114136
     656.4923949299533206       0.9742038212716579
     656.4925950633755747       0.9667648784816265
     656.4927951967978288       0.9505174122750759
     656.4929953302201966       1.0148131297901273
     656.4931954636424507       1.0280154198408127
     656.4933955970647048       1.0750433355569839
     656.4935957304869589       1.0818516537547112
     656.4937958639093267       1.0838749557733536
     656.4939959973315808       0.8929710611701012
     656.4941961307538350       1.0955372080206871
     656.4943962641760891       0.9687813930213451
     656.4945963975983432       1.0703472495079041
     656.4947965310207110       1.0014568176120520
     656.4949966644429651       1.0691700503230095
     656.4951967978652192       0.9611451402306557
     656.4953969312874733       1.0069034197367728
     656.4955970647098411       0.9267489537596703
     656.4957971981320952       1.0439270585775375
     656.4959973315543493       0.9069213122129440
     656.4961974649766034       1.0696678385138512
     656.4963975983989712       1.0100549245253205
     656.4965977318212254       1.0141885532066226
     656.4967978652434795       1.0159481503069401
     656.4969979986657336       1.0661618039011955
     656.4971981320881014       0.9885299922898412
     656.4973982655103555       0.9766149912029505
     656.4975983989326096       0.9986725318012759
     656.4977985323548637       1.0353616289794445
     656.4979986657772315       1.1038885042071342
     656.4981987991994856       0.9938250617124140
     656.4983989326217397       1.0506432168185711
     656.4985990660439938       1.0335529744625092
     656.4987991994663616       0.9533923268318176
     656.4989993328886158       1.0080438060685992
     656.4991994663108699       0.9416912905871868
     656.4993995997331240       0.9906402276828885
     656.4995997331554918       1.0806002169847488
     656.4997998665777459       0.9990846024593338
     656.5000000000000000       0.9773858431726694
