     656.2000000000000455       0.9656262733042240
     656.2002001334222996       0.9710762817412615
     656.2004002668445537       1.0104115102440119
     656.2006004002669215       1.0044773137196898
     656.2008005336891756       0.9776815976947546
     656.2010006671114297       1.0396064594388008
     656.2012008005336838       1.0333583019673824
     656.2014009339560516       0.9678127393126488
     656.2016010673783057       1.0025466599036008
     656.2018012008005599       1.0789614692330360
     656.2020013342228140       1.0569796040654182
     656.2022014676451818       0.9776057545095682
     656.2024016010674359       1.0083263358101249
     656.2026017344896900       1.0848506093025208
     656.2028018679119441       1.0202187597751617
     656.2030020013343119       0.9730358868837357
     656.2032021347565660       1.0565839186310768
     656.2034022681788201       0.9519861489534378
     656.2036024016010742       0.9797806572169065
     656.2038025350234420       0.9736631177365780
     656.2040026684456961       0.9290820211172104
     656.2042028018679503       1.0360388495028019
     656.2044029352902044       1.0144075006246567
     656.2046030687125722       1.0133041013032198
     656.2048032021348263       0.9479206800460815
     656.2050033355570804       0.9959733108989894
     656.2052034689793345       0.9917200068011880
     656.2054036024017023       0.9724179524928331
     656.2056037358239564       0.9772547073662281
     656.2058038692462105       0.9849577704444528
     656.2060040026684646       0.9582458399236202
     656.2062041360907187       1.0060550710186362
     656.2064042695130865       0.8642232120037079
     656.2066044029353407       1.0100076524540782
     656.2068045363575948       1.0443205051124096
     656.2070046697798489       1.0315198525786400
     656.2072048032022167       1.0057920226827264
     656.2074049366244708       0.9761808477342129
     656.2076050700467249       0.9561136662960052
     656.2078052034689790       0.9780037179589272
     656.2080053368913468       1.0298432465642691
     656.2082054703136009       1.0277009885758162
     656.2084056037358550       0.9898507166653872
     656.2086057371581092       0.9839158467948437
     656.2088058705804769       0.9969350725878030
     656.2090060040027311       1.0799337849020958
     656.2092061374249852       1.0332094654440880
     656.2094062708472393       1.0345032624900341
     656.2096064042696071       1.0235994178801775
     656.2098065376918612       1.0390081554651260
     656.2100066711141153       1.0305252224206924
     656.2102068045363694       0.9971735328435898
     656.2104069379587372       1.0189992561936378
     656.2106070713809913       1.0105363102629781
     656.2108072048032454       1.0258189141750336
     656.2110073382254996       0.9962114749941975
     656.2112074716477537       0.9515237249433994
     656.2114076050701215       0.9673645906150341
     656.2116077384923756       0.9625466950237751
     656.2118078719146297       1.0365775935351849
     656.2120080053368838       1.0627708286046982
     656.2122081387592516       0.9621098674833775
     656.2124082721815057       0.9737767279148102
     656.2126084056037598       0.9531790725886822
     656.2128085390260139       1.0499096624553204
     656.2130086724483817       1.0462983548641205
     656.2132088058706358       0.9249261692166328
     656.2134089392928900       1.0439360104501247
     656.2136090727151441       1.0387718267738819
     656.2138092061375119       1.0100937103852630
     656.2140093395597660       1.1231877431273460
     656.2142094729820201       1.0038298931904137
     656.2144096064042742       1.0462345331907272
     656.2146097398266420       1.0004459136689547
     656.2148098732488961       0.9810114819556475
     656.2150100066711502       0.9269949942827225
     656.2152101400934043       0.9353737607598305
     656.2154102735157721       0.8762236088514328
     656.2156104069380262       1.0498570613563061
     656.2158105403602804       0.9288764819502831
     656.2160106737825345       1.0010996076744050
     656.2162108072049023       0.9860601648688316
     656.2164109406271564       0.9276249408721924
     656.2166110740494105       0.9131975993514061
     656.2168112074716646       1.0355973578989506
     656.2170113408939187       0.9867053413763642
     656.2172114743162865       0.9585885480046272
     656.2174116077385406       1.0135379498824477
     656.2176117411607947       0.9782229010015726
     656.2178118745830488       1.0301807876676321
     656.2180120080054166       0.9913714928552508
     656.2182121414276708       0.9702824149280787
     656.2184122748499249       0.8829432800412178
     656.2186124082721790       1.0802242383360863
     656.2188125416945468       0.9693804048001766
     656.2190126751168009       0.9994505727663636
     656.2192128085390550       0.9865107592195272
     656.2194129419613091       1.0140833454206586
     656.2196130753836769       1.0607262216508389
     656.2198132088059310       1.0032818973995745
     656.2200133422281851       1.0336718373000622
     656.2202134756504392       1.0780731812119484
     656.2204136090728070       1.0211195852607489
     656.2206137424950612       1.0248076915740967
     656.2208138759173153       0.9846152989193797
     656.2210140093395694       0.9407470226287842
     656.2212141427619372       0.9867079015821218
     656.2214142761841913       1.0140574695542455
     656.2216144096064454       1.0623381622135639
     656.2218145430286995       0.9809614587575197
     656.2220146764509536       1.0026294316630810
     656.2222148098733214       0.9481280930340290
     656.2224149432955755       0.9406771957874298
     656.2226150767178297       0.9940759898163378
     656.2228152101400838       0.9871213389560580
     656.2230153435624516       1.0091957589611411
     656.2232154769847057       1.0242758225649595
     656.2234156104069598       1.0692390128970146
     656.2236157438292139       1.0062950812280178
     656.2238158772515817       0.9863293720409274
     656.2240160106738358       0.9750031139701605
     656.2242161440960899       1.0680740699172020
     656.2244162775183440       0.9534086249768734
     656.2246164109407118       1.0201947875320911
     656.2248165443629659       0.9946044720709324
     656.2250166777852201       1.0077197887003422
     656.2252168112074742       0.9667037315666676
     656.2254169446298420       0.9811082668602467
     656.2256170780520961       1.0830253213644028
     656.2258172114743502       0.9949810490943491
     656.2260173448966043       0.9159488081932068
     656.2262174783189721       0.9883905686438084
     656.2264176117412262       0.9849901879206300
     656.2266177451634803       1.0215022116899490
     656.2268178785857344       1.0575817190110683
     656.2270180120081022       1.0311532206833363
     656.2272181454303563       1.0814901217818260
     656.2274182788526105       1.0376620627939701
     656.2276184122748646       1.0206731315702200
     656.2278185456971187       0.9113107621669769
     656.2280186791194865       0.9240876808762550
     656.2282188125417406       1.0784902200102806
     656.2284189459639947       1.0768180787563324
     656.2286190793862488       0.9540718086063862
     656.2288192128086166       1.0209193639457226
     656.2290193462308707       1.0232551842927933
     656.2292194796531248       1.0054897493682802
     656.2294196130753789       0.9590766169130802
     656.2296197464977467       1.0538296476006508
     656.2298198799200009       0.9797169100493193
     656.2300200133422550       0.9558618105947971
     656.2302201467645091       0.9500377029180527
     656.2304202801868769       1.0133295748382807
     656.2306204136091310       1.0064084255136549
     656.2308205470313851       0.9948013834655285
     656.2310206804536392       0.9828870631754398
     656.2312208138760070       0.9533355422317982
     656.2314209472982611       0.9903657911345363
     656.2316210807205152       1.0538045354187489
     656.2318212141427693       1.0675394386053085
     656.2320213475651371       1.0547841973602772
     656.2322214809873913       0.9423076435923576
     656.2324216144096454       0.9801092054694891
     656.2326217478318995       1.0600868724286556
     656.2328218812541536       0.9730133470147848
     656.2330220146765214       1.0310185551643372
     656.2332221480987755       0.9463165923953056
     656.2334222815210296       1.0363728813827038
     656.2336224149432837       0.8902602791786194
     656.2338225483656515       0.9969459476415068
     656.2340226817879056       0.9609640426933765
     656.2342228152101598       0.9834814704954624
     656.2344229486324139       1.0779168754816055
     656.2346230820547817       0.9539933837950230
     656.2348232154770358       0.8718944042921066
     656.2350233488992899       0.9725840184837580
     656.2352234823215440       0.9482427574694157
     656.2354236157439118       1.0050478763878345
     656.2356237491661659       0.9330694451928139
     656.2358238825884200       0.9616388231515884
     656.2360240160106741       0.9832293130457401
     656.2362241494330419       1.0336537137627602
     656.2364242828552960       0.9668388962745667
     656.2366244162775502       1.1133862137794495
     656.2368245496998043       0.9980865748366341
     656.2370246831221721       0.9937535645440221
     656.2372248165444262       0.9760933984071016
     656.2374249499666803       0.9833037648350000
     656.2376250833889344       1.0628690943121910
     656.2378252168113022       1.0020538074895740
     656.2380253502335563       0.9362009167671204
     656.2382254836558104       1.0218524914234877
     656.2384256170780645       0.9953815112821758
     656.2386257505003186       1.0333802290260792
     656.2388258839226864       0.9190740659832954
     656.2390260173449406       0.9942662720568478
     656.2392261507671947       1.0347827188670635
     656.2394262841894488       1.0813716650009155
     656.2396264176118166       1.0257265921682119
     656.2398265510340707       1.0678672119975090
     656.2400266844563248       1.0242366511374712
     656.2402268178785789       0.9484066069126129
     656.2404269513009467       1.1260912865400314
     656.2406270847232008       1.0007970613660291
     656.2408272181454549       0.8682313263416290
     656.2410273515677090       0.9899025270715356
     656.2412274849900768       0.9178607240319252
     656.2414276184123310       1.0557140782475471
     656.2416277518345851       0.9530571773648262
     656.2418278852568392       0.9263190999627113
     656.2420280186792070       0.9710035268217325
     656.2422281521014611       0.8999060764908791
     656.2424282855237152       0.9639701098203659
     656.2426284189459693       1.0488104075193405
     656.2428285523683371       0.9977029822766781
     656.2430286857905912       1.0209519658237696
     656.2432288192128453       1.0051863244734704
     656.2434289526350994       1.0162992700934410
     656.2436290860574672       1.0388657785952091
     656.2438292194797214       1.0181816201657057
     656.2440293529019755       0.9648806788027287
     656.2442294863242296       0.9572706520557404
     656.2444296197464837       1.0157079454511404
     656.2446297531688515       0.9679534025490284
     656.2448298865911056       1.0555992200970650
     656.2450300200133597       1.0305935628712177
     656.2452301534356138       0.9643280990421772
     656.2454302868579816       1.1107321903109550
     656.2456304202802357       1.0356329567730427
     656.2458305537024899       1.0515009835362434
     656.2460306871247440       1.0434994138777256
     656.2462308205471118       0.9669691473245621
     656.2464309539693659       1.0471062958240509
     656.2466310873916200       0.9636243470013142
     656.2468312208138741       1.0155685609206557
     656.2470313542362419       1.0393742658197880
     656.2472314876584960       0.9381272606551647
     656.2474316210807501       1.0301975943148136
     656.2476317545030042       1.0480465702712536
     656.2478318879253720       1.0866010412573814
     656.2480320213476261       1.0312529951334000
     656.2482321547698803       0.9309296682476997
     656.2484322881921344       1.0211428888142109
     656.2486324216145022       1.0176888294517994
     656.2488325550367563       0.9856920223683119
     656.2490326884590104       0.9576019421219826
     656.2492328218812645       0.9987023983849213
     656.2494329553035186       1.0518242083489895
     656.2496330887258864       1.0152691453695297
     656.2498332221481405       0.9466998390853405
     656.2500333555703946       0.9624272920191288
     656.2502334889926487       0.9727348051965237
     656.2504336224150165       1.0525516346096992
     656.2506337558372707       0.9205364361405373
     656.2508338892595248       1.0193213317543268
     656.2510340226817789       0.9518841803073883
     656.2512341561041467       0.9157160148024559
     656.2514342895264008       0.9832809511572123
     656.2516344229486549       1.0450715832412243
     656.2518345563709090       0.9836315456777811
     656.2520346897932768       1.0071266540326178
     656.2522348232155309       0.9703504592180252
     656.2524349566377850       0.9485882855951786
     656.2526350900600391       0.9703313726931810
     656.2528352234824069       0.9911463670432568
     656.2530353569046611       1.0579631626605988
     656.2532354903269152       0.9947985345497727
     656.2534356237491693       0.9847384644672275
     656.2536357571715371       1.0133795691654086
     656.2538358905937912       1.1089399829506874
     656.2540360240160453       0.8914939239621162
     656.2542361574382994       0.9740201290696859
     656.2544362908606672       0.9507330171763897
     656.2546364242829213       1.0507618077099323
     656.2548365577051754       1.0085875717923045
     656.2550366911274295       0.9917009621858597
     656.2552368245496837       0.9844780610874295
     656.2554369579720515       0.9306181892752647
     656.2556370913943056       0.9850936289876699
     656.2558372248165597       0.9829067327082157
     656.2560373582388138       0.9501266777515411
     656.2562374916611816       0.9929950251244009
     656.2564376250834357       0.9785921573638916
     656.2566377585056898       0.9843270741403103
     656.2568378919279439       1.0643064379692078
     656.2570380253503117       0.9183048456907272
     656.2572381587725658       0.9646247513592243
     656.2574382921948200       1.0594869218766689
     656.2576384256170741       0.9999667872762075
     656.2578385590394419       1.0019805105403066
     656.2580386924616960       1.0810432285070419
     656.2582388258839501       0.9789891224354506
     656.2584389593062042       1.0513547249138355
     656.2586390927285720       0.9880719296634197
     656.2588392261508261       0.9800054971128702
     656.2590393595730802       0.9813669603317976
     656.2592394929953343       1.1052040979266167
     656.2594396264177021       0.9597620703279972
     656.2596397598399562       0.9142317995429039
     656.2598398932622104       1.0227741245180368
     656.2600400266844645       0.9728431459516287
     656.2602401601067186       0.9470273740589619
     656.2604402935290864       1.0361008010804653
     656.2606404269513405       0.8729294538497925
     656.2608405603735946       1.0160566084086895
     656.2610406937958487       0.9779850263148546
     656.2612408272182165       1.0171164050698280
     656.2614409606404706       1.0442920066416264
     656.2616410940627247       0.9197287037968636
     656.2618412274849788       1.0423483178019524
     656.2620413609073466       0.9079721570014954
     656.2622414943296008       1.0629466697573662
     656.2624416277518549       1.0254775919020176
     656.2626417611741090       0.9681665115058422
     656.2628418945964768       1.0555789545178413
     656.2630420280187309       1.0112589960917830
     656.2632421614409850       0.9665855206549168
     656.2634422948632391       1.0119551671668887
     656.2636424282856069       1.0657563805580139
     656.2638425617078610       1.0186475235968828
     656.2640426951301151       0.9604995138943195
     656.2642428285523692       0.9931711368262768
     656.2644429619747370       1.0207276344299316
     656.2646430953969912       1.0016458764439449
     656.2648432288192453       1.0211656447499990
     656.2650433622414994       0.9363255351781845
     656.2652434956638672       0.9427278749644756
     656.2654436290861213       1.0407820716500282
     656.2656437625083754       0.9581415839493275
     656.2658438959306295       1.0377938188612461
     656.2660440293528836       1.0267965644598007
     656.2662441627752514       0.9485562629997730
     656.2664442961975055       1.0255942028015852
     656.2666444296197596       0.9172513112425804
     656.2668445630420138       0.9969399699475616
     656.2670446964643816       1.0560368597507477
     656.2672448298866357       0.9734105616807938
     656.2674449633088898       0.9695546030998230
     656.2676450967311439       0.9413941092789173
     656.2678452301535117       0.9505081959068775
     656.2680453635757658       0.9842131454497576
     656.2682454969980199       0.9719405714422464
     656.2684456304202740       1.0141461780294776
     656.2686457638426418       1.0439820513129234
     656.2688458972648959       1.0380277298390865
     656.2690460306871501       0.9751016423106194
     656.2692461641094042       0.9930902905762196
     656.2694462975317720       1.0006545555661432
     656.2696464309540261       0.9609873592853546
     656.2698465643762802       1.0653505474328995
     656.2700466977985343       1.0175121631473303
     656.2702468312209021       1.0711128935217857
     656.2704469646431562       1.0069584413431585
     656.2706470980654103       1.0340266041457653
     656.2708472314876644       0.9959304071962833
     656.2710473649099185       0.9621094390749931
     656.2712474983322863       0.9864428145810962
     656.2714476317545405       1.0137159926816821
     656.2716477651767946       0.9664639122784138
     656.2718478985990487       0.9106257334351540
     656.2720480320214165       0.9997393555240706
     656.2722481654436706       0.8945522084832191
     656.2724482988659247       0.9363372325897217
     656.2726484322881788       1.0156778860837221
     656.2728485657105466       1.0504472069442272
     656.2730486991328007       1.0041329618543386
     656.2732488325550548       1.0010645258007571
     656.2734489659773089       0.9860923001542687
     656.2736490993996767       0.9944988861680031
     656.2738492328219309       1.0060160751454532
     656.2740493662441850       1.0016001801704988
     656.2742494996664391       0.9921130202710629
     656.2744496330888069       0.9562489874660969
     656.2746497665110610       1.0068042739294469
     656.2748498999333151       0.9398942589759827
     656.2750500333555692       1.0221239533275366
     656.2752501667779370       0.9642450325191021
     656.2754503002001911       1.0176103860139847
     656.2756504336224452       1.0385402813553810
     656.2758505670446993       0.9938663397915661
     656.2760507004670671       1.0037406110204756
     656.2762508338893213       0.9343984723091125
     656.2764509673115754       1.0227758474647999
     656.2766511007338295       0.9630883522331715
     656.2768512341560836       0.9847029503434896
     656.2770513675784514       1.0369385369122028
     656.2772515010007055       0.9674485214054585
     656.2774516344229596       0.9759767949581146
     656.2776517678452137       0.9404592439532280
     656.2778519012675815       0.9892866881564260
     656.2780520346898356       1.1036250963807106
     656.2782521681120897       0.9943234459497035
     656.2784523015343439       1.0348591320216656
     656.2786524349567117       1.0103941727429628
     656.2788525683789658       0.9591013267636299
     656.2790527018012199       0.9557447768747807
     656.2792528352234740       1.0457485020160675
     656.2794529686458418       1.0545194521546364
     656.2796531020680959       0.9476056024432182
     656.2798532354903500       0.9563008658587933
     656.2800533689126041       1.0198332499712706
     656.2802535023349719       0.9546042568981647
     656.2804536357572260       0.9938214705325663
     656.2806537691794802       0.9635961689054966
     656.2808539026017343       0.8836840167641640
     656.2810540360241021       0.9831456020474434
     656.2812541694463562       1.0464204661548138
     656.2814543028686103       1.0589093565940857
     656.2816544362908644       0.9633121006190777
     656.2818545697131185       1.0279003977775574
     656.2820547031354863       0.9940597056411207
     656.2822548365577404       0.9135442450642586
     656.2824549699799945       0.9631786234676838
     656.2826551034022486       1.0349971801042557
     656.2828552368246164       1.0123592074960470
     656.2830553702468706       0.9764019381254911
     656.2832555036691247       0.9971467398572713
     656.2834556370913788       1.0008723711944185
     656.2836557705137466       1.0226029343903065
     656.2838559039360007       0.9852657988667488
     656.2840560373582548       0.9900300251320004
     656.2842561707805089       0.8934259265661240
     656.2844563042028767       1.0326357036828995
     656.2846564376251308       1.0015931039815769
     656.2848565710473849       1.0005245892098173
     656.2850567044696390       1.0516561679542065
     656.2852568378920068       1.0450409017503262
     656.2854569713142610       1.0630020424723625
     656.2856571047365151       1.0582246892154217
     656.2858572381587692       0.9747099932283163
     656.2860573715811370       1.1169882342219353
     656.2862575050033911       0.9912110241129994
     656.2864576384256452       0.9004120901226997
     656.2866577718478993       0.9374204501509666
     656.2868579052702671       1.0217479933053255
     656.2870580386925212       1.1406386792659760
     656.2872581721147753       0.9864469766616821
     656.2874583055370294       0.9932338474318385
     656.2876584389592836       0.9636943973600864
     656.2878585723816514       1.0086009232327342
     656.2880587058039055       1.0241587813943624
     656.2882588392261596       0.9525888338685036
     656.2884589726484137       0.9171884581446648
     656.2886591060707815       0.9010304585099220
     656.2888592394930356       1.0103368060663342
     656.2890593729152897       1.0540770962834358
     656.2892595063375438       0.9983927067369223
     656.2894596397599116       1.0092088123783469
     656.2896597731821657       0.9334392175078392
     656.2898599066044198       0.9167278707027435
     656.2900600400266740       1.0205456148833036
     656.2902601734490418       0.9333735853433609
     656.2904603068712959       0.9477324485778809
     656.2906604402935500       1.0501201562583447
     656.2908605737158041       0.9762926232069731
     656.2910607071381719       1.1004548668861389
     656.2912608405604260       1.0514996424317360
     656.2914609739826801       1.0637380778789520
     656.2916611074049342       1.0199577305465937
     656.2918612408273020       1.0210568010807037
     656.2920613742495561       0.9806839581578970
     656.2922615076718103       0.9667543545365334
     656.2924616410940644       1.0317650102078915
     656.2926617745164322       1.0478504709899426
     656.2928619079386863       0.9991115395678207
     656.2930620413609404       0.9603545106947422
     656.2932621747831945       1.0529490970075130
     656.2934623082054486       0.9706849623471498
     656.2936624416278164       0.9435098096728325
     656.2938625750500705       1.0506191328167915
     656.2940627084723246       1.0745400786399841
     656.2942628418945787       1.0089611494913697
     656.2944629753169465       0.9959289878606796
     656.2946631087392007       0.9496854133903980
     656.2948632421614548       1.0338915251195431
     656.2950633755837089       1.0156974513083696
     656.2952635090060767       1.0434766598045826
     656.2954636424283308       1.0492098517715931
     656.2956637758505849       1.0815221592783928
     656.2958639092728390       1.0170152857899666
     656.2960640426952068       0.9205745533108711
     656.2962641761174609       0.9904598081484437
     656.2964643095397150       0.8945394530892372
     656.2966644429619691       1.0366795472800732
     656.2968645763843369       0.9901699209585786
     656.2970647098065911       1.0559880919754505
     656.2972648432288452       0.9703782200813293
     656.2974649766510993       0.9258252829313278
     656.2976651100734671       0.9615821130573750
     656.2978652434957212       1.0092296833172441
     656.2980653769179753       0.9881768636405468
     656.2982655103402294       0.9811445921659470
     656.2984656437624835       0.9357753321528435
     656.2986657771848513       1.0045545869506896
     656.2988659106071054       1.0273397006094456
     656.2990660440293595       1.0213119573891163
     656.2992661774516137       1.0291180312633514
     656.2994663108739815       1.0449484512209892
     656.2996664442962356       1.0639631077647209
     656.2998665777184897       1.0486431084573269
     656.3000667111407438       1.0188520643860102
     656.3002668445631116       1.0090544577687979
     656.3004669779853657       1.0308103710412979
     656.3006671114076198       1.0712111145257950
     656.3008672448298739       1.0175563450902700
     656.3010673782522417       1.0387509167194366
     656.3012675116744958       0.8994196131825447
     656.3014676450967499       1.0581582486629486
     656.3016677785190041       0.9819900635629892
     656.3018679119413719       1.0674708858132362
     656.3020680453636260       0.8735330849885941
     656.3022681787858801       0.9546786174178123
     656.3024683122081342       1.0052563995122910
     656.3026684456305020       0.9995385072543286
     656.3028685790527561       0.9061548411846161
     656.3030687124750102       1.0736929997801781
     656.3032688458972643       1.0064800530672073
     656.3034689793196321       1.0456703044474125
     656.3036691127418862       0.9539699740707874
     656.3038692461641403       0.9214611724019051
     656.3040693795863945       1.0102117648348212
     656.3042695130086486       1.0664542764425278
     656.3044696464310164       0.8985235318541527
     656.3046697798532705       0.9718975182622671
     656.3048699132755246       1.0322425663471222
     656.3050700466977787       1.0002208956575487
     656.3052701801201465       1.1034305468201637
     656.3054703135424006       0.9744021110236645
     656.3056704469646547       1.0358059480786324
     656.3058705803869088       0.9301523566246033
     656.3060707138092766       0.9458205737173557
     656.3062708472315308       0.9750277623534203
     656.3064709806537849       0.9905719840899110
     656.3066711140760390       0.9644780829548836
     656.3068712474984068       0.9871444460004568
     656.3070713809206609       0.9171524122357368
     656.3072715143429150       0.9133604541420937
     656.3074716477651691       0.9560595788061619
     656.3076717811875369       1.0556536391377449
     656.3078719146097910       0.9821772929280996
     656.3080720480320451       0.9841484278440475
     656.3082721814542992       1.0674848556518555
     656.3084723148766670       0.9689538441598415
     656.3086724482989212       0.9260486364364624
     656.3088725817211753       1.0371876321732998
     656.3090727151434294       1.0269572734832764
     656.3092728485656835       0.9008264020085335
     656.3094729819880513       0.9516246318817139
     656.3096731154103054       1.0567955188453197
     656.3098732488325595       0.9728342592716217
     656.3100733822548136       1.0411485247313976
     656.3102735156771814       0.9394133314490318
     656.3104736490994355       1.0906185358762741
     656.3106737825216896       0.9805275313556194
     656.3108739159439438       0.9402736015617847
     656.3110740493663116       0.9834914598613977
     656.3112741827885657       0.9813646469265223
     656.3114743162108198       1.0327543504536152
     656.3116744496330739       0.9703105334192514
     656.3118745830554417       1.0075574703514576
     656.3120747164776958       0.9328790083527565
     656.3122748498999499       0.9739733301103115
     656.3124749833222040       1.0385478436946869
     656.3126751167445718       1.0359614379703999
     656.3128752501668259       1.0581042133271694
     656.3130753835890800       1.0595486275851727
     656.3132755170113342       1.0393013469874859
     656.3134756504337020       0.9817931316792965
     656.3136757838559561       1.0278234910219908
     656.3138759172782102       0.9846183955669403
     656.3140760507004643       1.0216433573514223
     656.3142761841228321       1.0273271109908819
     656.3144763175450862       1.0169808510690928
     656.3146764509673403       1.0116099072620273
     656.3148765843895944       1.0293819494545460
     656.3150767178118485       0.9185705035924911
     656.3152768512342163       1.0361029990017414
     656.3154769846564704       1.0027789594605565
     656.3156771180787246       0.9767987746745348
     656.3158772515009787       1.0109258806332946
     656.3160773849233465       0.8572955280542374
     656.3162775183456006       1.0482912361621857
     656.3164776517678547       0.9793117679655552
     656.3166777851901088       1.0525259748101234
     656.3168779186124766       1.0580765791237354
     656.3170780520347307       1.0726818144321442
     656.3172781854569848       1.0382399968802929
     656.3174783188792389       0.9188951253890991
     656.3176784523016067       1.0053089587017894
     656.3178785857238609       1.0487764142453671
     656.3180787191461150       0.9552325494587421
     656.3182788525683691       1.0007832182454877
     656.3184789859907369       1.0701944306492805
     656.3186791194129910       0.9422390982508659
     656.3188792528352451       0.9568865187466145
     656.3190793862574992       0.9923719377256930
     656.3192795196798670       1.0707579478621483
     656.3194796531021211       1.0773262977600098
     656.3196797865243752       0.9308596923947334
     656.3198799199466293       0.9569466710090637
     656.3200800533688835       1.0925235971808434
     656.3202801867912513       0.9709402173757553
     656.3204803202135054       1.0139423180371523
     656.3206804536357595       0.9739922881126404
     656.3208805870580136       0.9501999653875828
     656.3210807204803814       0.9303731918334961
     656.3212808539026355       0.9864744823426008
     656.3214809873248896       0.9855667930096388
     656.3216811207471437       1.0033582926262170
     656.3218812541695115       0.9703820608556271
     656.3220813875917656       1.0387242138385773
     656.3222815210140197       1.0541670732200146
     656.3224816544362739       1.0666633471846581
     656.3226817878586417       0.9547627232968807
     656.3228819212808958       1.0092256106436253
     656.3230820547031499       1.1014130488038063
     656.3232821881254040       1.0559976063668728
     656.3234823215477718       0.9537544138729572
     656.3236824549700259       0.9313419163227081
     656.3238825883922800       0.9545421972870827
     656.3240827218145341       0.9625239595770836
     656.3242828552369019       0.9692590646445751
     656.3244829886591560       0.9811673369258642
     656.3246831220814101       1.0332026146352291
     656.3248832555036643       1.0126565592363477
     656.3250833889260321       0.9574562348425388
     656.3252835223482862       0.9596197418868542
     656.3254836557705403       0.9819435253739357
     656.3256837891927944       1.0566137097775936
     656.3258839226150485       0.9711296316236258
     656.3260840560374163       1.0271064136177301
     656.3262841894596704       1.0390302985906601
     656.3264843228819245       1.0053151790052652
     656.3266844563041786       1.0622616484761238
     656.3268845897265464       0.9994748394237831
     656.3270847231488005       1.0496555380523205
     656.3272848565710547       0.9721897952258587
     656.3274849899933088       1.1589120775461197
     656.3276851234156766       0.9885333757847548
     656.3278852568379307       0.9876115554943681
     656.3280853902601848       0.9869874073192477
     656.3282855236824389       1.0329668968915939
     656.3284856571048067       0.9564199000597000
     656.3286857905270608       1.0579151213169098
     656.3288859239493149       0.9837451521307230
     656.3290860573715690       1.0475726537406445
     656.3292861907939368       1.0632538571953773
     656.3294863242161910       0.9472334682941437
     656.3296864576384451       1.0316436812281609
     656.3298865910606992       1.0837949737906456
     656.3300867244830670       0.9802867975085974
     656.3302868579053211       0.9869663370773196
     656.3304869913275752       0.9793860092759132
     656.3306871247498293       1.1272001117467880
     656.3308872581721971       1.0860057398676872
     656.3310873915944512       1.0841434970498085
     656.3312875250167053       0.9512233547866344
     656.3314876584389594       0.9955659275874496
     656.3316877918612136       0.9569696746766567
     656.3318879252835814       0.9525929652154446
     656.3320880587058355       1.0866824239492416
     656.3322881921280896       1.0215128790587187
     656.3324883255503437       0.9413447491824627
     656.3326884589727115       1.0232630949467421
     656.3328885923949656       1.0064058988355100
     656.3330887258172197       0.9536172635853291
     656.3332888592394738       0.9945017453283072
     656.3334889926618416       1.0774300023913383
     656.3336891260840957       1.0273592714220285
     656.3338892595063498       0.9423925019800663
     656.3340893929286040       1.0507744252681732
     656.3342895263509718       1.0328674018383026
     656.3344896597732259       1.0020408607088029
     656.3346897931954800       0.9818894900381565
     656.3348899266177341       1.0885475203394890
     656.3350900600401019       1.0968238338828087
     656.3352901934623560       1.0345676653087139
     656.3354903268846101       1.0091810384765267
     656.3356904603068642       0.8509400933980942
     656.3358905937292320       0.9786995537579060
     656.3360907271514861       0.9996182273898739
     656.3362908605737402       1.0160104725509882
     656.3364909939959944       0.9903575265780091
     656.3366911274182485       1.0048206183128059
     656.3368912608406163       1.0364451371133327
     656.3370913942628704       1.0002309660485480
     656.3372915276851245       0.9004480391740799
     656.3374916611073786       1.0773233398795128
     656.3376917945297464       1.0263227801769972
     656.3378919279520005       0.9148846715688705
     656.3380920613742546       0.9827772490680218
     656.3382921947965087       1.0162240900099277
     656.3384923282188765       0.9961007901001722
     656.3386924616411306       0.9609677754342556
     656.3388925950633848       1.0013156706700101
     656.3390927284856389       0.9630678035318851
     656.3392928619080067       0.9919854374602437
     656.3394929953302608       0.9939209041185677
     656.3396931287525149       0.9873836645856500
     656.3398932621747690       1.0279439184814692
     656.3400933955971368       1.0281994082033634
     656.3402935290193909       1.0625878050923347
     656.3404936624416450       0.9686894081532955
     656.3406937958638991       1.0263637844473124
     656.3408939292862669       0.9515386261045933
     656.3410940627085211       1.0036965124309063
     656.3412941961307752       1.0437791794538498
     656.3414943295530293       0.9502187594771385
     656.3416944629753971       1.0343430712819099
     656.3418945963976512       0.9299645721912384
     656.3420947298199053       1.1081136241555214
     656.3422948632421594       0.9975277157500386
     656.3424949966644135       0.9983413470908999
     656.3426951300867813       0.8974413722753525
     656.3428952635090354       0.9973759083077312
     656.3430953969312895       1.0391842536628246
     656.3432955303535437       1.0315267555415630
     656.3434956637759115       0.8505254834890366
     656.3436957971981656       0.9445981420576572
     656.3438959306204197       1.0124303866177797
     656.3440960640426738       1.0179424900561571
     656.3442961974650416       1.0179657861590385
     656.3444963308872957       0.9651497900485992
     656.3446964643095498       1.0898838564753532
     656.3448965977318039       1.0080545647069812
     656.3450967311541717       0.8923325166106224
     656.3452968645764258       0.9968418255448341
     656.3454969979986799       1.0495111159980297
     656.3456971314209341       1.0090683614835143
     656.3458972648433019       1.0135001260787249
     656.3460973982655560       0.9463737905025482
     656.3462975316878101       1.0437401942908764
     656.3464976651100642       1.0509041659533978
     656.3466977985324320       1.0261479448527098
     656.3468979319546861       1.0563789717853069
     656.3470980653769402       1.0724919959902763
     656.3472981987991943       0.9608548618853092
     656.3474983322214484       1.0528431646525860
     656.3476984656438162       0.9802162032574415
     656.3478985990660703       1.0173392761498690
     656.3480987324883245       1.0691680088639259
     656.3482988659105786       0.9864097908139229
     656.3484989993329464       1.0234106238931417
     656.3486991327552005       0.9137887060642242
     656.3488992661774546       1.0112553760409355
     656.3490993995997087       1.1411655545234680
     656.3492995330220765       0.9941475824452937
     656.3494996664443306       0.9773102495819330
     656.3496997998665847       0.9676809199154377
     656.3498999332888388       0.9545059129595757
     656.3501000667112066       1.0603975430130959
     656.3503002001334607       0.9233431369066238
     656.3505003335557149       1.0265456493943930
     656.3507004669779690       0.9540046341717243
     656.3509006004003368       0.9248973280191422
     656.3511007338225909       1.0711969062685966
     656.3513008672448450       1.1450964957475662
     656.3515010006670991       0.9864602070301771
     656.3517011340894669       1.0366716496646404
     656.3519012675117210       0.9247068464756012
     656.3521014009339751       1.0287231691181660
     656.3523015343562292       0.9762721788138151
     656.3525016677785970       0.9326719865202904
     656.3527018012008512       1.0065568457357585
     656.3529019346231053       0.9850148903205991
     656.3531020680453594       0.9083873778581619
     656.3533022014676135       1.0119786374270916
     656.3535023348899813       0.9447825886309147
     656.3537024683122354       1.0644292756915092
     656.3539026017344895       1.0218447837978601
     656.3541027351567436       1.0828005820512772
     656.3543028685791114       0.9625097662210464
     656.3545030020013655       0.9648335650563240
     656.3547031354236196       0.9787415079772472
     656.3549032688458738       0.9987354140030220
     656.3551034022682416       0.9316027313470840
     656.3553035356904957       1.0592470131814480
     656.3555036691127498       1.0655318349599838
     656.3557038025350039       0.9348077550530434
     656.3559039359573717       1.0076687610708177
     656.3561040693796258       0.9646831154823303
     656.3563042028018799       1.0228962935507298
     656.3565043362241340       1.0056854453869164
     656.3567044696465018       1.0308085810393095
     656.3569046030687559       1.0574567504227161
     656.3571047364910100       1.0643850192427635
     656.3573048699132642       1.0445901267230511
     656.3575050033356320       0.9242855086922646
     656.3577051367578861       1.1119121909141541
     656.3579052701801402       0.9471930786967278
     656.3581054036023943       1.0055292584002018
     656.3583055370246484       1.0355798862874508
     656.3585056704470162       0.9911052966490388
     656.3587058038692703       1.0655859932303429
     656.3589059372915244       1.0862536281347275
     656.3591060707137785       1.0474511198699474
     656.3593062041361463       0.9935520403087139
     656.3595063375584004       1.0489327423274517
     656.3597064709806546       1.0493167750537395
     656.3599066044029087       1.0439283661544323
     656.3601067378252765       0.9737212006002665
     656.3603068712475306       1.1107828617095947
     656.3605070046697847       1.0627217143774033
     656.3607071380920388       0.9927041581831872
     656.3609072715144066       0.9578018896281719
     656.3611074049366607       1.0359372310340405
     656.3613075383589148       1.0046256342902780
     656.3615076717811689       0.9129211381077766
     656.3617078052035367       0.9566070586442947
     656.3619079386257908       1.0451745204627514
     656.3621080720480450       1.0067764008417726
     656.3623082054702991       1.0166542585939169
     656.3625083388926669       0.9393532164394855
     656.3627084723149210       0.9941356773488224
     656.3629086057371751       0.9564468450844288
     656.3631087391594292       0.9764041975140572
     656.3633088725817970       1.0112792840227485
     656.3635090060040511       1.0153601234778762
     656.3637091394263052       1.0515683554112911
     656.3639092728485593       1.0456193685531616
     656.3641094062708135       1.0819375142455101
     656.3643095396931813       1.0160039979964495
     656.3645096731154354       1.0608344450592995
     656.3647098065376895       1.0756409391760826
     656.3649099399599436       1.0220419280230999
     656.3651100733823114       0.9491446055471897
     656.3653102068045655       0.9679115749895573
     656.3655103402268196       1.0291730742901564
     656.3657104736490737       0.9147053584456444
     656.3659106070714415       0.9143305495381355
     656.3661107404936956       1.0592308901250362
     656.3663108739159497       0.9907255163416266
     656.3665110073382039       1.0325768440961838
     656.3667111407605717       1.0327789746224880
     656.3669112741828258       1.0435801856219769
     656.3671114076050799       0.9707048237323760
     656.3673115410273340       1.0009442780283280
     656.3675116744497018       1.0414522252976894
     656.3677118078719559       0.9597742222249506
     656.3679119412942100       0.9230668023228642
     656.3681120747164641       0.9674870595335956
     656.3683122081388319       1.0650944039225569
     656.3685123415610860       0.9912754902616132
     656.3687124749833401       1.0191968139260990
     656.3689126084055943       1.1191944256424879
     656.3691127418278484       1.0066985408775473
     656.3693128752502162       0.9899767925962752
     656.3695130086724703       1.0576330013573090
     656.3697131420947244       0.9718205835670115
     656.3699132755169785       0.9293523728847329
     656.3701134089393463       1.0135977044701319
     656.3703135423616004       1.0708557367324452
     656.3705136757838545       0.9403083622455044
     656.3707138092061086       0.9344788193701891
     656.3709139426284764       1.0009311179745697
     656.3711140760507305       0.9378464519975860
     656.3713142094729847       0.9408720843491458
     656.3715143428952388       1.0678884461518514
     656.3717144763176066       1.0604339055711813
     656.3719146097398607       0.9761624801896510
     656.3721147431621148       0.9949860204931823
     656.3723148765843689       1.0301258303209715
     656.3725150100067367       1.0324450209714928
     656.3727151434289908       0.9833088461278469
     656.3729152768512449       1.0333181172564974
     656.3731154102734990       1.1248646378454259
     656.3733155436958668       1.0278395470142816
     656.3735156771181209       0.9678944498175049
     656.3737158105403751       0.9356083273711009
     656.3739159439626292       0.9936547842560118
     656.3741160773849970       1.0172723475496461
     656.3743162108072511       1.0296421031913958
     656.3745163442295052       0.9065819009462779
     656.3747164776517593       0.9475893973365044
     656.3749166110740134       0.9666545650551079
     656.3751167444963812       0.9910124100806836
     656.3753168779186353       0.9746536721785674
     656.3755170113408894       0.9507691745022708
     656.3757171447631436       1.0571749280172720
     656.3759172781855113       1.0277640347466099
     656.3761174116077655       0.9918756438961749
     656.3763175450300196       1.0393354694518084
     656.3765176784522737       0.9081517516231910
     656.3767178118746415       1.0126261391090021
     656.3769179452968956       1.0831037879036707
     656.3771180787191497       1.0405605805021607
     656.3773182121414038       0.9871058242421773
     656.3775183455637716       0.9237167688276355
     656.3777184789860257       1.0038649075069412
     656.3779186124082798       0.9352834542232303
     656.3781187458305340       0.9748570858306420
     656.3783188792529018       1.0037471457786986
     656.3785190126751559       0.9903552982855943
     656.3787191460974100       0.9735441067161250
     656.3789192795196641       0.9249208412621960
     656.3791194129420319       0.9264938060427792
     656.3793195463642860       0.9885073359031203
     656.3795196797865401       0.9843284279057417
     656.3797198132087942       1.0137633377354249
     656.3799199466311620       0.9901819542942526
     656.3801200800534161       1.0299496375240569
     656.3803202134756702       1.0299448078081461
     656.3805203468979244       0.9883493912161077
     656.3807204803201785       0.9949912896261702
     656.3809206137425463       1.0550075476353036
     656.3811207471648004       1.0624917874148307
     656.3813208805870545       1.0767516599218943
     656.3815210140093086       0.9675378557099927
     656.3817211474316764       0.9847884654285982
     656.3819212808539305       1.0019349891346239
     656.3821214142761846       0.9368742216882233
     656.3823215476984387       1.0023658207639647
     656.3825216811208065       1.0066321991918410
     656.3827218145430606       0.9553089151832794
     656.3829219479653148       1.0068153524663912
     656.3831220813875689       0.8926996056031694
     656.3833222148099367       0.9784048477056908
     656.3835223482321908       0.9913518593325479
     656.3837224816544449       0.9905772905596165
     656.3839226150766990       0.9625808276951623
     656.3841227484990668       1.0139808791303759
     656.3843228819213209       0.9735129751688187
     656.3845230153435750       0.9851591664739479
     656.3847231487658291       0.9465754037630805
     656.3849232821881969       1.0668474276418605
     656.3851234156104510       0.9850312694141142
     656.3853235490327052       1.0157836574326389
     656.3855236824549593       0.9657530264372064
     656.3857238158772134       0.9210476234065754
     656.3859239492995812       1.0769429746675736
     656.3861240827218353       0.9987985040620430
     656.3863242161440894       0.9792215512507039
     656.3865243495663435       1.0111096945704903
     656.3867244829887113       0.9834015284617654
     656.3869246164109654       1.0791922992698835
     656.3871247498332195       1.0156376756673970
     656.3873248832554737       1.0310187971781333
     656.3875250166778414       0.9284513927499929
     656.3877251501000956       1.0651302930261042
     656.3879252835223497       1.0491712183720234
     656.3881254169446038       0.9651048175072701
     656.3883255503669716       0.9806296838800630
     656.3885256837892257       1.0817465019490418
     656.3887258172114798       0.9643594068230603
     656.3889259506337339       0.9375037044736974
     656.3891260840561017       1.0334671293324162
     656.3893262174783558       1.0703841489518657
     656.3895263509006099       0.8430556711775830
     656.3897264843228641       0.9662312638905457
     656.3899266177452319       0.9727919542167506
     656.3901267511674860       0.9393746466700740
     656.3903268845897401       1.0264429946763802
     656.3905270180119942       1.1038181485797192
     656.3907271514343620       1.0042029573795819
     656.3909272848566161       1.1118983714358888
     656.3911274182788702       0.9772744822304855
     656.3913275517011243       1.0308808294314025
     656.3915276851233784       1.0170179293268351
     656.3917278185457462       0.9688271538743538
     656.3919279519680003       0.9347212120386917
     656.3921280853902545       1.0110308559384942
     656.3923282188125086       0.9631777992328219
     656.3925283522348764       0.8712487090085501
     656.3927284856571305       0.9913547089784768
     656.3929286190793846       0.9652091733166859
     656.3931287525016387       0.9073891323929456
     656.3933288859240065       0.9434449652860333
     656.3935290193462606       1.0219102668357665
     656.3937291527685147       0.9949674636235344
     656.3939292861907688       0.9773035682934266
     656.3941294196131366       0.9376500850751349
     656.3943295530353907       0.8885479809389941
     656.3945296864576449       0.9305116888057205
     656.3947298198798990       0.9595540706300213
     656.3949299533022668       0.9018827136054325
     656.3951300867245209       1.0128238321666094
     656.3953302201467750       1.0905699427358975
     656.3955303535690291       0.8869917373893954
     656.3957304869913969       0.9299592315505149
     656.3959306204136510       1.0171468613772272
     656.3961307538359051       1.0025649401271139
     656.3963308872581592       0.8948156572485276
     656.3965310206804133       0.9133404725434107
     656.3967311541027811       0.9275985680196732
     656.3969312875250353       0.8472852355477813
     656.3971314209472894       0.8688028818938853
     656.3973315543695435       0.8094372340951810
     656.3975316877919113       0.9417120765137159
     656.3977318212141654       0.8216256016915042
     656.3979319546364195       0.8504475202528770
     656.3981320880586736       0.8769286487516454
     656.3983322214810414       0.8540685232605335
     656.3985323549032955       0.8371734701192466
     656.3987324883255496       0.7762876499366952
     656.3989326217478038       0.7046837524858649
     656.3991327551701715       0.7885660264915073
     656.3993328885924257       0.8246435871284692
     656.3995330220146798       0.7162527120460865
     656.3997331554369339       0.7213457148107731
     656.3999332888593017       0.8274394675635370
     656.4001334222815558       0.8262871931476574
     656.4003335557038099       0.7448892587913892
     656.4005336891260640       0.8076905358595496
     656.4007338225484318       0.7742190989142221
     656.4009339559706859       0.7826693266631684
     656.4011340893929400       0.8313551084170639
     656.4013342228151942       0.8404030174122952
     656.4015343562375620       0.8496201175909046
     656.4017344896598161       0.7893103690258974
     656.4019346230820702       0.7835448521231363
     656.4021347565043243       0.7859452146702177
     656.4023348899265784       0.8601776871056160
     656.4025350233489462       0.8701136712334805
     656.4027351567712003       0.8383909494934173
     656.4029352901934544       0.8316275876488808
     656.4031354236157085       0.8997195957821049
     656.4033355570380763       0.8125088933487263
     656.4035356904603304       0.9080732313155148
     656.4037358238825846       0.7810187021950747
     656.4039359573048387       0.8560209324572580
     656.4041360907272065       0.8958498358356399
     656.4043362241494606       0.9467353503849270
     656.4045363575717147       0.8590636140754865
     656.4047364909939688       0.9310090777951759
     656.4049366244163366       0.9114068331560453
     656.4051367578385907       0.9474438112194149
     656.4053368912608448       0.9755456398142986
     656.4055370246830989       0.9930753163844233
     656.4057371581054667       0.8797873765932671
     656.4059372915277208       0.9139479500418297
     656.4061374249499750       0.9405197823823517
     656.4063375583722291       0.9179215939072828
     656.4065376917945969       0.9414961049911019
     656.4067378252168510       0.9508759654624082
     656.4069379586391051       0.9824152738739418
     656.4071380920613592       0.9056803438571472
     656.4073382254836133       0.9397132285256838
     656.4075383589059811       0.9615438425974955
     656.4077384923282352       0.9191361308657910
     656.4079386257504893       0.9583072713070193
     656.4081387591727434       0.9933380913735829
     656.4083388925951112       0.9779137763061867
     656.4085390260173654       1.0070104907778408
     656.4087391594396195       0.9007574472526189
     656.4089392928618736       0.9882061707311759
     656.4091394262842414       0.9628957583220534
     656.4093395597064955       0.9802193484681843
     656.4095396931287496       0.9801022654431704
     656.4097398265510037       0.9388455335438517
     656.4099399599733715       0.9754478731425237
     656.4101400933956256       1.0306858977134026
     656.4103402268178797       0.9878774715374748
     656.4105403602401339       0.9533365035446363
     656.4107404936625016       1.0850963569251300
     656.4109406270847558       0.9552811157836246
     656.4111407605070099       1.0518209400888821
     656.4113408939292640       0.9808192238616069
     656.4115410273516318       1.0558973922763992
     656.4117411607738859       1.0028415011496170
     656.4119412941961400       0.9978547607945766
     656.4121414276183941       0.9544698510651296
     656.4123415610407619       1.0233307080098479
     656.4125416944630160       0.9798919368433914
     656.4127418278852701       0.9709227442592884
     656.4129419613075243       0.9965005353030215
     656.4131420947297784       0.9632956122346324
     656.4133422281521462       1.0482153558900094
     656.4135423615744003       1.0467264422464084
     656.4137424949966544       0.9950741947234408
     656.4139426284189085       0.9798191818461098
     656.4141427618412763       0.9600582852811899
     656.4143428952635304       0.9767504468339293
     656.4145430286857845       1.0312585470889175
     656.4147431621080386       1.0321853078443843
     656.4149432955304064       0.9920745141953409
     656.4151434289526605       1.0582708774623493
     656.4153435623749147       0.9578835493397273
     656.4155436957971688       0.9600099854850016
     656.4157438292195366       1.0849946134876174
     656.4159439626417907       0.9900790454394867
     656.4161440960640448       0.9917123627774231
     656.4163442294862989       0.9986970573278325
     656.4165443629086667       1.0422673602326045
     656.4167444963309208       1.0025996820576806
     656.4169446297531749       0.9244034469215020
     656.4171447631754290       0.9897219087186108
     656.4173448965977968       1.0735338810440214
     656.4175450300200509       0.9388082675460863
     656.4177451634423051       1.0223657959372341
     656.4179452968645592       1.0220398050720960
     656.4181454302869270       0.9548153434133003
     656.4183455637091811       1.0989210492483918
     656.4185456971314352       1.0230493379060699
     656.4187458305536893       1.0846837766505919
     656.4189459639759434       1.0420511435444479
     656.4191460973983112       1.0282493993525785
     656.4193462308205653       0.9827818594834818
     656.4195463642428194       0.9522183727503101
     656.4197464976650735       0.9236765494700914
     656.4199466310874413       1.0341235906287736
     656.4201467645096955       1.0540585715845892
     656.4203468979319496       0.9920477985138787
     656.4205470313542037       0.9936232153876594
     656.4207471647765715       0.9620949503605284
     656.4209472981988256       0.9808641144673793
     656.4211474316210797       1.0194597005296804
     656.4213475650433338       0.9921986815388196
     656.4215476984657016       1.0643816375689816
     656.4217478318879557       1.0217823635181920
     656.4219479653102098       1.0966977904906128
     656.4221480987324640       0.9979910091983588
     656.4223482321548317       1.0510413607022122
     656.4225483655770859       1.0710401963461478
     656.4227484989993400       0.9889871164329844
     656.4229486324215941       1.0157069519335418
     656.4231487658439619       1.0200980165418403
     656.4233488992662160       1.0632071117198612
     656.4235490326884701       1.0598326394545035
     656.4237491661107242       0.9669473893022553
     656.4239492995329783       0.9024388660784617
     656.4241494329553461       0.9408230386663848
     656.4243495663776002       1.0623256678041026
     656.4245496997998544       1.0698825439531834
     656.4247498332221085       0.9767437686177998
     656.4249499666444763       1.0499512486244085
     656.4251501000667304       1.0631968804076319
     656.4253502334889845       1.1144514067647315
     656.4255503669112386       1.0501264433551110
     656.4257505003336064       0.9886490917387305
     656.4259506337558605       0.9929300321371628
     656.4261507671781146       0.9477042774641935
     656.4263509006003687       0.9820979494913810
     656.4265510340227365       1.0223428790771159
     656.4267511674449906       0.9922213142802314
     656.4269513008672448       1.0619450508247970
     656.4271514342894989       1.0203627477393473
     656.4273515677118667       0.9711040611635382
     656.4275517011341208       1.0244387294612813
     656.4277518345563749       1.0552006177257485
     656.4279519679786290       1.0585636496296287
     656.4281521014009968       0.9624334759833871
     656.4283522348232509       1.0322611257308569
     656.4285523682455050       1.0017220781794400
     656.4287525016677591       0.9628316312965536
     656.4289526350901269       0.9633663557425556
     656.4291527685123810       1.0079802023215727
     656.4293529019346352       0.9526579268254829
     656.4295530353568893       0.9817053396239475
     656.4297531687791434       0.9766022320826098
     656.4299533022015112       1.0397599115960308
     656.4301534356237653       0.9677989371115759
     656.4303535690460194       0.9453765861686462
     656.4305537024682735       0.9257692918178942
     656.4307538358906413       1.0098773138595900
     656.4309539693128954       1.0419116839765328
     656.4311541027351495       1.0789797008036761
     656.4313542361574036       0.9341188445686742
     656.4315543695797714       1.0129841938614468
     656.4317545030020256       1.0360471494495611
     656.4319546364242797       1.0380438752472227
     656.4321547698465338       0.9901277991011621
     656.4323549032689016       0.9835386332124392
     656.4325550366911557       0.9992383495555206
     656.4327551701134098       1.0197215322405064
     656.4329553035356639       0.9602733403444266
     656.4331554369580317       1.0153188854455930
     656.4333555703802858       1.1029258295893658
     656.4335557038025399       1.0172296613454812
     656.4337558372247940       1.0559242963790889
     656.4339559706471618       1.0659106895327564
     656.4341561040694160       1.0243818070739505
     656.4343562374916701       1.0097325257956982
     656.4345563709139242       0.9981510320212691
     656.4347565043361783       1.0841261669993401
     656.4349566377585461       1.0381625555455685
     656.4351567711808002       0.9165925309062004
     656.4353569046030543       1.0069653517566621
     656.4355570380253084       0.9906473727896810
     656.4357571714476762       1.0036029766779393
     656.4359573048699303       1.0531914047896862
     656.4361574382921845       1.0259497892111540
     656.4363575717144386       0.9895761329680681
     656.4365577051368064       1.0935714468359947
     656.4367578385590605       1.0860589742660522
     656.4369579719813146       1.0355684906244278
     656.4371581054035687       0.9931397056207061
     656.4373582388259365       1.0242997407913208
     656.4375583722481906       1.0685554593801498
     656.4377585056704447       0.9581455327570438
     656.4379586390926988       1.0390152856707573
     656.4381587725150666       0.9676568210124969
     656.4383589059373207       1.0217764247208834
     656.4385590393595749       1.0168882012367249
     656.4387591727818290       0.9810770768672228
     656.4389593062041968       1.0146415373310447
     656.4391594396264509       1.0614628605544567
     656.4393595730487050       0.9235756844282150
     656.4395597064709591       1.0034194663167000
     656.4397598398933269       0.9426543116569519
     656.4399599733155810       0.9660122059285641
     656.4401601067378351       0.9422175325453281
     656.4403602401600892       1.0769283846020699
     656.4405603735823433       1.0421882458031178
     656.4407605070047111       0.8846204057335854
     656.4409606404269653       1.1388509720563889
     656.4411607738492194       1.0026667616330087
     656.4413609072714735       1.0239779148250818
     656.4415610406938413       1.0567726269364357
     656.4417611741160954       1.1042605638504028
     656.4419613075383495       1.0347449406981468
     656.4421614409606036       0.9468235410749912
     656.4423615743829714       1.0006801689160056
     656.4425617078052255       1.0033930458594114
     656.4427618412274796       1.0242430288344622
     656.4429619746497337       0.9279647171497345
     656.4431621080721015       0.9816182553768158
     656.4433622414943557       0.9486908316612244
     656.4435623749166098       1.0043632751330733
     656.4437625083388639       0.9300695657730103
     656.4439626417612317       1.1311009377241135
     656.4441627751834858       1.0032309100497514
     656.4443629086057399       0.9631829187273979
     656.4445630420279940       0.9870358929038048
     656.4447631754503618       0.9196060970425606
     656.4449633088726159       0.9569403417408466
     656.4451634422948700       0.9595605917274952
     656.4453635757171241       0.9482799954712391
     656.4455637091393783       0.9516672231256962
     656.4457638425617461       0.9744219426065683
     656.4459639759840002       1.0795590430498123
     656.4461641094062543       1.0150293959304690
     656.4463642428285084       0.9535362757742405
     656.4465643762508762       1.0040598446503282
     656.4467645096731303       1.0356611460447311
     656.4469646430953844       1.0728131532669067
     656.4471647765176385       1.0003172143187840
     656.4473649099400063       0.9237064793705940
     656.4475650433622604       0.9484444186091423
     656.4477651767845146       0.9926270372234285
     656.4479653102067687       1.0772299244999886
     656.4481654436291365       1.0531024448573589
     656.4483655770513906       1.0236933380365372
     656.4485657104736447       0.9319869726896286
     656.4487658438958988       1.0788336023688316
     656.4489659773182666       0.9984759697690606
     656.4491661107405207       1.0198032688349485
     656.4493662441627748       1.0122804706916213
     656.4495663775850289       0.9899070896208286
     656.4497665110073967       1.0604545958340168
     656.4499666444296508       1.0757548585534096
     656.4501667778519050       1.0158058553934097
     656.4503669112741591       1.0059908926486969
     656.4505670446965269       0.9563971757888794
     656.4507671781187810       1.0405820906162262
     656.4509673115410351       1.0912220999598503
     656.4511674449632892       0.9400720335543156
     656.4513675783855433       1.0130038065835834
     656.4515677118079111       1.0273336824029684
     656.4517678452301652       0.9356577172875404
     656.4519679786524193       0.9337352812290192
     656.4521681120746734       0.9821490999311209
     656.4523682454970412       0.9498040080070496
     656.4525683789192954       1.0010529713472351
     656.4527685123415495       0.9802285172045231
     656.4529686457638036       1.0742562934756279
     656.4531687791861714       0.9878983171656728
     656.4533689126084255       1.0132920863106847
     656.4535690460306796       1.0146435694769025
     656.4537691794529337       1.0265702735632658
     656.4539693128753015       0.9838288165628910
     656.4541694462975556       0.8995272293686867
     656.4543695797198097       1.0113912140950561
     656.4545697131420638       0.9943769001401961
     656.4547698465644316       1.0178811009973288
     656.4549699799866858       0.8985560759902000
     656.4551701134089399       1.0259416494518518
     656.4553702468311940       0.9116568788886070
     656.4555703802535618       1.0589958317577839
     656.4557705136758159       0.9710951838642359
     656.4559706470980700       1.0011384111130610
     656.4561707805203241       0.9458301998674870
     656.4563709139425782       0.9616362452507019
     656.4565710473649460       0.9920357456430793
     656.4567711807872001       0.9649679139256477
     656.4569713142094542       1.0788284093141556
     656.4571714476317084       1.0817198157310486
     656.4573715810540762       1.0563024356961250
     656.4575717144763303       1.0131375258788466
     656.4577718478985844       1.0075678485445678
     656.4579719813208385       1.0152508169412613
     656.4581721147432063       0.9823546968400478
     656.4583722481654604       0.9943788773380220
     656.4585723815877145       0.9929884602315724
     656.4587725150099686       1.0811135917901993
     656.4589726484323364       0.8832947611808777
     656.4591727818545905       0.9911186974495649
     656.4593729152768447       1.0601886622607708
     656.4595730486990988       1.0415098294615746
     656.4597731821214666       1.0406210161745548
     656.4599733155437207       0.9909120267257094
     656.4601734489659748       1.0564961247146130
     656.4603735823882289       1.0172486510127783
     656.4605737158105967       1.0489063560962677
     656.4607738492328508       0.9565696604549885
     656.4609739826551049       1.0335432514548302
     656.4611741160773590       1.0785963460803032
     656.4613742494997268       0.9324527233839035
     656.4615743829219809       1.0159034449607134
     656.4617745163442351       0.9338426664471626
     656.4619746497664892       0.9958400554023683
     656.4621747831887433       1.0144201964139938
     656.4623749166111111       1.0141038885340095
     656.4625750500333652       0.9512852318584919
     656.4627751834556193       1.0642157942056656
     656.4629753168778734       1.0123040629550815
     656.4631754503002412       0.9478145949542522
     656.4633755837224953       1.0046865059994161
     656.4635757171447494       0.9892345312982798
     656.4637758505670035       1.0115586416795850
     656.4639759839893713       0.9939808850176632
     656.4641761174116255       0.9551054723560810
     656.4643762508338796       1.0687125101685524
     656.4645763842561337       1.0378376841545105
     656.4647765176785015       1.0422437712550163
     656.4649766511007556       0.9532210938632488
     656.4651767845230097       0.9290670976042747
     656.4653769179452638       0.9974759763572365
     656.4655770513676316       0.9400931037962437
     656.4657771847898857       0.9265681579709053
     656.4659773182121398       0.9837354943156242
     656.4661774516343939       1.0330816209316254
     656.4663775850567617       1.0462710931897163
     656.4665777184790159       0.9393232092261314
     656.4667778519012700       1.0232785176485777
     656.4669779853235241       1.1179158017039299
     656.4671781187458919       1.0126545280218124
     656.4673782521681460       0.9555859416723251
     656.4675783855904001       1.0239350050687790
     656.4677785190126542       1.0296718832105398
     656.4679786524349083       1.0804561749100685
     656.4681787858572761       0.9764634426683187
     656.4683789192795302       1.0581094212830067
     656.4685790527017843       1.0215451680123806
     656.4687791861240385       1.0399390682578087
     656.4689793195464063       0.9639919251203537
     656.4691794529686604       1.0056858300231397
     656.4693795863909145       1.0075442516244948
     656.4695797198131686       1.0117457211017609
     656.4697798532355364       1.0111787216737866
     656.4699799866577905       0.9901415035128593
     656.4701801200800446       1.0002620109298732
     656.4703802535022987       1.0046502971090376
     656.4705803869246665       0.9731683228164911
     656.4707805203469206       0.9887813040986657
     656.4709806537691748       0.9795899260789156
     656.4711807871914289       1.0449249111115932
     656.4713809206137967       0.9531614817678928
     656.4715810540360508       0.9693004600703716
     656.4717811874583049       0.9860949963331223
     656.4719813208805590       1.0047537130303681
     656.4721814543029268       1.0237969513982534
     656.4723815877251809       0.9893513601273298
     656.4725817211474350       1.0192594472318888
     656.4727818545696891       0.9690169561654329
     656.4729819879919432       0.9142609536647797
     656.4731821214143110       0.9213033095002174
     656.4733822548365652       1.0324513427913189
     656.4735823882588193       0.9971473526675254
     656.4737825216810734       1.0143837900832295
     656.4739826551034412       1.0408118590712547
     656.4741827885256953       0.9957597805187106
     656.4743829219479494       0.9716734793037176
     656.4745830553702035       0.9739624876528978
     656.4747831887925713       0.9204903319478035
     656.4749833222148254       1.0636322796344757
     656.4751834556370795       1.0079121161252260
     656.4753835890593336       1.0778620913624763
     656.4755837224817014       0.9919003322720528
     656.4757838559039556       1.0250043757259846
     656.4759839893262097       1.0396022908389568
     656.4761841227484638       1.0241293963044882
     656.4763842561708316       0.9073168039321899
     656.4765843895930857       1.0625590905547142
     656.4767845230153398       1.0250292364507914
     656.4769846564375939       0.9641330279409885
     656.4771847898599617       1.0177131500095129
     656.4773849232822158       1.0115418722853065
     656.4775850567044699       1.0617093741893768
     656.4777851901267240       1.0006460603908636
     656.4779853235490918       0.9404710456728935
     656.4781854569713460       0.9525230489671230
     656.4783855903936001       1.0489404685795307
     656.4785857238158542       0.9166523665189743
     656.4787858572381083       1.0348460040986538
     656.4789859906604761       1.0765907838940620
     656.4791861240827302       1.0491613857448101
     656.4793862575049843       1.0769021585583687
     656.4795863909272384       1.0439917817711830
     656.4797865243496062       0.9764063525944948
     656.4799866577718603       1.0093624433502555
     656.4801867911941144       0.9934696671552956
     656.4803869246163686       1.0314176753163338
     656.4805870580387364       1.0295763667672873
     656.4807871914609905       1.0250715352594852
     656.4809873248832446       0.9958416991867125
     656.4811874583054987       0.9507202431559563
     656.4813875917278665       1.0544992871582508
     656.4815877251501206       0.9581356570124626
     656.4817878585723747       0.9875901937484741
     656.4819879919946288       0.9474422931671143
     656.4821881254169966       1.0290321111679077
     656.4823882588392507       0.9699523448944092
     656.4825883922615049       1.0683358460664749
     656.4827885256837590       1.0013759118737653
     656.4829886591061268       0.9106336012482643
     656.4831887925283809       1.0869076699018478
     656.4833889259506350       1.0650198981165886
     656.4835890593728891       0.9739687107503414
     656.4837891927951432       1.0152016952633858
     656.4839893262175110       0.9928434044122696
     656.4841894596397651       0.9090865850448608
     656.4843895930620192       1.0381341204047203
     656.4845897264842733       1.0769467353820801
     656.4847898599066411       0.9418677203357220
     656.4849899933288953       0.9673312455415726
     656.4851901267511494       1.0564253926277161
     656.4853902601734035       1.0156460255384445
     656.4855903935957713       0.9998132930049906
     656.4857905270180254       0.9549509622156620
     656.4859906604402795       1.0262396372854710
     656.4861907938625336       0.9965255018323660
     656.4863909272849014       1.0074299932457507
     656.4865910607071555       1.0695995315909386
     656.4867911941294096       0.9880706081166863
     656.4869913275516637       1.0190366115421057
     656.4871914609740315       0.9888894828036427
     656.4873915943962857       1.0456984154880047
     656.4875917278185398       0.9531844668090343
     656.4877918612407939       0.9659340456128120
     656.4879919946631617       0.9953215722925961
     656.4881921280854158       1.0156655739992857
     656.4883922615076699       0.8982254490256310
     656.4885923949299240       1.0588116347789764
     656.4887925283522918       1.0640868470072746
     656.4889926617745459       0.9002577960491180
     656.4891927951968000       0.9389044642448425
     656.4893929286190541       1.0594349093735218
     656.4895930620413083       0.9376274272799492
     656.4897931954636761       1.0214428007602692
     656.4899933288859302       0.9230985194444656
     656.4901934623081843       0.9531519562005997
     656.4903935957304384       0.9964080045465380
     656.4905937291528062       1.1136660501360893
     656.4907938625750603       1.0423424765467644
     656.4909939959973144       0.9722883515059948
     656.4911941294195685       0.9407468438148499
     656.4913942628419363       0.9913807371631265
     656.4915943962641904       1.0838976055383682
     656.4917945296864445       1.0205966699868441
     656.4919946631086987       1.0227892734110355
     656.4921947965310665       0.9926636596210301
     656.4923949299533206       0.9860517363995314
     656.4925950633755747       1.0288925860077143
     656.4927951967978288       1.0406776182353497
     656.4929953302201966       0.9983355049043894
     656.4931954636424507       1.0862463787198067
     656.4933955970647048       0.9887279774993658
     656.4935957304869589       0.9311613216996193
     656.4937958639093267       0.9976254238281399
     656.4939959973315808       0.9953667265363038
     656.4941961307538350       1.0198199581354856
     656.4943962641760891       0.9816395919770002
     656.4945963975983432       0.9608557112514973
     656.4947965310207110       0.9100347459316254
     656.4949966644429651       1.0502208061516285
     656.4951967978652192       0.9570259191095829
     656.4953969312874733       0.9942326736636460
     656.4955970647098411       0.9673395901918411
     656.4957971981320952       1.0548816919326782
     656.4959973315543493       0.9751847889274359
     656.4961974649766034       0.9724934250116348
     656.4963975983989712       0.9291571602225304
     656.4965977318212254       0.9753190893679857
     656.4967978652434795       1.0325681529939175
     656.4969979986657336       1.0438839085400105
     656.4971981320881014       0.9642559811472893
     656.4973982655103555       1.0502240546047688
     656.4975983989326096       1.0070132389664650
     656.4977985323548637       0.9770758189260960
     656.4979986657772315       1.0127020431682467
     656.4981987991994856       1.0398871414363384
     656.4983989326217397       1.0664568394422531
     656.4985990660439938       0.9666819013655186
     656.4987991994663616       0.9564361758530140
     656.4989993328886158       0.9714049305766821
     656.4991994663108699       0.9946412360295653
     656.4993995997331240       1.0203342474997044
     656.4995997331554918       1.0014393900055438
     656.4997998665777459       0.9788114447146654
     656.5000000000000000       1.0000276364098681
