     656.2000000000000455       1.0472598411142826
     656.2002001334222996       1.0701483488082886
     656.2004002668445537       1.0327093414962292
     656.2006004002669215       0.9568728767335415
     656.2008005336891756       1.0475336126983166
     656.2010006671114297       1.0257582012563944
     656.2012008005336838       1.0138969933614135
     656.2014009339560516       0.9717152286320925
     656.2016010673783057       0.9384449832141399
     656.2018012008005599       1.0855518803000450
     656.2020013342228140       1.0071093961596489
     656.2022014676451818       0.9923647702671587
     656.2024016010674359       1.0770648047327995
     656.2026017344896900       1.0100411139428616
     656.2028018679119441       0.9701714962720871
     656.2030020013343119       1.0191106405109167
     656.2032021347565660       1.0158176850527525
     656.2034022681788201       1.0573725961148739
     656.2036024016010742       1.0849813967943192
     656.2038025350234420       0.9570907391607761
     656.2040026684456961       0.9510079436004162
     656.2042028018679503       1.0616168640553951
     656.2044029352902044       1.0201659630984068
     656.2046030687125722       1.0012394565856084
     656.2048032021348263       0.9222531989216805
     656.2050033355570804       1.0752688571810722
     656.2052034689793345       1.0420444160699844
     656.2054036024017023       0.9898531539365649
     656.2056037358239564       1.0294244922697544
     656.2058038692462105       1.0246855579316616
     656.2060040026684646       0.9992245205212384
     656.2062041360907187       0.9540504850447178
     656.2064042695130865       0.9711736906319857
     656.2066044029353407       1.0433517917990685
     656.2068045363575948       1.0199174415320158
     656.2070046697798489       1.0276982244104147
     656.2072048032022167       0.9736692626029253
     656.2074049366244708       1.0243694763630629
     656.2076050700467249       1.0143826371058822
     656.2078052034689790       0.9809276293963194
     656.2080053368913468       0.9491632021963596
     656.2082054703136009       0.9914988065138459
     656.2084056037358550       1.0469291992485523
     656.2086057371581092       0.9200194776058197
     656.2088058705804769       1.0322171598672867
     656.2090060040027311       1.0534013025462627
     656.2092061374249852       0.9172519817948341
     656.2094062708472393       0.9339720457792282
     656.2096064042696071       0.9810121152549982
     656.2098065376918612       1.0046457080170512
     656.2100066711141153       1.0365344993770123
     656.2102068045363694       1.0237248670309782
     656.2104069379587372       0.8942446783185005
     656.2106070713809913       0.9896779106929898
     656.2108072048032454       1.0145009448751807
     656.2110073382254996       1.0294318050146103
     656.2112074716477537       0.9625916518270969
     656.2114076050701215       0.9817200414836407
     656.2116077384923756       0.9591036103665829
     656.2118078719146297       0.9650086238980293
     656.2120080053368838       0.9400722682476044
     656.2122081387592516       0.8984592407941818
     656.2124082721815057       1.0395366139709949
     656.2126084056037598       1.0095190294086933
     656.2128085390260139       1.0109272040426731
     656.2130086724483817       1.0491102449595928
     656.2132088058706358       1.0091568641364574
     656.2134089392928900       1.0321102999150753
     656.2136090727151441       0.9281143024563789
     656.2138092061375119       0.9820855651050806
     656.2140093395597660       0.9561595655977726
     656.2142094729820201       1.0904675126075745
     656.2144096064042742       1.0204622391611338
     656.2146097398266420       0.9868414998054504
     656.2148098732488961       1.0067091220989823
     656.2150100066711502       1.1045730635523796
     656.2152101400934043       1.0106952860951424
     656.2154102735157721       1.0001481309882365
     656.2156104069380262       1.0082373460754752
     656.2158105403602804       0.9442421197891235
     656.2160106737825345       1.0707454830408096
     656.2162108072049023       1.0588300228118896
     656.2164109406271564       1.0090030366554856
     656.2166110740494105       1.0633767172694206
     656.2168112074716646       0.9146156460046768
     656.2170113408939187       0.9842641502618790
     656.2172114743162865       0.9918655408546329
     656.2174116077385406       1.0463357381522655
     656.2176117411607947       0.9787591286003590
     656.2178118745830488       1.0886080265045166
     656.2180120080054166       0.9836300704628229
     656.2182121414276708       0.8686851710081100
     656.2184122748499249       1.0474127642810345
     656.2186124082721790       1.0545724891126156
     656.2188125416945468       1.0035489276051521
     656.2190126751168009       1.0078403595834970
     656.2192128085390550       1.0794418081641197
     656.2194129419613091       0.9485955350100994
     656.2196130753836769       0.9657847918570042
     656.2198132088059310       1.0062023922801018
     656.2200133422281851       0.9565372839570045
     656.2202134756504392       0.8498533368110657
     656.2204136090728070       1.0065254974178970
     656.2206137424950612       0.9701020959764719
     656.2208138759173153       1.0128371184691787
     656.2210140093395694       0.9774925913661718
     656.2212141427619372       0.9741855915635824
     656.2214142761841913       0.9967758054845035
     656.2216144096064454       1.0177776813507080
     656.2218145430286995       1.0357411615550518
     656.2220146764509536       1.0271374285221100
     656.2222148098733214       1.0227125305682421
     656.2224149432955755       1.0737522169947624
     656.2226150767178297       0.9341941997408867
     656.2228152101400838       0.9329838752746582
     656.2230153435624516       0.9906555032357574
     656.2232154769847057       1.0177344419062138
     656.2234156104069598       1.1129155382514000
     656.2236157438292139       0.9797429423779249
     656.2238158772515817       0.9840120878070593
     656.2240160106738358       1.0578841529786587
     656.2242161440960899       0.9523440711200237
     656.2244162775183440       1.1090856418013573
     656.2246164109407118       1.0188045874238014
     656.2248165443629659       0.9296458363533020
     656.2250166777852201       1.0377585068345070
     656.2252168112074742       0.9941298258490860
     656.2254169446298420       0.9690042603760958
     656.2256170780520961       0.9528226293623447
     656.2258172114743502       0.9554302729666233
     656.2260173448966043       0.9939739354886115
     656.2262174783189721       1.0941007360816002
     656.2264176117412262       1.0530929267406464
     656.2266177451634803       0.9767342060804367
     656.2268178785857344       0.9803573284298182
     656.2270180120081022       1.0093736331909895
     656.2272181454303563       1.0257047768682241
     656.2274182788526105       0.9386979453265667
     656.2276184122748646       1.0080426083877683
     656.2278185456971187       0.9882348291575909
     656.2280186791194865       0.9422198757529259
     656.2282188125417406       1.0757141634821892
     656.2284189459639947       1.0738740488886833
     656.2286190793862488       0.9631173238158226
     656.2288192128086166       0.9689575489610434
     656.2290193462308707       1.0022452718112618
     656.2292194796531248       1.0162068717181683
     656.2294196130753789       0.9718865398317575
     656.2296197464977467       0.9543637298047543
     656.2298198799200009       1.0324317179620266
     656.2300200133422550       0.9594243541359901
     656.2302201467645091       1.0064068320207298
     656.2304202801868769       0.9727090355008841
     656.2306204136091310       1.0119924498721957
     656.2308205470313851       1.0223162099719048
     656.2310206804536392       0.9456332921981812
     656.2312208138760070       0.9672265797853470
     656.2314209472982611       1.0437869019806385
     656.2316210807205152       1.0042427345179021
     656.2318212141427693       0.9420109428465366
     656.2320213475651371       1.0493669360876083
     656.2322214809873913       0.9940431425347924
     656.2324216144096454       0.9898446099832654
     656.2326217478318995       0.9874546332284808
     656.2328218812541536       1.0149249648675323
     656.2330220146765214       0.9446234107017517
     656.2332221480987755       1.0325859263539314
     656.2334222815210296       1.0505985617637634
     656.2336224149432837       1.0085944849997759
     656.2338225483656515       1.0487333089113235
     656.2340226817879056       0.9270307645201683
     656.2342228152101598       0.9749013502150774
     656.2344229486324139       0.8965540379285812
     656.2346230820547817       1.0262633990496397
     656.2348232154770358       0.9844362018629909
     656.2350233488992899       0.9770638924092054
     656.2352234823215440       1.0770445689558983
     656.2354236157439118       0.9943804708309472
     656.2356237491661659       1.0037884793709964
     656.2358238825884200       1.0483075343072414
     656.2360240160106741       0.9613741599023342
     656.2362241494330419       0.9647142589092255
     656.2364242828552960       1.0389233529567719
     656.2366244162775502       0.9651965536177158
     656.2368245496998043       0.9308243170380592
     656.2370246831221721       1.0192736759781837
     656.2372248165444262       0.9870962882414460
     656.2374249499666803       1.0086778337135911
     656.2376250833889344       0.9349847510457039
     656.2378252168113022       0.9652370065450668
     656.2380253502335563       0.9426191784441471
     656.2382254836558104       0.9891411112621427
     656.2384256170780645       1.0313934199512005
     656.2386257505003186       1.0114446869120002
     656.2388258839226864       1.0477500408887863
     656.2390260173449406       1.0885688289999962
     656.2392261507671947       1.0060374983586371
     656.2394262841894488       0.9502374269068241
     656.2396264176118166       1.0465060807764530
     656.2398265510340707       1.0135113121941686
     656.2400266844563248       0.9414812251925468
     656.2402268178785789       1.0715015754103661
     656.2404269513009467       1.0237197112292051
     656.2406270847232008       0.9944069818593562
     656.2408272181454549       0.9968365903478116
     656.2410273515677090       0.9729351252317429
     656.2412274849900768       1.0825409144163132
     656.2414276184123310       1.0398437306284904
     656.2416277518345851       1.0256230570375919
     656.2418278852568392       0.9631067141890526
     656.2420280186792070       0.8595975041389465
     656.2422281521014611       0.9276582375168800
     656.2424282855237152       0.9802677966654301
     656.2426284189459693       1.0429423861205578
     656.2428285523683371       1.0266640372574329
     656.2430286857905912       0.9288740083575249
     656.2432288192128453       1.0114824045449495
     656.2434289526350994       1.0005781970685348
     656.2436290860574672       0.9880729410797358
     656.2438292194797214       0.9541190639138222
     656.2440293529019755       1.0122787049040198
     656.2442294863242296       0.9491791427135468
     656.2444296197464837       1.0650356113910675
     656.2446297531688515       1.0831996425986290
     656.2448298865911056       0.9522861726582050
     656.2450300200133597       1.0043339426629245
     656.2452301534356138       1.0563606396317482
     656.2454302868579816       1.0641289800405502
     656.2456304202802357       0.9986102365655825
     656.2458305537024899       1.0832868218421936
     656.2460306871247440       1.0329347327351570
     656.2462308205471118       0.9959587138146162
     656.2464309539693659       1.0348643176257610
     656.2466310873916200       0.9633934199810028
     656.2468312208138741       1.0345353111624718
     656.2470313542362419       0.9725843761116266
     656.2472314876584960       0.9934361255727708
     656.2474316210807501       0.9857450630515814
     656.2476317545030042       1.1013041138648987
     656.2478318879253720       0.9835453629493713
     656.2480320213476261       1.0748489573597908
     656.2482321547698803       1.0587087050080299
     656.2484322881921344       0.9396350197494030
     656.2486324216145022       1.0116744320839643
     656.2488325550367563       0.9892874127253890
     656.2490326884590104       1.0548272728919983
     656.2492328218812645       0.9945640489459038
     656.2494329553035186       0.9530692063271999
     656.2496330887258864       1.0422937683761120
     656.2498332221481405       1.0881931558251381
     656.2500333555703946       1.0108462227508426
     656.2502334889926487       0.9887444535270333
     656.2504336224150165       1.0406505279242992
     656.2506337558372707       1.0509565360844135
     656.2508338892595248       1.0673690438270569
     656.2510340226817789       0.9643916673958302
     656.2512341561041467       0.9561622478067875
     656.2514342895264008       1.0515824630856514
     656.2516344229486549       1.0316916182637215
     656.2518345563709090       1.0409167893230915
     656.2520346897932768       1.0190430507063866
     656.2522348232155309       1.0539762862026691
     656.2524349566377850       0.9973894949071109
     656.2526350900600391       0.9987569218501449
     656.2528352234824069       0.9663384668529034
     656.2530353569046611       0.9987314146710560
     656.2532354903269152       1.0221590828150511
     656.2534356237491693       1.0332896225154400
     656.2536357571715371       0.9518100805580616
     656.2538358905937912       0.9947073003277183
     656.2540360240160453       1.0324608534574509
     656.2542361574382994       1.0334555469453335
     656.2544362908606672       1.0216175876557827
     656.2546364242829213       1.0003550982219167
     656.2548365577051754       0.9238519445061684
     656.2550366911274295       1.0469251573085785
     656.2552368245496837       1.0576452426612377
     656.2554369579720515       1.0327610783278942
     656.2556370913943056       0.9900580607354641
     656.2558372248165597       0.9155287817120552
     656.2560373582388138       1.0089767426252365
     656.2562374916611816       0.9981506051262841
     656.2564376250834357       0.9840521086007357
     656.2566377585056898       0.9624978639185429
     656.2568378919279439       0.9986095181666315
     656.2570380253503117       1.0508350841701031
     656.2572381587725658       1.0434092544019222
     656.2574382921948200       1.0480362437665462
     656.2576384256170741       0.9967610475141555
     656.2578385590394419       1.0056884507648647
     656.2580386924616960       1.0134343001991510
     656.2582388258839501       0.9210949614644051
     656.2584389593062042       0.9632400348782539
     656.2586390927285720       0.9573018141090870
     656.2588392261508261       0.9995620583940763
     656.2590393595730802       0.9879501815885305
     656.2592394929953343       0.9719455633312464
     656.2594396264177021       0.9142636284232140
     656.2596397598399562       1.0335303470492363
     656.2598398932622104       1.0453974567353725
     656.2600400266844645       1.0289245005697012
     656.2602401601067186       1.0241345670074224
     656.2604402935290864       1.0436928793787956
     656.2606404269513405       1.0822234377264977
     656.2608405603735946       1.0207677017897367
     656.2610406937958487       1.0410053618252277
     656.2612408272182165       0.9946985025890172
     656.2614409606404706       1.1463708132505417
     656.2616410940627247       0.9919733945280313
     656.2618412274849788       0.9116125181317329
     656.2620413609073466       0.9832408800721169
     656.2622414943296008       0.9558592699468136
     656.2624416277518549       0.8800371363759041
     656.2626417611741090       0.8540969192981720
     656.2628418945964768       1.0374244116246700
     656.2630420280187309       1.0342976450920105
     656.2632421614409850       0.8776649907231331
     656.2634422948632391       1.0233834125101566
     656.2636424282856069       1.0740743204951286
     656.2638425617078610       1.0395275987684727
     656.2640426951301151       1.0666702613234520
     656.2642428285523692       0.9981378916418180
     656.2644429619747370       0.9483832418918610
     656.2646430953969912       0.9503797516226768
     656.2648432288192453       0.9838599488139153
     656.2650433622414994       1.0963183641433716
     656.2652434956638672       0.8968018889427185
     656.2654436290861213       1.0328732356429100
     656.2656437625083754       0.9820318166166544
     656.2658438959306295       1.0153578985482454
     656.2660440293528836       1.0329784639179707
     656.2662441627752514       1.0564425587654114
     656.2664442961975055       0.9292272999882698
     656.2666444296197596       0.9485755898058414
     656.2668445630420138       0.8752540946006775
     656.2670446964643816       0.9786131009459496
     656.2672448298866357       1.0065601104870439
     656.2674449633088898       0.9805404171347618
     656.2676450967311439       1.0506948493421078
     656.2678452301535117       0.9857869977131486
     656.2680453635757658       1.1518576145172119
     656.2682454969980199       0.9955778643488884
     656.2684456304202740       0.9947182042524219
     656.2686457638426418       1.0724116787314415
     656.2688458972648959       1.0118582500144839
     656.2690460306871501       0.9912202600389719
     656.2692461641094042       1.1162481456995010
     656.2694462975317720       0.9802692402154207
     656.2696464309540261       1.0148209705948830
     656.2698465643762802       1.0512228682637215
     656.2700466977985343       1.0591035000979900
     656.2702468312209021       0.9321161583065987
     656.2704469646431562       0.9912960855290294
     656.2706470980654103       0.9322517067193985
     656.2708472314876644       0.9454549290239811
     656.2710473649099185       1.0318783372640610
     656.2712474983322863       0.9915481591597199
     656.2714476317545405       1.0702172815799713
     656.2716477651767946       0.9075553789734840
     656.2718478985990487       0.9944786750711501
     656.2720480320214165       1.0768675729632378
     656.2722481654436706       1.0396328866481781
     656.2724482988659247       1.0212607532739639
     656.2726484322881788       0.9863008512184024
     656.2728485657105466       1.0096953464671969
     656.2730486991328007       1.0874238088726997
     656.2732488325550548       1.0037457819562405
     656.2734489659773089       1.1260408163070679
     656.2736490993996767       0.9949526386335492
     656.2738492328219309       1.0216620136052370
     656.2740493662441850       1.0436272881925106
     656.2742494996664391       1.0286641512066126
     656.2744496330888069       1.0508901551365852
     656.2746497665110610       0.9002271443605423
     656.2748498999333151       0.9907908905297518
     656.2750500333555692       1.1018555387854576
     656.2752501667779370       0.9845397798344493
     656.2754503002001911       1.0584724545478821
     656.2756504336224452       1.0566941499710083
     656.2758505670446993       0.9111008495092392
     656.2760507004670671       0.9688614569604397
     656.2762508338893213       0.9926788420416415
     656.2764509673115754       0.9271160960197449
     656.2766511007338295       0.9861977100372314
     656.2768512341560836       0.9908656878396869
     656.2770513675784514       1.0728457346558571
     656.2772515010007055       0.9574451744556427
     656.2774516344229596       1.0480210892856121
     656.2776517678452137       1.0701772198081017
     656.2778519012675815       0.9737284239381552
     656.2780520346898356       0.9419427439570427
     656.2782521681120897       0.9809354543685913
     656.2784523015343439       0.9651555791497231
     656.2786524349567117       1.0204966533929110
     656.2788525683789658       1.0545663498342037
     656.2790527018012199       1.0364135466516018
     656.2792528352234740       0.9062055498361588
     656.2794529686458418       0.9690490271896124
     656.2796531020680959       0.9490265175700188
     656.2798532354903500       1.0226352214813232
     656.2800533689126041       0.9560164734721184
     656.2802535023349719       1.0631756037473679
     656.2804536357572260       0.9852583715692163
     656.2806537691794802       0.9382294341921806
     656.2808539026017343       0.8930833786725998
     656.2810540360241021       1.0516679063439369
     656.2812541694463562       1.0097077451646328
     656.2814543028686103       1.0407042093575001
     656.2816544362908644       1.0179060697555542
     656.2818545697131185       0.9664870016276836
     656.2820547031354863       0.9498214311897755
     656.2822548365577404       1.0161191392689943
     656.2824549699799945       1.0703984424471855
     656.2826551034022486       1.0058238445781171
     656.2828552368246164       0.9650005288422108
     656.2830553702468706       1.0693675279617310
     656.2832555036691247       0.9807651806622744
     656.2834556370913788       1.0426584295928478
     656.2836557705137466       0.9568141847848892
     656.2838559039360007       1.0046865395270288
     656.2840560373582548       1.0431380048394203
     656.2842561707805089       0.9786268640309572
     656.2844563042028767       0.9072776064276695
     656.2846564376251308       0.9129635393619537
     656.2848565710473849       0.9535268917679787
     656.2850567044696390       0.9863182911649346
     656.2852568378920068       1.0213986709713936
     656.2854569713142610       0.9576186090707779
     656.2856571047365151       1.0207374114543200
     656.2858572381587692       1.0534262247383595
     656.2860573715811370       1.0654797926545143
     656.2862575050033911       1.0354841575026512
     656.2864576384256452       0.9631864316761494
     656.2866577718478993       0.8886164650321007
     656.2868579052702671       0.9637108743190765
     656.2870580386925212       0.9811228737235069
     656.2872581721147753       1.0221596024930477
     656.2874583055370294       1.0447795614600182
     656.2876584389592836       0.9257801473140717
     656.2878585723816514       1.0306378044188023
     656.2880587058039055       1.0046415911056101
     656.2882588392261596       0.9838827475905418
     656.2884589726484137       0.9644432403147221
     656.2886591060707815       0.9783338997513056
     656.2888592394930356       1.0026811040006578
     656.2890593729152897       1.0177484061568975
     656.2892595063375438       1.0428458191454411
     656.2894596397599116       1.0477760620415211
     656.2896597731821657       1.0149213494732976
     656.2898599066044198       0.9620549269020557
     656.2900600400266740       0.8778421729803085
     656.2902601734490418       1.0159550737589598
     656.2904603068712959       1.0006325995782390
     656.2906604402935500       1.0599002540111542
     656.2908605737158041       0.9261458292603493
     656.2910607071381719       1.0607094727456570
     656.2912608405604260       0.9016058221459389
     656.2914609739826801       0.9873564988374710
     656.2916611074049342       0.9544138051569462
     656.2918612408273020       0.9366655945777893
     656.2920613742495561       1.0073047480545938
     656.2922615076718103       0.9805720355361700
     656.2924616410940644       1.0035128635354340
     656.2926617745164322       1.0159306023269892
     656.2928619079386863       0.9318635240197182
     656.2930620413609404       0.9154777303338051
     656.2932621747831945       1.0081225847825408
     656.2934623082054486       1.0177350118756294
     656.2936624416278164       0.9991015809355304
     656.2938625750500705       0.9625168964266777
     656.2940627084723246       0.9198429882526398
     656.2942628418945787       1.0914113223552704
     656.2944629753169465       0.9854391524568200
     656.2946631087392007       1.0487913154065609
     656.2948632421614548       0.9208424016833305
     656.2950633755837089       1.0603148527443409
     656.2952635090060767       1.1379088908433914
     656.2954636424283308       0.9467690624296665
     656.2956637758505849       0.9864624487236142
     656.2958639092728390       1.0028947636019439
     656.2960640426952068       0.9869479965418577
     656.2962641761174609       1.0318513773381710
     656.2964643095397150       1.0040163449011743
     656.2966644429619691       0.9498854391276836
     656.2968645763843369       0.9625223316252232
     656.2970647098065911       0.9686454869806767
     656.2972648432288452       0.9996511479257606
     656.2974649766510993       1.0286102127283812
     656.2976651100734671       1.0755645558238029
     656.2978652434957212       1.0176778100430965
     656.2980653769179753       1.0430504642426968
     656.2982655103402294       0.9311854988336563
     656.2984656437624835       0.9584925025701523
     656.2986657771848513       0.9702457282692194
     656.2988659106071054       1.0014390972210094
     656.2990660440293595       1.0757678076624870
     656.2992661774516137       1.0250411126762629
     656.2994663108739815       0.9680735580623150
     656.2996664442962356       0.8824970498681068
     656.2998665777184897       1.0036607333458960
     656.3000667111407438       0.9680766686797142
     656.3002668445631116       1.0515771172940731
     656.3004669779853657       1.0099169462919235
     656.3006671114076198       0.9450555332005024
     656.3008672448298739       1.0212569888681173
     656.3010673782522417       1.0158777125179768
     656.3012675116744958       0.9511991515755653
     656.3014676450967499       1.0418175980448723
     656.3016677785190041       1.0116602741181850
     656.3018679119413719       0.9753587841987610
     656.3020680453636260       0.9858812792226672
     656.3022681787858801       0.9546986259520054
     656.3024683122081342       0.9887615246698260
     656.3026684456305020       1.0147981243208051
     656.3028685790527561       0.9584182873368263
     656.3030687124750102       1.0235530436038971
     656.3032688458972643       0.9506375193595886
     656.3034689793196321       1.0876041874289513
     656.3036691127418862       0.9631145298480988
     656.3038692461641403       0.8729668557643890
     656.3040693795863945       1.0004531971644610
     656.3042695130086486       0.9973379338625818
     656.3044696464310164       1.0341706275939941
     656.3046697798532705       1.0608322918415070
     656.3048699132755246       0.9070864617824554
     656.3050700466977787       1.0251605194061995
     656.3052701801201465       1.0316103957593441
     656.3054703135424006       1.0152199361473322
     656.3056704469646547       0.9975107209756970
     656.3058705803869088       0.9943323498591781
     656.3060707138092766       1.0067897373810410
     656.3062708472315308       1.0159234851598740
     656.3064709806537849       0.9440464712679386
     656.3066711140760390       0.9409258291125298
     656.3068712474984068       0.9366675242781639
     656.3070713809206609       0.9780510347336531
     656.3072715143429150       0.9965126682072878
     656.3074716477651691       0.9398416019976139
     656.3076717811875369       0.9807848725467920
     656.3078719146097910       1.0726217478513718
     656.3080720480320451       0.9589335508644581
     656.3082721814542992       1.0012006437173113
     656.3084723148766670       0.8620481044054031
     656.3086724482989212       0.9760481473058462
     656.3088725817211753       1.0306735076010227
     656.3090727151434294       1.0157663580030203
     656.3092728485656835       1.0314804017543793
     656.3094729819880513       1.0490080602467060
     656.3096731154103054       1.0357452705502510
     656.3098732488325595       0.9687315635383129
     656.3100733822548136       0.9645383693277836
     656.3102735156771814       0.9594046361744404
     656.3104736490994355       1.0236407984048128
     656.3106737825216896       0.9596073664724827
     656.3108739159439438       0.9250759705901146
     656.3110740493663116       1.0605205260217190
     656.3112741827885657       0.9343319311738014
     656.3114743162108198       0.9783330243080854
     656.3116744496330739       1.0313985645771027
     656.3118745830554417       1.0386667400598526
     656.3120747164776958       1.0287723075598478
     656.3122748498999499       0.9670366123318672
     656.3124749833222040       1.0706488713622093
     656.3126751167445718       1.0010122874518856
     656.3128752501668259       0.9732664823532104
     656.3130753835890800       1.0295177455991507
     656.3132755170113342       1.0479862652719021
     656.3134756504337020       1.0131555944681168
     656.3136757838559561       0.9988577315816656
     656.3138759172782102       1.0756141468882561
     656.3140760507004643       1.0243176463991404
     656.3142761841228321       1.0883843824267387
     656.3144763175450862       1.0575640574097633
     656.3146764509673403       0.9933892413973808
     656.3148765843895944       1.0362837053835392
     656.3150767178118485       1.0343245305120945
     656.3152768512342163       1.0051430673338473
     656.3154769846564704       1.0693453848361969
     656.3156771180787246       0.9497664310038090
     656.3158772515009787       0.8202258497476578
     656.3160773849233465       0.9918894805014133
     656.3162775183456006       0.8670968711376190
     656.3164776517678547       1.1048577576875687
     656.3166777851901088       0.9883720604702830
     656.3168779186124766       0.9002670943737030
     656.3170780520347307       0.9920339807868004
     656.3172781854569848       0.9932002103887498
     656.3174783188792389       0.9713012967258692
     656.3176784523016067       1.0432793013751507
     656.3178785857238609       0.9762898124754429
     656.3180787191461150       0.9214333221316338
     656.3182788525683691       0.9758207891136408
     656.3184789859907369       1.0311666261404753
     656.3186791194129910       1.0169167649000883
     656.3188792528352451       1.0494353063404560
     656.3190793862574992       0.8732944577932358
     656.3192795196798670       1.0204170532524586
     656.3194796531021211       0.9832811877131462
     656.3196797865243752       1.0482013672590256
     656.3198799199466293       0.9416358768939972
     656.3200800533688835       1.0312347114086151
     656.3202801867912513       0.9922895194031298
     656.3204803202135054       1.0053179166279733
     656.3206804536357595       1.0313723944127560
     656.3208805870580136       1.0811095759272575
     656.3210807204803814       0.9919476732611656
     656.3212808539026355       1.0238317735493183
     656.3214809873248896       1.0182059369981289
     656.3216811207471437       1.0359606295824051
     656.3218812541695115       0.8696143925189972
     656.3220813875917656       0.9740544408559799
     656.3222815210140197       1.0070352205075324
     656.3224816544362739       1.0108582824468613
     656.3226817878586417       0.9259169772267342
     656.3228819212808958       1.0496386997401714
     656.3230820547031499       1.0293307658284903
     656.3232821881254040       1.0128644471988082
     656.3234823215477718       0.9877567337825894
     656.3236824549700259       0.9386551864445210
     656.3238825883922800       1.0623258836567402
     656.3240827218145341       1.0946551933884621
     656.3242828552369019       0.9930212274193764
     656.3244829886591560       0.9610601998865604
     656.3246831220814101       0.9883700544014573
     656.3248832555036643       1.0179921183735132
     656.3250833889260321       1.0515209250152111
     656.3252835223482862       1.0062953629530966
     656.3254836557705403       1.0187760442495346
     656.3256837891927944       0.9821156729012728
     656.3258839226150485       0.9314348101615906
     656.3260840560374163       0.9900219459086657
     656.3262841894596704       1.0069629512727261
     656.3264843228819245       0.9259649887681007
     656.3266844563041786       1.0391760133206844
     656.3268845897265464       1.1178331375122070
     656.3270847231488005       1.0309693254530430
     656.3272848565710547       0.9313972964882851
     656.3274849899933088       1.1038759276270866
     656.3276851234156766       0.9582737050950527
     656.3278852568379307       0.9112036675214767
     656.3280853902601848       0.9248851984739304
     656.3282855236824389       1.0246993433684111
     656.3284856571048067       0.9716241005808115
     656.3286857905270608       0.9187943711876869
     656.3288859239493149       0.9480293802917004
     656.3290860573715690       1.0581275224685669
     656.3292861907939368       1.0006152264541015
     656.3294863242161910       0.9841544758528471
     656.3296864576384451       0.9866016684100032
     656.3298865910606992       0.9908645842224360
     656.3300867244830670       0.9264882281422615
     656.3302868579053211       0.9719493202865124
     656.3304869913275752       1.0452554672956467
     656.3306871247498293       1.0009534662822261
     656.3308872581721971       0.9677264019846916
     656.3310873915944512       0.9709074199199677
     656.3312875250167053       1.0434959791600704
     656.3314876584389594       1.0268984939903021
     656.3316877918612136       1.0076151303946972
     656.3318879252835814       1.0395994596183300
     656.3320880587058355       1.0082225743681192
     656.3322881921280896       1.0194763503968716
     656.3324883255503437       1.0138165904209018
     656.3326884589727115       0.9287219047546387
     656.3328885923949656       1.0349733419716358
     656.3330887258172197       1.0256304834038019
     656.3332888592394738       0.9505913704633713
     656.3334889926618416       0.9872323544695973
     656.3336891260840957       1.0247673802077770
     656.3338892595063498       0.9670237265527248
     656.3340893929286040       0.9790223371237516
     656.3342895263509718       0.9989318338921294
     656.3344896597732259       0.9363519698381424
     656.3346897931954800       0.9640191085636616
     656.3348899266177341       1.0392589606344700
     656.3350900600401019       1.0056577431969345
     656.3352901934623560       1.0434756241738796
     656.3354903268846101       0.9541868604719639
     656.3356904603068642       1.0320556424558163
     656.3358905937292320       0.9825197439640760
     656.3360907271514861       1.0045493892394006
     656.3362908605737402       1.0261673070490360
     656.3364909939959944       1.0284800380468369
     656.3366911274182485       1.0746213719248772
     656.3368912608406163       0.9082625284790993
     656.3370913942628704       0.9980016683693975
     656.3372915276851245       1.0019267788156867
     656.3374916611073786       0.8573727458715439
     656.3376917945297464       1.0869817063212395
     656.3378919279520005       0.9851224478334188
     656.3380920613742546       0.9934577983804047
     656.3382921947965087       1.0467879734933376
     656.3384923282188765       0.9595101810991764
     656.3386924616411306       1.0634578540921211
     656.3388925950633848       0.9705918692052364
     656.3390927284856389       1.0166352074593306
     656.3392928619080067       1.0831005126237869
     656.3394929953302608       1.0694602802395821
     656.3396931287525149       0.8977035954594612
     656.3398932621747690       1.0019278660183772
     656.3400933955971368       1.0383625701069832
     656.3402935290193909       1.0558369532227516
     656.3404936624416450       0.9952883846126497
     656.3406937958638991       1.0756591036915779
     656.3408939292862669       1.0367471054196358
     656.3410940627085211       0.9952480047941208
     656.3412941961307752       1.0198254548013210
     656.3414943295530293       0.9776644930243492
     656.3416944629753971       0.9704312626272440
     656.3418945963976512       1.0498226620256901
     656.3420947298199053       0.9770687986165285
     656.3422948632421594       1.0089543424546719
     656.3424949966644135       1.0132298050448298
     656.3426951300867813       1.0345308594405651
     656.3428952635090354       0.9835033863782883
     656.3430953969312895       0.9863268705084920
     656.3432955303535437       0.9870256334543228
     656.3434956637759115       1.0245147570967674
     656.3436957971981656       0.9441543221473694
     656.3438959306204197       1.0428288169205189
     656.3440960640426738       0.9729739688336849
     656.3442961974650416       0.9920361312106252
     656.3444963308872957       1.0400482937693596
     656.3446964643095498       1.0133282290771604
     656.3448965977318039       0.9811467137187719
     656.3450967311541717       0.9232347607612610
     656.3452968645764258       0.9550452679395676
     656.3454969979986799       0.9875626564025879
     656.3456971314209341       1.0598446242511272
     656.3458972648433019       1.0465732254087925
     656.3460973982655560       1.0334487110376358
     656.3462975316878101       1.0543022565543652
     656.3464976651100642       0.9419056102633476
     656.3466977985324320       1.0604304373264313
     656.3468979319546861       0.9631478562951088
     656.3470980653769402       0.9901368953287601
     656.3472981987991943       1.0127296885475516
     656.3474983322214484       0.8961993232369423
     656.3476984656438162       0.9953327011317015
     656.3478985990660703       1.0000053763419601
     656.3480987324883245       0.9902943270280957
     656.3482988659105786       0.9674105420708656
     656.3484989993329464       0.9089111089706421
     656.3486991327552005       1.0084431087598205
     656.3488992661774546       0.9960407046601176
     656.3490993995997087       0.9515473656356335
     656.3492995330220765       1.0365925021469593
     656.3494996664443306       0.8994804695248604
     656.3496997998665847       1.0244895126670599
     656.3498999332888388       0.9902965361252427
     656.3501000667112066       1.0844555124640465
     656.3503002001334607       1.0083905095234513
     656.3505003335557149       1.0329401306807995
     656.3507004669779690       0.9927599928341806
     656.3509006004003368       1.0061262645758688
     656.3511007338225909       1.0131362844258547
     656.3513008672448450       1.0763281956315041
     656.3515010006670991       0.9369289055466652
     656.3517011340894669       1.0452527292072773
     656.3519012675117210       1.0094948699697852
     656.3521014009339751       1.0024753462057561
     656.3523015343562292       1.0113355005159974
     656.3525016677785970       0.9872636627405882
     656.3527018012008512       0.9336174502968788
     656.3529019346231053       1.1017323136329651
     656.3531020680453594       1.0517961271107197
     656.3533022014676135       0.9658309333026409
     656.3535023348899813       0.9065338000655174
     656.3537024683122354       0.9284838959574699
     656.3539026017344895       0.9901292165741324
     656.3541027351567436       1.0578399561345577
     656.3543028685791114       1.0532776080071926
     656.3545030020013655       0.9294604286551476
     656.3547031354236196       0.9486111216247082
     656.3549032688458738       0.9750497732311487
     656.3551034022682416       1.0147519409656525
     656.3553035356904957       0.9388740956783295
     656.3555036691127498       1.0419494472444057
     656.3557038025350039       1.0474300086498260
     656.3559039359573717       1.0571134872734547
     656.3561040693796258       1.1177711486816406
     656.3563042028018799       1.0297024846076965
     656.3565043362241340       1.0313837490975857
     656.3567044696465018       1.0571227371692657
     656.3569046030687559       1.0162724386900663
     656.3571047364910100       0.9423428811132908
     656.3573048699132642       0.9762741308659315
     656.3575050033356320       1.0361933372914791
     656.3577051367578861       0.9417861513793468
     656.3579052701801402       1.0078988587483764
     656.3581054036023943       0.8971204534173012
     656.3583055370246484       0.9623244479298592
     656.3585056704470162       0.9918786380439997
     656.3587058038692703       1.0874821096658707
     656.3589059372915244       0.9925855179317296
     656.3591060707137785       1.0042764819227159
     656.3593062041361463       1.0345383696258068
     656.3595063375584004       1.0064195143058896
     656.3597064709806546       0.9062301069498062
     656.3599066044029087       1.0193693917244673
     656.3601067378252765       1.0978582501411438
     656.3603068712475306       1.0072437003254890
     656.3605070046697847       0.9954064907506108
     656.3607071380920388       0.9463307894766331
     656.3609072715144066       1.0737960711121559
     656.3611074049366607       0.9267328456044197
     656.3613075383589148       1.0001282006123802
     656.3615076717811689       0.9350073114037514
     656.3617078052035367       1.0672919303178787
     656.3619079386257908       0.9359178990125656
     656.3621080720480450       0.9840736165642738
     656.3623082054702991       0.9728349987417459
     656.3625083388926669       0.9425728805363178
     656.3627084723149210       1.0686895847320557
     656.3629086057371751       0.9628342911601067
     656.3631087391594292       1.0491990558803082
     656.3633088725817970       1.0586222410202026
     656.3635090060040511       1.1198055520653725
     656.3637091394263052       1.0012155825970694
     656.3639092728485593       1.0026264917105436
     656.3641094062708135       0.9970143618993461
     656.3643095396931813       1.0336331576108932
     656.3645096731154354       1.0735100954771042
     656.3647098065376895       1.0006151552661322
     656.3649099399599436       1.0039060555864125
     656.3651100733823114       0.9631599374115467
     656.3653102068045655       0.9818742871284484
     656.3655103402268196       1.1082040071487427
     656.3657104736490737       0.9429463259875773
     656.3659106070714415       1.0157470516860483
     656.3661107404936956       0.9984393125632774
     656.3663108739159497       1.0180533286184068
     656.3665110073382039       1.1137513294816008
     656.3667111407605717       0.9630227759480464
     656.3669112741828258       1.0298494994640333
     656.3671114076050799       0.9926115041598651
     656.3673115410273340       0.9858689010143240
     656.3675116744497018       0.9399183131754340
     656.3677118078719559       0.9842985160648735
     656.3679119412942100       1.1107919216155877
     656.3681120747164641       0.9804587978869485
     656.3683122081388319       0.8813596814870552
     656.3685123415610860       1.0051193484104757
     656.3687124749833401       0.8992998078464856
     656.3689126084055943       0.9787964355199644
     656.3691127418278484       0.9749570488928460
     656.3693128752502162       1.0590156726537261
     656.3695130086724703       0.9668850526210930
     656.3697131420947244       0.9838947113599428
     656.3699132755169785       1.0729940384620726
     656.3701134089393463       0.8958907723418675
     656.3703135423616004       1.0004428818053523
     656.3705136757838545       1.0048487135192419
     656.3707138092061086       1.1205030456161460
     656.3709139426284764       0.9727250877733791
     656.3711140760507305       1.0183260403525196
     656.3713142094729847       0.9503951072624403
     656.3715143428952388       1.0440890155635849
     656.3717144763176066       1.0638385116917521
     656.3719146097398607       0.9837211444782014
     656.3721147431621148       0.9527860618858477
     656.3723148765843689       1.0201418120037182
     656.3725150100067367       1.0101907168920303
     656.3727151434289908       0.9715553987038772
     656.3729152768512449       0.9587567894633433
     656.3731154102734990       1.0197437553188196
     656.3733155436958668       1.0273913944054507
     656.3735156771181209       1.0675406602319473
     656.3737158105403751       1.0164475940199842
     656.3739159439626292       1.0293783968836272
     656.3741160773849970       0.9599511839968038
     656.3743162108072511       1.0646084165052709
     656.3745163442295052       0.9659291194909617
     656.3747164776517593       0.9244805184395513
     656.3749166110740134       0.9592235846963151
     656.3751167444963812       1.0760327471065485
     656.3753168779186353       1.1159935475940641
     656.3755170113408894       1.0490695627121147
     656.3757171447631436       1.0484340820869757
     656.3759172781855113       0.9836582232463876
     656.3761174116077655       0.9612539718695261
     656.3763175450300196       0.9509645813545541
     656.3765176784522737       1.0824424602410110
     656.3767178118746415       0.9488119344035801
     656.3769179452968956       0.9684437232693887
     656.3771180787191497       1.0336561568085934
     656.3773182121414038       1.0225432571728565
     656.3775183455637716       0.9899457843953327
     656.3777184789860257       0.9973333642535812
     656.3779186124082798       1.1070459607509902
     656.3781187458305340       1.0660768293146468
     656.3783188792529018       1.0007520191210775
     656.3785190126751559       1.1366053304540651
     656.3787191460974100       0.9241650239906201
     656.3789192795196641       1.0985474183364969
     656.3791194129420319       0.9168782559441978
     656.3793195463642860       0.9871260568695305
     656.3795196797865401       1.0190612688329428
     656.3797198132087942       0.9846632175596441
     656.3799199466311620       0.9367300311398944
     656.3801200800534161       0.9990830193464698
     656.3803202134756702       1.0046608293109047
     656.3805203468979244       0.9570109606655786
     656.3807204803201785       0.9302397965173884
     656.3809206137425463       1.0017872759260087
     656.3811207471648004       0.9728095732033525
     656.3813208805870545       1.0643524873892654
     656.3815210140093086       1.0187497115845647
     656.3817211474316764       0.9938545247833513
     656.3819212808539305       0.9581164906261007
     656.3821214142761846       0.8704418769719382
     656.3823215476984387       0.9945556112882855
     656.3825216811208065       0.9393814588642900
     656.3827218145430606       1.0052572601806586
     656.3829219479653148       0.9433143477620934
     656.3831220813875689       1.0154354856332015
     656.3833222148099367       0.9653531845840785
     656.3835223482321908       1.0757706076953772
     656.3837224816544449       0.9401372501777434
     656.3839226150766990       1.0965577569453226
     656.3841227484990668       1.0537102879042597
     656.3843228819213209       1.1427502113016224
     656.3845230153435750       1.0058636811007133
     656.3847231487658291       0.9646928851827203
     656.3849232821881969       1.0330701937639832
     656.3851234156104510       1.0147307325556039
     656.3853235490327052       0.9915296801402688
     656.3855236824549593       1.0429163716205112
     656.3857238158772134       0.9659910815681769
     656.3859239492995812       1.0015422295454599
     656.3861240827218353       0.9740941863680648
     656.3863242161440894       0.9751844380851306
     656.3865243495663435       1.0807873245412791
     656.3867244829887113       0.9943876543681217
     656.3869246164109654       0.8984680561209065
     656.3871247498332195       1.0574506713352325
     656.3873248832554737       1.0595781671003306
     656.3875250166778414       0.9509792785818636
     656.3877251501000956       1.1086790764546812
     656.3879252835223497       0.9724049899034488
     656.3881254169446038       1.0136708601935638
     656.3883255503669716       1.0508458128126792
     656.3885256837892257       0.9961298211469777
     656.3887258172114798       0.9527669240726819
     656.3889259506337339       1.0674399246048214
     656.3891260840561017       0.9426326235672118
     656.3893262174783558       0.9535213252757868
     656.3895263509006099       0.9920057120546886
     656.3897264843228641       0.9834207326643016
     656.3899266177452319       0.9646016511103953
     656.3901267511674860       0.9705176690322423
     656.3903268845897401       0.9087151968195274
     656.3905270180119942       0.9891001652180006
     656.3907271514343620       0.9436815197061538
     656.3909272848566161       0.9701858100262779
     656.3911274182788702       1.0261283539622981
     656.3913275517011243       0.9300188179949207
     656.3915276851233784       1.0475529448496466
     656.3917278185457462       0.9341743651314647
     656.3919279519680003       0.9657671338170316
     656.3921280853902545       1.0454402360465578
     656.3923282188125086       0.9194733160035876
     656.3925283522348764       0.9771050211971248
     656.3927284856571305       0.9142324100494537
     656.3929286190793846       1.0309751880545988
     656.3931287525016387       0.9414915906035157
     656.3933288859240065       0.9414383400201924
     656.3935290193462606       0.9561899389996076
     656.3937291527685147       1.0298012988365239
     656.3939292861907688       0.9796993291204714
     656.3941294196131366       0.9406205053421253
     656.3943295530353907       0.9798357645830355
     656.3945296864576449       0.8846191308046952
     656.3947298198798990       0.8746722178141011
     656.3949299533022668       0.8437667069424321
     656.3951300867245209       0.9003869895931175
     656.3953302201467750       0.8949602931111154
     656.3955303535690291       0.9153334772251107
     656.3957304869913969       0.8811791546280590
     656.3959306204136510       0.8037730959331071
     656.3961307538359051       0.8368314021260640
     656.3963308872581592       0.8782708414975077
     656.3965310206804133       0.9378902259107753
     656.3967311541027811       0.7873637878856998
     656.3969312875250353       0.8890626700764752
     656.3971314209472894       0.7800651338792791
     656.3973315543695435       0.8098045783088270
     656.3975316877919113       0.8607082906643662
     656.3977318212141654       0.8088069646450649
     656.3979319546364195       0.8474563696928357
     656.3981320880586736       0.8843623402614744
     656.3983322214810414       0.8402135270520155
     656.3985323549032955       0.8889590053029754
     656.3987324883255496       0.9200575432482109
     656.3989326217478038       0.8847512378088962
     656.3991327551701715       0.7960612567785241
     656.3993328885924257       0.7908691917924744
     656.3995330220146798       0.8926556877924297
     656.3997331554369339       0.7743941547305491
     656.3999332888593017       0.8811689055720667
     656.4001334222815558       0.8283773830349207
     656.4003335557038099       0.8760763009532846
     656.4005336891260640       0.7998096652801380
     656.4007338225484318       0.7340663858055563
     656.4009339559706859       0.7995855871284510
     656.4011340893929400       0.8018955492366560
     656.4013342228151942       0.8967488653472093
     656.4015343562375620       0.7481098655218762
     656.4017344896598161       0.8384615282553922
     656.4019346230820702       0.8247017007269669
     656.4021347565043243       0.8308924167829055
     656.4023348899265784       0.8742419563414545
     656.4025350233489462       0.9307089754584309
     656.4027351567712003       0.9804673866267600
     656.4029352901934544       0.9585586783942903
     656.4031354236157085       0.9258583386216017
     656.4033355570380763       0.8965266935463334
     656.4035356904603304       0.8754918421869144
     656.4037358238825846       0.9022555283017664
     656.4039359573048387       0.9266895657851566
     656.4041360907272065       1.0253482101869080
     656.4043362241494606       0.9042174235881921
     656.4045363575717147       0.9601579855041875
     656.4047364909939688       0.9071232219869397
     656.4049366244163366       0.9501486027882327
     656.4051367578385907       0.8987983891976331
     656.4053368912608448       0.9718117853080319
     656.4055370246830989       0.9534206771082512
     656.4057371581054667       0.9827780411340487
     656.4059372915277208       0.9777232923660431
     656.4061374249499750       0.9444216105328672
     656.4063375583722291       0.9204112713670561
     656.4065376917945969       0.8590614391181498
     656.4067378252168510       0.9707450740594880
     656.4069379586391051       0.9680565152722638
     656.4071380920613592       0.9174232345263839
     656.4073382254836133       1.0288177650811554
     656.4075383589059811       0.9915096268714120
     656.4077384923282352       0.8749236526452840
     656.4079386257504893       1.0205740947833601
     656.4081387591727434       1.0533459355385906
     656.4083388925951112       0.9374174934901819
     656.4085390260173654       0.9595167413514207
     656.4087391594396195       0.9682930494458935
     656.4089392928618736       0.9464639647297680
     656.4091394262842414       0.9698233660839637
     656.4093395597064955       1.0256696636734715
     656.4095396931287496       1.1327630364869306
     656.4097398265510037       1.0180488697632966
     656.4099399599733715       1.0919369898181153
     656.4101400933956256       0.9022697236056481
     656.4103402268178797       0.9620471707680922
     656.4105403602401339       1.0628418123661230
     656.4107404936625016       1.0748748810903195
     656.4109406270847558       1.0113569598498426
     656.4111407605070099       0.9747857590728337
     656.4113408939292640       0.9796240888537043
     656.4115410273516318       0.9648962375439124
     656.4117411607738859       0.9871643533050640
     656.4119412941961400       1.0325432870872842
     656.4121414276183941       0.8782223457992442
     656.4123415610407619       1.0792721731142185
     656.4125416944630160       1.0005503012150037
     656.4127418278852701       1.0187100578357740
     656.4129419613075243       1.0193236290084853
     656.4131420947297784       0.9245514952608357
     656.4133422281521462       0.9817830556266639
     656.4135423615744003       0.9369672101740252
     656.4137424949966544       1.0364238002397852
     656.4139426284189085       0.9814574058493051
     656.4141427618412763       1.0002075601619786
     656.4143428952635304       0.9547631058969448
     656.4145430286857845       1.0195729235461861
     656.4147431621080386       0.9579530414312000
     656.4149432955304064       1.0225805341300083
     656.4151434289526605       1.0893840964738910
     656.4153435623749147       1.0044943178721142
     656.4155436957971688       1.0492514766448688
     656.4157438292195366       1.0332353754679218
     656.4159439626417907       0.9369578627752506
     656.4161440960640448       1.0212815493015803
     656.4163442294862989       1.0189757099151788
     656.4165443629086667       0.9907488671610317
     656.4167444963309208       1.1067938500419332
     656.4169446297531749       0.9849331537352919
     656.4171447631754290       1.0535391779972936
     656.4173448965977968       0.9789976052154832
     656.4175450300200509       1.0286925445857582
     656.4177451634423051       1.0236481863100413
     656.4179452968645592       1.0286240130203073
     656.4181454302869270       0.9989929704370861
     656.4183455637091811       1.0323943505991307
     656.4185456971314352       1.0176564052193942
     656.4187458305536893       1.0187711323486228
     656.4189459639759434       0.9154278060701934
     656.4191460973983112       0.9820958134678954
     656.4193462308205653       0.9787802649938252
     656.4195463642428194       1.0716407842140998
     656.4197464976650735       1.0435954065930906
     656.4199466310874413       0.9581843337174474
     656.4201467645096955       0.9967800195038716
     656.4203468979319496       0.9981075538804280
     656.4205470313542037       1.0819111465241786
     656.4207471647765715       1.0355195852683181
     656.4209472981988256       1.0489879046882966
     656.4211474316210797       0.9772002053609953
     656.4213475650433338       1.0084123730380523
     656.4215476984657016       1.0320318877575163
     656.4217478318879557       1.0443232069404536
     656.4219479653102098       1.0241867124557000
     656.4221480987324640       0.9505238934009858
     656.4223482321548317       0.9879910129234610
     656.4225483655770859       1.1322086833111844
     656.4227484989993400       0.9262706140183343
     656.4229486324215941       0.8720104955125153
     656.4231487658439619       1.0291340509756544
     656.4233488992662160       1.0130742441942284
     656.4235490326884701       0.9445727377983277
     656.4237491661107242       1.0441172409911643
     656.4239492995329783       0.9275454945194094
     656.4241494329553461       1.0362726071496282
     656.4243495663776002       1.0032821952219599
     656.4245496997998544       0.9558133069993479
     656.4247498332221085       0.9180686844082077
     656.4249499666444763       0.9925865282505707
     656.4251501000667304       1.1375881879321037
     656.4253502334889845       1.0886330678193459
     656.4255503669112386       1.0575039795908800
     656.4257505003336064       1.0451964586526765
     656.4259506337558605       0.9427252299764232
     656.4261507671781146       1.0527467243145439
     656.4263509006003687       1.0065397508280123
     656.4265510340227365       0.9698482770357526
     656.4267511674449906       0.9622087255038649
     656.4269513008672448       1.0729837268533251
     656.4271514342894989       0.9977059219923198
     656.4273515677118667       1.0181319527299435
     656.4275517011341208       0.9192260429243073
     656.4277518345563749       1.0523437745855140
     656.4279519679786290       1.0394995771338693
     656.4281521014009968       0.9983330564566598
     656.4283522348232509       1.0238215103740733
     656.4285523682455050       1.0044079595242148
     656.4287525016677591       1.0193322580305462
     656.4289526350901269       0.9521911032496324
     656.4291527685123810       0.9855794394387724
     656.4293529019346352       0.9471001140772561
     656.4295530353568893       0.9947618530131374
     656.4297531687791434       1.0352444015442983
     656.4299533022015112       0.9771383274346357
     656.4301534356237653       0.9815826024859985
     656.4303535690460194       0.9971768634859365
     656.4305537024682735       1.0218611843883920
     656.4307538358906413       1.0383933298289727
     656.4309539693128954       1.0846322476863828
     656.4311541027351495       1.0202058497816302
     656.4313542361574036       1.0809174478054033
     656.4315543695797714       0.9733141027390947
     656.4317545030020256       1.0754075869917863
     656.4319546364242797       1.0042248349636789
     656.4321547698465338       0.9023204892873761
     656.4323549032689016       0.9820396956056354
     656.4325550366911557       1.0717706158757210
     656.4327551701134098       0.9774842076003550
     656.4329553035356639       1.0073887542821467
     656.4331554369580317       1.0007539232610725
     656.4333555703802858       0.9689735267311335
     656.4335557038025399       1.0765330940485001
     656.4337558372247940       0.9981586599024013
     656.4339559706471618       0.9963255051989108
     656.4341561040694160       0.9445794634521008
     656.4343562374916701       1.0126550244167447
     656.4345563709139242       1.0034973982255906
     656.4347565043361783       0.9863611757755280
     656.4349566377585461       0.9719841685146093
     656.4351567711808002       1.0061446609906852
     656.4353569046030543       1.0316017568111420
     656.4355570380253084       1.0050659524276853
     656.4357571714476762       1.0254127569496632
     656.4359573048699303       1.0363636761903763
     656.4361574382921845       0.9591994769871235
     656.4363575717144386       1.0242963712662458
     656.4365577051368064       1.0019928934052587
     656.4367578385590605       1.0388897322118282
     656.4369579719813146       0.9580991752445698
     656.4371581054035687       0.9259558022022247
     656.4373582388259365       0.9582794830203056
     656.4375583722481906       0.9007663503289223
     656.4377585056704447       1.0047807507216930
     656.4379586390926988       1.0105604380369186
     656.4381587725150666       0.9615310616791248
     656.4383589059373207       1.0845423564314842
     656.4385590393595749       0.9639312811195850
     656.4387591727818290       1.0282679852098227
     656.4389593062041968       0.9728911165148020
     656.4391594396264509       0.9996122518496122
     656.4393595730487050       1.0619675517082214
     656.4395597064709591       1.0768837630748749
     656.4397598398933269       1.0833178237080574
     656.4399599733155810       0.9930394967086613
     656.4401601067378351       0.9787482749670744
     656.4403602401600892       1.0515776947140694
     656.4405603735823433       1.0335897915065289
     656.4407605070047111       1.0123187145218253
     656.4409606404269653       0.9239628091454506
     656.4411607738492194       0.9105968475341797
     656.4413609072714735       0.9639901705086231
     656.4415610406938413       1.0150804659351707
     656.4417611741160954       1.0171729065477848
     656.4419613075383495       0.9777603466063738
     656.4421614409606036       0.9583435393869877
     656.4423615743829714       1.0088489735499024
     656.4425617078052255       1.0181117095053196
     656.4427618412274796       1.0100294072180986
     656.4429619746497337       0.9406812004745007
     656.4431621080721015       1.0126393288373947
     656.4433622414943557       0.9778633452951908
     656.4435623749166098       1.1150389537215233
     656.4437625083388639       1.0629204884171486
     656.4439626417612317       0.9258367195725441
     656.4441627751834858       1.0152347208932042
     656.4443629086057399       1.0073626041412354
     656.4445630420279940       0.9910043748095632
     656.4447631754503618       1.0496454462409019
     656.4449633088726159       1.0636731013655663
     656.4451634422948700       1.0862111076712608
     656.4453635757171241       1.0174577441066504
     656.4455637091393783       0.9441223181784153
     656.4457638425617461       0.9785951599478722
     656.4459639759840002       1.0254055056720972
     656.4461641094062543       1.0344787202775478
     656.4463642428285084       1.0163370463997126
     656.4465643762508762       0.9698823448270559
     656.4467645096731303       1.0305566191673279
     656.4469646430953844       1.0915150120854378
     656.4471647765176385       1.0533736310899258
     656.4473649099400063       0.9685516431927681
     656.4475650433622604       0.9338808432221413
     656.4477651767845146       1.0342462472617626
     656.4479653102067687       1.0070044524036348
     656.4481654436291365       0.9260141029953957
     656.4483655770513906       0.9866837533190846
     656.4485657104736447       1.0722576677799225
     656.4487658438958988       0.9579467847943306
     656.4489659773182666       0.9238649979233742
     656.4491661107405207       0.9735095016658306
     656.4493662441627748       1.0635717064142227
     656.4495663775850289       0.9792755600064993
     656.4497665110073967       0.9227630123496056
     656.4499666444296508       0.9498786516487598
     656.4501667778519050       1.0565241351723671
     656.4503669112741591       1.0143455816432834
     656.4505670446965269       1.0070342198014259
     656.4507671781187810       1.1235701367259026
     656.4509673115410351       1.0342920869588852
     656.4511674449632892       0.9949694243259728
     656.4513675783855433       1.0044268197380006
     656.4515677118079111       0.9855952933430672
     656.4517678452301652       1.0506394878029823
     656.4519679786524193       0.9996510112832766
     656.4521681120746734       0.9033967182040215
     656.4523682454970412       1.0346902981400490
     656.4525683789192954       0.9703310001641512
     656.4527685123415495       1.0111430902034044
     656.4529686457638036       0.9570231437683105
     656.4531687791861714       0.9645098559558392
     656.4533689126084255       1.0410460978746414
     656.4535690460306796       1.0394950993359089
     656.4537691794529337       1.0678888782858849
     656.4539693128753015       0.9992633774527349
     656.4541694462975556       0.9542427398264408
     656.4543695797198097       0.9633488133549690
     656.4545697131420638       1.0854169577360153
     656.4547698465644316       0.9940890944562852
     656.4549699799866858       1.0505826771259308
     656.4551701134089399       0.9640510082244873
     656.4553702468311940       1.0178822278976440
     656.4555703802535618       0.9998635402589571
     656.4557705136758159       1.0401168055832386
     656.4559706470980700       1.0777448788285255
     656.4561707805203241       1.0235743410885334
     656.4563709139425782       0.9936085408553481
     656.4565710473649460       1.0039995289407670
     656.4567711807872001       0.9836442004889250
     656.4569713142094542       1.0126198828220367
     656.4571714476317084       1.0159147791564465
     656.4573715810540762       0.9535800404846668
     656.4575717144763303       0.9261083975434303
     656.4577718478985844       1.0584864392876625
     656.4579719813208385       1.0134959938004613
     656.4581721147432063       0.9603721722960472
     656.4583722481654604       1.0215193312615156
     656.4585723815877145       1.0340484417974949
     656.4587725150099686       1.0296155102550983
     656.4589726484323364       1.0392714701592922
     656.4591727818545905       0.9812987633049488
     656.4593729152768447       0.9665568359196186
     656.4595730486990988       0.9636894017457962
     656.4597731821214666       1.0268540326505899
     656.4599733155437207       1.0668867751955986
     656.4601734489659748       1.0454970672726631
     656.4603735823882289       1.0472634211182594
     656.4605737158105967       1.0044187786988914
     656.4607738492328508       1.0333564952015877
     656.4609739826551049       0.9652762301266193
     656.4611741160773590       1.0468702577054501
     656.4613742494997268       0.9649008214473724
     656.4615743829219809       1.1022207289934158
     656.4617745163442351       0.9446287080645561
     656.4619746497664892       1.0414243452250957
     656.4621747831887433       0.9663622677326202
     656.4623749166111111       1.0962613075971603
     656.4625750500333652       1.1213313713669777
     656.4627751834556193       0.9749577958136797
     656.4629753168778734       1.0656271129846573
     656.4631754503002412       1.0124418409541249
     656.4633755837224953       1.0245951917022467
     656.4635757171447494       1.0591162629425526
     656.4637758505670035       1.0572864413261414
     656.4639759839893713       1.0036618791054934
     656.4641761174116255       1.0176860820502043
     656.4643762508338796       0.9688246250152588
     656.4645763842561337       1.0478388033807278
     656.4647765176785015       0.9769210387021303
     656.4649766511007556       0.9924975894391537
     656.4651767845230097       1.0778366327285767
     656.4653769179452638       0.9542816504836082
     656.4655770513676316       1.0609824545681477
     656.4657771847898857       0.9498096629977226
     656.4659773182121398       1.0349086523056030
     656.4661774516343939       1.0232175234705210
     656.4663775850567617       1.0154067343100905
     656.4665777184790159       0.9743043053895235
     656.4667778519012700       1.0391139946877956
     656.4669779853235241       0.9974497554358095
     656.4671781187458919       0.9307203739881516
     656.4673782521681460       0.9881693515926600
     656.4675783855904001       1.0563166216015816
     656.4677785190126542       0.9983237001579255
     656.4679786524349083       0.9329686239361763
     656.4681787858572761       0.9656103327870369
     656.4683789192795302       1.0427682660520077
     656.4685790527017843       0.9549174271523952
     656.4687791861240385       1.0293831862509251
     656.4689793195464063       1.0794051885604858
     656.4691794529686604       0.9888138258829713
     656.4693795863909145       0.9762855228036642
     656.4695797198131686       0.9509236440062523
     656.4697798532355364       0.9953587455675006
     656.4699799866577905       1.0190234128385782
     656.4701801200800446       0.9780412558466196
     656.4703802535022987       1.0133052812889218
     656.4705803869246665       0.8923634290695190
     656.4707805203469206       0.9409266114234924
     656.4709806537691748       0.9531516842544079
     656.4711807871914289       1.0211534462869167
     656.4713809206137967       1.0229486674070358
     656.4715810540360508       1.0256052911281586
     656.4717811874583049       1.0149081442505121
     656.4719813208805590       0.9561178497970104
     656.4721814543029268       1.0394131392240524
     656.4723815877251809       0.9407749660313129
     656.4725817211474350       1.0363106392323971
     656.4727818545696891       0.9937601662240922
     656.4729819879919432       1.0507799163460732
     656.4731821214143110       0.9968563504517078
     656.4733822548365652       1.0464703589677811
     656.4735823882588193       1.0933563336730003
     656.4737825216810734       0.9024708420038223
     656.4739826551034412       0.9835274666547775
     656.4741827885256953       1.0235846620053053
     656.4743829219479494       1.0362608060240746
     656.4745830553702035       0.9417752958834171
     656.4747831887925713       1.1144371256232262
     656.4749833222148254       1.0710886940360069
     656.4751834556370795       1.0245088972151279
     656.4753835890593336       1.0359818153083324
     656.4755837224817014       0.9550810977816582
     656.4757838559039556       0.9920576941221952
     656.4759839893262097       1.0078164162114263
     656.4761841227484638       0.9650661386549473
     656.4763842561708316       0.9568826071918011
     656.4765843895930857       1.0281298644840717
     656.4767845230153398       0.9959191498346627
     656.4769846564375939       0.9805736448615789
     656.4771847898599617       0.9616966880857944
     656.4773849232822158       1.0284231584519148
     656.4775850567044699       1.0024742740206420
     656.4777851901267240       0.9365224316716194
     656.4779853235490918       1.0285564791411161
     656.4781854569713460       1.0888746529817581
     656.4783855903936001       1.0107345571741462
     656.4785857238158542       1.0210266951471567
     656.4787858572381083       1.0259633455425501
     656.4789859906604761       1.0170949734747410
     656.4791861240827302       0.9818604160100222
     656.4793862575049843       1.0435512177646160
     656.4795863909272384       0.9742388539016247
     656.4797865243496062       0.9506423808634281
     656.4799866577718603       1.0180886145681143
     656.4801867911941144       1.0639885812997818
     656.4803869246163686       1.0430953130125999
     656.4805870580387364       1.0084451595321298
     656.4807871914609905       0.9862227747216821
     656.4809873248832446       0.9140516296029091
     656.4811874583054987       1.0803032517433167
     656.4813875917278665       1.0084360400214791
     656.4815877251501206       0.9615312069654465
     656.4817878585723747       1.0130826234817505
     656.4819879919946288       1.0475174859166145
     656.4821881254169966       0.9615979492664337
     656.4823882588392507       0.8809908851981163
     656.4825883922615049       0.9894478032365441
     656.4827885256837590       1.0528695881366730
     656.4829886591061268       0.9921822259202600
     656.4831887925283809       1.0297714527696371
     656.4833889259506350       1.0086520770564675
     656.4835890593728891       0.9888704363256693
     656.4837891927951432       1.0179446227848530
     656.4839893262175110       1.0730519592761993
     656.4841894596397651       1.0107928542420268
     656.4843895930620192       0.9540868066251278
     656.4845897264842733       0.9032041877508163
     656.4847898599066411       1.0260393768548965
     656.4849899933288953       1.0367491431534290
     656.4851901267511494       1.0147691862657666
     656.4853902601734035       0.9628635197877884
     656.4855903935957713       0.9954992290586233
     656.4857905270180254       0.9506578780710697
     656.4859906604402795       0.9713190495967865
     656.4861907938625336       1.0287698488682508
     656.4863909272849014       0.9965539521072060
     656.4865910607071555       1.0569532886147499
     656.4867911941294096       0.9543529786169529
     656.4869913275516637       1.0401147864758968
     656.4871914609740315       0.9790978468954563
     656.4873915943962857       0.9504829905927181
     656.4875917278185398       0.9895273996517062
     656.4877918612407939       0.8892142027616501
     656.4879919946631617       1.0235303323715925
     656.4881921280854158       1.0283681638538837
     656.4883922615076699       1.0079630315303802
     656.4885923949299240       1.0185240190476179
     656.4887925283522918       0.9033767282962799
     656.4889926617745459       0.9770195167511702
     656.4891927951968000       0.9913439191877842
     656.4893929286190541       1.0154057936742902
     656.4895930620413083       1.1342335194349289
     656.4897931954636761       0.9982268674066290
     656.4899933288859302       1.0660615935921669
     656.4901934623081843       1.0508815161883831
     656.4903935957304384       1.0234143044799566
     656.4905937291528062       0.9718069285154343
     656.4907938625750603       0.9431873485445976
     656.4909939959973144       0.9763450566679239
     656.4911941294195685       0.9840672761201859
     656.4913942628419363       0.9769091065973043
     656.4915943962641904       0.9457873217761517
     656.4917945296864445       1.0755052417516708
     656.4919946631086987       0.9606351852416992
     656.4921947965310665       1.1071062088012695
     656.4923949299533206       1.0016222133999690
     656.4925950633755747       1.0219197478145361
     656.4927951967978288       0.9878616752102971
     656.4929953302201966       0.9521936513483524
     656.4931954636424507       1.0002692623820622
     656.4933955970647048       1.0039286292158067
     656.4935957304869589       1.0655461028218269
     656.4937958639093267       0.8421507775783539
     656.4939959973315808       1.0530717633664608
     656.4941961307538350       0.9683379270136356
     656.4943962641760891       1.0088703157380223
     656.4945963975983432       0.9859245028346777
     656.4947965310207110       1.0849536284804344
     656.4949966644429651       1.0275590755045414
     656.4951967978652192       0.9564698077738285
     656.4953969312874733       1.1218062639236450
     656.4955970647098411       1.0333905257284641
     656.4957971981320952       0.9122887849807739
     656.4959973315543493       0.9993823919794522
     656.4961974649766034       1.0067038978450000
     656.4963975983989712       0.9368575960397720
     656.4965977318212254       0.9949751612730324
     656.4967978652434795       1.0880515649914742
     656.4969979986657336       1.0417226664721966
     656.4971981320881014       0.9874413190409541
     656.4973982655103555       1.0837802886962891
     656.4975983989326096       1.0283164624124765
     656.4977985323548637       1.0695271119475365
     656.4979986657772315       0.9994169403798878
     656.4981987991994856       1.0023561883717775
     656.4983989326217397       0.9838075414299965
     656.4985990660439938       0.9631713107228279
     656.4987991994663616       1.0665369406342506
     656.4989993328886158       0.9735397845506668
     656.4991994663108699       0.9124903902411461
     656.4993995997331240       0.9470625445246696
     656.4995997331554918       1.0277634393423796
     656.4997998665777459       0.9627398774027824
     656.5000000000000000       1.0486605130136013
