     656.2000000000000455       0.9835267085582018
     656.2002001334222996       1.0179918762296438
     656.2004002668445537       0.9661643579602242
     656.2006004002669215       1.0100907292217016
     656.2008005336891756       1.0177815426141024
     656.2010006671114297       1.0623382739722729
     656.2012008005336838       0.9044512733817101
     656.2014009339560516       0.9720355588942766
     656.2016010673783057       1.0879633352160454
     656.2018012008005599       0.9561340473592281
     656.2020013342228140       0.9767461176961660
     656.2022014676451818       0.9163545444607735
     656.2024016010674359       1.0661753639578819
     656.2026017344896900       0.9815507717430592
     656.2028018679119441       1.0204555336385965
     656.2030020013343119       0.9514904953539371
     656.2032021347565660       1.0094280913472176
     656.2034022681788201       0.9677213169634342
     656.2036024016010742       0.9950230014510453
     656.2038025350234420       0.9624570272862911
     656.2040026684456961       0.9980043177492917
     656.2042028018679503       0.9862548010423779
     656.2044029352902044       1.0001272003573831
     656.2046030687125722       1.0066039594821632
     656.2048032021348263       0.9767337199300528
     656.2050033355570804       0.9883501688018441
     656.2052034689793345       1.0284634511917830
     656.2054036024017023       0.9529715925455093
     656.2056037358239564       1.0490367710590363
     656.2058038692462105       1.0352891385555267
     656.2060040026684646       1.0163821578025818
     656.2062041360907187       0.9275086596608162
     656.2064042695130865       1.0073991538956761
     656.2066044029353407       1.1229648813605309
     656.2068045363575948       1.0469789020717144
     656.2070046697798489       0.9781346470117569
     656.2072048032022167       1.0983360186219215
     656.2074049366244708       1.0103665729984641
     656.2076050700467249       0.9779798723757267
     656.2078052034689790       0.9485411643981934
     656.2080053368913468       0.8632230609655380
     656.2082054703136009       1.0346638411283493
     656.2084056037358550       1.0412554368376732
     656.2086057371581092       0.9771725907921791
     656.2088058705804769       1.0122112818062305
     656.2090060040027311       0.9913073750212789
     656.2092061374249852       1.1048248782753944
     656.2094062708472393       1.0079849278554320
     656.2096064042696071       0.9384849183261395
     656.2098065376918612       1.0568691603839397
     656.2100066711141153       0.9704520795494318
     656.2102068045363694       0.9498419873416424
     656.2104069379587372       0.9387982226908207
     656.2106070713809913       1.0508478544652462
     656.2108072048032454       1.0825205296278000
     656.2110073382254996       0.9750880114734173
     656.2112074716477537       0.9737412352114916
     656.2114076050701215       0.9491224773228168
     656.2116077384923756       1.0502390936017036
     656.2118078719146297       1.0487609170377254
     656.2120080053368838       0.9779950957745314
     656.2122081387592516       0.9701911862939596
     656.2124082721815057       1.1849778145551682
     656.2126084056037598       0.9499973244965076
     656.2128085390260139       0.9324686154723167
     656.2130086724483817       0.9674417898058891
     656.2132088058706358       1.0089485375210643
     656.2134089392928900       1.0124689545482397
     656.2136090727151441       1.0322122238576412
     656.2138092061375119       0.8780651912093163
     656.2140093395597660       0.9438896998763084
     656.2142094729820201       1.0088040148839355
     656.2144096064042742       1.0850712135434151
     656.2146097398266420       0.9446693770587444
     656.2148098732488961       1.0490650311112404
     656.2150100066711502       0.9491706192493439
     656.2152101400934043       1.0050086197443306
     656.2154102735157721       0.9578841812908649
     656.2156104069380262       0.9586087726056576
     656.2158105403602804       1.0578195415437222
     656.2160106737825345       0.9680933170020580
     656.2162108072049023       0.9410914964973927
     656.2164109406271564       0.9269431978464127
     656.2166110740494105       1.0465140119194984
     656.2168112074716646       1.0288061853498220
     656.2170113408939187       1.0168490689247847
     656.2172114743162865       0.9615494459867477
     656.2174116077385406       0.9694401528686285
     656.2176117411607947       1.0049126422964036
     656.2178118745830488       1.0204486940056086
     656.2180120080054166       0.9981416128575802
     656.2182121414276708       0.9868503334000707
     656.2184122748499249       1.0059721302241087
     656.2186124082721790       0.9762116242200136
     656.2188125416945468       1.0309519469738007
     656.2190126751168009       0.9890169063583016
     656.2192128085390550       0.9748764242976904
     656.2194129419613091       0.9454791136085987
     656.2196130753836769       1.0368686802685261
     656.2198132088059310       0.9995687354239635
     656.2200133422281851       1.0998490825295448
     656.2202134756504392       0.9381478950381279
     656.2204136090728070       1.0756565257906914
     656.2206137424950612       0.9997001006559003
     656.2208138759173153       1.0318063646554947
     656.2210140093395694       0.9464564509689808
     656.2212141427619372       1.0361097678542137
     656.2214142761841913       0.9089871048927307
     656.2216144096064454       1.0744751766324043
     656.2218145430286995       0.9893254460766912
     656.2220146764509536       1.0115841729566455
     656.2222148098733214       1.0026505787391216
     656.2224149432955755       1.0463761352002621
     656.2226150767178297       0.9957379079423845
     656.2228152101400838       0.9815809149295092
     656.2230153435624516       1.0510488227009773
     656.2232154769847057       1.0265751089900732
     656.2234156104069598       0.8691454529762268
     656.2236157438292139       1.1298299133777618
     656.2238158772515817       0.9904698561877012
     656.2240160106738358       0.9614161029458046
     656.2242161440960899       0.9450653977692127
     656.2244162775183440       1.0092765167355537
     656.2246164109407118       1.0430603176355362
     656.2248165443629659       1.0862124115228653
     656.2250166777852201       1.0435287654399872
     656.2252168112074742       1.0213547833263874
     656.2254169446298420       0.9521747566759586
     656.2256170780520961       0.9700518399477005
     656.2258172114743502       1.0006387925241143
     656.2260173448966043       0.9564102627336979
     656.2262174783189721       1.0029480583034456
     656.2264176117412262       1.0621922425925732
     656.2266177451634803       1.0414705872535706
     656.2268178785857344       0.9296087101101875
     656.2270180120081022       1.0989712849259377
     656.2272181454303563       1.0253571607172489
     656.2274182788526105       1.0328041650354862
     656.2276184122748646       1.0312910564243793
     656.2278185456971187       0.9809496197849512
     656.2280186791194865       1.0228007435798645
     656.2282188125417406       1.0104167163372040
     656.2284189459639947       0.9942291891202331
     656.2286190793862488       1.0092471558600664
     656.2288192128086166       1.0122988345101476
     656.2290193462308707       0.9555991739034653
     656.2292194796531248       1.0924520716071129
     656.2294196130753789       0.9813420567661524
     656.2296197464977467       0.9809254910796881
     656.2298198799200009       0.9724649954587221
     656.2300200133422550       1.0450777038931847
     656.2302201467645091       1.0733435079455376
     656.2304202801868769       1.0235798209905624
     656.2306204136091310       0.9496984705328941
     656.2308205470313851       1.0402181670069695
     656.2310206804536392       1.0250928737223148
     656.2312208138760070       1.0134945651516318
     656.2314209472982611       1.0182808171957731
     656.2316210807205152       0.9071838557720184
     656.2318212141427693       0.9641735889017582
     656.2320213475651371       1.0189141910523176
     656.2322214809873913       1.0074891112744808
     656.2324216144096454       0.9558966383337975
     656.2326217478318995       1.0259447302669287
     656.2328218812541536       1.0181343611329794
     656.2330220146765214       0.9059217497706413
     656.2332221480987755       0.9732949286699295
     656.2334222815210296       0.9148381799459457
     656.2336224149432837       0.9568518288433552
     656.2338225483656515       1.0349393188953400
     656.2340226817879056       0.9941367120482028
     656.2342228152101598       1.0683787241578102
     656.2344229486324139       0.9615204371511936
     656.2346230820547817       0.9821809418499470
     656.2348232154770358       1.0894923508167267
     656.2350233488992899       0.9695918653160334
     656.2352234823215440       1.0313641056418419
     656.2354236157439118       0.9827057421207428
     656.2356237491661659       1.0076008955948055
     656.2358238825884200       0.9304158464074135
     656.2360240160106741       0.9990710695274174
     656.2362241494330419       0.9934191703796387
     656.2364242828552960       0.9399297535419464
     656.2366244162775502       1.0559315755963326
     656.2368245496998043       1.0525234602391720
     656.2370246831221721       1.0219416040927172
     656.2372248165444262       1.0711884647607803
     656.2374249499666803       0.9457173645496368
     656.2376250833889344       0.9856892572715878
     656.2378252168113022       0.9879866456612945
     656.2380253502335563       1.0622613094747066
     656.2382254836558104       0.9539485014975071
     656.2384256170780645       0.9208526685833931
     656.2386257505003186       1.0786525532603264
     656.2388258839226864       0.9572496898472309
     656.2390260173449406       1.1306638717651367
     656.2392261507671947       0.9690291602164507
     656.2394262841894488       0.9997611349390354
     656.2396264176118166       0.9736682828515768
     656.2398265510340707       0.8989108055830002
     656.2400266844563248       1.0284399092197418
     656.2402268178785789       1.0562092773616314
     656.2404269513009467       0.8885133340954781
     656.2406270847232008       0.8794265836477280
     656.2408272181454549       1.0176252368837595
     656.2410273515677090       0.9641905911266804
     656.2412274849900768       0.9255475029349327
     656.2414276184123310       1.0369292311370373
     656.2416277518345851       0.9648324623703957
     656.2418278852568392       1.0333640910685062
     656.2420280186792070       0.9987051357747987
     656.2422281521014611       1.0020354196894914
     656.2424282855237152       1.0438376627862453
     656.2426284189459693       1.0446837060153484
     656.2428285523683371       1.0047380398027599
     656.2430286857905912       1.0836686119437218
     656.2432288192128453       1.0533449165523052
     656.2434289526350994       0.9764894749969244
     656.2436290860574672       0.9822333678603172
     656.2438292194797214       0.9869802454486489
     656.2440293529019755       1.0491925254464149
     656.2442294863242296       0.9761492572724819
     656.2444296197464837       1.0567090325057507
     656.2446297531688515       0.9715393129736185
     656.2448298865911056       1.1208769232034683
     656.2450300200133597       1.0635268613696098
     656.2452301534356138       0.9999154360048124
     656.2454302868579816       1.0086090024560690
     656.2456304202802357       0.9814571943134069
     656.2458305537024899       0.9745382163673639
     656.2460306871247440       0.9975965649355203
     656.2462308205471118       1.0102702258154750
     656.2464309539693659       1.0023100397083908
     656.2466310873916200       1.1016605719923973
     656.2468312208138741       0.9932275307364762
     656.2470313542362419       1.0436991266906261
     656.2472314876584960       1.0052688564173877
     656.2474316210807501       0.9591942504048347
     656.2476317545030042       0.9901914410293102
     656.2478318879253720       0.9678997434675694
     656.2480320213476261       0.9622888155281544
     656.2482321547698803       0.9789521154016256
     656.2484322881921344       0.9969430950004607
     656.2486324216145022       0.9438012875616550
     656.2488325550367563       1.0152757288888097
     656.2490326884590104       1.0106572248041630
     656.2492328218812645       1.0011356445029378
     656.2494329553035186       0.9796696044504642
     656.2496330887258864       0.9764631614089012
     656.2498332221481405       1.0095118433237076
     656.2500333555703946       1.0365682877600193
     656.2502334889926487       1.0237517189234495
     656.2504336224150165       0.9777297843247652
     656.2506337558372707       1.0279534794390202
     656.2508338892595248       1.0014733610441908
     656.2510340226817789       1.0256489459425211
     656.2512341561041467       0.9381524436175823
     656.2514342895264008       1.0190202873200178
     656.2516344229486549       0.9436458237469196
     656.2518345563709090       0.9642727039754391
     656.2520346897932768       1.0216495450586081
     656.2522348232155309       0.9669957235455513
     656.2524349566377850       0.9877128899097443
     656.2526350900600391       1.0579798929393291
     656.2528352234824069       0.9506075456738472
     656.2530353569046611       1.0342324487864971
     656.2532354903269152       1.0639305859804153
     656.2534356237491693       0.9886578302830458
     656.2536357571715371       1.0195897482335567
     656.2538358905937912       0.9925958490930498
     656.2540360240160453       0.9647709242999554
     656.2542361574382994       0.9430639743804932
     656.2544362908606672       1.0170355867594481
     656.2546364242829213       1.0408536493778229
     656.2548365577051754       0.9328267201781273
     656.2550366911274295       0.9836102221161127
     656.2552368245496837       1.0599628277122974
     656.2554369579720515       0.9627311006188393
     656.2556370913943056       1.0617652609944344
     656.2558372248165597       1.0537922270596027
     656.2560373582388138       1.0310300346463919
     656.2562374916611816       0.9568909518420696
     656.2564376250834357       1.0897138789296150
     656.2566377585056898       0.9820937365293503
     656.2568378919279439       0.9769888985902071
     656.2570380253503117       1.0075592333450913
     656.2572381587725658       0.8881467357277870
     656.2574382921948200       1.0181204807013273
     656.2576384256170741       1.0590253062546253
     656.2578385590394419       1.0612757764756680
     656.2580386924616960       1.0426230803132057
     656.2582388258839501       1.0316878035664558
     656.2584389593062042       0.9824164230376482
     656.2586390927285720       1.0008023799746297
     656.2588392261508261       1.0037450958043337
     656.2590393595730802       0.9492877610027790
     656.2592394929953343       0.9757817946374416
     656.2594396264177021       0.9989704973995686
     656.2596397598399562       1.0092017278075218
     656.2598398932622104       1.0353553257882595
     656.2600400266844645       0.9731680899858475
     656.2602401601067186       1.0779119580984116
     656.2604402935290864       1.0132622886449099
     656.2606404269513405       1.0327804833650589
     656.2608405603735946       0.9873559670522809
     656.2610406937958487       0.9429340250790119
     656.2612408272182165       1.0110886329784989
     656.2614409606404706       0.9876104015856981
     656.2616410940627247       0.9608899988234043
     656.2618412274849788       0.9149839058518410
     656.2620413609073466       1.0649858638644218
     656.2622414943296008       1.0349900797009468
     656.2624416277518549       0.9951496277935803
     656.2626417611741090       0.9572369456291199
     656.2628418945964768       1.0157687701284885
     656.2630420280187309       0.9742965009063482
     656.2632421614409850       1.0680278167128563
     656.2634422948632391       0.9622640945017338
     656.2636424282856069       1.0507532358169556
     656.2638425617078610       0.9405668601393700
     656.2640426951301151       0.9834405519068241
     656.2642428285523692       0.9555222764611244
     656.2644429619747370       1.0037783980369568
     656.2646430953969912       0.9721007011830807
     656.2648432288192453       1.0236600935459137
     656.2650433622414994       0.9290528222918510
     656.2652434956638672       1.0098162172362208
     656.2654436290861213       1.0156644564121962
     656.2656437625083754       1.0257884562015533
     656.2658438959306295       1.0575254745781422
     656.2660440293528836       0.9719672501087189
     656.2662441627752514       1.0537291951477528
     656.2664442961975055       1.0127202719449997
     656.2666444296197596       0.9889590404927731
     656.2668445630420138       1.0177403446286917
     656.2670446964643816       1.0528854839503765
     656.2672448298866357       0.9900219002738595
     656.2674449633088898       1.0346464999020100
     656.2676450967311439       1.0185020994395018
     656.2678452301535117       1.0067735188640654
     656.2680453635757658       1.0494034700095654
     656.2682454969980199       1.0389183126389980
     656.2684456304202740       0.9966945673804730
     656.2686457638426418       1.0280279647558928
     656.2688458972648959       0.9544975496828556
     656.2690460306871501       1.0660529360175133
     656.2692461641094042       1.0333448126912117
     656.2694462975317720       0.9746118430048227
     656.2696464309540261       1.0483529306948185
     656.2698465643762802       1.0994565188884735
     656.2700466977985343       1.0923473760485649
     656.2702468312209021       0.9879402723163366
     656.2704469646431562       1.0481300316751003
     656.2706470980654103       0.9743874240666628
     656.2708472314876644       1.0374819859862328
     656.2710473649099185       1.0567930415272713
     656.2712474983322863       1.0548540130257607
     656.2714476317545405       1.0268227308988571
     656.2716477651767946       0.9925940744578838
     656.2718478985990487       1.0317948572337627
     656.2720480320214165       1.0182246137410402
     656.2722481654436706       1.0706030055880547
     656.2724482988659247       1.0176217388361692
     656.2726484322881788       1.0461850836873055
     656.2728485657105466       1.0357454493641853
     656.2730486991328007       0.9553783312439919
     656.2732488325550548       0.9341644272208214
     656.2734489659773089       0.9810774251818657
     656.2736490993996767       0.8709913939237595
     656.2738492328219309       0.9046394601464272
     656.2740493662441850       0.9862411720678210
     656.2742494996664391       0.9927701577544212
     656.2744496330888069       0.9568592645227909
     656.2746497665110610       0.8756153210997581
     656.2748498999333151       1.0058934041298926
     656.2750500333555692       0.9734378419816494
     656.2752501667779370       0.9401714541018009
     656.2754503002001911       1.0632851868867874
     656.2756504336224452       1.0619772970676422
     656.2758505670446993       0.9853185983374715
     656.2760507004670671       0.9890465475618839
     656.2762508338893213       0.9298462122678757
     656.2764509673115754       1.0089924531057477
     656.2766511007338295       1.0386304780840874
     656.2768512341560836       0.9762453213334084
     656.2770513675784514       1.1002292260527611
     656.2772515010007055       1.0316757075488567
     656.2774516344229596       1.0646538063883781
     656.2776517678452137       1.0456662774085999
     656.2778519012675815       1.0655719414353371
     656.2780520346898356       1.0348040387034416
     656.2782521681120897       0.9309658333659172
     656.2784523015343439       1.1337218135595322
     656.2786524349567117       1.1195847019553185
     656.2788525683789658       1.0181051250547171
     656.2790527018012199       0.9835797380656004
     656.2792528352234740       0.9335502907633781
     656.2794529686458418       1.0067528146319091
     656.2796531020680959       0.9772287551313639
     656.2798532354903500       1.0615255422890186
     656.2800533689126041       1.0267043393105268
     656.2802535023349719       1.0047425292432308
     656.2804536357572260       0.9668184816837311
     656.2806537691794802       0.9334006160497665
     656.2808539026017343       0.9908055700361729
     656.2810540360241021       0.9287489131093025
     656.2812541694463562       0.9729636572301388
     656.2814543028686103       1.0490389019250870
     656.2816544362908644       0.9703998882323503
     656.2818545697131185       0.9272092655301094
     656.2820547031354863       0.9720344338566065
     656.2822548365577404       0.9637932814657688
     656.2824549699799945       1.0094954920932651
     656.2826551034022486       0.9646589681506157
     656.2828552368246164       1.0034973013680428
     656.2830553702468706       1.0730202421545982
     656.2832555036691247       1.0532002635300159
     656.2834556370913788       1.0328124910593033
     656.2836557705137466       0.9766932316124439
     656.2838559039360007       1.0253666825592518
     656.2840560373582548       0.9669263958930969
     656.2842561707805089       0.9544377066195011
     656.2844563042028767       1.0355322286486626
     656.2846564376251308       1.0641750320792198
     656.2848565710473849       0.9928596750833094
     656.2850567044696390       0.9436303190886974
     656.2852568378920068       0.9767488203942776
     656.2854569713142610       0.9678284153342247
     656.2856571047365151       1.0123134478926659
     656.2858572381587692       0.9697269741445780
     656.2860573715811370       0.9315968528389931
     656.2862575050033911       0.9694216642528772
     656.2864576384256452       0.9419965483248234
     656.2866577718478993       0.9790298566222191
     656.2868579052702671       0.9475354179739952
     656.2870580386925212       0.9631251953542233
     656.2872581721147753       1.0162624865770340
     656.2874583055370294       0.9371841698884964
     656.2876584389592836       0.9748986661434174
     656.2878585723816514       0.9649365320801735
     656.2880587058039055       0.9469994790852070
     656.2882588392261596       0.9566465727984905
     656.2884589726484137       0.9402216114103794
     656.2886591060707815       0.9725641813129187
     656.2888592394930356       0.8914536610245705
     656.2890593729152897       1.0497329570353031
     656.2892595063375438       1.0120651861652732
     656.2894596397599116       0.9368967860937119
     656.2896597731821657       0.9592837467789650
     656.2898599066044198       1.0594953708350658
     656.2900600400266740       1.0254910439252853
     656.2902601734490418       1.0133526623249054
     656.2904603068712959       0.9237693026661873
     656.2906604402935500       0.9635711908340454
     656.2908605737158041       0.9948099022731185
     656.2910607071381719       1.0317654907703400
     656.2912608405604260       0.9670121259987354
     656.2914609739826801       0.9673741757869720
     656.2916611074049342       0.9837505109608173
     656.2918612408273020       0.9955323385074735
     656.2920613742495561       0.9986521897371858
     656.2922615076718103       0.9626079536974430
     656.2924616410940644       1.0012793409405276
     656.2926617745164322       0.9854518026113510
     656.2928619079386863       1.0690622255206108
     656.2930620413609404       0.8984041661024094
     656.2932621747831945       1.0019507926190272
     656.2934623082054486       1.0079014925286174
     656.2936624416278164       1.0247560199350119
     656.2938625750500705       0.9640297591686249
     656.2940627084723246       0.9798733331263065
     656.2942628418945787       0.9479389078915119
     656.2944629753169465       1.0078508919104934
     656.2946631087392007       0.8721828907728195
     656.2948632421614548       1.0170786455273628
     656.2950633755837089       1.0346171371638775
     656.2952635090060767       0.9527155868709087
     656.2954636424283308       0.9348471537232399
     656.2956637758505849       1.0511852875351906
     656.2958639092728390       0.9165985807776451
     656.2960640426952068       1.0029161439742893
     656.2962641761174609       1.0107769761234522
     656.2964643095397150       1.0322505198419094
     656.2966644429619691       0.9813625495880842
     656.2968645763843369       1.0811029300093651
     656.2970647098065911       0.9674409925937653
     656.2972648432288452       1.0583533830940723
     656.2974649766510993       1.0222702957689762
     656.2976651100734671       1.0487980097532272
     656.2978652434957212       0.9737146217375994
     656.2980653769179753       1.0396305359899998
     656.2982655103402294       0.9341890662908554
     656.2984656437624835       0.9811374172568321
     656.2986657771848513       1.0128131983801723
     656.2988659106071054       0.9411172159016132
     656.2990660440293595       0.9425603337585926
     656.2992661774516137       1.0168978888541460
     656.2994663108739815       1.0296723581850529
     656.2996664442962356       0.9681869372725487
     656.2998665777184897       0.9863107698038220
     656.3000667111407438       1.0612228773534298
     656.3002668445631116       1.0269917733967304
     656.3004669779853657       1.1145147606730461
     656.3006671114076198       0.9803954251110554
     656.3008672448298739       1.0218082722276449
     656.3010673782522417       1.0360356979072094
     656.3012675116744958       1.0448239147663116
     656.3014676450967499       0.9866599394008517
     656.3016677785190041       0.9868980478495359
     656.3018679119413719       1.0092945313081145
     656.3020680453636260       0.9932361827231944
     656.3022681787858801       1.0429954230785370
     656.3024683122081342       1.0109105883166194
     656.3026684456305020       1.0246409438550472
     656.3028685790527561       0.9954332443885505
     656.3030687124750102       1.1179221272468567
     656.3032688458972643       1.0478612743318081
     656.3034689793196321       0.9748745970427990
     656.3036691127418862       0.9616627842187881
     656.3038692461641403       0.9538021422922611
     656.3040693795863945       0.9425021223723888
     656.3042695130086486       0.9923589653335512
     656.3044696464310164       0.9836803972721100
     656.3046697798532705       0.9683186486363411
     656.3048699132755246       0.9353399649262428
     656.3050700466977787       0.9966483546886593
     656.3052701801201465       1.1008183956146240
     656.3054703135424006       0.9674310907721519
     656.3056704469646547       0.9781487900763750
     656.3058705803869088       0.9582728520035744
     656.3060707138092766       1.0888620391488075
     656.3062708472315308       1.0142022892832756
     656.3064709806537849       0.9260345697402954
     656.3066711140760390       1.0893297865986824
     656.3068712474984068       0.9754642266780138
     656.3070713809206609       0.9870562730357051
     656.3072715143429150       1.0792060568928719
     656.3074716477651691       0.9017757251858711
     656.3076717811875369       0.9475739412009716
     656.3078719146097910       0.9744367692619562
     656.3080720480320451       0.9871500637382269
     656.3082721814542992       0.9990032515488565
     656.3084723148766670       1.0277625303715467
     656.3086724482989212       0.9969617645256221
     656.3088725817211753       0.9852432608604431
     656.3090727151434294       1.0616169944405556
     656.3092728485656835       1.0659146532416344
     656.3094729819880513       1.0369716025888920
     656.3096731154103054       1.0849843993782997
     656.3098732488325595       0.9529273435473442
     656.3100733822548136       1.0871074125170708
     656.3102735156771814       1.0131532894447446
     656.3104736490994355       1.0011389692081138
     656.3106737825216896       0.9691476728767157
     656.3108739159439438       0.9992742059403099
     656.3110740493663116       0.9828332196921110
     656.3112741827885657       0.9473417997360229
     656.3114743162108198       0.9787187743932009
     656.3116744496330739       1.0183810330927372
     656.3118745830554417       1.0951838120818138
     656.3120747164776958       0.9703365657478571
     656.3122748498999499       0.9814668521285057
     656.3124749833222040       1.0064185983501375
     656.3126751167445718       1.0565643273293972
     656.3128752501668259       1.0857538282871246
     656.3130753835890800       1.0008579231798649
     656.3132755170113342       0.9550268575549126
     656.3134756504337020       1.0275856144726276
     656.3136757838559561       1.0839252620935440
     656.3138759172782102       1.0608622729778290
     656.3140760507004643       0.9510681368410587
     656.3142761841228321       1.0603024326264858
     656.3144763175450862       1.0138151375576854
     656.3146764509673403       1.0642926618456841
     656.3148765843895944       1.0290784277021885
     656.3150767178118485       1.0601768754422665
     656.3152768512342163       0.9870944768190384
     656.3154769846564704       0.9821893144398928
     656.3156771180787246       1.0548332110047340
     656.3158772515009787       0.9417341053485870
     656.3160773849233465       1.0493502952158451
     656.3162775183456006       1.0216226950287819
     656.3164776517678547       0.9032805636525154
     656.3166777851901088       1.0699856355786324
     656.3168779186124766       0.9609710909426212
     656.3170780520347307       1.0705926865339279
     656.3172781854569848       1.0788432434201241
     656.3174783188792389       1.0121862953528762
     656.3176784523016067       1.0515958480536938
     656.3178785857238609       0.9886769056320190
     656.3180787191461150       1.0717173442244530
     656.3182788525683691       0.9258153438568115
     656.3184789859907369       1.0106432409957051
     656.3186791194129910       0.9442380368709564
     656.3188792528352451       1.1134368404746056
     656.3190793862574992       1.0069069708697498
     656.3192795196798670       1.0420499369502068
     656.3194796531021211       1.0020084618590772
     656.3196797865243752       1.0239411648362875
     656.3198799199466293       1.0525121279060841
     656.3200800533688835       1.0244874451309443
     656.3202801867912513       0.9995287121273577
     656.3204803202135054       0.9072921574115753
     656.3206804536357595       0.9496927075088024
     656.3208805870580136       0.9789052996784449
     656.3210807204803814       1.0390358120203018
     656.3212808539026355       1.0034220076631755
     656.3214809873248896       0.9052101150155067
     656.3216811207471437       0.9258302599191666
     656.3218812541695115       0.9545663185417652
     656.3220813875917656       0.9407504424452782
     656.3222815210140197       1.1064107641577721
     656.3224816544362739       1.0651941299438477
     656.3226817878586417       0.9810600448399782
     656.3228819212808958       1.0088274655863643
     656.3230820547031499       0.8943817391991615
     656.3232821881254040       0.9848449807614088
     656.3234823215477718       0.9295117184519768
     656.3236824549700259       0.9616851992905140
     656.3238825883922800       0.9601017981767654
     656.3240827218145341       1.1309954822063446
     656.3242828552369019       1.0279090832918882
     656.3244829886591560       1.0764719024300575
     656.3246831220814101       1.0331787690520287
     656.3248832555036643       1.0307109057903290
     656.3250833889260321       0.9873026991263030
     656.3252835223482862       1.0182227287441490
     656.3254836557705403       0.9050236716866489
     656.3256837891927944       1.0847938954830165
     656.3258839226150485       1.0296777840703717
     656.3260840560374163       1.0230593346059309
     656.3262841894596704       1.0968091413378696
     656.3264843228819245       1.0291067697107761
     656.3266844563041786       0.9205990061163858
     656.3268845897265464       0.9669256433844501
     656.3270847231488005       0.9808212164789341
     656.3272848565710547       0.9940166757441913
     656.3274849899933088       1.0065874084830071
     656.3276851234156766       1.0398152470588373
     656.3278852568379307       0.9846242815255661
     656.3280853902601848       0.9821564126759098
     656.3282855236824389       0.9964017458259081
     656.3284856571048067       1.0231974776832826
     656.3286857905270608       1.0862167105076632
     656.3288859239493149       1.0360341370102750
     656.3290860573715690       1.0989164933557953
     656.3292861907939368       0.9943033121520010
     656.3294863242161910       0.9750974029293639
     656.3296864576384451       0.9211610704647569
     656.3298865910606992       1.0404402427356940
     656.3300867244830670       0.8816157206866748
     656.3302868579053211       1.0489984005652304
     656.3304869913275752       1.0195481162465283
     656.3306871247498293       0.9890539776458818
     656.3308872581721971       0.9513351954413768
     656.3310873915944512       0.9982797603439217
     656.3312875250167053       0.9156493991403492
     656.3314876584389594       0.9710633922074006
     656.3316877918612136       1.0529915503745979
     656.3318879252835814       0.9516625180266347
     656.3320880587058355       1.0265599730556958
     656.3322881921280896       0.9991405195960985
     656.3324883255503437       0.9270990861906910
     656.3326884589727115       1.0133123768235430
     656.3328885923949656       0.9246296358167039
     656.3330887258172197       1.0130569260277591
     656.3332888592394738       1.0198975963602017
     656.3334889926618416       1.0480196058674787
     656.3336891260840957       1.0223131560699998
     656.3338892595063498       1.0053046527322427
     656.3340893929286040       1.0466749574661574
     656.3342895263509718       0.9751269847572726
     656.3344896597732259       0.9812967444580045
     656.3346897931954800       1.0497444784163126
     656.3348899266177341       1.0636034619683912
     656.3350900600401019       0.9560595704014893
     656.3352901934623560       1.0170026514074877
     656.3354903268846101       1.0829695536854129
     656.3356904603068642       0.9797671815356029
     656.3358905937292320       0.9762910861528218
     656.3360907271514861       0.9509051911634376
     656.3362908605737402       1.0570396803056687
     656.3364909939959944       1.0130520319944099
     656.3366911274182485       1.0185803194885148
     656.3368912608406163       1.0366120780690022
     656.3370913942628704       1.0578697332462004
     656.3372915276851245       1.0046044320255643
     656.3374916611073786       0.9226287813849143
     656.3376917945297464       1.0312323667484797
     656.3378919279520005       0.9359720100463607
     656.3380920613742546       0.8891861024197825
     656.3382921947965087       0.9485419467222693
     656.3384923282188765       1.0993642230150531
     656.3386924616411306       1.0319538476647754
     656.3388925950633848       0.9858642679331268
     656.3390927284856389       1.0030252251454548
     656.3392928619080067       1.0165863532279187
     656.3394929953302608       1.0697841403941046
     656.3396931287525149       1.0159754657836690
     656.3398932621747690       1.0988648623161565
     656.3400933955971368       0.9786976640579171
     656.3402935290193909       1.0140271736751454
     656.3404936624416450       0.9207718605540911
     656.3406937958638991       1.0301892643048736
     656.3408939292862669       1.0062649099462355
     656.3410940627085211       1.0657299085902570
     656.3412941961307752       1.0139377106034866
     656.3414943295530293       0.9868984950813591
     656.3416944629753971       0.9930761667647586
     656.3418945963976512       0.9679338023583358
     656.3420947298199053       1.0520648735939226
     656.3422948632421594       0.9889847278139388
     656.3424949966644135       0.9256931676490695
     656.3426951300867813       0.9650091643506943
     656.3428952635090354       0.9674750108735913
     656.3430953969312895       0.9747139072184652
     656.3432955303535437       0.9991943201106076
     656.3434956637759115       1.0010202044018968
     656.3436957971981656       0.9462077784655798
     656.3438959306204197       0.9559615013185649
     656.3440960640426738       1.0698581430232799
     656.3442961974650416       1.0630009574232027
     656.3444963308872957       0.9632451430821172
     656.3446964643095498       0.9470763213413239
     656.3448965977318039       0.9840276174663071
     656.3450967311541717       0.9729321619854120
     656.3452968645764258       1.0035421595722016
     656.3454969979986799       0.9690252249302100
     656.3456971314209341       1.0364148487182105
     656.3458972648433019       1.0007795616501123
     656.3460973982655560       1.0022177603317783
     656.3462975316878101       1.0164604249263200
     656.3464976651100642       0.9561694856691606
     656.3466977985324320       0.9989981608971426
     656.3468979319546861       0.9858839942102084
     656.3470980653769402       1.0422910785134492
     656.3472981987991943       1.0626006971422126
     656.3474983322214484       1.0319891603063533
     656.3476984656438162       1.0415721973333727
     656.3478985990660703       1.0003683396500815
     656.3480987324883245       0.9678980061006043
     656.3482988659105786       0.9988293657956092
     656.3484989993329464       1.0099911658036882
     656.3486991327552005       0.9648034601443433
     656.3488992661774546       1.0606057530524458
     656.3490993995997087       0.9626131306808327
     656.3492995330220765       0.8857576733246830
     656.3494996664443306       0.8410347400846756
     656.3496997998665847       0.9132001844037446
     656.3498999332888388       1.0036860050375547
     656.3501000667112066       0.9626719780241653
     656.3503002001334607       1.0992890061546607
     656.3505003335557149       0.9932844136844803
     656.3507004669779690       0.9936207450899294
     656.3509006004003368       0.9467612281581085
     656.3511007338225909       0.9768555931310012
     656.3513008672448450       0.9418430401752984
     656.3515010006670991       0.9629278486799838
     656.3517011340894669       0.9646362839069674
     656.3519012675117210       1.0037283509623323
     656.3521014009339751       0.9578779333953769
     656.3523015343562292       0.9750995751232183
     656.3525016677785970       0.8936065223279744
     656.3527018012008512       0.8939246888977056
     656.3529019346231053       0.8946337573377339
     656.3531020680453594       0.8938731928246029
     656.3533022014676135       0.9817306165329384
     656.3535023348899813       0.9407167819090724
     656.3537024683122354       0.8769161593111483
     656.3539026017344895       0.8298708423139565
     656.3541027351567436       0.9564984528763766
     656.3543028685791114       0.8979888836780507
     656.3545030020013655       0.8764304004076058
     656.3547031354236196       0.8980385191014675
     656.3549032688458738       0.8979315630211223
     656.3551034022682416       0.9389531116724322
     656.3553035356904957       0.7776523596565899
     656.3555036691127498       0.7514371781940909
     656.3557038025350039       0.9276135853022565
     656.3559039359573717       0.8160476320147207
     656.3561040693796258       0.8042762448831442
     656.3563042028018799       0.8622057299784955
     656.3565043362241340       0.8087268229730787
     656.3567044696465018       0.9639397561640050
     656.3569046030687559       0.7883250057743656
     656.3571047364910100       0.7614257999587986
     656.3573048699132642       0.8302406063844141
     656.3575050033356320       0.7400381862890695
     656.3577051367578861       0.7253532641615981
     656.3579052701801402       0.8243838986469084
     656.3581054036023943       0.8031613715244675
     656.3583055370246484       0.7866783483088791
     656.3585056704470162       0.9095616939501943
     656.3587058038692703       0.9061885809459957
     656.3589059372915244       0.7888722014249858
     656.3591060707137785       0.8037787298630964
     656.3593062041361463       0.7445578377017824
     656.3595063375584004       0.7848540065666391
     656.3597064709806546       0.7695257210392624
     656.3599066044029087       0.8414140609126083
     656.3601067378252765       0.8335940861414579
     656.3603068712475306       0.8722045437427139
     656.3605070046697847       0.7859460592780911
     656.3607071380920388       0.7292098988638880
     656.3609072715144066       0.8376473446514354
     656.3611074049366607       0.8402587534000592
     656.3613075383589148       0.9049434553528234
     656.3615076717811689       0.8018246064408149
     656.3617078052035367       0.9414707994930666
     656.3619079386257908       0.7723340204399092
     656.3621080720480450       0.8930516984525749
     656.3623082054702991       0.8973426718710342
     656.3625083388926669       0.8652098929216042
     656.3627084723149210       0.8099724800995017
     656.3629086057371751       0.9240078155480808
     656.3631087391594292       0.8794572222686136
     656.3633088725817970       1.0033018075840849
     656.3635090060040511       0.9379586530935744
     656.3637091394263052       0.8659991733810644
     656.3639092728485593       0.9651846416589334
     656.3641094062708135       0.9361159559593774
     656.3643095396931813       0.9203682000194404
     656.3645096731154354       0.8934650505354319
     656.3647098065376895       0.9485480426745417
     656.3649099399599436       0.9734884392617269
     656.3651100733823114       0.9503329508992733
     656.3653102068045655       1.0020391687536829
     656.3655103402268196       0.9669501570515507
     656.3657104736490737       1.0199104383671724
     656.3659106070714415       0.8856437452893240
     656.3661107404936956       0.9903970669020311
     656.3663108739159497       0.9432129154855033
     656.3665110073382039       0.9950268653753369
     656.3667111407605717       0.8788875876092564
     656.3669112741828258       1.0159811023268870
     656.3671114076050799       1.0610506082295765
     656.3673115410273340       1.0355180868024290
     656.3675116744497018       1.0094203681000402
     656.3677118078719559       1.0078350531046856
     656.3679119412942100       0.9789285526959595
     656.3681120747164641       1.0808423647857073
     656.3683122081388319       1.0113027805817087
     656.3685123415610860       1.0944433319452136
     656.3687124749833401       0.9797815154708960
     656.3689126084055943       1.0042154301258406
     656.3691127418278484       0.9034728926610613
     656.3693128752502162       1.0451600025168464
     656.3695130086724703       0.9851820797253070
     656.3697131420947244       0.9148674081681325
     656.3699132755169785       0.9609321866382214
     656.3701134089393463       0.9960964592300391
     656.3703135423616004       1.0128215041275608
     656.3705136757838545       0.9975780994643475
     656.3707138092061086       0.9911736489627002
     656.3709139426284764       1.0304033585849868
     656.3711140760507305       1.0455858052829865
     656.3713142094729847       1.0563456355401080
     656.3715143428952388       1.0160993581501214
     656.3717144763176066       0.9632608894428069
     656.3719146097398607       1.0302644496911824
     656.3721147431621148       1.0017617155585186
     656.3723148765843689       0.9518874116167551
     656.3725150100067367       1.0043373705786374
     656.3727151434289908       0.9833171519979054
     656.3729152768512449       0.9613545915316704
     656.3731154102734990       1.0037388355392578
     656.3733155436958668       1.0071522473996088
     656.3735156771181209       1.0045751692847671
     656.3737158105403751       0.9161675426552449
     656.3739159439626292       0.9096539760390909
     656.3741160773849970       1.0777534036166059
     656.3743162108072511       0.9939561851179801
     656.3745163442295052       0.9527933283618063
     656.3747164776517593       1.0150979804262441
     656.3749166110740134       0.9677348392642965
     656.3751167444963812       0.9184556991907606
     656.3753168779186353       0.9507270944889704
     656.3755170113408894       0.9681858368430730
     656.3757171447631436       0.9979124826577168
     656.3759172781855113       0.9265886318119189
     656.3761174116077655       1.1062849744140162
     656.3763175450300196       1.0122276969124753
     656.3765176784522737       0.9988987189868375
     656.3767178118746415       0.9802521957079599
     656.3769179452968956       0.9959128902242491
     656.3771180787191497       0.9475398338869376
     656.3773182121414038       1.0418676551391892
     656.3775183455637716       1.0504968003217197
     656.3777184789860257       1.0408984674204402
     656.3779186124082798       0.9505784841186941
     656.3781187458305340       0.9641820791253531
     656.3783188792529018       0.9924166938303940
     656.3785190126751559       0.9318011584750437
     656.3787191460974100       1.0139904471362915
     656.3789192795196641       1.0365930007983248
     656.3791194129420319       0.9882762880178187
     656.3793195463642860       0.9737378041262023
     656.3795196797865401       0.9906136861550963
     656.3797198132087942       1.0891571917683405
     656.3799199466311620       1.0794160217885058
     656.3801200800534161       0.9936384471162489
     656.3803202134756702       1.0155200669521691
     656.3805203468979244       0.9641382122836198
     656.3807204803201785       0.9906230416336042
     656.3809206137425463       0.9237880518288699
     656.3811207471648004       1.0477249833928615
     656.3813208805870545       1.0255154203647618
     656.3815210140093086       0.9951142086690841
     656.3817211474316764       1.0292755076922675
     656.3819212808539305       1.0630776298289550
     656.3821214142761846       1.0532529568470044
     656.3823215476984387       0.9239832873472814
     656.3825216811208065       0.9201273892647224
     656.3827218145430606       0.9525941330726942
     656.3829219479653148       0.9602489345796140
     656.3831220813875689       0.9644730006387369
     656.3833222148099367       1.0455008216173645
     656.3835223482321908       1.1053459564342345
     656.3837224816544449       1.0610304880622774
     656.3839226150766990       0.9957710040624058
     656.3841227484990668       1.0890796927490705
     656.3843228819213209       0.9913847342470578
     656.3845230153435750       1.0824407487005907
     656.3847231487658291       0.9983869011418673
     656.3849232821881969       0.9749941247876354
     656.3851234156104510       1.0444962381907765
     656.3853235490327052       1.0184229593431704
     656.3855236824549593       1.0725753456145664
     656.3857238158772134       1.0538471303731898
     656.3859239492995812       0.9516877941681989
     656.3861240827218353       0.9517215713784097
     656.3863242161440894       0.9081724807567439
     656.3865243495663435       0.9055503085218568
     656.3867244829887113       1.0491019226584626
     656.3869246164109654       1.0004607983555560
     656.3871247498332195       0.9830739647137284
     656.3873248832554737       1.0334732756009744
     656.3875250166778414       1.0019606184208167
     656.3877251501000956       1.0910142883654117
     656.3879252835223497       0.9988772441862905
     656.3881254169446038       1.0182268824426268
     656.3883255503669716       0.9695430304853696
     656.3885256837892257       1.0258164498954041
     656.3887258172114798       0.9044482782482436
     656.3889259506337339       0.9550390765070461
     656.3891260840561017       1.0085860518738317
     656.3893262174783558       1.0022522804792759
     656.3895263509006099       1.0432197079062320
     656.3897264843228641       1.0806329771876237
     656.3899266177452319       0.9761690422892505
     656.3901267511674860       0.9895681366324380
     656.3903268845897401       1.1259727329015701
     656.3905270180119942       1.0380585007369498
     656.3907271514343620       1.0120473923161613
     656.3909272848566161       1.0528864562511435
     656.3911274182788702       0.9200460314750666
     656.3913275517011243       1.0286261569708581
     656.3915276851233784       1.0124822221696375
     656.3917278185457462       0.9757615905255077
     656.3919279519680003       0.9713324271142482
     656.3921280853902545       0.9961567211430519
     656.3923282188125086       0.9810153543949127
     656.3925283522348764       0.9933041622862220
     656.3927284856571305       0.9135231748223305
     656.3929286190793846       0.9535374008119106
     656.3931287525016387       0.9477424956858158
     656.3933288859240065       1.0225333999842405
     656.3935290193462606       1.0377349182963371
     656.3937291527685147       0.9732088465243578
     656.3939292861907688       1.0248952563852072
     656.3941294196131366       0.9892319478094578
     656.3943295530353907       1.0656388625502586
     656.3945296864576449       1.0463251136243343
     656.3947298198798990       1.1126359254121780
     656.3949299533022668       1.0134286163374782
     656.3951300867245209       1.0324950851500034
     656.3953302201467750       1.0191149450838566
     656.3955303535690291       0.9725926015526056
     656.3957304869913969       0.8973563164472580
     656.3959306204136510       0.9696592297405005
     656.3961307538359051       1.0190679375082254
     656.3963308872581592       1.0497516952455044
     656.3965310206804133       1.0359028987586498
     656.3967311541027811       1.0310793817043304
     656.3969312875250353       0.9433477744460106
     656.3971314209472894       0.9371380209922791
     656.3973315543695435       0.9558061249554157
     656.3975316877919113       0.9332395419478416
     656.3977318212141654       1.0191541146486998
     656.3979319546364195       1.1023643538355827
     656.3981320880586736       0.9296349212527275
     656.3983322214810414       0.9322345554828644
     656.3985323549032955       0.9740874078124762
     656.3987324883255496       1.0013063509250060
     656.3989326217478038       1.0125066461041570
     656.3991327551701715       1.0836037173867226
     656.3993328885924257       0.9945679376833141
     656.3995330220146798       0.9591809138655663
     656.3997331554369339       1.0091182757169008
     656.3999332888593017       1.0399484895169735
     656.4001334222815558       1.0069610970094800
     656.4003335557038099       1.0345326811075211
     656.4005336891260640       1.0331865027546883
     656.4007338225484318       0.9907418722286820
     656.4009339559706859       1.0396005436778069
     656.4011340893929400       1.0832532271742821
     656.4013342228151942       1.0303670056164265
     656.4015343562375620       0.9592534340918064
     656.4017344896598161       1.0428939536213875
     656.4019346230820702       0.9222686961293221
     656.4021347565043243       0.9528338760137558
     656.4023348899265784       0.9914298700168729
     656.4025350233489462       1.0296283010393381
     656.4027351567712003       1.0489646643400192
     656.4029352901934544       0.9559517800807953
     656.4031354236157085       1.0068563544191420
     656.4033355570380763       0.9807714987546206
     656.4035356904603304       1.0426087714731693
     656.4037358238825846       0.9263429194688797
     656.4039359573048387       0.9529344327747822
     656.4041360907272065       1.0036602546460927
     656.4043362241494606       0.9917005347087979
     656.4045363575717147       1.0249477792531252
     656.4047364909939688       0.9306135252118111
     656.4049366244163366       0.9514889679849148
     656.4051367578385907       0.9688501078635454
     656.4053368912608448       1.0300903152674437
     656.4055370246830989       0.9294585511088371
     656.4057371581054667       1.0817407593131065
     656.4059372915277208       1.0220791697502136
     656.4061374249499750       1.0268419515341520
     656.4063375583722291       1.0253471173346043
     656.4065376917945969       1.0959149524569511
     656.4067378252168510       1.0610077679157257
     656.4069379586391051       1.0028341698925942
     656.4071380920613592       0.9811420030891895
     656.4073382254836133       1.0451938919723034
     656.4075383589059811       0.9740983303636312
     656.4077384923282352       0.9886965444311500
     656.4079386257504893       1.0516603849828243
     656.4081387591727434       1.1050285473465919
     656.4083388925951112       1.0521367862820625
     656.4085390260173654       1.0428433753550053
     656.4087391594396195       1.1193853989243507
     656.4089392928618736       1.0577900595963001
     656.4091394262842414       0.9255400598049164
     656.4093395597064955       1.0009466499905102
     656.4095396931287496       1.0532956682145596
     656.4097398265510037       1.0675098001956940
     656.4099399599733715       0.9537282474339008
     656.4101400933956256       1.1068760156631470
     656.4103402268178797       1.0645067468285561
     656.4105403602401339       0.9391743652522564
     656.4107404936625016       0.9818176534026861
     656.4109406270847558       0.9901434695348144
     656.4111407605070099       0.9445128366351128
     656.4113408939292640       0.9733280539512634
     656.4115410273516318       1.0133600356057286
     656.4117411607738859       1.0015926553169265
     656.4119412941961400       0.9762802571058273
     656.4121414276183941       1.0069230692461133
     656.4123415610407619       0.9881396582350135
     656.4125416944630160       0.9680427238345146
     656.4127418278852701       0.9940572120249271
     656.4129419613075243       1.0248758662492037
     656.4131420947297784       1.0185782238841057
     656.4133422281521462       0.9964863385539502
     656.4135423615744003       1.0413871072232723
     656.4137424949966544       1.0754509568214417
     656.4139426284189085       0.9473829977214336
     656.4141427618412763       0.9395971000194550
     656.4143428952635304       0.9521329738199711
     656.4145430286857845       1.0137577047571540
     656.4147431621080386       1.0036314127501100
     656.4149432955304064       1.0066897827200592
     656.4151434289526605       0.9580652788281441
     656.4153435623749147       1.0976132899522781
     656.4155436957971688       0.9804313480854034
     656.4157438292195366       0.9650121442973614
     656.4159439626417907       1.0452532134950161
     656.4161440960640448       1.0603267736732960
     656.4163442294862989       0.9980498831719160
     656.4165443629086667       1.0088469469919801
     656.4167444963309208       0.9903776319697499
     656.4169446297531749       0.9877026844769716
     656.4171447631754290       1.0698966756463051
     656.4173448965977968       0.9503676481544971
     656.4175450300200509       0.9989187932806090
     656.4177451634423051       1.0411127544939518
     656.4179452968645592       1.0027026070747524
     656.4181454302869270       1.0013590919552371
     656.4183455637091811       1.0304758641868830
     656.4185456971314352       0.9642872884869576
     656.4187458305536893       0.9380989857017994
     656.4189459639759434       1.0146876918151975
     656.4191460973983112       0.9803869538009167
     656.4193462308205653       1.0623590536415577
     656.4195463642428194       1.0888070017099380
     656.4197464976650735       1.0251974947750568
     656.4199466310874413       0.9781013056635857
     656.4201467645096955       0.9703092724084854
     656.4203468979319496       0.9559849537909031
     656.4205470313542037       1.0105660390108824
     656.4207471647765715       0.9983954887138680
     656.4209472981988256       1.0133453225716949
     656.4211474316210797       0.9188137426972389
     656.4213475650433338       0.9916695477440953
     656.4215476984657016       1.0344211235642433
     656.4217478318879557       1.1334297358989716
     656.4219479653102098       1.0432063154876232
     656.4221480987324640       0.9157974198460579
     656.4223482321548317       1.0483953319489956
     656.4225483655770859       0.8810196295380592
     656.4227484989993400       1.0494840666651726
     656.4229486324215941       1.0432385355234146
     656.4231487658439619       0.9754423461854458
     656.4233488992662160       1.0011688288068399
     656.4235490326884701       0.8544749170541763
     656.4237491661107242       0.9875300833955407
     656.4239492995329783       0.9896191107109189
     656.4241494329553461       1.1161217913031578
     656.4243495663776002       0.8957115262746811
     656.4245496997998544       0.9147363603115082
     656.4247498332221085       1.0052564442157745
     656.4249499666444763       1.1111093983054161
     656.4251501000667304       0.9843885600566864
     656.4253502334889845       0.9880978139117360
     656.4255503669112386       0.9652289450168610
     656.4257505003336064       1.0453792698681355
     656.4259506337558605       0.9523420222103596
     656.4261507671781146       0.9758951887488365
     656.4263509006003687       1.0801951512694359
     656.4265510340227365       0.9992570586618967
     656.4267511674449906       1.0580469481647015
     656.4269513008672448       0.9911301368847489
     656.4271514342894989       0.9867892842739820
     656.4273515677118667       0.9698434583842754
     656.4275517011341208       1.0627555251121521
     656.4277518345563749       0.9831094872206450
     656.4279519679786290       1.0243610013276339
     656.4281521014009968       0.9737223256379366
     656.4283522348232509       1.0700155720114708
     656.4285523682455050       1.0128772277384996
     656.4287525016677591       0.9896330591291189
     656.4289526350901269       1.0564599744975567
     656.4291527685123810       0.9282797500491142
     656.4293529019346352       1.0228418298065662
     656.4295530353568893       0.9998042272636667
     656.4297531687791434       1.0055775311775506
     656.4299533022015112       0.9698695391416550
     656.4301534356237653       1.0448765568435192
     656.4303535690460194       0.9679366573691368
     656.4305537024682735       0.9823402967303991
     656.4307538358906413       0.9975419449619949
     656.4309539693128954       1.0017767458921298
     656.4311541027351495       0.9651615694165230
     656.4313542361574036       0.8186545968055725
     656.4315543695797714       0.9825014732778072
     656.4317545030020256       1.0579653196036816
     656.4319546364242797       1.0157046671956778
     656.4321547698465338       1.0304891820997000
     656.4323549032689016       1.0096196569502354
     656.4325550366911557       1.0463634356856346
     656.4327551701134098       1.0837660655379295
     656.4329553035356639       1.0007293291273527
     656.4331554369580317       1.0143281267955899
     656.4333555703802858       1.0259652230888605
     656.4335557038025399       1.0758373588323593
     656.4337558372247940       0.9532116577029228
     656.4339559706471618       0.9373005703091621
     656.4341561040694160       0.9659048058092594
     656.4343562374916701       0.9423823058605194
     656.4345563709139242       0.9980359133332968
     656.4347565043361783       0.9839282948523760
     656.4349566377585461       1.0194967743009329
     656.4351567711808002       1.0393798239529133
     656.4353569046030543       1.0067039593122900
     656.4355570380253084       0.9876976618543267
     656.4357571714476762       0.9772688541561365
     656.4359573048699303       0.9971070922911167
     656.4361574382921845       1.0160828102380037
     656.4363575717144386       1.0345021598041058
     656.4365577051368064       1.1201079413294792
     656.4367578385590605       0.9618869796395302
     656.4369579719813146       1.0045310934074223
     656.4371581054035687       1.0023445740807801
     656.4373582388259365       1.0255316384136677
     656.4375583722481906       1.0148929459974170
     656.4377585056704447       1.0354906320571899
     656.4379586390926988       0.9679099172353745
     656.4381587725150666       1.0113932844251394
     656.4383589059373207       0.9968005965929478
     656.4385590393595749       0.9537513703107834
     656.4387591727818290       1.1034481748938560
     656.4389593062041968       0.9586365856230259
     656.4391594396264509       0.9467740580439568
     656.4393595730487050       0.9643640853464603
     656.4395597064709591       0.9687422625720501
     656.4397598398933269       1.0000602178879490
     656.4399599733155810       0.9592702165246010
     656.4401601067378351       1.0697198435664177
     656.4403602401600892       1.0142792984843254
     656.4405603735823433       0.9147307053208351
     656.4407605070047111       0.9708756767213345
     656.4409606404269653       1.0034965618979186
     656.4411607738492194       0.9540651068091393
     656.4413609072714735       1.0578133426606655
     656.4415610406938413       1.0015392065979540
     656.4417611741160954       1.0510556809604168
     656.4419613075383495       0.9035181775689125
     656.4421614409606036       0.9650067798793316
     656.4423615743829714       0.9576951339840889
     656.4425617078052255       1.0095031158998609
     656.4427618412274796       1.0108011094853282
     656.4429619746497337       0.9260690584778786
     656.4431621080721015       1.0217901580035686
     656.4433622414943557       1.0411833785474300
     656.4435623749166098       0.9869793262332678
     656.4437625083388639       1.0384446159005165
     656.4439626417612317       1.0875172987580299
     656.4441627751834858       0.9848202597349882
     656.4443629086057399       1.1297514587640762
     656.4445630420279940       1.0414822660386562
     656.4447631754503618       0.9018601104617119
     656.4449633088726159       1.0473973117768764
     656.4451634422948700       0.9717860314995050
     656.4453635757171241       1.0053402502089739
     656.4455637091393783       1.0765864551067352
     656.4457638425617461       0.9451063461601734
     656.4459639759840002       1.0012484284816310
     656.4461641094062543       1.0079342722892761
     656.4463642428285084       1.0861358419060707
     656.4465643762508762       1.0278285052627325
     656.4467645096731303       0.9640226103365421
     656.4469646430953844       1.0459880642592907
     656.4471647765176385       0.9593040794134140
     656.4473649099400063       0.9861423457041383
     656.4475650433622604       0.9046895653009415
     656.4477651767845146       0.9427720904350281
     656.4479653102067687       1.0263131409883499
     656.4481654436291365       0.8842036724090576
     656.4483655770513906       1.0430754013359547
     656.4485657104736447       0.9571717455983162
     656.4487658438958988       0.9997510672255885
     656.4489659773182666       1.0150376930832863
     656.4491661107405207       1.0487144589424133
     656.4493662441627748       0.9855237733572721
     656.4495663775850289       1.0980654582381248
     656.4497665110073967       1.0545264855027199
     656.4499666444296508       0.9555734507739544
     656.4501667778519050       0.9819678738713264
     656.4503669112741591       0.9845096496865153
     656.4505670446965269       1.0256524141877890
     656.4507671781187810       0.9143680632114410
     656.4509673115410351       0.9675538390874863
     656.4511674449632892       1.0963589921593666
     656.4513675783855433       1.1244062408804893
     656.4515677118079111       1.0122834127396345
     656.4517678452301652       0.9923082352615893
     656.4519679786524193       1.0083813210949302
     656.4521681120746734       0.9753089249134064
     656.4523682454970412       0.9964812418911606
     656.4525683789192954       1.0120413731783628
     656.4527685123415495       0.9753634724766016
     656.4529686457638036       0.9963421609718353
     656.4531687791861714       1.0318628363311291
     656.4533689126084255       0.9629662968218327
     656.4535690460306796       0.9691933542490005
     656.4537691794529337       1.0044031147845089
     656.4539693128753015       0.9630718268454075
     656.4541694462975556       0.9004644304513931
     656.4543695797198097       0.9308590888977051
     656.4545697131420638       0.9533244222402573
     656.4547698465644316       1.0164574701339006
     656.4549699799866858       1.0079981526359916
     656.4551701134089399       0.9677152447402477
     656.4553702468311940       1.0652917027473450
     656.4555703802535618       1.0897072702646255
     656.4557705136758159       0.9816725272685289
     656.4559706470980700       0.9676877558231354
     656.4561707805203241       0.9837847389280796
     656.4563709139425782       1.0600243695080280
     656.4565710473649460       0.9492807872593403
     656.4567711807872001       0.9410218633711338
     656.4569713142094542       0.9915650421753526
     656.4571714476317084       0.9586661234498024
     656.4573715810540762       0.9666621722280979
     656.4575717144763303       0.9729240108281374
     656.4577718478985844       1.0331069640815258
     656.4579719813208385       1.0390739552676678
     656.4581721147432063       0.9157984554767609
     656.4583722481654604       0.9173970296978951
     656.4585723815877145       0.8848776817321777
     656.4587725150099686       1.0254490319639444
     656.4589726484323364       1.0789810493588448
     656.4591727818545905       0.9624461941421032
     656.4593729152768447       0.9110647514462471
     656.4595730486990988       0.9517803303897381
     656.4597731821214666       1.0306136254221201
     656.4599733155437207       0.9847061708569527
     656.4601734489659748       1.0466881655156612
     656.4603735823882289       1.0154459718614817
     656.4605737158105967       0.9953612731769681
     656.4607738492328508       0.9375374205410480
     656.4609739826551049       0.9839632753282785
     656.4611741160773590       1.0162943731993437
     656.4613742494997268       1.1085167899727821
     656.4615743829219809       1.0163419470191002
     656.4617745163442351       1.0019556784536690
     656.4619746497664892       0.9408135525882244
     656.4621747831887433       0.9673249050974846
     656.4623749166111111       0.9834389779716730
     656.4625750500333652       1.0837423130869865
     656.4627751834556193       0.9665716327726841
     656.4629753168778734       0.9409096539020538
     656.4631754503002412       1.0067318873479962
     656.4633755837224953       1.0210630819201469
     656.4635757171447494       0.9947817777283490
     656.4637758505670035       1.0114271268248558
     656.4639759839893713       0.9945282861590385
     656.4641761174116255       1.0569619536399841
     656.4643762508338796       0.9603140652179718
     656.4645763842561337       0.9777798671275377
     656.4647765176785015       1.0600050091743469
     656.4649766511007556       0.9407658018171787
     656.4651767845230097       1.0211072601377964
     656.4653769179452638       1.0873726233839989
     656.4655770513676316       1.0133371194824576
     656.4657771847898857       1.0743376389145851
     656.4659773182121398       0.9987305329414085
     656.4661774516343939       0.9441558830440044
     656.4663775850567617       0.9824725929647684
     656.4665777184790159       1.0566225945949554
     656.4667778519012700       1.0321948938071728
     656.4669779853235241       0.9142540544271469
     656.4671781187458919       0.9095670357346535
     656.4673782521681460       1.0736895725131035
     656.4675783855904001       1.0789148733019829
     656.4677785190126542       0.9905245332047343
     656.4679786524349083       1.0128557970747352
     656.4681787858572761       1.0540336631238461
     656.4683789192795302       0.9811739530414343
     656.4685790527017843       0.9705236852169037
     656.4687791861240385       1.0041052619926631
     656.4689793195464063       1.0063032247126102
     656.4691794529686604       1.0528793521225452
     656.4693795863909145       1.0183823350816965
     656.4695797198131686       0.9596299491822720
     656.4697798532355364       0.9875703211873770
     656.4699799866577905       0.9644368067383766
     656.4701801200800446       1.0388100221753120
     656.4703802535022987       0.9555714167654514
     656.4705803869246665       1.0265274439007044
     656.4707805203469206       1.0242884643375874
     656.4709806537691748       1.0441209301352501
     656.4711807871914289       1.0334929712116718
     656.4713809206137967       0.9624593071639538
     656.4715810540360508       0.9431309290230274
     656.4717811874583049       0.9920182870700955
     656.4719813208805590       1.0904242023825645
     656.4721814543029268       1.0245540216565132
     656.4723815877251809       1.0082460558041930
     656.4725817211474350       1.0050881709903479
     656.4727818545696891       1.0096108978614211
     656.4729819879919432       1.0350203476846218
     656.4731821214143110       0.9627029187977314
     656.4733822548365652       0.9494906775653362
     656.4735823882588193       0.9844228709116578
     656.4737825216810734       0.9514982812106609
     656.4739826551034412       0.9144323915243149
     656.4741827885256953       1.0036580853629857
     656.4743829219479494       0.9922608626075089
     656.4745830553702035       0.9843970518559217
     656.4747831887925713       1.0377424098551273
     656.4749833222148254       0.9643152207136154
     656.4751834556370795       0.9374608471989632
     656.4753835890593336       1.0544581077992916
     656.4755837224817014       0.9799987021833658
     656.4757838559039556       0.9621839150786400
     656.4759839893262097       0.9958027433604002
     656.4761841227484638       0.9717931412160397
     656.4763842561708316       0.9880596091970801
     656.4765843895930857       1.0015795765211806
     656.4767845230153398       1.0055237244814634
     656.4769846564375939       0.9879166511818767
     656.4771847898599617       0.9798285830765963
     656.4773849232822158       1.0121747842058539
     656.4775850567044699       0.9886376382783055
     656.4777851901267240       0.9512735754251480
     656.4779853235490918       0.9628547802567482
     656.4781854569713460       0.9807500783354044
     656.4783855903936001       1.0291982386261225
     656.4785857238158542       1.1136869117617607
     656.4787858572381083       0.9767252076417208
     656.4789859906604761       1.0599203184247017
     656.4791861240827302       0.9993674313882366
     656.4793862575049843       1.0221447180956602
     656.4795863909272384       1.0230551268905401
     656.4797865243496062       1.0310849677771330
     656.4799866577718603       0.9928693166002631
     656.4801867911941144       0.9943195157684386
     656.4803869246163686       0.9763005021959543
     656.4805870580387364       1.0169851295650005
     656.4807871914609905       0.9939130544662476
     656.4809873248832446       0.9705150742083788
     656.4811874583054987       0.9233260825276375
     656.4813875917278665       0.9767160750925541
     656.4815877251501206       0.9765708204358816
     656.4817878585723747       1.0560090132057667
     656.4819879919946288       1.0320844203233719
     656.4821881254169966       0.9829053599387407
     656.4823882588392507       0.9286877810955048
     656.4825883922615049       0.9984386243158951
     656.4827885256837590       1.0391257740557194
     656.4829886591061268       1.0167607553303242
     656.4831887925283809       0.9463436417281628
     656.4833889259506350       1.0717324241995811
     656.4835890593728891       1.0567616522312164
     656.4837891927951432       1.0016499555204064
     656.4839893262175110       0.9529219269752502
     656.4841894596397651       0.8927647545933723
     656.4843895930620192       1.0971804857254028
     656.4845897264842733       0.9829945247620344
     656.4847898599066411       1.0145751684904099
     656.4849899933288953       0.9575031250715256
     656.4851901267511494       1.0721505358815193
     656.4853902601734035       1.0835506170988083
     656.4855903935957713       1.0534893162548542
     656.4857905270180254       1.0353911817073822
     656.4859906604402795       0.8986955881118774
     656.4861907938625336       0.8827201947569847
     656.4863909272849014       0.9397158734500408
     656.4865910607071555       0.9895726535469294
     656.4867911941294096       1.0105265416204929
     656.4869913275516637       1.0104185622185469
     656.4871914609740315       1.0175161175429821
     656.4873915943962857       0.9985641867388040
     656.4875917278185398       1.0269754212349653
     656.4877918612407939       0.9037604406476021
     656.4879919946631617       0.9648438282310963
     656.4881921280854158       1.0315471701323986
     656.4883922615076699       1.0245126523077488
     656.4885923949299240       0.9434249699115753
     656.4887925283522918       0.9977560378611088
     656.4889926617745459       0.9802613593637943
     656.4891927951968000       1.0521355979144573
     656.4893929286190541       1.0363881587982178
     656.4895930620413083       1.0585981421172619
     656.4897931954636761       0.9198223948478699
     656.4899933288859302       1.0192260071635246
     656.4901934623081843       1.1188733205199242
     656.4903935957304384       0.9696949571371078
     656.4905937291528062       1.1166778579354286
     656.4907938625750603       0.9949615290388465
     656.4909939959973144       0.9787741377949715
     656.4911941294195685       1.0424386076629162
     656.4913942628419363       1.0649570822715759
     656.4915943962641904       0.9819291085004807
     656.4917945296864445       0.9574365988373756
     656.4919946631086987       0.9831513632088900
     656.4921947965310665       0.9808506146073341
     656.4923949299533206       1.0277537144720554
     656.4925950633755747       0.9928903607651591
     656.4927951967978288       1.0820797160267830
     656.4929953302201966       1.0607011429965496
     656.4931954636424507       0.9773132894188166
     656.4933955970647048       0.9106911271810532
     656.4935957304869589       1.0059109805151820
     656.4937958639093267       0.8973921313881874
     656.4939959973315808       0.9458496682345867
     656.4941961307538350       1.1020181402564049
     656.4943962641760891       0.9416654519736767
     656.4945963975983432       0.8121334016323090
     656.4947965310207110       1.0101774847134948
     656.4949966644429651       0.9829454235732555
     656.4951967978652192       0.9488920681178570
     656.4953969312874733       0.9873173506930470
     656.4955970647098411       0.9600676186382771
     656.4957971981320952       0.9637190289795399
     656.4959973315543493       0.9237538725137711
     656.4961974649766034       0.9473835751414299
     656.4963975983989712       0.9756626430898905
     656.4965977318212254       0.9710133541375399
     656.4967978652434795       1.0123795382678509
     656.4969979986657336       1.0495930835604668
     656.4971981320881014       0.9884222643449903
     656.4973982655103555       1.0089589906856418
     656.4975983989326096       0.9985906399087980
     656.4977985323548637       1.0216399580240250
     656.4979986657772315       1.0846583917737007
     656.4981987991994856       1.0711101889610291
     656.4983989326217397       1.0215505156666040
     656.4985990660439938       1.0298636015504599
     656.4987991994663616       0.9897717377170920
     656.4989993328886158       1.0120748272165656
     656.4991994663108699       0.9112243205308914
     656.4993995997331240       1.0528983771800995
     656.4995997331554918       1.0023126413580030
     656.4997998665777459       0.9912696238607168
     656.5000000000000000       1.0676206573843956
