     656.2000000000000455       1.0354420356452465
     656.2002001334222996       0.9970981441438198
     656.2004002668445537       0.9171175435185432
     656.2006004002669215       1.0137637900188565
     656.2008005336891756       0.9756738413125277
     656.2010006671114297       0.9734944012016058
     656.2012008005336838       1.0224909279495478
     656.2014009339560516       0.9313423112034798
     656.2016010673783057       1.0283754318952560
     656.2018012008005599       1.0222865305840969
     656.2020013342228140       1.0449182577431202
     656.2022014676451818       0.9411795847117901
     656.2024016010674359       1.0130503019317985
     656.2026017344896900       0.9795283786952496
     656.2028018679119441       0.9525205045938492
     656.2030020013343119       0.9710681457072496
     656.2032021347565660       0.9304337874054909
     656.2034022681788201       1.1255718022584915
     656.2036024016010742       0.8883400782942772
     656.2038025350234420       1.0383385047316551
     656.2040026684456961       1.0242426134645939
     656.2042028018679503       1.0083454130217433
     656.2044029352902044       0.9903456280007958
     656.2046030687125722       0.9992169108008966
     656.2048032021348263       1.0340569019317627
     656.2050033355570804       1.0220056921243668
     656.2052034689793345       0.9892839947715402
     656.2054036024017023       1.0058713494800031
     656.2056037358239564       0.9300143048167229
     656.2058038692462105       1.0290898568928242
     656.2060040026684646       1.0350517295300961
     656.2062041360907187       1.0048588495701551
     656.2064042695130865       1.0252849441021681
     656.2066044029353407       0.8996093720197678
     656.2068045363575948       0.9548470191657543
     656.2070046697798489       0.8674733489751816
     656.2072048032022167       0.8888918161392212
     656.2074049366244708       0.9613334946334362
     656.2076050700467249       0.9411167912185192
     656.2078052034689790       1.0410563610494137
     656.2080053368913468       1.0328370742499828
     656.2082054703136009       1.0559618584811687
     656.2084056037358550       1.0749349519610405
     656.2086057371581092       0.9623797461390495
     656.2088058705804769       1.0034999046474695
     656.2090060040027311       0.8769270032644272
     656.2092061374249852       0.9798844121396542
     656.2094062708472393       1.0391168110072613
     656.2096064042696071       0.9952666424214840
     656.2098065376918612       1.0390592403709888
     656.2100066711141153       1.0136709827929735
     656.2102068045363694       0.9024558663368225
     656.2104069379587372       1.0811150297522545
     656.2106070713809913       0.9680684357881546
     656.2108072048032454       1.0180769171565771
     656.2110073382254996       0.9853139519691467
     656.2112074716477537       0.9340681210160255
     656.2114076050701215       1.0320776030421257
     656.2116077384923756       0.9166390374302864
     656.2118078719146297       0.9726805407553911
     656.2120080053368838       0.9534036926925182
     656.2122081387592516       1.0144416289404035
     656.2124082721815057       1.0620531439781189
     656.2126084056037598       1.0072729140520096
     656.2128085390260139       1.0102235302329063
     656.2130086724483817       1.0103944102302194
     656.2132088058706358       0.9470672048628330
     656.2134089392928900       1.0322078354656696
     656.2136090727151441       1.0468695536255836
     656.2138092061375119       0.9473115429282188
     656.2140093395597660       0.9506042860448360
     656.2142094729820201       0.9741606134921312
     656.2144096064042742       1.0123216202482581
     656.2146097398266420       1.0035044599790126
     656.2148098732488961       1.0203602667897940
     656.2150100066711502       1.0356755182147026
     656.2152101400934043       1.0079045100137591
     656.2154102735157721       0.9367196634411812
     656.2156104069380262       1.1009825468063354
     656.2158105403602804       1.0713346004486084
     656.2160106737825345       0.9593125134706497
     656.2162108072049023       1.0328625850379467
     656.2164109406271564       0.9580062702298164
     656.2166110740494105       1.0242127571254969
     656.2168112074716646       1.0734559521079063
     656.2170113408939187       0.9315838590264320
     656.2172114743162865       1.0697509348392487
     656.2174116077385406       1.0078097782097757
     656.2176117411607947       0.9870803738012910
     656.2178118745830488       1.0580377168953419
     656.2180120080054166       0.9793786518275738
     656.2182121414276708       0.9952013758011162
     656.2184122748499249       1.0549177937209606
     656.2186124082721790       1.0865410342812538
     656.2188125416945468       0.9099853932857513
     656.2190126751168009       1.0066582332365215
     656.2192128085390550       1.0831680297851562
     656.2194129419613091       0.9830489568412304
     656.2196130753836769       1.0816223844885826
     656.2198132088059310       0.9216473177075386
     656.2200133422281851       0.9823966119438410
     656.2202134756504392       0.9909587139263749
     656.2204136090728070       0.9284199848771095
     656.2206137424950612       0.9038635268807411
     656.2208138759173153       0.9794854093343019
     656.2210140093395694       0.9870834704488516
     656.2212141427619372       0.9861436244100332
     656.2214142761841913       1.0678902491927147
     656.2216144096064454       0.9992361188633367
     656.2218145430286995       1.0227173250168562
     656.2220146764509536       0.8855673521757126
     656.2222148098733214       0.9544747062027454
     656.2224149432955755       0.9780629761517048
     656.2226150767178297       1.0701729282736778
     656.2228152101400838       1.0690139755606651
     656.2230153435624516       0.9803433697670698
     656.2232154769847057       1.1155635714530945
     656.2234156104069598       0.9724161922931671
     656.2236157438292139       1.0193147044628859
     656.2238158772515817       1.0433070436120033
     656.2240160106738358       1.0097454553470016
     656.2242161440960899       1.0147066367790103
     656.2244162775183440       1.0082512656226754
     656.2246164109407118       0.9456669315695763
     656.2248165443629659       0.9870216203853488
     656.2250166777852201       0.9915394522249699
     656.2252168112074742       1.1094349399209023
     656.2254169446298420       0.9915241356939077
     656.2256170780520961       1.0422422401607037
     656.2258172114743502       1.0656482949852943
     656.2260173448966043       1.0722276568412781
     656.2262174783189721       1.0754626318812370
     656.2264176117412262       1.0631149932742119
     656.2266177451634803       0.9116744920611382
     656.2268178785857344       1.0500610359013081
     656.2270180120081022       1.0469863973557949
     656.2272181454303563       0.9856604943051934
     656.2274182788526105       0.9966217994224280
     656.2276184122748646       1.0764910802245140
     656.2278185456971187       0.9357448294758797
     656.2280186791194865       0.9107641875743866
     656.2282188125417406       1.1225606724619865
     656.2284189459639947       0.9669172540307045
     656.2286190793862488       1.0973924994468689
     656.2288192128086166       1.0011672438122332
     656.2290193462308707       1.0268861837685108
     656.2292194796531248       0.8804674223065376
     656.2294196130753789       1.0090879453346133
     656.2296197464977467       1.0799586996436119
     656.2298198799200009       1.0149266440421343
     656.2300200133422550       1.0199401155114174
     656.2302201467645091       1.0028819655999541
     656.2304202801868769       1.0357292853295803
     656.2306204136091310       0.9449273236095905
     656.2308205470313851       1.0099466908723116
     656.2310206804536392       0.9807776901870966
     656.2312208138760070       0.9739014804363251
     656.2314209472982611       0.8776497691869736
     656.2316210807205152       1.0224421154707670
     656.2318212141427693       0.8919756859540939
     656.2320213475651371       0.9246880486607552
     656.2322214809873913       1.0499467663466930
     656.2324216144096454       0.9632570035755634
     656.2326217478318995       1.1096707731485367
     656.2328218812541536       1.0366268455982208
     656.2330220146765214       1.0386974141001701
     656.2332221480987755       1.0258630551397800
     656.2334222815210296       1.0236337762326002
     656.2336224149432837       1.0256152655929327
     656.2338225483656515       0.9451263956725597
     656.2340226817879056       1.0388575717806816
     656.2342228152101598       0.9247912913560867
     656.2344229486324139       0.9956373786553741
     656.2346230820547817       0.9873880641534925
     656.2348232154770358       1.1110695600509644
     656.2350233488992899       1.0513997673988342
     656.2352234823215440       0.9701887313276529
     656.2354236157439118       1.0586288273334503
     656.2356237491661659       1.0901738330721855
     656.2358238825884200       0.9379779286682606
     656.2360240160106741       0.9733263067901134
     656.2362241494330419       1.0612395294010639
     656.2364242828552960       1.0003238754579797
     656.2366244162775502       1.0595942549407482
     656.2368245496998043       1.0123602068051696
     656.2370246831221721       0.9804466590285301
     656.2372248165444262       0.9895468335598707
     656.2374249499666803       0.9830784611403942
     656.2376250833889344       1.0116756241768599
     656.2378252168113022       1.0124879991635680
     656.2380253502335563       0.9469842053949833
     656.2382254836558104       0.9724251832813025
     656.2384256170780645       1.0433257222175598
     656.2386257505003186       0.9781951159238815
     656.2388258839226864       0.9409939534962177
     656.2390260173449406       1.0360606685280800
     656.2392261507671947       1.0107916193082929
     656.2394262841894488       0.9841613397002220
     656.2396264176118166       0.9964394979178905
     656.2398265510340707       0.9724367670714855
     656.2400266844563248       1.0309997648000717
     656.2402268178785789       0.9190309867262840
     656.2404269513009467       0.9307806864380836
     656.2406270847232008       1.0047827712260187
     656.2408272181454549       1.0129190478473902
     656.2410273515677090       1.0571935735642910
     656.2412274849900768       1.0027125391643494
     656.2414276184123310       1.0261386130005121
     656.2416277518345851       1.0000293426473945
     656.2418278852568392       1.0222698505967855
     656.2420280186792070       0.9849918931722641
     656.2422281521014611       1.0342314466834068
     656.2424282855237152       1.0607504621148109
     656.2426284189459693       1.0059035895392299
     656.2428285523683371       1.0065505406819284
     656.2430286857905912       1.0479559563100338
     656.2432288192128453       0.9584089890122414
     656.2434289526350994       1.0224887449294329
     656.2436290860574672       1.0146991563960910
     656.2438292194797214       1.0540545582771301
     656.2440293529019755       1.0684645846486092
     656.2442294863242296       0.9592177905142307
     656.2444296197464837       1.0045277471654117
     656.2446297531688515       0.9249788820743561
     656.2448298865911056       0.9467438571155071
     656.2450300200133597       1.0368724279105663
     656.2452301534356138       1.0074013844132423
     656.2454302868579816       1.0318736545741558
     656.2456304202802357       1.0137095153331757
     656.2458305537024899       0.9720605183392763
     656.2460306871247440       0.9208780378103256
     656.2462308205471118       1.0828427299857140
     656.2464309539693659       1.0410052835941315
     656.2466310873916200       1.0204327106475830
     656.2468312208138741       1.0337680503726006
     656.2470313542362419       1.0019320013234392
     656.2472314876584960       1.0545983612537384
     656.2474316210807501       1.0584181211888790
     656.2476317545030042       1.0197597276419401
     656.2478318879253720       1.0132350949570537
     656.2480320213476261       1.0699543207883835
     656.2482321547698803       0.9522357992827892
     656.2484322881921344       0.9333821162581444
     656.2486324216145022       0.9743078257888556
     656.2488325550367563       0.9534502960741520
     656.2490326884590104       0.9825346134603024
     656.2492328218812645       1.0291926357895136
     656.2494329553035186       1.0045833466574550
     656.2496330887258864       1.0432340912520885
     656.2498332221481405       0.9519533701241016
     656.2500333555703946       0.9567219428718090
     656.2502334889926487       1.0091938339173794
     656.2504336224150165       0.9932654043659568
     656.2506337558372707       1.1361105144023895
     656.2508338892595248       0.9773816894739866
     656.2510340226817789       1.0208768900483847
     656.2512341561041467       0.9268305897712708
     656.2514342895264008       0.9761343561112881
     656.2516344229486549       0.9707439709454775
     656.2518345563709090       0.9529249556362629
     656.2520346897932768       1.0160056129097939
     656.2522348232155309       1.0477669462561607
     656.2524349566377850       0.8600454181432724
     656.2526350900600391       0.9958773986436427
     656.2528352234824069       1.0427794568240643
     656.2530353569046611       0.9890832565724850
     656.2532354903269152       0.9740803390741348
     656.2534356237491693       0.9283485487103462
     656.2536357571715371       0.9167082980275154
     656.2538358905937912       0.9985534886363894
     656.2540360240160453       0.8936323001980782
     656.2542361574382994       1.0293814148753881
     656.2544362908606672       0.9993026338052005
     656.2546364242829213       1.0262755136936903
     656.2548365577051754       1.0378416590392590
     656.2550366911274295       0.9526939801871777
     656.2552368245496837       0.9521212354302406
     656.2554369579720515       1.0102942921221256
     656.2556370913943056       1.0509537421166897
     656.2558372248165597       1.0070057967677712
     656.2560373582388138       0.9986105724237859
     656.2562374916611816       0.9669368006289005
     656.2564376250834357       1.0358021706342697
     656.2566377585056898       1.0068043828941882
     656.2568378919279439       0.9199493080377579
     656.2570380253503117       1.0563067309558392
     656.2572381587725658       1.0394716747105122
     656.2574382921948200       0.9942640569061041
     656.2576384256170741       0.9605653099715710
     656.2578385590394419       1.0610700733959675
     656.2580386924616960       0.9494506232440472
     656.2582388258839501       1.0428693816065788
     656.2584389593062042       0.9407150261104107
     656.2586390927285720       0.9989648086484522
     656.2588392261508261       1.0353750213980675
     656.2590393595730802       1.0974235758185387
     656.2592394929953343       0.9436683841049671
     656.2594396264177021       1.0493291877210140
     656.2596397598399562       0.9442323371767998
     656.2598398932622104       1.0849296078085899
     656.2600400266844645       1.0202184338122606
     656.2602401601067186       1.0581229589879513
     656.2604402935290864       0.9621907360851765
     656.2606404269513405       1.0770538374781609
     656.2608405603735946       0.9674516804516315
     656.2610406937958487       1.0106067992746830
     656.2612408272182165       0.9953977456316352
     656.2614409606404706       1.0038077868521214
     656.2616410940627247       1.0986817479133606
     656.2618412274849788       1.0371575877070427
     656.2620413609073466       0.9083664119243622
     656.2622414943296008       1.0476475581526756
     656.2624416277518549       1.0246294941753149
     656.2626417611741090       1.0432487092912197
     656.2628418945964768       0.9562185965478420
     656.2630420280187309       1.0052035781554878
     656.2632421614409850       0.9829611573368311
     656.2634422948632391       1.0553051531314850
     656.2636424282856069       1.0257305186241865
     656.2638425617078610       0.9569403491914272
     656.2640426951301151       1.0310472138226032
     656.2642428285523692       1.0280733443796635
     656.2644429619747370       1.0357805900275707
     656.2646430953969912       0.9886767119169235
     656.2648432288192453       0.9223203733563423
     656.2650433622414994       1.0068703601136804
     656.2652434956638672       1.0300449226051569
     656.2654436290861213       1.0453057475388050
     656.2656437625083754       1.0018963497132063
     656.2658438959306295       1.0657915398478508
     656.2660440293528836       1.0239702593535185
     656.2662441627752514       0.9942104909569025
     656.2664442961975055       0.9365007579326630
     656.2666444296197596       0.9496506452560425
     656.2668445630420138       0.8809960708022118
     656.2670446964643816       0.9695453643798828
     656.2672448298866357       0.9927345407195389
     656.2674449633088898       1.0134417042136192
     656.2676450967311439       0.9642462171614170
     656.2678452301535117       1.0239412523806095
     656.2680453635757658       1.1442820429801941
     656.2682454969980199       0.9894013637676835
     656.2684456304202740       1.0034200844820589
     656.2686457638426418       0.9811146464198828
     656.2688458972648959       1.0345513224601746
     656.2690460306871501       0.9663702286779881
     656.2692461641094042       1.0073819616809487
     656.2694462975317720       1.0145761538296938
     656.2696464309540261       1.0290347337722778
     656.2698465643762802       1.0012420249404386
     656.2700466977985343       0.9767828211188316
     656.2702468312209021       1.0164542738348246
     656.2704469646431562       0.9354795962572098
     656.2706470980654103       1.1153893992304802
     656.2708472314876644       1.0136022781953216
     656.2710473649099185       1.1074556484818459
     656.2712474983322863       1.0206457246094942
     656.2714476317545405       1.0318949893116951
     656.2716477651767946       1.0783928185701370
     656.2718478985990487       1.0162038281559944
     656.2720480320214165       1.0182143412530422
     656.2722481654436706       1.0283386912196875
     656.2724482988659247       1.0382789745926857
     656.2726484322881788       0.9770113807171583
     656.2728485657105466       0.8834986463189125
     656.2730486991328007       0.8499855548143387
     656.2732488325550548       1.0324032157659531
     656.2734489659773089       0.9881325680762529
     656.2736490993996767       0.9674995392560959
     656.2738492328219309       0.9762352667748928
     656.2740493662441850       1.0334478057920933
     656.2742494996664391       1.0724775493144989
     656.2744496330888069       0.9867068529129028
     656.2746497665110610       1.0325450487434864
     656.2748498999333151       1.0120301479473710
     656.2750500333555692       0.9936614097096026
     656.2752501667779370       1.0851154103875160
     656.2754503002001911       0.9798329062759876
     656.2756504336224452       1.0222045239061117
     656.2758505670446993       1.0011630982626230
     656.2760507004670671       1.0823863670229912
     656.2762508338893213       1.0291424188762903
     656.2764509673115754       1.0909317508339882
     656.2766511007338295       1.0518420748412609
     656.2768512341560836       0.9028188064694405
     656.2770513675784514       0.9157499819993973
     656.2772515010007055       0.9252596572041512
     656.2774516344229596       0.9924459597095847
     656.2776517678452137       0.9836082775145769
     656.2778519012675815       0.9824466891586781
     656.2780520346898356       0.9533073455095291
     656.2782521681120897       1.0447096601128578
     656.2784523015343439       0.9146159812808037
     656.2786524349567117       0.9476488344371319
     656.2788525683789658       0.9394471161067486
     656.2790527018012199       0.9711871054023504
     656.2792528352234740       0.9614376686513424
     656.2794529686458418       1.0800720453262329
     656.2796531020680959       0.9514213837683201
     656.2798532354903500       1.0656874552369118
     656.2800533689126041       1.0485303848981857
     656.2802535023349719       0.9349527433514595
     656.2804536357572260       0.9341253712773323
     656.2806537691794802       0.9851480405777693
     656.2808539026017343       1.0033356491476297
     656.2810540360241021       0.9268929734826088
     656.2812541694463562       1.0064749973826110
     656.2814543028686103       0.9543669708073139
     656.2816544362908644       0.9425087496638298
     656.2818545697131185       1.0104282936081290
     656.2820547031354863       1.0303635057061911
     656.2822548365577404       1.0001468757254770
     656.2824549699799945       1.0831210613250732
     656.2826551034022486       1.0290543232113123
     656.2828552368246164       1.0431612804532051
     656.2830553702468706       1.0526803731918335
     656.2832555036691247       0.9898232603445649
     656.2834556370913788       1.0301988907158375
     656.2836557705137466       1.0476974211633205
     656.2838559039360007       0.9414256438612938
     656.2840560373582548       1.0541398599743843
     656.2842561707805089       1.0588139109313488
     656.2844563042028767       0.9582097828388214
     656.2846564376251308       0.9786971248686314
     656.2848565710473849       0.8959704414010048
     656.2850567044696390       0.9695471227169037
     656.2852568378920068       0.9574776291847229
     656.2854569713142610       1.0009510123054497
     656.2856571047365151       0.9184076488018036
     656.2858572381587692       1.0279469676315784
     656.2860573715811370       0.9701993316411972
     656.2862575050033911       1.0302750859409571
     656.2864576384256452       0.9890781687572598
     656.2866577718478993       0.9481896646320820
     656.2868579052702671       1.0729505047202110
     656.2870580386925212       0.9773011114448309
     656.2872581721147753       1.0213673450052738
     656.2874583055370294       0.9131174311041832
     656.2876584389592836       0.9553525634109974
     656.2878585723816514       0.9496868550777435
     656.2880587058039055       1.0724873095750809
     656.2882588392261596       1.0227882657200098
     656.2884589726484137       1.0579655878245831
     656.2886591060707815       0.9639324657618999
     656.2888592394930356       1.0048282775096595
     656.2890593729152897       0.9649728499352932
     656.2892595063375438       1.0356927923858166
     656.2894596397599116       0.9379119500517845
     656.2896597731821657       0.9894642261788249
     656.2898599066044198       0.9800696317106485
     656.2900600400266740       1.0628772079944611
     656.2902601734490418       1.0832002982497215
     656.2904603068712959       1.0457167141139507
     656.2906604402935500       1.0478089153766632
     656.2908605737158041       1.0276914127171040
     656.2910607071381719       1.0473998449742794
     656.2912608405604260       0.9982585227116942
     656.2914609739826801       0.9824708215892315
     656.2916611074049342       1.0657669827342033
     656.2918612408273020       0.9409232549369335
     656.2920613742495561       0.9553876854479313
     656.2922615076718103       0.9787488952279091
     656.2924616410940644       0.9549592509865761
     656.2926617745164322       0.9095704033970833
     656.2928619079386863       1.0863790884613991
     656.2930620413609404       1.0115947350859642
     656.2932621747831945       0.9280915036797523
     656.2934623082054486       1.0178490206599236
     656.2936624416278164       0.9887114549055696
     656.2938625750500705       1.0009936842834577
     656.2940627084723246       0.9860834609717131
     656.2942628418945787       0.9952483917586505
     656.2944629753169465       0.9263946563005447
     656.2946631087392007       0.9914605775848031
     656.2948632421614548       1.0262634251266718
     656.2950633755837089       0.9016742184758186
     656.2952635090060767       1.0056882142089307
     656.2954636424283308       1.0968040078878403
     656.2956637758505849       0.9993026394513436
     656.2958639092728390       1.0515489391982555
     656.2960640426952068       0.9482733793556690
     656.2962641761174609       1.0132153360173106
     656.2964643095397150       0.9349758699536324
     656.2966644429619691       0.9323629513382912
     656.2968645763843369       1.0395061857998371
     656.2970647098065911       0.9815918747335672
     656.2972648432288452       0.9991058594314381
     656.2974649766510993       1.0845160707831383
     656.2976651100734671       1.0108222141861916
     656.2978652434957212       0.9124082103371620
     656.2980653769179753       0.9903596900403500
     656.2982655103402294       1.0150674283504486
     656.2984656437624835       1.0117206797003746
     656.2986657771848513       0.9821746069937944
     656.2988659106071054       1.0112327085807920
     656.2990660440293595       0.9766618534922600
     656.2992661774516137       0.9568441174924374
     656.2994663108739815       0.9092428162693977
     656.2996664442962356       1.0743542537093163
     656.2998665777184897       0.9400671757757664
     656.3000667111407438       0.9276838526129723
     656.3002668445631116       0.9753000903874636
     656.3004669779853657       1.0725718736648560
     656.3006671114076198       1.0757362172007561
     656.3008672448298739       0.9786894880235195
     656.3010673782522417       0.9986701837042347
     656.3012675116744958       0.9612799324095249
     656.3014676450967499       0.9614207781851292
     656.3016677785190041       1.0281832367181778
     656.3018679119413719       0.9709183424711227
     656.3020680453636260       1.0212796349078417
     656.3022681787858801       1.0052341148257256
     656.3024683122081342       0.9959580474533141
     656.3026684456305020       0.9790992885828018
     656.3028685790527561       0.9693718701601028
     656.3030687124750102       0.9428501464426517
     656.3032688458972643       0.9580583721399307
     656.3034689793196321       1.0192113127559423
     656.3036691127418862       1.0222247075289488
     656.3038692461641403       0.9656680561602116
     656.3040693795863945       0.9560369737446308
     656.3042695130086486       1.0436284616589546
     656.3044696464310164       0.9348070845007896
     656.3046697798532705       1.0060369260609150
     656.3048699132755246       1.0042576789855957
     656.3050700466977787       0.9509225822985172
     656.3052701801201465       0.9969604457728565
     656.3054703135424006       1.0366981141269207
     656.3056704469646547       1.0222005136311054
     656.3058705803869088       1.1113055720925331
     656.3060707138092766       1.0370288789272308
     656.3062708472315308       1.0995841249823570
     656.3064709806537849       0.9334102869033813
     656.3066711140760390       1.0247185062617064
     656.3068712474984068       1.0183690208941698
     656.3070713809206609       0.9432853572070599
     656.3072715143429150       0.9878551634028554
     656.3074716477651691       0.8915214911103249
     656.3076717811875369       0.9485488571226597
     656.3078719146097910       0.9998277884587878
     656.3080720480320451       0.9568255282938480
     656.3082721814542992       1.0361265540122986
     656.3084723148766670       0.9571163468062878
     656.3086724482989212       0.9673948027193546
     656.3088725817211753       0.9402512498199940
     656.3090727151434294       1.0202807895839214
     656.3092728485656835       0.9646911844611168
     656.3094729819880513       0.9878992382436991
     656.3096731154103054       1.0258875545114279
     656.3098732488325595       1.0668259337544441
     656.3100733822548136       0.9747144933789968
     656.3102735156771814       1.0440650023519993
     656.3104736490994355       1.0805627629160881
     656.3106737825216896       0.9508590437471867
     656.3108739159439438       1.0233357418328524
     656.3110740493663116       1.0056885699741542
     656.3112741827885657       1.0016725140158087
     656.3114743162108198       0.9259011819958687
     656.3116744496330739       1.0334123894572258
     656.3118745830554417       0.9934647819027305
     656.3120747164776958       1.0361085385084152
     656.3122748498999499       0.9889620924368501
     656.3124749833222040       1.0727163106203079
     656.3126751167445718       0.9626901522278786
     656.3128752501668259       1.1203519329428673
     656.3130753835890800       1.0405702255666256
     656.3132755170113342       1.0335530638694763
     656.3134756504337020       1.0534721091389656
     656.3136757838559561       0.9314387068152428
     656.3138759172782102       0.9792939685285091
     656.3140760507004643       0.9969696756452322
     656.3142761841228321       0.9687573369592428
     656.3144763175450862       1.0527073219418526
     656.3146764509673403       1.0035030364524573
     656.3148765843895944       1.0587937049567699
     656.3150767178118485       1.0689554959535599
     656.3152768512342163       0.9421350397169590
     656.3154769846564704       1.0514405928552151
     656.3156771180787246       0.9317752495408058
     656.3158772515009787       0.9778710249811411
     656.3160773849233465       1.0578337982296944
     656.3162775183456006       1.0037912502884865
     656.3164776517678547       1.0161212142556906
     656.3166777851901088       1.0369950681924820
     656.3168779186124766       0.9882836304605007
     656.3170780520347307       0.9761150591075420
     656.3172781854569848       1.0350463204085827
     656.3174783188792389       0.9564223177731037
     656.3176784523016067       1.0910283848643303
     656.3178785857238609       1.0044820564799011
     656.3180787191461150       1.0374147705733776
     656.3182788525683691       0.9333916231989861
     656.3184789859907369       1.0056650931946933
     656.3186791194129910       0.9567766822874546
     656.3188792528352451       1.0214565936475992
     656.3190793862574992       1.0452264659106731
     656.3192795196798670       0.9611322544515133
     656.3194796531021211       0.9359023347496986
     656.3196797865243752       0.9566405043005943
     656.3198799199466293       1.0214270576834679
     656.3200800533688835       0.9666515178978443
     656.3202801867912513       0.9374752193689346
     656.3204803202135054       0.9337327554821968
     656.3206804536357595       1.0100740706548095
     656.3208805870580136       1.0062330593355000
     656.3210807204803814       1.0027980727609247
     656.3212808539026355       0.9749891478568316
     656.3214809873248896       0.9541585482656956
     656.3216811207471437       1.0227350797504187
     656.3218812541695115       1.0435029268264771
     656.3220813875917656       1.0837366953492165
     656.3222815210140197       1.0124765699729323
     656.3224816544362739       0.9636178165674210
     656.3226817878586417       1.0634958967566490
     656.3228819212808958       0.9206652641296387
     656.3230820547031499       1.0099716717377305
     656.3232821881254040       1.0502973608672619
     656.3234823215477718       0.9725313503295183
     656.3236824549700259       0.9687043763697147
     656.3238825883922800       0.9503614939749241
     656.3240827218145341       1.0587026551365852
     656.3242828552369019       0.9819092918187380
     656.3244829886591560       1.0922336205840111
     656.3246831220814101       0.9919497529044747
     656.3248832555036643       0.9889759710058570
     656.3250833889260321       1.0270852632820606
     656.3252835223482862       0.9559261873364449
     656.3254836557705403       0.9035393446683884
     656.3256837891927944       1.0367882214486599
     656.3258839226150485       0.9575178399682045
     656.3260840560374163       0.9532438367605209
     656.3262841894596704       0.8763283267617226
     656.3264843228819245       1.0083104297518730
     656.3266844563041786       1.0369202680885792
     656.3268845897265464       1.0833261758089066
     656.3270847231488005       1.0687606409192083
     656.3272848565710547       1.0239702295511957
     656.3274849899933088       0.9934052145108575
     656.3276851234156766       0.9795144647359840
     656.3278852568379307       0.9706882145255793
     656.3280853902601848       1.0073480778373760
     656.3282855236824389       0.9971854700706874
     656.3284856571048067       0.9705235920846423
     656.3286857905270608       0.9893771708011569
     656.3288859239493149       0.9678840190172110
     656.3290860573715690       1.0947504118084781
     656.3292861907939368       1.0040749637409858
     656.3294863242161910       1.0615763477980815
     656.3296864576384451       1.0422953777014807
     656.3298865910606992       1.0584795884787448
     656.3300867244830670       1.0611050538717839
     656.3302868579053211       1.0056882048955798
     656.3304869913275752       1.0663265958426562
     656.3306871247498293       0.9518174119291051
     656.3308872581721971       0.9793881475921629
     656.3310873915944512       0.9429527334863402
     656.3312875250167053       1.0040967185042327
     656.3314876584389594       0.9965435473702655
     656.3316877918612136       1.0108275888471421
     656.3318879252835814       1.0031923919427250
     656.3320880587058355       1.0185363013264213
     656.3322881921280896       0.9169593527866052
     656.3324883255503437       1.1115733161501966
     656.3326884589727115       1.0099171437228829
     656.3328885923949656       0.9685562141106704
     656.3330887258172197       0.9821613449416308
     656.3332888592394738       1.0784499048924285
     656.3334889926618416       0.9470133222272246
     656.3336891260840957       0.9374827816569552
     656.3338892595063498       0.9135761334777868
     656.3340893929286040       1.0709933414062982
     656.3342895263509718       0.9478827229257210
     656.3344896597732259       0.9077665580398424
     656.3346897931954800       1.0323533748449560
     656.3348899266177341       1.0795755457253486
     656.3350900600401019       0.9357862169565205
     656.3352901934623560       1.0139107026841896
     656.3354903268846101       0.9453447861670450
     656.3356904603068642       1.0199663645113299
     656.3358905937292320       1.0245491435425342
     656.3360907271514861       0.8997264704795100
     656.3362908605737402       1.0905788956580655
     656.3364909939959944       1.0139590189512715
     656.3366911274182485       1.0242058764288173
     656.3368912608406163       1.0529982446026382
     656.3370913942628704       0.9853662951533129
     656.3372915276851245       1.0654139606341706
     656.3374916611073786       1.0132387239211784
     656.3376917945297464       1.0205423181848174
     656.3378919279520005       1.0629416013306368
     656.3380920613742546       0.9733084187209743
     656.3382921947965087       1.0071032954975754
     656.3384923282188765       0.9831673090547680
     656.3386924616411306       0.9494567563165058
     656.3388925950633848       0.9944932900288580
     656.3390927284856389       1.0358484319702785
     656.3392928619080067       0.9002750104773345
     656.3394929953302608       0.9913212133200222
     656.3396931287525149       1.0071533264670434
     656.3398932621747690       0.9956792628233154
     656.3400933955971368       1.0797154690612252
     656.3402935290193909       1.0015355593055593
     656.3404936624416450       0.9972615376204426
     656.3406937958638991       0.9285502554822127
     656.3408939292862669       0.9446862948712021
     656.3410940627085211       1.0714838771876545
     656.3412941961307752       0.9943297320415646
     656.3414943295530293       0.9541074666380508
     656.3416944629753971       1.0287747327567076
     656.3418945963976512       1.0383454104938639
     656.3420947298199053       1.0479440887178324
     656.3422948632421594       1.0101629219203887
     656.3424949966644135       1.0256292914168190
     656.3426951300867813       1.0571865630512587
     656.3428952635090354       1.0265307150214940
     656.3430953969312895       1.0303197203822196
     656.3432955303535437       1.1106080924168964
     656.3434956637759115       0.9871240315736781
     656.3436957971981656       1.0079117064555181
     656.3438959306204197       1.0010648046257558
     656.3440960640426738       0.9970845792653147
     656.3442961974650416       1.0706360066052327
     656.3444963308872957       1.0031328885466411
     656.3446964643095498       0.9369542886250336
     656.3448965977318039       0.9663278001941326
     656.3450967311541717       1.0130473454854783
     656.3452968645764258       0.9825143175935910
     656.3454969979986799       1.0099734132019336
     656.3456971314209341       1.0021211476767691
     656.3458972648433019       1.0064520081598651
     656.3460973982655560       0.9132759325337911
     656.3462975316878101       1.0256897997216350
     656.3464976651100642       1.0494885938230929
     656.3466977985324320       0.9155468394909602
     656.3468979319546861       1.0187464934718864
     656.3470980653769402       1.0322300093075314
     656.3472981987991943       1.0301232857374307
     656.3474983322214484       1.0116268194943356
     656.3476984656438162       1.0002034710065737
     656.3478985990660703       1.0187185962988323
     656.3480987324883245       1.0041437054584099
     656.3482988659105786       0.9136342862977097
     656.3484989993329464       0.9026761767190988
     656.3486991327552005       0.9694146120423709
     656.3488992661774546       1.1040535899378860
     656.3490993995997087       0.9771405730992642
     656.3492995330220765       1.0819032106376194
     656.3494996664443306       0.9634332791924228
     656.3496997998665847       0.9835910151908046
     656.3498999332888388       1.0387401527055531
     656.3501000667112066       1.0010686047498898
     656.3503002001334607       0.9791330163842425
     656.3505003335557149       0.9857360525705317
     656.3507004669779690       0.9993743677923120
     656.3509006004003368       1.0180791451804936
     656.3511007338225909       1.0326110088315177
     656.3513008672448450       0.9751966127551530
     656.3515010006670991       0.9577032789152751
     656.3517011340894669       0.9892342385552967
     656.3519012675117210       0.9990372316878162
     656.3521014009339751       0.9070423012418871
     656.3523015343562292       0.9334635163979036
     656.3525016677785970       0.9829655338467089
     656.3527018012008512       1.0563633535907062
     656.3529019346231053       0.9119570183151222
     656.3531020680453594       0.9032693812685328
     656.3533022014676135       0.9574766497356397
     656.3535023348899813       0.9134117574703575
     656.3537024683122354       0.9458417782395346
     656.3539026017344895       1.0282971040085847
     656.3541027351567436       1.0121268036924849
     656.3543028685791114       0.9252395624835789
     656.3545030020013655       0.9683404220300995
     656.3547031354236196       0.9680737348428696
     656.3549032688458738       0.9725852435601045
     656.3551034022682416       0.8386172571207308
     656.3553035356904957       0.9779901791326605
     656.3555036691127498       0.8004101740231183
     656.3557038025350039       0.8805294050783725
     656.3559039359573717       0.8581155410643756
     656.3561040693796258       0.9587736923460464
     656.3563042028018799       0.9153897147628740
     656.3565043362241340       0.7982965045227124
     656.3567044696465018       0.9108392692738804
     656.3569046030687559       0.8999914581569910
     656.3571047364910100       0.8959619759359623
     656.3573048699132642       0.9131352456598975
     656.3575050033356320       0.8374586533387296
     656.3577051367578861       0.8618268478699918
     656.3579052701801402       0.9096735057905285
     656.3581054036023943       0.8091079435643803
     656.3583055370246484       0.8395280902763755
     656.3585056704470162       0.8652292482000552
     656.3587058038692703       0.8754473403598142
     656.3589059372915244       0.7705964562925055
     656.3591060707137785       0.8590332205837425
     656.3593062041361463       0.7911458652993316
     656.3595063375584004       0.7611123016887198
     656.3597064709806546       0.7684545766641540
     656.3599066044029087       0.8140681760914596
     656.3601067378252765       0.8059365759577475
     656.3603068712475306       0.8702048734537786
     656.3605070046697847       0.7983779084382767
     656.3607071380920388       0.7847947432851444
     656.3609072715144066       0.8250596321636434
     656.3611074049366607       0.7627214352888212
     656.3613075383589148       0.7311050352941616
     656.3615076717811689       0.7390629875086787
     656.3617078052035367       0.8750540625261025
     656.3619079386257908       0.7800201448203591
     656.3621080720480450       0.8738678551786172
     656.3623082054702991       0.8336615284158739
     656.3625083388926669       0.8052491828908823
     656.3627084723149210       0.8819766189119471
     656.3629086057371751       0.8226314615342645
     656.3631087391594292       0.8955148178433793
     656.3633088725817970       0.7787395202038112
     656.3635090060040511       0.7196055973551896
     656.3637091394263052       0.8799258326686434
     656.3639092728485593       0.8275549526150705
     656.3641094062708135       0.8568314328455251
     656.3643095396931813       0.9137741506505779
     656.3645096731154354       0.8700192409686923
     656.3647098065376895       0.8362841762155027
     656.3649099399599436       0.9104599276904961
     656.3651100733823114       0.8598775207998733
     656.3653102068045655       0.8471884400380068
     656.3655103402268196       0.9578408749298845
     656.3657104736490737       0.9183747639269377
     656.3659106070714415       0.9298745106541075
     656.3661107404936956       0.8924576691301780
     656.3663108739159497       1.0067478401841639
     656.3665110073382039       0.8657456244933578
     656.3667111407605717       1.0152952894634839
     656.3669112741828258       0.9360351105313648
     656.3671114076050799       1.0110571864060451
     656.3673115410273340       0.9179650182064191
     656.3675116744497018       0.8981998708297980
     656.3677118078719559       0.8819401622115836
     656.3679119412942100       1.0133459737919659
     656.3681120747164641       0.9544961320537373
     656.3683122081388319       0.9820470928164265
     656.3685123415610860       0.9826398936285191
     656.3687124749833401       1.0089138552337182
     656.3689126084055943       0.9852924649647138
     656.3691127418278484       0.9716322554158258
     656.3693128752502162       0.9903891609946766
     656.3695130086724703       1.0174641936564597
     656.3697131420947244       0.9470804549140630
     656.3699132755169785       0.9855284146047414
     656.3701134089393463       1.0832716420729280
     656.3703135423616004       0.9868815964923385
     656.3705136757838545       0.9952780596810055
     656.3707138092061086       0.9469329817807041
     656.3709139426284764       1.0311024515564933
     656.3711140760507305       1.0268733726965533
     656.3713142094729847       0.9908864844559634
     656.3715143428952388       1.0579922157879755
     656.3717144763176066       0.9725844820670769
     656.3719146097398607       0.9911650570709631
     656.3721147431621148       0.9513276197586754
     656.3723148765843689       0.9780275433220580
     656.3725150100067367       1.0432394717085156
     656.3727151434289908       0.9830592116425646
     656.3729152768512449       1.0546769302959529
     656.3731154102734990       1.0174740358264796
     656.3733155436958668       1.0323783677464240
     656.3735156771181209       1.0810814360928083
     656.3737158105403751       0.9384865487922798
     656.3739159439626292       1.0620493702517058
     656.3741160773849970       0.9097533508525920
     656.3743162108072511       1.0071471458287999
     656.3745163442295052       0.9927328290030152
     656.3747164776517593       1.0146752908311543
     656.3749166110740134       1.0572827222427055
     656.3751167444963812       0.9968331045883753
     656.3753168779186353       0.9505202356717060
     656.3755170113408894       0.9730497340315091
     656.3757171447631436       1.0073233618759199
     656.3759172781855113       1.0423836649234446
     656.3761174116077655       0.9399630366834980
     656.3763175450300196       1.0351351108622602
     656.3765176784522737       0.9752696477650296
     656.3767178118746415       1.0500672781467302
     656.3769179452968956       0.9941185686354869
     656.3771180787191497       0.9923631769452831
     656.3773182121414038       0.9722493084940085
     656.3775183455637716       1.0238962698313352
     656.3777184789860257       0.9795703689960409
     656.3779186124082798       1.0224643049319535
     656.3781187458305340       0.9909921027903392
     656.3783188792529018       0.9567576301230931
     656.3785190126751559       0.9016443581548595
     656.3787191460974100       0.9565777375196093
     656.3789192795196641       1.0136651025968408
     656.3791194129420319       1.0494443271149634
     656.3793195463642860       1.0207582925425451
     656.3795196797865401       0.9507168273876135
     656.3797198132087942       1.0227318104312240
     656.3799199466311620       0.9541204430409296
     656.3801200800534161       0.9431139082045679
     656.3803202134756702       1.0682723874013433
     656.3805203468979244       1.0149745222094750
     656.3807204803201785       1.0173958833479411
     656.3809206137425463       0.9748535626780520
     656.3811207471648004       1.0380336613051031
     656.3813208805870545       0.9007579901835735
     656.3815210140093086       0.9714276807906927
     656.3817211474316764       1.0279235275332632
     656.3819212808539305       1.0959058276894098
     656.3821214142761846       1.0289856257468437
     656.3823215476984387       1.0566679814705999
     656.3825216811208065       1.0522295226390881
     656.3827218145430606       0.9218969130209889
     656.3829219479653148       1.0544838500802833
     656.3831220813875689       0.9866409342435634
     656.3833222148099367       0.9659597787703873
     656.3835223482321908       1.0394434352352233
     656.3837224816544449       0.9810692263796994
     656.3839226150766990       0.9812137228348043
     656.3841227484990668       1.0522289200746178
     656.3843228819213209       1.0709608615992106
     656.3845230153435750       0.9495404677066318
     656.3847231487658291       1.0778504669163720
     656.3849232821881969       1.0213697671735322
     656.3851234156104510       0.9529353446395080
     656.3853235490327052       1.0400388756269732
     656.3855236824549593       0.9973657827572652
     656.3857238158772134       1.0730952915294105
     656.3859239492995812       0.9839782228205687
     656.3861240827218353       1.0648601127947972
     656.3863242161440894       1.0348864308258710
     656.3865243495663435       0.9427692106968706
     656.3867244829887113       1.0673286243634847
     656.3869246164109654       0.9794948827017362
     656.3871247498332195       1.0246160886854048
     656.3873248832554737       0.8743289410834036
     656.3875250166778414       0.9995730189963853
     656.3877251501000956       1.0671720877171469
     656.3879252835223497       0.9897920228457082
     656.3881254169446038       1.0053179389737918
     656.3883255503669716       0.9703709948766199
     656.3885256837892257       0.9690341316134178
     656.3887258172114798       1.0402080118635564
     656.3889259506337339       0.9958715001106754
     656.3891260840561017       0.8750001415600257
     656.3893262174783558       1.0175838582210692
     656.3895263509006099       0.9704859498883392
     656.3897264843228641       1.0511627793308707
     656.3899266177452319       1.0092947511000094
     656.3901267511674860       0.9952092287129050
     656.3903268845897401       1.1106253787874074
     656.3905270180119942       0.9695851001887758
     656.3907271514343620       1.0998569503426034
     656.3909272848566161       0.9128546044230108
     656.3911274182788702       1.0424836426973103
     656.3913275517011243       0.9538741372525529
     656.3915276851233784       1.0740291997790226
     656.3917278185457462       0.9832332730293200
     656.3919279519680003       1.0318657718598794
     656.3921280853902545       1.0180813744664159
     656.3923282188125086       0.9602348543703534
     656.3925283522348764       0.9823356997221693
     656.3927284856571305       0.9468533918261518
     656.3929286190793846       0.9695013519376510
     656.3931287525016387       1.0531680658459659
     656.3933288859240065       0.9735257439315316
     656.3935290193462606       1.0067480131983755
     656.3937291527685147       0.9251778796315192
     656.3939292861907688       0.9898902354761957
     656.3941294196131366       1.0312567949295044
     656.3943295530353907       0.9549771361052990
     656.3945296864576449       1.0150294872000813
     656.3947298198798990       0.9763995856046677
     656.3949299533022668       1.0382028631865978
     656.3951300867245209       1.0734991580247879
     656.3953302201467750       0.9936311868950725
     656.3955303535690291       0.9037137925624847
     656.3957304869913969       0.9919894617050886
     656.3959306204136510       0.9385620579123497
     656.3961307538359051       1.0534301884472370
     656.3963308872581592       0.9998811940167798
     656.3965310206804133       0.9778759852051735
     656.3967311541027811       0.9583035744726658
     656.3969312875250353       0.9599944576621056
     656.3971314209472894       0.9928801273927093
     656.3973315543695435       1.0983865335583687
     656.3975316877919113       1.0317194871604443
     656.3977318212141654       0.9939682269468904
     656.3979319546364195       0.9509172476828098
     656.3981320880586736       1.0179751459509134
     656.3983322214810414       1.0626059919595718
     656.3985323549032955       0.9895543046295643
     656.3987324883255496       1.0279893465340137
     656.3989326217478038       0.9786068666726351
     656.3991327551701715       0.9931909008882940
     656.3993328885924257       0.9095876663923264
     656.3995330220146798       1.0238222349435091
     656.3997331554369339       1.0475893355906010
     656.3999332888593017       0.9765811301767826
     656.4001334222815558       1.0984564721584320
     656.4003335557038099       0.9706772677600384
     656.4005336891260640       0.9870212906971574
     656.4007338225484318       0.9794283658266068
     656.4009339559706859       0.9606417752802372
     656.4011340893929400       0.9599920995533466
     656.4013342228151942       1.1062487140297890
     656.4015343562375620       0.9730514083057642
     656.4017344896598161       0.9056174084544182
     656.4019346230820702       0.9807315487414598
     656.4021347565043243       1.0040711998008192
     656.4023348899265784       1.0798340216279030
     656.4025350233489462       0.9443284906446934
     656.4027351567712003       1.0276878606528044
     656.4029352901934544       0.9939472759142518
     656.4031354236157085       1.0414093509316444
     656.4033355570380763       0.9552367888391018
     656.4035356904603304       1.0369981899857521
     656.4037358238825846       1.0198862701654434
     656.4039359573048387       0.9355118796229362
     656.4041360907272065       0.9381306357681751
     656.4043362241494606       0.9762518126517534
     656.4045363575717147       1.0124336527660489
     656.4047364909939688       0.9764088019728661
     656.4049366244163366       1.0527596585452557
     656.4051367578385907       0.9924804149195552
     656.4053368912608448       1.0229789223521948
     656.4055370246830989       0.9700020067393780
     656.4057371581054667       0.8806142285466194
     656.4059372915277208       0.9234152808785439
     656.4061374249499750       0.9872182635590434
     656.4063375583722291       0.9463221058249474
     656.4065376917945969       0.9808351378887892
     656.4067378252168510       0.9195718467235565
     656.4069379586391051       1.0460987202823162
     656.4071380920613592       1.0774668082594872
     656.4073382254836133       0.9420335330069065
     656.4075383589059811       0.9684368409216404
     656.4077384923282352       1.0207832790911198
     656.4079386257504893       0.9971403847448528
     656.4081387591727434       1.0245963819324970
     656.4083388925951112       0.9931479324586689
     656.4085390260173654       1.0728284418582916
     656.4087391594396195       0.9501777440309525
     656.4089392928618736       0.9547600448131561
     656.4091394262842414       1.0558799505233765
     656.4093395597064955       0.9843339081853628
     656.4095396931287496       1.0014687420334667
     656.4097398265510037       0.9511010982096195
     656.4099399599733715       1.0731410905718803
     656.4101400933956256       1.0181448478251696
     656.4103402268178797       0.9803484845906496
     656.4105403602401339       0.9815102219581604
     656.4107404936625016       1.0177004002034664
     656.4109406270847558       1.0378966070711613
     656.4111407605070099       1.0129091246053576
     656.4113408939292640       1.0738837048411369
     656.4115410273516318       0.8818382397294044
     656.4117411607738859       0.9622748233377934
     656.4119412941961400       0.9985429432708770
     656.4121414276183941       1.1012702211737633
     656.4123415610407619       1.0940110757946968
     656.4125416944630160       0.9953267835080624
     656.4127418278852701       1.0367293171584606
     656.4129419613075243       1.0015134374843910
     656.4131420947297784       1.0455770939588547
     656.4133422281521462       1.0304915886372328
     656.4135423615744003       1.0337115786969662
     656.4137424949966544       0.9954180256463587
     656.4139426284189085       0.9434692673385143
     656.4141427618412763       1.0032625291496515
     656.4143428952635304       1.0279285795986652
     656.4145430286857845       1.0124161271378398
     656.4147431621080386       1.0325273312628269
     656.4149432955304064       1.0051264050416648
     656.4151434289526605       1.1053273230791092
     656.4153435623749147       0.9952559066005051
     656.4155436957971688       1.0356142967939377
     656.4157438292195366       0.8252126723527908
     656.4159439626417907       0.9654256515204906
     656.4161440960640448       0.9488365761935711
     656.4163442294862989       0.9962036306969821
     656.4165443629086667       0.9752549771219492
     656.4167444963309208       0.9284880384802818
     656.4169446297531749       1.0133753269910812
     656.4171447631754290       1.0723669454455376
     656.4173448965977968       0.9192006736993790
     656.4175450300200509       0.9934881292283535
     656.4177451634423051       1.0009128525271080
     656.4179452968645592       0.9685767143964767
     656.4181454302869270       0.9979301607236266
     656.4183455637091811       1.0816516652703285
     656.4185456971314352       1.0544679574668407
     656.4187458305536893       0.9581142961978912
     656.4189459639759434       1.0520212948322296
     656.4191460973983112       1.0426265411078930
     656.4193462308205653       1.0661844536662102
     656.4195463642428194       1.0181015115231276
     656.4197464976650735       0.9031072258949280
     656.4199466310874413       1.0927433893084526
     656.4201467645096955       1.0158452261239290
     656.4203468979319496       1.0470696464180946
     656.4205470313542037       0.9119143113493919
     656.4207471647765715       0.9308992177248001
     656.4209472981988256       0.9736961778253317
     656.4211474316210797       1.0026117952074856
     656.4213475650433338       0.9582790210843086
     656.4215476984657016       1.0180575735867023
     656.4217478318879557       0.9989039296051487
     656.4219479653102098       0.9315660670399666
     656.4221480987324640       1.0288726389408112
     656.4223482321548317       1.0135922906920314
     656.4225483655770859       1.0316908359527588
     656.4227484989993400       1.0077920355834067
     656.4229486324215941       1.0195512641221285
     656.4231487658439619       0.9639828465878963
     656.4233488992662160       1.0935287773609161
     656.4235490326884701       1.1452108025550842
     656.4237491661107242       0.9692632202059031
     656.4239492995329783       1.0227214395999908
     656.4241494329553461       1.0351097173988819
     656.4243495663776002       1.1059024333953857
     656.4245496997998544       1.0431619361042976
     656.4247498332221085       0.9866028474643826
     656.4249499666444763       1.0296766310930252
     656.4251501000667304       0.9864074038341641
     656.4253502334889845       1.0057217641733587
     656.4255503669112386       1.0434917286038399
     656.4257505003336064       0.9682606756687164
     656.4259506337558605       0.9405195452272892
     656.4261507671781146       1.0297516975551844
     656.4263509006003687       0.9279453307390213
     656.4265510340227365       0.9762069862335920
     656.4267511674449906       1.0488041155040264
     656.4269513008672448       1.0265549905598164
     656.4271514342894989       1.0849468037486076
     656.4273515677118667       0.9437295831739902
     656.4275517011341208       1.0059841135516763
     656.4277518345563749       1.0586071796715260
     656.4279519679786290       1.0146931977942586
     656.4281521014009968       1.0229252632707357
     656.4283522348232509       0.9726078659296036
     656.4285523682455050       1.1013456732034683
     656.4287525016677591       1.0171732343733311
     656.4289526350901269       1.0367226451635361
     656.4291527685123810       0.9301611185073853
     656.4293529019346352       0.9837667196989059
     656.4295530353568893       0.9438664242625237
     656.4297531687791434       0.9600747562944889
     656.4299533022015112       0.9756909962743521
     656.4301534356237653       1.0606830529868603
     656.4303535690460194       0.9978112538810819
     656.4305537024682735       0.9500853531062603
     656.4307538358906413       0.9745613727718592
     656.4309539693128954       0.9887854913249612
     656.4311541027351495       0.8982289880514145
     656.4313542361574036       1.0097831664606929
     656.4315543695797714       1.0084148002788424
     656.4317545030020256       0.9990706526441500
     656.4319546364242797       1.0757182091474533
     656.4321547698465338       0.9445467926561832
     656.4323549032689016       1.0510891675949097
     656.4325550366911557       0.9695249162614346
     656.4327551701134098       1.1085991784930229
     656.4329553035356639       0.9935824461281300
     656.4331554369580317       1.0090659521520138
     656.4333555703802858       0.9608410596847534
     656.4335557038025399       1.0668170452117920
     656.4337558372247940       0.9797243345528841
     656.4339559706471618       1.0735904201865196
     656.4341561040694160       1.0420667119324207
     656.4343562374916701       0.9585080109536648
     656.4345563709139242       1.0094147166237235
     656.4347565043361783       0.9841028545051813
     656.4349566377585461       1.0162198096513748
     656.4351567711808002       1.0853063315153122
     656.4353569046030543       1.0492860563099384
     656.4355570380253084       1.0337442047894001
     656.4357571714476762       1.0245535299181938
     656.4359573048699303       1.0795051380991936
     656.4361574382921845       1.0600939467549324
     656.4363575717144386       0.9927062378264964
     656.4365577051368064       1.0965347215533257
     656.4367578385590605       0.9346311464905739
     656.4369579719813146       1.0166742019355297
     656.4371581054035687       1.0990478396415710
     656.4373582388259365       1.0670792534947395
     656.4375583722481906       1.1048318147659302
     656.4377585056704447       1.0212101433426142
     656.4379586390926988       1.0064506339840591
     656.4381587725150666       1.0178835541009903
     656.4383589059373207       1.0725495442748070
     656.4385590393595749       0.9436574690043926
     656.4387591727818290       1.0062545719556510
     656.4389593062041968       0.9754446670413017
     656.4391594396264509       0.9982273339992389
     656.4393595730487050       1.0611797757446766
     656.4395597064709591       1.0155107146129012
     656.4397598398933269       0.9438104964792728
     656.4399599733155810       1.0206417907029390
     656.4401601067378351       1.0757214203476906
     656.4403602401600892       0.9933621292002499
     656.4405603735823433       1.0525029972195625
     656.4407605070047111       1.1155358701944351
     656.4409606404269653       1.0384662747383118
     656.4411607738492194       1.0115292882546782
     656.4413609072714735       1.0449205264449120
     656.4415610406938413       1.0265873968601227
     656.4417611741160954       1.0159455370157957
     656.4419613075383495       1.0365470312535763
     656.4421614409606036       0.9393581785261631
     656.4423615743829714       1.0485392138361931
     656.4425617078052255       1.0087929917499423
     656.4427618412274796       1.0454817004501820
     656.4429619746497337       0.9831247944384813
     656.4431621080721015       1.0245828256011009
     656.4433622414943557       0.9459400586783886
     656.4435623749166098       0.9302202984690666
     656.4437625083388639       0.9942712201736867
     656.4439626417612317       1.0963623747229576
     656.4441627751834858       1.0218381155282259
     656.4443629086057399       1.1027197465300560
     656.4445630420279940       1.0190426912158728
     656.4447631754503618       0.9572711773216724
     656.4449633088726159       0.9719915185123682
     656.4451634422948700       0.9975068352650851
     656.4453635757171241       0.9839462544769049
     656.4455637091393783       0.9639182798564434
     656.4457638425617461       1.0118417413905263
     656.4459639759840002       0.9879083018749952
     656.4461641094062543       0.9992563840351067
     656.4463642428285084       1.0973924323916435
     656.4465643762508762       1.0225355681031942
     656.4467645096731303       1.0279545839875937
     656.4469646430953844       0.9907385744154453
     656.4471647765176385       0.9533982351422310
     656.4473649099400063       1.0862622708082199
     656.4475650433622604       0.9580780006945133
     656.4477651767845146       1.1185454502701759
     656.4479653102067687       0.9639408998191357
     656.4481654436291365       0.9781888145953417
     656.4483655770513906       1.0179227869957685
     656.4485657104736447       0.9496020674705505
     656.4487658438958988       1.0115411793813109
     656.4489659773182666       1.0011759897461161
     656.4491661107405207       1.0820492506027222
     656.4493662441627748       0.9536588527262211
     656.4495663775850289       1.0439175032079220
     656.4497665110073967       1.0152014764025807
     656.4499666444296508       1.0668524727225304
     656.4501667778519050       0.9338041916489601
     656.4503669112741591       0.9951666821725667
     656.4505670446965269       1.0515516996383667
     656.4507671781187810       0.9458812177181244
     656.4509673115410351       0.9597140923142433
     656.4511674449632892       1.0184346102178097
     656.4513675783855433       1.0351032800972462
     656.4515677118079111       0.9277035221457481
     656.4517678452301652       0.9832565858960152
     656.4519679786524193       1.0192247349768877
     656.4521681120746734       1.0538135357201099
     656.4523682454970412       1.0383506231009960
     656.4525683789192954       1.0591916553676128
     656.4527685123415495       0.9781075082719326
     656.4529686457638036       0.9402548409998417
     656.4531687791861714       1.0805252045392990
     656.4533689126084255       0.8774146288633347
     656.4535690460306796       0.9727950338274240
     656.4537691794529337       1.0065622716210783
     656.4539693128753015       1.0570594966411591
     656.4541694462975556       1.0447761379182339
     656.4543695797198097       1.0058160391636193
     656.4545697131420638       1.1103927120566368
     656.4547698465644316       1.0390052087605000
     656.4549699799866858       1.0864380523562431
     656.4551701134089399       0.9555983990430832
     656.4553702468311940       1.0069387480616570
     656.4555703802535618       1.0582211613655090
     656.4557705136758159       0.9112078174948692
     656.4559706470980700       0.9552785232663155
     656.4561707805203241       0.9350776895880699
     656.4563709139425782       1.0700790211558342
     656.4565710473649460       1.1144364997744560
     656.4567711807872001       0.9542806483805180
     656.4569713142094542       0.9450836665928364
     656.4571714476317084       0.9884268091991544
     656.4573715810540762       1.0488092117011547
     656.4575717144763303       1.0215423759073019
     656.4577718478985844       1.0913148000836372
     656.4579719813208385       1.0226185470819473
     656.4581721147432063       1.0047950902953744
     656.4583722481654604       0.9896596530452371
     656.4585723815877145       1.0291483551263809
     656.4587725150099686       0.9687557909637690
     656.4589726484323364       0.9781598616391420
     656.4591727818545905       1.0750081837177277
     656.4593729152768447       0.9788443725556135
     656.4595730486990988       1.0071678175590932
     656.4597731821214666       1.0292515251785517
     656.4599733155437207       1.0220532771199942
     656.4601734489659748       1.0434405542910099
     656.4603735823882289       1.0011542536085472
     656.4605737158105967       0.9183233380317688
     656.4607738492328508       0.9785873237997293
     656.4609739826551049       1.0364670716226101
     656.4611741160773590       1.0434398204088211
     656.4613742494997268       1.0419237464666367
     656.4615743829219809       1.0591764263808727
     656.4617745163442351       0.9660725221037865
     656.4619746497664892       0.9531837999820709
     656.4621747831887433       1.0565332658588886
     656.4623749166111111       1.0674986466765404
     656.4625750500333652       1.0289970692247152
     656.4627751834556193       0.9953206903301179
     656.4629753168778734       0.9908607490360737
     656.4631754503002412       0.9987961628939956
     656.4633755837224953       0.9545130170881748
     656.4635757171447494       0.9450022801756859
     656.4637758505670035       1.1515524834394455
     656.4639759839893713       1.0864885821938515
     656.4641761174116255       1.0306350030004978
     656.4643762508338796       1.0069184103049338
     656.4645763842561337       0.9389046654105186
     656.4647765176785015       1.0018803961575031
     656.4649766511007556       0.9013598039746284
     656.4651767845230097       1.0755011364817619
     656.4653769179452638       1.0511367730796337
     656.4655770513676316       1.0093812597915530
     656.4657771847898857       0.9805656988173723
     656.4659773182121398       0.9742439948022366
     656.4661774516343939       0.9451883956789970
     656.4663775850567617       1.0665504857897758
     656.4665777184790159       1.1241127625107765
     656.4667778519012700       0.9695501923561096
     656.4669779853235241       0.9728892296552658
     656.4671781187458919       1.0336555540561676
     656.4673782521681460       1.0364368632435799
     656.4675783855904001       1.0302559621632099
     656.4677785190126542       1.0362868607044220
     656.4679786524349083       1.0409156754612923
     656.4681787858572761       1.0811377689242363
     656.4683789192795302       1.0367425121366978
     656.4685790527017843       0.9421806856989861
     656.4687791861240385       1.0379000976681709
     656.4689793195464063       1.0275194644927979
     656.4691794529686604       0.9220602288842201
     656.4693795863909145       1.0016326770419255
     656.4695797198131686       1.0400045029819012
     656.4697798532355364       1.0403831712901592
     656.4699799866577905       1.0695982798933983
     656.4701801200800446       0.9586528763175011
     656.4703802535022987       0.9542981423437595
     656.4705803869246665       1.0161906145513058
     656.4707805203469206       0.9609289504587650
     656.4709806537691748       1.0034935695584863
     656.4711807871914289       1.0040592090226710
     656.4713809206137967       1.0025777288246900
     656.4715810540360508       0.8753789067268372
     656.4717811874583049       0.9493433348834515
     656.4719813208805590       0.9610990509390831
     656.4721814543029268       0.8900004103779793
     656.4723815877251809       0.9514390192925930
     656.4725817211474350       1.0607916675508022
     656.4727818545696891       0.9363730400800705
     656.4729819879919432       1.0883673056960106
     656.4731821214143110       1.0563740022480488
     656.4733822548365652       0.9533831514418125
     656.4735823882588193       1.0717716887593269
     656.4737825216810734       0.9456251189112663
     656.4739826551034412       1.0248482413589954
     656.4741827885256953       0.9143544360995293
     656.4743829219479494       0.9748221058398485
     656.4745830553702035       1.0033988442737609
     656.4747831887925713       0.9113281294703484
     656.4749833222148254       0.9801600594073534
     656.4751834556370795       1.0509945414960384
     656.4753835890593336       1.0888949260115623
     656.4755837224817014       1.0151843549683690
     656.4757838559039556       0.9426584541797638
     656.4759839893262097       1.0482027381658554
     656.4761841227484638       1.0146849099546671
     656.4763842561708316       0.9877051310613751
     656.4765843895930857       1.0387754328548908
     656.4767845230153398       1.0273087359964848
     656.4769846564375939       0.9845845708623528
     656.4771847898599617       1.0741847679018974
     656.4773849232822158       0.9175598546862602
     656.4775850567044699       1.0109581304714084
     656.4777851901267240       1.0114703085273504
     656.4779853235490918       0.9964737987611443
     656.4781854569713460       1.0105430232360959
     656.4783855903936001       0.9772372562438250
     656.4785857238158542       1.0555573068559170
     656.4787858572381083       0.9924672795459628
     656.4789859906604761       0.9998696121765533
     656.4791861240827302       1.0706049129366875
     656.4793862575049843       1.0520440526306629
     656.4795863909272384       1.0460910387337208
     656.4797865243496062       1.0519677996635437
     656.4799866577718603       1.0160205084830523
     656.4801867911941144       1.0320945382118225
     656.4803869246163686       1.0068131349980831
     656.4805870580387364       1.0055401865392923
     656.4807871914609905       0.9399128146469593
     656.4809873248832446       0.9992806832306087
     656.4811874583054987       1.0323192551732063
     656.4813875917278665       0.9473130404949188
     656.4815877251501206       1.0229068491607904
     656.4817878585723747       0.9279312938451767
     656.4819879919946288       1.0192617755383253
     656.4821881254169966       1.0307961609214544
     656.4823882588392507       0.9231746643781662
     656.4825883922615049       1.0034974068403244
     656.4827885256837590       0.9535391703248024
     656.4829886591061268       0.9897114271298051
     656.4831887925283809       0.9513059705495834
     656.4833889259506350       1.0241668373346329
     656.4835890593728891       0.9877139525488019
     656.4837891927951432       1.0024063701275736
     656.4839893262175110       0.9372922554612160
     656.4841894596397651       1.0008385615656152
     656.4843895930620192       1.0544599555432796
     656.4845897264842733       1.0341982245445251
     656.4847898599066411       1.0414976440370083
     656.4849899933288953       1.0496520698070526
     656.4851901267511494       0.9551835469901562
     656.4853902601734035       0.9479506947100163
     656.4855903935957713       1.0187317617237568
     656.4857905270180254       1.0147375641390681
     656.4859906604402795       0.9835426118224859
     656.4861907938625336       0.9749706089496613
     656.4863909272849014       0.9781878683716059
     656.4865910607071555       0.9974490059539676
     656.4867911941294096       1.0353193841874599
     656.4869913275516637       1.0095772324129939
     656.4871914609740315       1.0412084795534611
     656.4873915943962857       0.9889023834839463
     656.4875917278185398       1.0431524626910686
     656.4877918612407939       0.9658897146582603
     656.4879919946631617       1.0276911742985249
     656.4881921280854158       1.0365070588886738
     656.4883922615076699       0.9788698796182871
     656.4885923949299240       1.0033624258358032
     656.4887925283522918       0.9871090576052666
     656.4889926617745459       0.8509611934423447
     656.4891927951968000       1.0074852379038930
     656.4893929286190541       1.0729333534836769
     656.4895930620413083       0.9442176260054111
     656.4897931954636761       0.9681345820426941
     656.4899933288859302       1.0687640830874443
     656.4901934623081843       1.0062535479664803
     656.4903935957304384       1.0273588243871927
     656.4905937291528062       1.0272253695875406
     656.4907938625750603       1.0664481371641159
     656.4909939959973144       1.0463712774217129
     656.4911941294195685       0.9899593116715550
     656.4913942628419363       1.0017514923820272
     656.4915943962641904       0.9867940330877900
     656.4917945296864445       0.9783287998288870
     656.4919946631086987       0.9194384962320328
     656.4921947965310665       1.0266657657921314
     656.4923949299533206       0.9438224323093891
     656.4925950633755747       1.0197677537798882
     656.4927951967978288       0.9515224210917950
     656.4929953302201966       0.9517377652227879
     656.4931954636424507       0.9371457844972610
     656.4933955970647048       0.9480001144111156
     656.4935957304869589       1.0121886907145381
     656.4937958639093267       0.9479998946189880
     656.4939959973315808       1.0525603778660297
     656.4941961307538350       1.0377674251794815
     656.4943962641760891       1.0207404326647520
     656.4945963975983432       0.9837792906910181
     656.4947965310207110       1.0273528248071671
     656.4949966644429651       0.9662612266838551
     656.4951967978652192       1.0431499928236008
     656.4953969312874733       1.0577026791870594
     656.4955970647098411       0.9348655268549919
     656.4957971981320952       0.9827756974846125
     656.4959973315543493       1.0346563719213009
     656.4961974649766034       1.0069359601475298
     656.4963975983989712       1.0187912695109844
     656.4965977318212254       1.0672171711921692
     656.4967978652434795       0.9850439606234431
     656.4969979986657336       1.0026292798575014
     656.4971981320881014       0.9342403113842010
     656.4973982655103555       0.9703899919986725
     656.4975983989326096       1.0127017972990870
     656.4977985323548637       0.9455231428146362
     656.4979986657772315       0.9696480892598629
     656.4981987991994856       1.1017152070999146
     656.4983989326217397       0.9307346269488335
     656.4985990660439938       0.9839916005730629
     656.4987991994663616       1.0659297853708267
     656.4989993328886158       0.9225664287805557
     656.4991994663108699       0.9985751539934427
     656.4993995997331240       0.9445589296519756
     656.4995997331554918       1.0075510004535317
     656.4997998665777459       0.9421252906322479
     656.5000000000000000       1.0874513015151024
